# {'chrom': '2', 'window_id': '2', 'statistic': 'H2', 'bounds': [36000000, 54000000], 'span': 18000000, 'n_sites': 11715578, 'coverage': 65.09, 'right_discontinuous': False, 'rows': "{0: 'Altai', 1: 'Chagyrskaya', 2: 'Denisova', 3: 'French-1', 4: 'Han-1', 5: 'Khomani_San-2', 6: 'Papuan-2', 7: 'Vindija', 8: 'Yoruba-1', 9: 'Yoruba-3'}"}
4.800000000000000000e+01 5.400000000000000000e+01 1.770000000000000000e+02 3.410000000000000000e+02 5.310000000000000000e+02 1.210000000000000000e+03 1.431000000000000000e+03 2.517000000000000000e+03 6.555000000000000000e+03 8.170000000000000000e+03 7.874000000000000000e+03 9.510000000000000000e+03 1.325000000000000000e+04 1.259100000000000000e+04 3.833400000000000000e+04 5.587700000000000000e+04 1.355500000000000000e+05 5.319110000000000000e+05 9.526650000000000000e+05
3.900000000000000000e+01 6.400000000000000000e+01 2.280000000000000000e+02 3.830000000000000000e+02 5.960000000000000000e+02 1.363000000000000000e+03 2.055000000000000000e+03 3.514000000000000000e+03 7.424000000000000000e+03 1.030900000000000000e+04 1.212200000000000000e+04 2.244800000000000000e+04 2.335200000000000000e+04 3.913900000000000000e+04 1.218780000000000000e+05 1.502000000000000000e+05 2.612800000000000000e+05 7.754350000000000000e+05 1.498126000000000000e+06
1.030000000000000000e+02 6.200000000000000000e+01 9.000000000000000000e+01 2.290000000000000000e+02 2.590000000000000000e+02 6.990000000000000000e+02 9.910000000000000000e+02 1.705000000000000000e+03 4.508000000000000000e+03 5.430000000000000000e+03 7.293000000000000000e+03 9.845000000000000000e+03 1.427500000000000000e+04 3.150800000000000000e+04 5.944500000000000000e+04 1.123230000000000000e+05 2.393940000000000000e+05 7.776220000000000000e+05 1.467119000000000000e+06
8.760000000000000000e+02 5.780000000000000000e+02 1.610000000000000000e+03 2.373000000000000000e+03 4.035000000000000000e+03 1.032500000000000000e+04 1.475200000000000000e+04 2.826500000000000000e+04 6.959200000000000000e+04 9.032400000000000000e+04 1.326140000000000000e+05 2.354730000000000000e+05 3.035510000000000000e+05 6.417670000000000000e+05 1.601703000000000000e+06 2.396101000000000000e+06 4.982497000000000000e+06 1.638954700000000000e+07 2.987441600000000000e+07
1.128000000000000000e+03 5.950000000000000000e+02 1.269000000000000000e+03 1.687000000000000000e+03 2.880000000000000000e+03 7.837000000000000000e+03 1.207700000000000000e+04 2.251600000000000000e+04 5.406800000000000000e+04 6.667800000000000000e+04 9.753800000000000000e+04 2.099120000000000000e+05 2.727550000000000000e+05 4.597140000000000000e+05 1.260909000000000000e+06 1.952684000000000000e+06 4.036677000000000000e+06 1.352403300000000000e+07 2.336555700000000000e+07
1.024000000000000000e+03 8.770000000000000000e+02 2.255000000000000000e+03 3.430000000000000000e+03 5.897000000000000000e+03 1.542200000000000000e+04 2.239200000000000000e+04 4.079500000000000000e+04 1.020740000000000000e+05 1.353920000000000000e+05 2.092960000000000000e+05 4.439850000000000000e+05 5.789510000000000000e+05 1.138864000000000000e+06 3.033797000000000000e+06 5.171764000000000000e+06 1.059243900000000000e+07 3.277931800000000000e+07 5.487717900000000000e+07
2.740000000000000000e+02 2.910000000000000000e+02 7.460000000000000000e+02 1.206000000000000000e+03 1.953000000000000000e+03 4.831000000000000000e+03 7.532000000000000000e+03 1.315800000000000000e+04 3.036200000000000000e+04 3.917200000000000000e+04 5.882200000000000000e+04 1.218260000000000000e+05 1.316470000000000000e+05 1.831490000000000000e+05 4.632540000000000000e+05 8.886660000000000000e+05 1.602881000000000000e+06 6.195753000000000000e+06 1.111107800000000000e+07
7.000000000000000000e+01 8.600000000000000000e+01 2.880000000000000000e+02 5.240000000000000000e+02 8.230000000000000000e+02 2.086000000000000000e+03 2.931000000000000000e+03 4.958000000000000000e+03 1.020900000000000000e+04 1.391700000000000000e+04 1.817800000000000000e+04 4.019200000000000000e+04 4.265400000000000000e+04 6.064400000000000000e+04 1.207400000000000000e+05 1.604740000000000000e+05 3.495490000000000000e+05 1.216102000000000000e+06 2.275846000000000000e+06
1.050000000000000000e+03 7.980000000000000000e+02 2.022000000000000000e+03 3.009000000000000000e+03 5.478000000000000000e+03 1.402000000000000000e+04 2.032800000000000000e+04 3.802100000000000000e+04 9.534600000000000000e+04 1.264210000000000000e+05 1.963680000000000000e+05 3.741890000000000000e+05 5.140770000000000000e+05 9.907090000000000000e+05 2.640908000000000000e+06 4.289855000000000000e+06 9.075541000000000000e+06 3.024491900000000000e+07 5.171643700000000000e+07
7.680000000000000000e+02 6.020000000000000000e+02 1.763000000000000000e+03 2.823000000000000000e+03 5.092000000000000000e+03 1.324600000000000000e+04 1.887300000000000000e+04 3.508300000000000000e+04 8.736100000000000000e+04 1.144590000000000000e+05 1.746310000000000000e+05 3.546690000000000000e+05 4.478490000000000000e+05 8.976710000000000000e+05 2.249732000000000000e+06 4.097803000000000000e+06 8.286182000000000000e+06 2.690409600000000000e+07 4.534255900000000000e+07
