# {'chrom': '2', 'window_id': '8', 'statistic': 'H2', 'bounds': [158000000, 179000000], 'span': 21000000, 'n_sites': 13766051, 'coverage': 65.55, 'right_discontinuous': False, 'rows': "{0: 'Altai', 1: 'Chagyrskaya', 2: 'Denisova', 3: 'French-1', 4: 'Han-1', 5: 'Khomani_San-2', 6: 'Papuan-2', 7: 'Vindija', 8: 'Yoruba-1', 9: 'Yoruba-3'}"}
2.940000000000000000e+02 2.620000000000000000e+02 4.400000000000000000e+02 4.150000000000000000e+02 6.400000000000000000e+02 1.310000000000000000e+03 1.436000000000000000e+03 3.834000000000000000e+03 6.972000000000000000e+03 7.704000000000000000e+03 8.883000000000000000e+03 1.360000000000000000e+04 2.243100000000000000e+04 2.705000000000000000e+04 6.387500000000000000e+04 8.180100000000000000e+04 1.519930000000000000e+05 6.523550000000000000e+05 1.347739000000000000e+06
2.900000000000000000e+01 5.200000000000000000e+01 1.230000000000000000e+02 1.210000000000000000e+02 2.530000000000000000e+02 4.650000000000000000e+02 5.740000000000000000e+02 1.094000000000000000e+03 2.112000000000000000e+03 2.147000000000000000e+03 3.548000000000000000e+03 4.851000000000000000e+03 8.281000000000000000e+03 1.453700000000000000e+04 2.836600000000000000e+04 4.702400000000000000e+04 5.944700000000000000e+04 2.406990000000000000e+05 7.502880000000000000e+05
2.910000000000000000e+02 2.440000000000000000e+02 6.220000000000000000e+02 5.990000000000000000e+02 6.500000000000000000e+02 1.520000000000000000e+03 1.660000000000000000e+03 3.234000000000000000e+03 6.865000000000000000e+03 8.746000000000000000e+03 9.633000000000000000e+03 1.853900000000000000e+04 2.645500000000000000e+04 4.097000000000000000e+04 1.136430000000000000e+05 1.469120000000000000e+05 3.009360000000000000e+05 8.089550000000000000e+05 1.442828000000000000e+06
3.409000000000000000e+03 1.990000000000000000e+03 3.232000000000000000e+03 3.136000000000000000e+03 3.988000000000000000e+03 1.020600000000000000e+04 1.699900000000000000e+04 2.796100000000000000e+04 6.144400000000000000e+04 7.808600000000000000e+04 9.788400000000000000e+04 1.635790000000000000e+05 2.550300000000000000e+05 4.189620000000000000e+05 1.290134000000000000e+06 1.759926000000000000e+06 3.534968000000000000e+06 1.118508800000000000e+07 2.078400500000000000e+07
2.410000000000000000e+03 1.818000000000000000e+03 3.564000000000000000e+03 3.409000000000000000e+03 3.923000000000000000e+03 9.615000000000000000e+03 1.423200000000000000e+04 2.499900000000000000e+04 5.547800000000000000e+04 6.440600000000000000e+04 8.532700000000000000e+04 1.660660000000000000e+05 1.997120000000000000e+05 3.073080000000000000e+05 1.097288000000000000e+06 1.573036000000000000e+06 3.168935000000000000e+06 9.754376000000000000e+06 1.598856700000000000e+07
6.572000000000000000e+03 4.815000000000000000e+03 6.296000000000000000e+03 4.676000000000000000e+03 6.166000000000000000e+03 1.571700000000000000e+04 2.319500000000000000e+04 4.039100000000000000e+04 8.437700000000000000e+04 1.007050000000000000e+05 1.500760000000000000e+05 3.455530000000000000e+05 5.434200000000000000e+05 8.605200000000000000e+05 2.713473000000000000e+06 4.266416000000000000e+06 7.963635000000000000e+06 2.364630100000000000e+07 3.993357900000000000e+07
7.550000000000000000e+02 6.790000000000000000e+02 1.462000000000000000e+03 1.849000000000000000e+03 2.486000000000000000e+03 6.154000000000000000e+03 8.915000000000000000e+03 1.537100000000000000e+04 3.493600000000000000e+04 4.308600000000000000e+04 7.175000000000000000e+04 1.402940000000000000e+05 1.733270000000000000e+05 2.736110000000000000e+05 5.312720000000000000e+05 9.869350000000000000e+05 1.955515000000000000e+06 5.361988000000000000e+06 5.691619000000000000e+06
1.780000000000000000e+02 2.110000000000000000e+02 3.780000000000000000e+02 3.620000000000000000e+02 6.140000000000000000e+02 1.235000000000000000e+03 1.487000000000000000e+03 3.253000000000000000e+03 6.042000000000000000e+03 7.488000000000000000e+03 7.220000000000000000e+03 1.368500000000000000e+04 2.902500000000000000e+04 2.643800000000000000e+04 7.245700000000000000e+04 1.151490000000000000e+05 1.688310000000000000e+05 6.439410000000000000e+05 1.320949000000000000e+06
3.730000000000000000e+03 2.430000000000000000e+03 4.716000000000000000e+03 4.557000000000000000e+03 5.545000000000000000e+03 1.427100000000000000e+04 2.093300000000000000e+04 3.829200000000000000e+04 8.005100000000000000e+04 9.394400000000000000e+04 1.320510000000000000e+05 3.074650000000000000e+05 4.169400000000000000e+05 6.852890000000000000e+05 2.231018000000000000e+06 3.643275000000000000e+06 6.893837000000000000e+06 2.128813000000000000e+07 3.832125800000000000e+07
6.389000000000000000e+03 4.264000000000000000e+03 5.611000000000000000e+03 4.236000000000000000e+03 5.519000000000000000e+03 1.381500000000000000e+04 2.117200000000000000e+04 3.797600000000000000e+04 7.746700000000000000e+04 9.026100000000000000e+04 1.330690000000000000e+05 2.479870000000000000e+05 3.903950000000000000e+05 6.575660000000000000e+05 2.128986000000000000e+06 3.463899000000000000e+06 6.747636000000000000e+06 2.056817000000000000e+07 3.545076900000000000e+07
