# {'chrom': '2', 'window_id': '0', 'statistic': 'H2', 'bounds': [0, 18000000], 'span': 18000000, 'n_sites': 12181100, 'coverage': 67.67, 'right_discontinuous': False, 'rows': "{0: 'Altai', 1: 'Chagyrskaya', 2: 'Denisova', 3: 'French-1', 4: 'Han-1', 5: 'Khomani_San-2', 6: 'Papuan-2', 7: 'Vindija', 8: 'Yoruba-1', 9: 'Yoruba-3'}"}
4.796000000000000000e+03 4.300000000000000000e+02 6.920000000000000000e+02 9.090000000000000000e+02 1.551000000000000000e+03 6.136000000000000000e+03 8.669000000000000000e+03 1.582500000000000000e+04 2.805100000000000000e+04 3.746000000000000000e+04 3.361000000000000000e+04 3.915500000000000000e+04 3.260300000000000000e+04 6.520000000000000000e+04 2.234870000000000000e+05 2.472670000000000000e+05 3.417330000000000000e+05 8.141700000000000000e+05 1.360082000000000000e+06
7.310000000000000000e+02 2.210000000000000000e+02 3.400000000000000000e+02 4.130000000000000000e+02 5.880000000000000000e+02 2.015000000000000000e+03 2.374000000000000000e+03 3.246000000000000000e+03 9.025000000000000000e+03 6.618000000000000000e+03 6.060000000000000000e+03 1.181300000000000000e+04 1.034800000000000000e+04 2.374500000000000000e+04 5.651600000000000000e+04 9.266600000000000000e+04 1.363950000000000000e+05 4.455050000000000000e+05 7.052000000000000000e+05
2.590000000000000000e+02 1.430000000000000000e+02 3.410000000000000000e+02 2.920000000000000000e+02 5.110000000000000000e+02 1.173000000000000000e+03 1.590000000000000000e+03 2.307000000000000000e+03 3.995000000000000000e+03 4.420000000000000000e+03 5.827000000000000000e+03 1.231100000000000000e+04 1.168000000000000000e+04 1.958100000000000000e+04 6.022500000000000000e+04 1.066890000000000000e+05 2.136890000000000000e+05 5.263420000000000000e+05 9.734240000000000000e+05
9.449000000000000000e+03 2.053000000000000000e+03 2.948000000000000000e+03 2.698000000000000000e+03 3.698000000000000000e+03 1.015900000000000000e+04 1.486300000000000000e+04 2.346600000000000000e+04 5.250000000000000000e+04 5.607500000000000000e+04 7.543700000000000000e+04 1.469850000000000000e+05 1.587010000000000000e+05 2.847240000000000000e+05 8.320750000000000000e+05 1.437394000000000000e+06 2.661189000000000000e+06 7.634152000000000000e+06 1.692450300000000000e+07
9.838000000000000000e+03 1.808000000000000000e+03 2.677000000000000000e+03 2.981000000000000000e+03 3.982000000000000000e+03 1.129400000000000000e+04 1.848600000000000000e+04 2.798900000000000000e+04 5.904400000000000000e+04 6.166600000000000000e+04 7.859300000000000000e+04 1.782560000000000000e+05 1.848640000000000000e+05 3.520290000000000000e+05 9.537120000000000000e+05 1.472984000000000000e+06 2.514653000000000000e+06 6.199244000000000000e+06 1.276517000000000000e+07
1.736400000000000000e+04 3.095000000000000000e+03 5.691000000000000000e+03 5.363000000000000000e+03 8.736000000000000000e+03 2.271900000000000000e+04 3.236200000000000000e+04 5.277100000000000000e+04 1.124590000000000000e+05 1.267050000000000000e+05 1.814930000000000000e+05 3.695330000000000000e+05 4.814280000000000000e+05 8.199860000000000000e+05 2.298558000000000000e+06 3.851351000000000000e+06 7.204956000000000000e+06 2.024609700000000000e+07 4.287654500000000000e+07
1.488900000000000000e+04 1.907000000000000000e+03 3.095000000000000000e+03 2.561000000000000000e+03 3.170000000000000000e+03 9.531000000000000000e+03 1.483700000000000000e+04 2.506700000000000000e+04 5.587800000000000000e+04 5.900600000000000000e+04 6.878800000000000000e+04 1.210970000000000000e+05 1.446860000000000000e+05 2.500830000000000000e+05 7.480720000000000000e+05 1.102880000000000000e+06 1.954593000000000000e+06 4.690691000000000000e+06 9.550171000000000000e+06
5.650000000000000000e+02 1.660000000000000000e+02 2.810000000000000000e+02 3.920000000000000000e+02 5.470000000000000000e+02 1.809000000000000000e+03 2.149000000000000000e+03 3.176000000000000000e+03 7.870000000000000000e+03 6.689000000000000000e+03 8.177000000000000000e+03 2.143900000000000000e+04 1.342200000000000000e+04 1.954600000000000000e+04 4.814900000000000000e+04 1.067410000000000000e+05 1.660030000000000000e+05 4.962140000000000000e+05 1.081545000000000000e+06
1.086200000000000000e+04 2.426000000000000000e+03 4.291000000000000000e+03 5.266000000000000000e+03 7.310000000000000000e+03 2.056800000000000000e+04 2.852900000000000000e+04 4.432500000000000000e+04 1.041260000000000000e+05 9.932700000000000000e+04 1.439180000000000000e+05 2.841200000000000000e+05 3.687480000000000000e+05 7.330720000000000000e+05 2.018170000000000000e+06 3.250204000000000000e+06 6.070826000000000000e+06 1.656774800000000000e+07 3.587815600000000000e+07
1.514600000000000000e+04 2.540000000000000000e+03 4.218000000000000000e+03 4.717000000000000000e+03 6.798000000000000000e+03 1.959500000000000000e+04 3.013000000000000000e+04 4.667300000000000000e+04 1.005530000000000000e+05 1.126300000000000000e+05 1.506000000000000000e+05 3.080370000000000000e+05 3.414840000000000000e+05 6.902420000000000000e+05 2.054077000000000000e+06 3.327061000000000000e+06 6.018882000000000000e+06 1.600153900000000000e+07 3.362321800000000000e+07
