# {'chrom': '2', 'window_id': '10', 'statistic': 'H2', 'bounds': [200000000, 222000000], 'span': 22000000, 'n_sites': 14287428, 'coverage': 64.94, 'right_discontinuous': False, 'rows': "{0: 'Altai', 1: 'Chagyrskaya', 2: 'Denisova', 3: 'French-1', 4: 'Han-1', 5: 'Khomani_San-2', 6: 'Papuan-2', 7: 'Vindija', 8: 'Yoruba-1', 9: 'Yoruba-3'}"}
7.000000000000000000e+01 5.800000000000000000e+01 1.290000000000000000e+02 1.720000000000000000e+02 3.660000000000000000e+02 7.480000000000000000e+02 1.144000000000000000e+03 1.679000000000000000e+03 4.262000000000000000e+03 5.506000000000000000e+03 7.599000000000000000e+03 8.941000000000000000e+03 7.670000000000000000e+03 9.841000000000000000e+03 2.517000000000000000e+04 3.266200000000000000e+04 1.071780000000000000e+05 2.848030000000000000e+05 3.411830000000000000e+05
6.300000000000000000e+01 4.700000000000000000e+01 1.340000000000000000e+02 1.980000000000000000e+02 4.530000000000000000e+02 1.027000000000000000e+03 1.563000000000000000e+03 2.417000000000000000e+03 5.441000000000000000e+03 6.160000000000000000e+03 9.279000000000000000e+03 1.538600000000000000e+04 1.495800000000000000e+04 2.548300000000000000e+04 5.263700000000000000e+04 6.177300000000000000e+04 1.360030000000000000e+05 3.312320000000000000e+05 5.991110000000000000e+05
1.260000000000000000e+02 1.020000000000000000e+02 2.600000000000000000e+02 3.530000000000000000e+02 6.400000000000000000e+02 1.580000000000000000e+03 2.083000000000000000e+03 3.686000000000000000e+03 8.311000000000000000e+03 1.114600000000000000e+04 1.604600000000000000e+04 2.307900000000000000e+04 2.539700000000000000e+04 5.029600000000000000e+04 1.233590000000000000e+05 2.209660000000000000e+05 3.642610000000000000e+05 7.543520000000000000e+05 1.546267000000000000e+06
4.472000000000000000e+03 1.778000000000000000e+03 2.712000000000000000e+03 3.154000000000000000e+03 4.717000000000000000e+03 1.152100000000000000e+04 1.912400000000000000e+04 3.265500000000000000e+04 6.782000000000000000e+04 7.601000000000000000e+04 1.016450000000000000e+05 1.578400000000000000e+05 1.916630000000000000e+05 3.878260000000000000e+05 9.961350000000000000e+05 1.555372000000000000e+06 3.538119000000000000e+06 9.887604000000000000e+06 1.850835400000000000e+07
4.276000000000000000e+03 1.760000000000000000e+03 2.432000000000000000e+03 2.723000000000000000e+03 3.935000000000000000e+03 9.321000000000000000e+03 1.632700000000000000e+04 2.845300000000000000e+04 6.040600000000000000e+04 7.417500000000000000e+04 9.790000000000000000e+04 1.565840000000000000e+05 1.741650000000000000e+05 3.290480000000000000e+05 8.878520000000000000e+05 1.288722000000000000e+06 3.029774000000000000e+06 8.626012000000000000e+06 1.624612700000000000e+07
6.003000000000000000e+03 2.968000000000000000e+03 4.600000000000000000e+03 4.375000000000000000e+03 6.089000000000000000e+03 1.577600000000000000e+04 2.672000000000000000e+04 4.709200000000000000e+04 9.541600000000000000e+04 1.215560000000000000e+05 1.676920000000000000e+05 3.311940000000000000e+05 4.952050000000000000e+05 8.064760000000000000e+05 2.395844000000000000e+06 3.507975000000000000e+06 7.034041000000000000e+06 2.029404700000000000e+07 3.670241200000000000e+07
2.461000000000000000e+03 1.424000000000000000e+03 2.186000000000000000e+03 2.028000000000000000e+03 2.859000000000000000e+03 7.057000000000000000e+03 1.251200000000000000e+04 2.137900000000000000e+04 4.227600000000000000e+04 5.189000000000000000e+04 7.157600000000000000e+04 1.080740000000000000e+05 1.240400000000000000e+05 2.185530000000000000e+05 5.756520000000000000e+05 8.156020000000000000e+05 1.989288000000000000e+06 4.969305000000000000e+06 9.945984000000000000e+06
2.320000000000000000e+02 1.880000000000000000e+02 4.470000000000000000e+02 4.550000000000000000e+02 7.630000000000000000e+02 1.756000000000000000e+03 2.606000000000000000e+03 4.752000000000000000e+03 1.073800000000000000e+04 1.453700000000000000e+04 2.150900000000000000e+04 4.251600000000000000e+04 3.049300000000000000e+04 3.843000000000000000e+04 1.196680000000000000e+05 1.281170000000000000e+05 2.821880000000000000e+05 9.772220000000000000e+05 1.540418000000000000e+06
4.584000000000000000e+03 2.586000000000000000e+03 4.080000000000000000e+03 4.340000000000000000e+03 6.392000000000000000e+03 1.611100000000000000e+04 2.363000000000000000e+04 3.911000000000000000e+04 8.386800000000000000e+04 1.009750000000000000e+05 1.453010000000000000e+05 2.987660000000000000e+05 4.051950000000000000e+05 7.295980000000000000e+05 2.236250000000000000e+06 3.347846000000000000e+06 6.988275000000000000e+06 2.154612100000000000e+07 4.034195500000000000e+07
5.170000000000000000e+03 3.508000000000000000e+03 4.726000000000000000e+03 4.372000000000000000e+03 6.335000000000000000e+03 1.619700000000000000e+04 2.264200000000000000e+04 4.031300000000000000e+04 9.255900000000000000e+04 1.160440000000000000e+05 1.624950000000000000e+05 3.102250000000000000e+05 4.279690000000000000e+05 6.830040000000000000e+05 2.103812000000000000e+06 3.037286000000000000e+06 6.488119000000000000e+06 1.910071200000000000e+07 3.698590600000000000e+07
