# {'chrom': '2', 'window_id': '11', 'statistic': 'H2', 'bounds': [222000000, 244000000], 'span': 22000000, 'n_sites': 13661135, 'coverage': 62.1, 'right_discontinuous': True, 'rows': "{0: 'Altai', 1: 'Chagyrskaya', 2: 'Denisova', 3: 'French-1', 4: 'Han-1', 5: 'Khomani_San-2', 6: 'Papuan-2', 7: 'Vindija', 8: 'Yoruba-1', 9: 'Yoruba-3'}"}
4.600000000000000000e+02 2.500000000000000000e+02 2.900000000000000000e+02 3.580000000000000000e+02 3.070000000000000000e+02 5.790000000000000000e+02 1.159000000000000000e+03 2.045000000000000000e+03 1.988000000000000000e+03 2.544000000000000000e+03 2.732000000000000000e+03 6.819000000000000000e+03 7.306000000000000000e+03 1.004000000000000000e+04 3.649400000000000000e+04 4.462700000000000000e+04 8.890300000000000000e+04 2.010870000000000000e+05 3.192290000000000000e+05
9.500000000000000000e+01 1.190000000000000000e+02 2.560000000000000000e+02 3.230000000000000000e+02 4.750000000000000000e+02 9.360000000000000000e+02 1.176000000000000000e+03 1.842000000000000000e+03 3.690000000000000000e+03 4.396000000000000000e+03 6.783000000000000000e+03 1.075600000000000000e+04 6.963000000000000000e+03 1.776300000000000000e+04 4.307200000000000000e+04 7.357200000000000000e+04 1.536580000000000000e+05 3.568300000000000000e+05 4.087980000000000000e+05
3.070000000000000000e+02 2.880000000000000000e+02 6.850000000000000000e+02 7.740000000000000000e+02 1.259000000000000000e+03 2.823000000000000000e+03 4.029000000000000000e+03 6.092000000000000000e+03 1.308900000000000000e+04 1.262500000000000000e+04 1.790100000000000000e+04 4.021500000000000000e+04 4.177200000000000000e+04 6.320100000000000000e+04 1.064830000000000000e+05 1.508920000000000000e+05 3.258800000000000000e+05 1.031282000000000000e+06 1.473897000000000000e+06
2.060000000000000000e+03 1.254000000000000000e+03 2.263000000000000000e+03 2.803000000000000000e+03 4.409000000000000000e+03 1.057000000000000000e+04 1.570000000000000000e+04 2.402900000000000000e+04 5.188100000000000000e+04 5.508900000000000000e+04 7.918900000000000000e+04 1.522500000000000000e+05 1.718920000000000000e+05 3.344210000000000000e+05 1.000090000000000000e+06 1.578444000000000000e+06 3.235701000000000000e+06 9.346618000000000000e+06 1.405510200000000000e+07
1.599000000000000000e+03 1.376000000000000000e+03 2.888000000000000000e+03 3.166000000000000000e+03 4.713000000000000000e+03 1.107700000000000000e+04 1.653000000000000000e+04 2.640900000000000000e+04 4.981200000000000000e+04 5.018300000000000000e+04 6.939000000000000000e+04 1.321280000000000000e+05 1.482100000000000000e+05 2.708050000000000000e+05 8.613070000000000000e+05 1.366816000000000000e+06 2.741908000000000000e+06 7.787764000000000000e+06 1.221725300000000000e+07
7.050000000000000000e+03 2.619000000000000000e+03 4.202000000000000000e+03 4.413000000000000000e+03 7.339000000000000000e+03 1.865400000000000000e+04 2.572400000000000000e+04 4.489300000000000000e+04 8.753800000000000000e+04 9.296100000000000000e+04 1.275890000000000000e+05 2.990630000000000000e+05 3.420310000000000000e+05 6.879070000000000000e+05 2.023550000000000000e+06 3.090404000000000000e+06 6.392101000000000000e+06 1.800255500000000000e+07 2.783541800000000000e+07
1.401000000000000000e+03 9.460000000000000000e+02 1.682000000000000000e+03 2.006000000000000000e+03 3.434000000000000000e+03 8.481000000000000000e+03 1.222600000000000000e+04 1.973400000000000000e+04 4.201900000000000000e+04 4.136400000000000000e+04 5.243300000000000000e+04 9.745000000000000000e+04 1.371200000000000000e+05 2.426080000000000000e+05 6.348680000000000000e+05 7.712480000000000000e+05 1.871309000000000000e+06 5.122368000000000000e+06 7.836744000000000000e+06
1.120000000000000000e+02 1.240000000000000000e+02 3.310000000000000000e+02 4.720000000000000000e+02 6.980000000000000000e+02 1.389000000000000000e+03 1.738000000000000000e+03 3.496000000000000000e+03 6.417000000000000000e+03 6.655000000000000000e+03 8.541000000000000000e+03 1.411900000000000000e+04 1.607000000000000000e+04 2.868200000000000000e+04 8.141100000000000000e+04 1.251580000000000000e+05 2.164690000000000000e+05 6.583210000000000000e+05 7.571930000000000000e+05
9.031000000000000000e+03 3.184000000000000000e+03 4.764000000000000000e+03 5.102000000000000000e+03 7.830000000000000000e+03 2.026600000000000000e+04 2.814900000000000000e+04 4.585400000000000000e+04 8.727800000000000000e+04 9.535900000000000000e+04 1.317690000000000000e+05 2.854710000000000000e+05 3.154400000000000000e+05 6.806410000000000000e+05 1.988683000000000000e+06 3.176537000000000000e+06 6.437733000000000000e+06 1.817438600000000000e+07 2.671143400000000000e+07
7.689000000000000000e+03 2.936000000000000000e+03 3.585000000000000000e+03 4.148000000000000000e+03 6.487000000000000000e+03 1.693200000000000000e+04 2.559800000000000000e+04 3.988100000000000000e+04 8.435900000000000000e+04 8.945500000000000000e+04 1.310100000000000000e+05 2.459450000000000000e+05 3.123570000000000000e+05 6.475660000000000000e+05 1.692489000000000000e+06 2.893823000000000000e+06 5.831207000000000000e+06 1.677522900000000000e+07 2.423737800000000000e+07
