# {'chrom': '2', 'window_id': '1', 'statistic': 'H2', 'bounds': [18000000, 36000000], 'span': 18000000, 'n_sites': 11651189, 'coverage': 64.73, 'right_discontinuous': False, 'rows': "{0: 'Altai', 1: 'Chagyrskaya', 2: 'Denisova', 3: 'French-1', 4: 'Han-1', 5: 'Khomani_San-2', 6: 'Papuan-2', 7: 'Vindija', 8: 'Yoruba-1', 9: 'Yoruba-3'}"}
1.480000000000000000e+02 1.300000000000000000e+02 2.540000000000000000e+02 2.830000000000000000e+02 3.120000000000000000e+02 9.460000000000000000e+02 1.224000000000000000e+03 1.366000000000000000e+03 4.167000000000000000e+03 4.256000000000000000e+03 4.162000000000000000e+03 1.096800000000000000e+04 1.175800000000000000e+04 2.160800000000000000e+04 4.243800000000000000e+04 6.459900000000000000e+04 1.117160000000000000e+05 4.146940000000000000e+05 7.205070000000000000e+05
1.010000000000000000e+02 6.500000000000000000e+01 1.090000000000000000e+02 1.570000000000000000e+02 1.500000000000000000e+02 4.340000000000000000e+02 7.050000000000000000e+02 1.231000000000000000e+03 2.766000000000000000e+03 2.957000000000000000e+03 5.021000000000000000e+03 8.627000000000000000e+03 1.017000000000000000e+04 1.596100000000000000e+04 2.508200000000000000e+04 3.464400000000000000e+04 1.042480000000000000e+05 2.702360000000000000e+05 6.445990000000000000e+05
5.300000000000000000e+01 5.400000000000000000e+01 1.140000000000000000e+02 1.460000000000000000e+02 3.090000000000000000e+02 7.450000000000000000e+02 8.340000000000000000e+02 1.350000000000000000e+03 3.356000000000000000e+03 4.170000000000000000e+03 5.212000000000000000e+03 8.847000000000000000e+03 1.110100000000000000e+04 1.836000000000000000e+04 5.409400000000000000e+04 7.106800000000000000e+04 1.397170000000000000e+05 4.452550000000000000e+05 9.221060000000000000e+05
2.006000000000000000e+03 9.640000000000000000e+02 1.995000000000000000e+03 2.268000000000000000e+03 3.418000000000000000e+03 8.270000000000000000e+03 1.263600000000000000e+04 2.134400000000000000e+04 4.684700000000000000e+04 5.418800000000000000e+04 7.216700000000000000e+04 1.684100000000000000e+05 1.928760000000000000e+05 2.464070000000000000e+05 1.014262000000000000e+06 1.475846000000000000e+06 2.930336000000000000e+06 9.241366000000000000e+06 1.901120500000000000e+07
1.338000000000000000e+03 8.420000000000000000e+02 1.418000000000000000e+03 1.747000000000000000e+03 2.573000000000000000e+03 6.844000000000000000e+03 9.526000000000000000e+03 1.684300000000000000e+04 3.867100000000000000e+04 4.347700000000000000e+04 5.661200000000000000e+04 1.126210000000000000e+05 1.541430000000000000e+05 2.194370000000000000e+05 6.049090000000000000e+05 1.007102000000000000e+06 2.225312000000000000e+06 6.155165000000000000e+06 1.318369200000000000e+07
3.744000000000000000e+03 1.800000000000000000e+03 3.616000000000000000e+03 4.079000000000000000e+03 5.673000000000000000e+03 1.418600000000000000e+04 2.222600000000000000e+04 3.780900000000000000e+04 8.294100000000000000e+04 9.515800000000000000e+04 1.325210000000000000e+05 2.947870000000000000e+05 4.036230000000000000e+05 7.016110000000000000e+05 2.010722000000000000e+06 3.348736000000000000e+06 6.821316000000000000e+06 2.149550900000000000e+07 4.328903900000000000e+07
3.517000000000000000e+03 1.342000000000000000e+03 1.941000000000000000e+03 1.966000000000000000e+03 2.530000000000000000e+03 7.674000000000000000e+03 1.098600000000000000e+04 2.125000000000000000e+04 4.158300000000000000e+04 4.300900000000000000e+04 6.216500000000000000e+04 1.408140000000000000e+05 1.730980000000000000e+05 2.675870000000000000e+05 6.069960000000000000e+05 1.165438000000000000e+06 2.312079000000000000e+06 6.745379000000000000e+06 1.127824700000000000e+07
1.450000000000000000e+02 1.160000000000000000e+02 2.450000000000000000e+02 3.400000000000000000e+02 4.670000000000000000e+02 1.137000000000000000e+03 1.456000000000000000e+03 2.299000000000000000e+03 4.412000000000000000e+03 5.679000000000000000e+03 5.138000000000000000e+03 1.311200000000000000e+04 1.707300000000000000e+04 2.922800000000000000e+04 6.450000000000000000e+04 9.340500000000000000e+04 2.262690000000000000e+05 6.928810000000000000e+05 1.148973000000000000e+06
5.224000000000000000e+03 1.500000000000000000e+03 2.775000000000000000e+03 3.202000000000000000e+03 5.017000000000000000e+03 1.367300000000000000e+04 2.016500000000000000e+04 3.419500000000000000e+04 7.207800000000000000e+04 8.347200000000000000e+04 1.054360000000000000e+05 2.807870000000000000e+05 3.870840000000000000e+05 6.693280000000000000e+05 1.833796000000000000e+06 3.142981000000000000e+06 6.325512000000000000e+06 1.957928500000000000e+07 3.881696800000000000e+07
6.922000000000000000e+03 1.492000000000000000e+03 2.514000000000000000e+03 3.131000000000000000e+03 4.842000000000000000e+03 1.174300000000000000e+04 1.762300000000000000e+04 3.268700000000000000e+04 6.533800000000000000e+04 7.628300000000000000e+04 9.727300000000000000e+04 2.299210000000000000e+05 3.281220000000000000e+05 6.053960000000000000e+05 1.623029000000000000e+06 2.765729000000000000e+06 5.363302000000000000e+06 1.681474200000000000e+07 3.497677400000000000e+07
