# {'chrom': '2', 'window_id': '7', 'statistic': 'H2', 'bounds': [137000000, 158000000], 'span': 21000000, 'n_sites': 14070587, 'coverage': 67.0, 'right_discontinuous': False, 'rows': "{0: 'Altai', 1: 'Chagyrskaya', 2: 'Denisova', 3: 'French-1', 4: 'Han-1', 5: 'Khomani_San-2', 6: 'Papuan-2', 7: 'Vindija', 8: 'Yoruba-1', 9: 'Yoruba-3'}"}
1.010000000000000000e+02 9.600000000000000000e+01 2.720000000000000000e+02 4.120000000000000000e+02 5.950000000000000000e+02 1.280000000000000000e+03 1.504000000000000000e+03 2.834000000000000000e+03 6.153000000000000000e+03 6.294000000000000000e+03 1.036300000000000000e+04 1.562600000000000000e+04 1.526000000000000000e+04 2.997200000000000000e+04 7.888000000000000000e+04 9.749600000000000000e+04 2.103310000000000000e+05 7.334840000000000000e+05 1.274720000000000000e+06
2.440000000000000000e+02 1.740000000000000000e+02 3.440000000000000000e+02 4.180000000000000000e+02 6.210000000000000000e+02 1.490000000000000000e+03 1.983000000000000000e+03 3.337000000000000000e+03 5.755000000000000000e+03 9.106000000000000000e+03 6.561000000000000000e+03 9.839000000000000000e+03 1.123900000000000000e+04 2.118900000000000000e+04 5.261600000000000000e+04 1.020730000000000000e+05 1.523000000000000000e+05 3.664550000000000000e+05 5.090120000000000000e+05
1.410000000000000000e+02 1.660000000000000000e+02 4.430000000000000000e+02 4.690000000000000000e+02 6.410000000000000000e+02 1.352000000000000000e+03 1.930000000000000000e+03 2.983000000000000000e+03 5.764000000000000000e+03 7.300000000000000000e+03 1.033200000000000000e+04 1.831500000000000000e+04 1.957400000000000000e+04 4.644700000000000000e+04 1.074280000000000000e+05 1.736090000000000000e+05 3.822650000000000000e+05 1.069776000000000000e+06 1.871199000000000000e+06
5.359000000000000000e+03 3.388000000000000000e+03 5.080000000000000000e+03 3.668000000000000000e+03 5.068000000000000000e+03 1.165500000000000000e+04 2.188000000000000000e+04 3.525700000000000000e+04 7.746800000000000000e+04 8.902200000000000000e+04 1.161190000000000000e+05 2.408760000000000000e+05 2.810600000000000000e+05 5.259950000000000000e+05 1.564454000000000000e+06 2.397126000000000000e+06 5.020629000000000000e+06 1.589816500000000000e+07 2.908323700000000000e+07
2.553000000000000000e+03 2.023000000000000000e+03 3.414000000000000000e+03 3.099000000000000000e+03 4.333000000000000000e+03 9.336000000000000000e+03 1.526600000000000000e+04 2.542300000000000000e+04 5.853000000000000000e+04 5.920000000000000000e+04 7.286300000000000000e+04 1.769780000000000000e+05 1.826690000000000000e+05 2.679750000000000000e+05 9.638340000000000000e+05 1.616049000000000000e+06 3.158529000000000000e+06 9.238338000000000000e+06 1.855345000000000000e+07
4.730000000000000000e+03 3.682000000000000000e+03 6.235000000000000000e+03 5.672000000000000000e+03 8.160000000000000000e+03 1.892400000000000000e+04 2.857200000000000000e+04 4.990600000000000000e+04 1.102820000000000000e+05 1.242120000000000000e+05 1.533890000000000000e+05 3.636030000000000000e+05 5.123770000000000000e+05 9.783130000000000000e+05 2.921027000000000000e+06 4.717023000000000000e+06 9.187147000000000000e+06 2.970730700000000000e+07 5.585941400000000000e+07
3.154000000000000000e+03 2.216000000000000000e+03 3.298000000000000000e+03 2.783000000000000000e+03 3.433000000000000000e+03 8.617000000000000000e+03 1.451800000000000000e+04 2.395200000000000000e+04 5.442300000000000000e+04 5.794200000000000000e+04 7.062100000000000000e+04 1.347410000000000000e+05 1.530340000000000000e+05 2.779520000000000000e+05 9.618690000000000000e+05 1.421977000000000000e+06 2.429880000000000000e+06 8.499485000000000000e+06 1.598622300000000000e+07
3.700000000000000000e+01 5.700000000000000000e+01 1.220000000000000000e+02 1.410000000000000000e+02 2.550000000000000000e+02 5.740000000000000000e+02 7.610000000000000000e+02 1.391000000000000000e+03 3.037000000000000000e+03 3.576000000000000000e+03 4.500000000000000000e+03 7.190000000000000000e+03 8.886000000000000000e+03 1.324200000000000000e+04 2.883100000000000000e+04 4.855500000000000000e+04 7.782900000000000000e+04 3.329470000000000000e+05 6.733330000000000000e+05
4.111000000000000000e+03 2.646000000000000000e+03 4.924000000000000000e+03 4.679000000000000000e+03 6.629000000000000000e+03 1.570800000000000000e+04 2.496000000000000000e+04 4.242500000000000000e+04 8.719800000000000000e+04 9.405900000000000000e+04 1.293340000000000000e+05 3.166120000000000000e+05 3.906980000000000000e+05 7.965310000000000000e+05 2.374634000000000000e+06 3.875166000000000000e+06 7.218117000000000000e+06 2.376664200000000000e+07 4.290331800000000000e+07
3.353000000000000000e+03 2.747000000000000000e+03 5.187000000000000000e+03 4.968000000000000000e+03 6.944000000000000000e+03 1.667000000000000000e+04 2.496500000000000000e+04 3.975500000000000000e+04 9.026600000000000000e+04 9.967100000000000000e+04 1.367850000000000000e+05 3.160770000000000000e+05 4.176260000000000000e+05 7.880610000000000000e+05 2.400845000000000000e+06 3.840691000000000000e+06 7.560764000000000000e+06 2.351582300000000000e+07 4.580160500000000000e+07
