# {'chrom': '2', 'window_id': '6', 'statistic': 'H2', 'bounds': [116000000, 137000000], 'span': 21000000, 'n_sites': 12542668, 'coverage': 59.73, 'right_discontinuous': False, 'rows': "{0: 'Altai', 1: 'Chagyrskaya', 2: 'Denisova', 3: 'French-1', 4: 'Han-1', 5: 'Khomani_San-2', 6: 'Papuan-2', 7: 'Vindija', 8: 'Yoruba-1', 9: 'Yoruba-3'}"}
1.650000000000000000e+02 8.700000000000000000e+01 1.980000000000000000e+02 2.690000000000000000e+02 4.740000000000000000e+02 1.055000000000000000e+03 1.343000000000000000e+03 1.845000000000000000e+03 4.027000000000000000e+03 5.262000000000000000e+03 3.677000000000000000e+03 6.382000000000000000e+03 9.253000000000000000e+03 1.999700000000000000e+04 4.152800000000000000e+04 7.633900000000000000e+04 1.447410000000000000e+05 4.352080000000000000e+05 8.229120000000000000e+05
7.420000000000000000e+02 4.560000000000000000e+02 9.680000000000000000e+02 1.069000000000000000e+03 9.910000000000000000e+02 2.084000000000000000e+03 3.210000000000000000e+03 5.134000000000000000e+03 1.235300000000000000e+04 1.498100000000000000e+04 1.455100000000000000e+04 2.706500000000000000e+04 3.128300000000000000e+04 4.588800000000000000e+04 1.046450000000000000e+05 1.352210000000000000e+05 2.450990000000000000e+05 3.917080000000000000e+05 8.705540000000000000e+05
8.850000000000000000e+02 5.660000000000000000e+02 7.340000000000000000e+02 7.330000000000000000e+02 8.740000000000000000e+02 2.180000000000000000e+03 3.837000000000000000e+03 5.197000000000000000e+03 1.160600000000000000e+04 1.204900000000000000e+04 1.901800000000000000e+04 3.499800000000000000e+04 4.204300000000000000e+04 6.212400000000000000e+04 1.509480000000000000e+05 2.487700000000000000e+05 5.294410000000000000e+05 1.122481000000000000e+06 2.744043000000000000e+06
7.149000000000000000e+03 2.906000000000000000e+03 4.474000000000000000e+03 3.809000000000000000e+03 5.066000000000000000e+03 1.335600000000000000e+04 2.029600000000000000e+04 3.350100000000000000e+04 6.607200000000000000e+04 8.162300000000000000e+04 1.303180000000000000e+05 2.878660000000000000e+05 3.730220000000000000e+05 5.455150000000000000e+05 1.588003000000000000e+06 2.348961000000000000e+06 4.430718000000000000e+06 1.176666500000000000e+07 2.494583300000000000e+07
5.354000000000000000e+03 2.483000000000000000e+03 3.738000000000000000e+03 2.908000000000000000e+03 3.812000000000000000e+03 1.049100000000000000e+04 1.808100000000000000e+04 3.091300000000000000e+04 6.081500000000000000e+04 6.796000000000000000e+04 9.516300000000000000e+04 1.633250000000000000e+05 2.209150000000000000e+05 3.478420000000000000e+05 1.102292000000000000e+06 1.749351000000000000e+06 3.111095000000000000e+06 9.307041000000000000e+06 1.779771600000000000e+07
9.576000000000000000e+03 3.868000000000000000e+03 5.123000000000000000e+03 5.347000000000000000e+03 7.860000000000000000e+03 2.068300000000000000e+04 3.040100000000000000e+04 4.638600000000000000e+04 9.705300000000000000e+04 1.229340000000000000e+05 1.885720000000000000e+05 4.160790000000000000e+05 5.445880000000000000e+05 1.047369000000000000e+06 2.856088000000000000e+06 4.198468000000000000e+06 8.581753000000000000e+06 2.394660600000000000e+07 4.580784100000000000e+07
4.968000000000000000e+03 2.348000000000000000e+03 3.349000000000000000e+03 2.917000000000000000e+03 3.439000000000000000e+03 1.059200000000000000e+04 1.716100000000000000e+04 2.891800000000000000e+04 5.590000000000000000e+04 5.745400000000000000e+04 1.062380000000000000e+05 1.921800000000000000e+05 1.879410000000000000e+05 3.869440000000000000e+05 9.763840000000000000e+05 1.354420000000000000e+06 2.759539000000000000e+06 7.031070000000000000e+06 1.340350400000000000e+07
7.300000000000000000e+02 4.280000000000000000e+02 8.680000000000000000e+02 9.000000000000000000e+02 7.900000000000000000e+02 1.541000000000000000e+03 2.398000000000000000e+03 3.870000000000000000e+03 1.007600000000000000e+04 1.185100000000000000e+04 1.209600000000000000e+04 1.852600000000000000e+04 1.969700000000000000e+04 1.972400000000000000e+04 3.930300000000000000e+04 5.511900000000000000e+04 5.508400000000000000e+04 1.365670000000000000e+05 3.035100000000000000e+05
7.260000000000000000e+03 3.375000000000000000e+03 4.493000000000000000e+03 4.337000000000000000e+03 5.924000000000000000e+03 1.760800000000000000e+04 2.658700000000000000e+04 4.293400000000000000e+04 8.716800000000000000e+04 1.034930000000000000e+05 1.638980000000000000e+05 3.438320000000000000e+05 4.501630000000000000e+05 8.659780000000000000e+05 2.312967000000000000e+06 3.683872000000000000e+06 7.400315000000000000e+06 2.144648000000000000e+07 4.038881700000000000e+07
8.411000000000000000e+03 3.607000000000000000e+03 4.836000000000000000e+03 4.768000000000000000e+03 6.613000000000000000e+03 1.896500000000000000e+04 2.792200000000000000e+04 4.611500000000000000e+04 9.770200000000000000e+04 1.185660000000000000e+05 1.675300000000000000e+05 3.649200000000000000e+05 4.685030000000000000e+05 8.237160000000000000e+05 2.566225000000000000e+06 4.024942000000000000e+06 7.809530000000000000e+06 2.290957300000000000e+07 4.379322200000000000e+07
