# {'chrom': '2', 'window_id': '3', 'statistic': 'H2', 'bounds': [54000000, 72000000], 'span': 18000000, 'n_sites': 11447176, 'coverage': 63.6, 'right_discontinuous': False, 'rows': "{0: 'Altai', 1: 'Chagyrskaya', 2: 'Denisova', 3: 'French-1', 4: 'Han-1', 5: 'Khomani_San-2', 6: 'Papuan-2', 7: 'Vindija', 8: 'Yoruba-1', 9: 'Yoruba-3'}"}
2.640000000000000000e+02 1.560000000000000000e+02 2.390000000000000000e+02 3.070000000000000000e+02 4.630000000000000000e+02 1.238000000000000000e+03 1.728000000000000000e+03 3.386000000000000000e+03 7.556000000000000000e+03 8.525000000000000000e+03 1.022000000000000000e+04 1.922700000000000000e+04 2.846300000000000000e+04 3.623200000000000000e+04 9.767100000000000000e+04 1.229000000000000000e+05 2.396210000000000000e+05 6.618410000000000000e+05 1.252602000000000000e+06
6.500000000000000000e+01 5.200000000000000000e+01 6.100000000000000000e+01 9.200000000000000000e+01 1.730000000000000000e+02 4.490000000000000000e+02 6.170000000000000000e+02 1.205000000000000000e+03 2.417000000000000000e+03 2.320000000000000000e+03 3.473000000000000000e+03 5.628000000000000000e+03 6.869000000000000000e+03 1.358900000000000000e+04 3.264800000000000000e+04 4.546100000000000000e+04 7.820400000000000000e+04 2.262530000000000000e+05 4.577110000000000000e+05
6.200000000000000000e+01 5.300000000000000000e+01 1.150000000000000000e+02 2.370000000000000000e+02 3.770000000000000000e+02 8.920000000000000000e+02 1.429000000000000000e+03 2.271000000000000000e+03 4.768000000000000000e+03 5.725000000000000000e+03 7.659000000000000000e+03 1.720800000000000000e+04 2.194300000000000000e+04 3.552500000000000000e+04 7.635700000000000000e+04 1.285170000000000000e+05 2.437840000000000000e+05 7.813170000000000000e+05 1.034467000000000000e+06
1.512000000000000000e+03 1.074000000000000000e+03 2.319000000000000000e+03 2.964000000000000000e+03 4.036000000000000000e+03 9.347000000000000000e+03 1.546900000000000000e+04 2.645700000000000000e+04 6.501900000000000000e+04 7.975800000000000000e+04 1.076730000000000000e+05 2.775100000000000000e+05 3.633210000000000000e+05 6.093220000000000000e+05 1.634466000000000000e+06 2.470256000000000000e+06 4.985806000000000000e+06 1.287900900000000000e+07 2.053567300000000000e+07
2.163000000000000000e+03 1.294000000000000000e+03 2.098000000000000000e+03 2.668000000000000000e+03 3.825000000000000000e+03 8.851000000000000000e+03 1.451200000000000000e+04 2.618300000000000000e+04 6.490000000000000000e+04 7.401600000000000000e+04 1.068250000000000000e+05 2.224310000000000000e+05 2.589940000000000000e+05 4.328220000000000000e+05 1.311784000000000000e+06 2.139589000000000000e+06 4.099414000000000000e+06 1.146241100000000000e+07 1.966901300000000000e+07
2.798000000000000000e+03 1.531000000000000000e+03 2.586000000000000000e+03 3.133000000000000000e+03 4.350000000000000000e+03 1.105400000000000000e+04 1.741300000000000000e+04 3.099900000000000000e+04 7.119300000000000000e+04 8.689600000000000000e+04 1.220750000000000000e+05 2.929430000000000000e+05 3.758520000000000000e+05 7.001660000000000000e+05 1.943814000000000000e+06 3.246885000000000000e+06 6.730394000000000000e+06 1.904034700000000000e+07 3.317736800000000000e+07
9.120000000000000000e+02 7.790000000000000000e+02 1.399000000000000000e+03 1.870000000000000000e+03 2.750000000000000000e+03 6.286000000000000000e+03 9.739000000000000000e+03 1.796700000000000000e+04 4.435900000000000000e+04 5.478900000000000000e+04 6.995500000000000000e+04 1.465930000000000000e+05 1.357750000000000000e+05 2.503560000000000000e+05 7.439470000000000000e+05 1.087759000000000000e+06 2.596742000000000000e+06 5.279479000000000000e+06 7.573823000000000000e+06
1.560000000000000000e+02 5.700000000000000000e+01 1.620000000000000000e+02 2.020000000000000000e+02 3.590000000000000000e+02 8.300000000000000000e+02 1.233000000000000000e+03 2.211000000000000000e+03 5.120000000000000000e+03 6.269000000000000000e+03 8.726000000000000000e+03 1.479400000000000000e+04 1.777800000000000000e+04 2.781600000000000000e+04 7.088100000000000000e+04 9.945100000000000000e+04 2.295610000000000000e+05 6.382110000000000000e+05 8.382420000000000000e+05
2.518000000000000000e+03 1.668000000000000000e+03 2.683000000000000000e+03 3.145000000000000000e+03 4.949000000000000000e+03 1.296500000000000000e+04 1.909400000000000000e+04 3.450500000000000000e+04 8.085100000000000000e+04 9.198900000000000000e+04 1.400860000000000000e+05 3.243610000000000000e+05 4.307420000000000000e+05 8.633820000000000000e+05 2.292523000000000000e+06 3.354074000000000000e+06 7.440747000000000000e+06 1.854011200000000000e+07 3.295294800000000000e+07
2.008000000000000000e+03 1.152000000000000000e+03 2.101000000000000000e+03 2.599000000000000000e+03 4.122000000000000000e+03 1.037700000000000000e+04 1.569400000000000000e+04 2.958300000000000000e+04 6.984000000000000000e+04 8.613100000000000000e+04 1.290700000000000000e+05 2.915790000000000000e+05 3.896030000000000000e+05 7.321570000000000000e+05 1.829446000000000000e+06 2.620099000000000000e+06 6.153709000000000000e+06 1.657639200000000000e+07 2.881095000000000000e+07
