# {'chrom': '2', 'window_id': '4', 'statistic': 'H2', 'bounds': [72000000, 93000000], 'span': 21000000, 'n_sites': 10181685, 'coverage': 48.48, 'right_discontinuous': True, 'rows': "{0: 'Altai', 1: 'Chagyrskaya', 2: 'Denisova', 3: 'French-1', 4: 'Han-1', 5: 'Khomani_San-2', 6: 'Papuan-2', 7: 'Vindija', 8: 'Yoruba-1', 9: 'Yoruba-3'}"}
2.065000000000000000e+03 1.036000000000000000e+03 1.931000000000000000e+03 1.748000000000000000e+03 2.109000000000000000e+03 3.928000000000000000e+03 7.446000000000000000e+03 1.215100000000000000e+04 2.023900000000000000e+04 2.583800000000000000e+04 2.348900000000000000e+04 4.464300000000000000e+04 2.546000000000000000e+04 6.514100000000000000e+04 1.785050000000000000e+05 2.807340000000000000e+05 4.732340000000000000e+05 1.307243000000000000e+06 1.548927000000000000e+06
1.550000000000000000e+02 9.500000000000000000e+01 7.200000000000000000e+01 6.400000000000000000e+01 2.020000000000000000e+02 4.550000000000000000e+02 5.750000000000000000e+02 7.380000000000000000e+02 1.472000000000000000e+03 1.333000000000000000e+03 1.957000000000000000e+03 4.218000000000000000e+03 4.876000000000000000e+03 6.183000000000000000e+03 1.921200000000000000e+04 1.947600000000000000e+04 2.566300000000000000e+04 8.703300000000000000e+04 1.145290000000000000e+05
2.290000000000000000e+02 1.040000000000000000e+02 1.900000000000000000e+02 2.050000000000000000e+02 2.830000000000000000e+02 7.510000000000000000e+02 1.143000000000000000e+03 1.905000000000000000e+03 3.646000000000000000e+03 3.804000000000000000e+03 6.756000000000000000e+03 1.258200000000000000e+04 1.289800000000000000e+04 2.078000000000000000e+04 5.070400000000000000e+04 1.005750000000000000e+05 1.211560000000000000e+05 1.269150000000000000e+05 3.259190000000000000e+05
4.858000000000000000e+03 1.873000000000000000e+03 2.611000000000000000e+03 2.350000000000000000e+03 3.380000000000000000e+03 8.372000000000000000e+03 1.258800000000000000e+04 2.422700000000000000e+04 5.526100000000000000e+04 6.879100000000000000e+04 9.914500000000000000e+04 1.663780000000000000e+05 2.013300000000000000e+05 2.888600000000000000e+05 8.082290000000000000e+05 1.276758000000000000e+06 2.424216000000000000e+06 7.625580000000000000e+06 8.745553000000000000e+06
3.119000000000000000e+03 1.393000000000000000e+03 2.616000000000000000e+03 2.710000000000000000e+03 3.769000000000000000e+03 8.499000000000000000e+03 1.217400000000000000e+04 2.195000000000000000e+04 5.360000000000000000e+04 6.373300000000000000e+04 8.424700000000000000e+04 1.477300000000000000e+05 2.056360000000000000e+05 2.850070000000000000e+05 6.965220000000000000e+05 1.275401000000000000e+06 2.319859000000000000e+06 6.970292000000000000e+06 7.415132000000000000e+06
1.009200000000000000e+04 3.780000000000000000e+03 4.316000000000000000e+03 3.973000000000000000e+03 5.576000000000000000e+03 1.346700000000000000e+04 2.260200000000000000e+04 3.795500000000000000e+04 8.658400000000000000e+04 9.989000000000000000e+04 1.498350000000000000e+05 3.031220000000000000e+05 3.998860000000000000e+05 8.312980000000000000e+05 1.831603000000000000e+06 2.761097000000000000e+06 4.794335000000000000e+06 1.301636700000000000e+07 1.638763900000000000e+07
3.334000000000000000e+03 1.579000000000000000e+03 2.081000000000000000e+03 2.050000000000000000e+03 2.830000000000000000e+03 7.099000000000000000e+03 1.166500000000000000e+04 1.881400000000000000e+04 4.567300000000000000e+04 5.951900000000000000e+04 8.754100000000000000e+04 1.686950000000000000e+05 1.666740000000000000e+05 1.866720000000000000e+05 4.752660000000000000e+05 7.879260000000000000e+05 1.395130000000000000e+06 4.235573000000000000e+06 5.406624000000000000e+06
8.380000000000000000e+02 5.660000000000000000e+02 1.190000000000000000e+03 1.042000000000000000e+03 1.237000000000000000e+03 1.660000000000000000e+03 3.420000000000000000e+03 5.789000000000000000e+03 7.225000000000000000e+03 5.250000000000000000e+03 4.650000000000000000e+03 1.038200000000000000e+04 1.126100000000000000e+04 1.505600000000000000e+04 4.094300000000000000e+04 8.260600000000000000e+04 8.363900000000000000e+04 2.451770000000000000e+05 4.346610000000000000e+05
6.297000000000000000e+03 2.909000000000000000e+03 3.686000000000000000e+03 3.769000000000000000e+03 5.738000000000000000e+03 1.341300000000000000e+04 2.035000000000000000e+04 3.254200000000000000e+04 7.675200000000000000e+04 9.033600000000000000e+04 1.163660000000000000e+05 2.981990000000000000e+05 4.435050000000000000e+05 6.260500000000000000e+05 1.390382000000000000e+06 2.727011000000000000e+06 4.950005000000000000e+06 1.352186100000000000e+07 1.550432400000000000e+07
5.420000000000000000e+03 2.621000000000000000e+03 4.444000000000000000e+03 4.219000000000000000e+03 6.189000000000000000e+03 1.458200000000000000e+04 2.226100000000000000e+04 3.674000000000000000e+04 9.231300000000000000e+04 1.019500000000000000e+05 1.511990000000000000e+05 3.863650000000000000e+05 4.173540000000000000e+05 7.821150000000000000e+05 2.057586000000000000e+06 3.152301000000000000e+06 5.515417000000000000e+06 1.544351100000000000e+07 1.860558100000000000e+07
