# {'chrom': '5', 'window_id': '2', 'statistic': 'H2', 'bounds': [31000000, 47000000], 'span': 16000000, 'n_sites': 8955920, 'coverage': 55.97, 'right_discontinuous': True, 'rows': "{0: 'Altai', 1: 'Chagyrskaya', 2: 'Denisova', 3: 'French-1', 4: 'Han-1', 5: 'Khomani_San-2', 6: 'Papuan-2', 7: 'Vindija', 8: 'Yoruba-1', 9: 'Yoruba-3'}"}
4.900000000000000000e+02 3.030000000000000000e+02 4.690000000000000000e+02 5.620000000000000000e+02 7.500000000000000000e+02 1.736000000000000000e+03 1.610000000000000000e+03 4.400000000000000000e+03 8.997000000000000000e+03 1.035300000000000000e+04 1.124900000000000000e+04 1.632400000000000000e+04 1.006700000000000000e+04 3.501500000000000000e+04 6.854400000000000000e+04 1.427220000000000000e+05 1.866770000000000000e+05 2.781420000000000000e+05 2.471440000000000000e+05
6.000000000000000000e+00 6.000000000000000000e+00 3.900000000000000000e+01 6.400000000000000000e+01 1.340000000000000000e+02 2.820000000000000000e+02 4.360000000000000000e+02 7.060000000000000000e+02 1.547000000000000000e+03 2.227000000000000000e+03 3.409000000000000000e+03 7.854000000000000000e+03 6.208000000000000000e+03 4.980000000000000000e+03 1.535900000000000000e+04 1.615100000000000000e+04 4.364100000000000000e+04 5.324900000000000000e+04 1.260570000000000000e+05
2.010000000000000000e+02 2.290000000000000000e+02 5.200000000000000000e+02 6.040000000000000000e+02 7.600000000000000000e+02 1.833000000000000000e+03 3.179000000000000000e+03 4.987000000000000000e+03 1.227300000000000000e+04 1.803400000000000000e+04 2.410600000000000000e+04 4.456600000000000000e+04 1.548800000000000000e+04 1.808100000000000000e+04 5.134800000000000000e+04 9.717300000000000000e+04 1.886390000000000000e+05 5.783670000000000000e+05 5.225870000000000000e+05
3.090000000000000000e+03 1.984000000000000000e+03 3.610000000000000000e+03 3.677000000000000000e+03 4.641000000000000000e+03 1.122200000000000000e+04 1.468200000000000000e+04 2.780100000000000000e+04 5.545600000000000000e+04 7.580700000000000000e+04 1.157780000000000000e+05 2.463340000000000000e+05 3.156820000000000000e+05 6.193050000000000000e+05 1.546986000000000000e+06 2.468538000000000000e+06 3.302098000000000000e+06 6.325583000000000000e+06 8.450261000000000000e+06
2.034000000000000000e+03 1.228000000000000000e+03 2.083000000000000000e+03 2.172000000000000000e+03 3.106000000000000000e+03 7.216000000000000000e+03 9.165000000000000000e+03 1.761900000000000000e+04 3.656000000000000000e+04 4.391200000000000000e+04 6.677200000000000000e+04 1.456010000000000000e+05 1.366080000000000000e+05 2.620100000000000000e+05 7.136270000000000000e+05 1.035251000000000000e+06 1.863563000000000000e+06 4.255118000000000000e+06 5.530637000000000000e+06
7.529000000000000000e+03 3.376000000000000000e+03 4.623000000000000000e+03 4.607000000000000000e+03 6.255000000000000000e+03 1.595800000000000000e+04 2.124100000000000000e+04 3.985500000000000000e+04 8.695500000000000000e+04 1.149660000000000000e+05 1.787850000000000000e+05 4.756220000000000000e+05 5.987010000000000000e+05 9.657270000000000000e+05 2.613636000000000000e+06 4.055100000000000000e+06 4.993180000000000000e+06 1.117107500000000000e+07 1.590719400000000000e+07
1.441000000000000000e+03 9.880000000000000000e+02 1.494000000000000000e+03 1.553000000000000000e+03 2.178000000000000000e+03 5.122000000000000000e+03 6.983000000000000000e+03 1.309000000000000000e+04 2.939100000000000000e+04 4.037200000000000000e+04 6.125400000000000000e+04 1.001140000000000000e+05 1.059940000000000000e+05 1.754900000000000000e+05 4.201760000000000000e+05 5.495620000000000000e+05 1.146126000000000000e+06 2.783614000000000000e+06 3.312655000000000000e+06
1.080000000000000000e+02 8.200000000000000000e+01 1.790000000000000000e+02 2.160000000000000000e+02 3.430000000000000000e+02 7.090000000000000000e+02 9.230000000000000000e+02 2.049000000000000000e+03 3.915000000000000000e+03 4.606000000000000000e+03 7.907000000000000000e+03 1.270700000000000000e+04 1.608900000000000000e+04 2.413500000000000000e+04 6.915800000000000000e+04 6.361400000000000000e+04 1.062370000000000000e+05 2.210350000000000000e+05 2.967790000000000000e+05
4.032000000000000000e+03 2.484000000000000000e+03 3.988000000000000000e+03 3.693000000000000000e+03 5.278000000000000000e+03 1.241600000000000000e+04 1.732200000000000000e+04 3.068500000000000000e+04 6.511700000000000000e+04 7.889800000000000000e+04 1.422310000000000000e+05 3.254510000000000000e+05 4.327210000000000000e+05 6.951370000000000000e+05 1.955682000000000000e+06 2.587089000000000000e+06 3.649216000000000000e+06 9.398600000000000000e+06 1.260286500000000000e+07
6.307000000000000000e+03 2.682000000000000000e+03 3.970000000000000000e+03 3.783000000000000000e+03 5.126000000000000000e+03 1.296000000000000000e+04 1.819700000000000000e+04 3.262800000000000000e+04 6.893000000000000000e+04 8.953200000000000000e+04 1.386750000000000000e+05 3.713630000000000000e+05 4.346120000000000000e+05 6.545640000000000000e+05 1.859867000000000000e+06 2.703476000000000000e+06 4.304423000000000000e+06 9.951500000000000000e+06 1.252723600000000000e+07
