# {'chrom': '5', 'window_id': '0', 'statistic': 'H2', 'bounds': [0, 15000000], 'span': 15000000, 'n_sites': 10102226, 'coverage': 67.35, 'right_discontinuous': False, 'rows': "{0: 'Altai', 1: 'Chagyrskaya', 2: 'Denisova', 3: 'French-1', 4: 'Han-1', 5: 'Khomani_San-2', 6: 'Papuan-2', 7: 'Vindija', 8: 'Yoruba-1', 9: 'Yoruba-3'}"}
2.360000000000000000e+02 2.000000000000000000e+02 4.160000000000000000e+02 4.650000000000000000e+02 8.230000000000000000e+02 1.711000000000000000e+03 2.444000000000000000e+03 3.996000000000000000e+03 7.080000000000000000e+03 7.261000000000000000e+03 1.016800000000000000e+04 1.825500000000000000e+04 1.801200000000000000e+04 2.123100000000000000e+04 9.094300000000000000e+04 1.323440000000000000e+05 3.386260000000000000e+05 5.121260000000000000e+05 1.262511000000000000e+06
8.100000000000000000e+01 3.400000000000000000e+01 6.900000000000000000e+01 1.050000000000000000e+02 1.770000000000000000e+02 4.300000000000000000e+02 5.620000000000000000e+02 9.190000000000000000e+02 2.000000000000000000e+03 2.881000000000000000e+03 3.824000000000000000e+03 6.744000000000000000e+03 7.461000000000000000e+03 1.148300000000000000e+04 2.460800000000000000e+04 2.355200000000000000e+04 4.065900000000000000e+04 1.463930000000000000e+05 3.387710000000000000e+05
7.600000000000000000e+01 1.050000000000000000e+02 1.910000000000000000e+02 3.370000000000000000e+02 5.230000000000000000e+02 1.070000000000000000e+03 1.215000000000000000e+03 2.268000000000000000e+03 5.071000000000000000e+03 4.503000000000000000e+03 4.537000000000000000e+03 1.176000000000000000e+04 1.415800000000000000e+04 1.684500000000000000e+04 4.618600000000000000e+04 9.920700000000000000e+04 1.747720000000000000e+05 4.781170000000000000e+05 9.788270000000000000e+05
1.287000000000000000e+03 7.930000000000000000e+02 1.439000000000000000e+03 1.535000000000000000e+03 2.369000000000000000e+03 6.361000000000000000e+03 9.623000000000000000e+03 1.613200000000000000e+04 3.461100000000000000e+04 3.857500000000000000e+04 5.391300000000000000e+04 1.085440000000000000e+05 1.423130000000000000e+05 2.199360000000000000e+05 5.669350000000000000e+05 1.082770000000000000e+06 1.908600000000000000e+06 5.003389000000000000e+06 9.670917000000000000e+06
1.376000000000000000e+03 1.150000000000000000e+03 2.223000000000000000e+03 2.650000000000000000e+03 4.059000000000000000e+03 1.038300000000000000e+04 1.465100000000000000e+04 2.438700000000000000e+04 5.612100000000000000e+04 6.182800000000000000e+04 8.704400000000000000e+04 1.821280000000000000e+05 2.166810000000000000e+05 3.612870000000000000e+05 1.106478000000000000e+06 1.642828000000000000e+06 3.044684000000000000e+06 8.925389000000000000e+06 2.032156600000000000e+07
3.900000000000000000e+03 1.779000000000000000e+03 3.005000000000000000e+03 2.989000000000000000e+03 4.631000000000000000e+03 1.286000000000000000e+04 1.830200000000000000e+04 3.073600000000000000e+04 6.280300000000000000e+04 7.192900000000000000e+04 1.029030000000000000e+05 2.494800000000000000e+05 3.172670000000000000e+05 5.529710000000000000e+05 1.612155000000000000e+06 2.522228000000000000e+06 5.308334000000000000e+06 1.550048300000000000e+07 3.636784300000000000e+07
2.626000000000000000e+03 1.140000000000000000e+03 1.783000000000000000e+03 1.882000000000000000e+03 3.108000000000000000e+03 7.806000000000000000e+03 1.125800000000000000e+04 1.957100000000000000e+04 3.683300000000000000e+04 3.949600000000000000e+04 5.412100000000000000e+04 1.138600000000000000e+05 1.638900000000000000e+05 2.440420000000000000e+05 5.608400000000000000e+05 1.005147000000000000e+06 1.985820000000000000e+06 5.792237000000000000e+06 1.202062700000000000e+07
1.347000000000000000e+03 3.050000000000000000e+02 4.740000000000000000e+02 4.370000000000000000e+02 6.580000000000000000e+02 1.475000000000000000e+03 2.255000000000000000e+03 3.602000000000000000e+03 7.813000000000000000e+03 8.719000000000000000e+03 1.074400000000000000e+04 2.544400000000000000e+04 1.911700000000000000e+04 1.175900000000000000e+04 6.975600000000000000e+04 1.111370000000000000e+05 2.885170000000000000e+05 6.867860000000000000e+05 1.348248000000000000e+06
3.751000000000000000e+03 1.868000000000000000e+03 3.509000000000000000e+03 3.989000000000000000e+03 5.573000000000000000e+03 1.360200000000000000e+04 2.117700000000000000e+04 3.470300000000000000e+04 7.560000000000000000e+04 8.430800000000000000e+04 1.255800000000000000e+05 2.836960000000000000e+05 3.325770000000000000e+05 6.005830000000000000e+05 1.754816000000000000e+06 2.821897000000000000e+06 5.621488000000000000e+06 1.618975700000000000e+07 3.546292500000000000e+07
2.908000000000000000e+03 1.564000000000000000e+03 3.524000000000000000e+03 3.841000000000000000e+03 5.883000000000000000e+03 1.405100000000000000e+04 2.118100000000000000e+04 3.616200000000000000e+04 7.063700000000000000e+04 7.659600000000000000e+04 1.049120000000000000e+05 2.109800000000000000e+05 3.093660000000000000e+05 4.959180000000000000e+05 1.694430000000000000e+06 2.855913000000000000e+06 5.797507000000000000e+06 1.695193800000000000e+07 3.822355800000000000e+07
