# {'chrom': '5', 'window_id': '3', 'statistic': 'H2', 'bounds': [49000000, 69000000], 'span': 20000000, 'n_sites': 12164978, 'coverage': 60.82, 'right_discontinuous': True, 'rows': "{0: 'Altai', 1: 'Chagyrskaya', 2: 'Denisova', 3: 'French-1', 4: 'Han-1', 5: 'Khomani_San-2', 6: 'Papuan-2', 7: 'Vindija', 8: 'Yoruba-1', 9: 'Yoruba-3'}"}
2.100000000000000000e+02 1.020000000000000000e+02 1.950000000000000000e+02 2.260000000000000000e+02 3.580000000000000000e+02 8.710000000000000000e+02 1.249000000000000000e+03 1.430000000000000000e+03 2.678000000000000000e+03 2.990000000000000000e+03 4.541000000000000000e+03 8.461000000000000000e+03 7.716000000000000000e+03 2.216400000000000000e+04 5.426000000000000000e+04 7.215900000000000000e+04 1.143190000000000000e+05 3.419090000000000000e+05 4.573300000000000000e+05
2.470000000000000000e+02 1.500000000000000000e+02 3.010000000000000000e+02 3.290000000000000000e+02 5.210000000000000000e+02 1.318000000000000000e+03 1.699000000000000000e+03 2.738000000000000000e+03 6.322000000000000000e+03 6.230000000000000000e+03 6.137000000000000000e+03 1.222100000000000000e+04 1.724100000000000000e+04 2.631200000000000000e+04 6.144000000000000000e+04 9.787400000000000000e+04 2.084180000000000000e+05 5.995790000000000000e+05 5.253090000000000000e+05
1.700000000000000000e+02 7.500000000000000000e+01 1.980000000000000000e+02 2.230000000000000000e+02 4.110000000000000000e+02 1.063000000000000000e+03 1.417000000000000000e+03 1.723000000000000000e+03 3.020000000000000000e+03 3.452000000000000000e+03 4.106000000000000000e+03 7.848000000000000000e+03 1.035000000000000000e+04 1.767700000000000000e+04 4.148300000000000000e+04 7.951500000000000000e+04 1.516160000000000000e+05 3.888660000000000000e+05 5.055930000000000000e+05
7.544000000000000000e+03 3.451000000000000000e+03 4.559000000000000000e+03 3.404000000000000000e+03 4.510000000000000000e+03 1.332000000000000000e+04 1.951000000000000000e+04 3.536000000000000000e+04 6.585200000000000000e+04 8.045600000000000000e+04 1.191970000000000000e+05 2.232970000000000000e+05 3.008030000000000000e+05 5.981280000000000000e+05 1.708055000000000000e+06 2.536794000000000000e+06 4.680680000000000000e+06 1.139033800000000000e+07 1.463797600000000000e+07
5.197000000000000000e+03 2.861000000000000000e+03 3.458000000000000000e+03 2.950000000000000000e+03 4.325000000000000000e+03 1.081200000000000000e+04 1.636900000000000000e+04 3.002200000000000000e+04 6.193900000000000000e+04 6.744100000000000000e+04 1.045970000000000000e+05 1.654800000000000000e+05 2.441140000000000000e+05 4.557600000000000000e+05 1.376467000000000000e+06 2.056453000000000000e+06 4.252004000000000000e+06 1.009897300000000000e+07 1.261417500000000000e+07
6.922000000000000000e+03 3.103000000000000000e+03 4.719000000000000000e+03 4.726000000000000000e+03 6.483000000000000000e+03 1.765000000000000000e+04 2.282900000000000000e+04 4.283300000000000000e+04 7.924800000000000000e+04 9.908600000000000000e+04 1.527540000000000000e+05 3.448270000000000000e+05 4.821920000000000000e+05 8.999680000000000000e+05 2.534241000000000000e+06 3.650175000000000000e+06 7.290078000000000000e+06 1.868086100000000000e+07 2.319211700000000000e+07
5.403000000000000000e+03 2.333000000000000000e+03 3.210000000000000000e+03 2.557000000000000000e+03 3.498000000000000000e+03 1.135300000000000000e+04 1.367700000000000000e+04 2.853300000000000000e+04 4.556600000000000000e+04 4.568300000000000000e+04 7.245600000000000000e+04 1.412200000000000000e+05 1.635710000000000000e+05 3.145840000000000000e+05 7.779490000000000000e+05 1.064081000000000000e+06 2.001529000000000000e+06 5.325754000000000000e+06 7.122559000000000000e+06
1.157000000000000000e+03 5.570000000000000000e+02 6.340000000000000000e+02 3.450000000000000000e+02 4.750000000000000000e+02 1.289000000000000000e+03 2.767000000000000000e+03 4.309000000000000000e+03 8.696000000000000000e+03 8.371000000000000000e+03 8.554000000000000000e+03 1.795600000000000000e+04 2.898200000000000000e+04 3.483100000000000000e+04 8.847900000000000000e+04 1.090010000000000000e+05 2.299230000000000000e+05 6.063690000000000000e+05 8.221480000000000000e+05
4.835000000000000000e+03 2.729000000000000000e+03 4.042000000000000000e+03 4.421000000000000000e+03 5.942000000000000000e+03 1.533300000000000000e+04 2.210500000000000000e+04 3.739400000000000000e+04 7.673700000000000000e+04 8.907700000000000000e+04 1.276340000000000000e+05 2.804180000000000000e+05 3.654960000000000000e+05 7.439660000000000000e+05 2.051177000000000000e+06 2.993521000000000000e+06 6.183336000000000000e+06 1.489181000000000000e+07 1.929763500000000000e+07
8.694000000000000000e+03 4.259000000000000000e+03 5.275000000000000000e+03 4.357000000000000000e+03 5.923000000000000000e+03 1.608900000000000000e+04 2.200900000000000000e+04 4.308600000000000000e+04 8.249600000000000000e+04 1.027520000000000000e+05 1.512670000000000000e+05 2.913020000000000000e+05 4.222490000000000000e+05 8.079390000000000000e+05 2.288759000000000000e+06 3.456638000000000000e+06 6.792726000000000000e+06 1.672055700000000000e+07 2.137224600000000000e+07
