# {'chrom': '5', 'window_id': '5', 'statistic': 'H2', 'bounds': [89000000, 108000000], 'span': 19000000, 'n_sites': 12129147, 'coverage': 63.84, 'right_discontinuous': False, 'rows': "{0: 'Altai', 1: 'Chagyrskaya', 2: 'Denisova', 3: 'French-1', 4: 'Han-1', 5: 'Khomani_San-2', 6: 'Papuan-2', 7: 'Vindija', 8: 'Yoruba-1', 9: 'Yoruba-3'}"}
7.100000000000000000e+01 5.500000000000000000e+01 1.570000000000000000e+02 2.080000000000000000e+02 3.150000000000000000e+02 8.800000000000000000e+02 1.323000000000000000e+03 2.175000000000000000e+03 4.314000000000000000e+03 6.044000000000000000e+03 9.685000000000000000e+03 1.573300000000000000e+04 1.827300000000000000e+04 1.883600000000000000e+04 7.076100000000000000e+04 1.214210000000000000e+05 2.130370000000000000e+05 3.358440000000000000e+05 1.287790000000000000e+05
8.600000000000000000e+01 9.000000000000000000e+01 2.270000000000000000e+02 3.330000000000000000e+02 4.240000000000000000e+02 1.022000000000000000e+03 1.378000000000000000e+03 2.237000000000000000e+03 5.074000000000000000e+03 5.947000000000000000e+03 9.029000000000000000e+03 1.660500000000000000e+04 1.673500000000000000e+04 2.508300000000000000e+04 7.274900000000000000e+04 1.001910000000000000e+05 1.631120000000000000e+05 5.711190000000000000e+05 8.913620000000000000e+05
2.390000000000000000e+02 1.910000000000000000e+02 3.500000000000000000e+02 3.320000000000000000e+02 3.720000000000000000e+02 7.770000000000000000e+02 1.464000000000000000e+03 2.123000000000000000e+03 4.952000000000000000e+03 6.091000000000000000e+03 9.051000000000000000e+03 1.884500000000000000e+04 2.287500000000000000e+04 4.521100000000000000e+04 9.608300000000000000e+04 2.005880000000000000e+05 3.492570000000000000e+05 1.028050000000000000e+06 1.378403000000000000e+06
5.377000000000000000e+03 1.947000000000000000e+03 3.344000000000000000e+03 3.035000000000000000e+03 3.811000000000000000e+03 9.250000000000000000e+03 1.450100000000000000e+04 2.421600000000000000e+04 6.159200000000000000e+04 6.308900000000000000e+04 8.931600000000000000e+04 2.464970000000000000e+05 2.676740000000000000e+05 4.947520000000000000e+05 1.413538000000000000e+06 2.201124000000000000e+06 3.769094000000000000e+06 1.482642500000000000e+07 2.632827100000000000e+07
2.163000000000000000e+03 1.487000000000000000e+03 2.437000000000000000e+03 2.344000000000000000e+03 3.125000000000000000e+03 7.132000000000000000e+03 1.170100000000000000e+04 1.926700000000000000e+04 4.435000000000000000e+04 5.290500000000000000e+04 7.108200000000000000e+04 1.649580000000000000e+05 1.786330000000000000e+05 2.582110000000000000e+05 7.237350000000000000e+05 1.382576000000000000e+06 2.441441000000000000e+06 8.803054000000000000e+06 1.519436700000000000e+07
9.414000000000000000e+03 3.045000000000000000e+03 4.914000000000000000e+03 5.421000000000000000e+03 7.781000000000000000e+03 1.906500000000000000e+04 2.919200000000000000e+04 4.858100000000000000e+04 1.173600000000000000e+05 1.306720000000000000e+05 2.073240000000000000e+05 4.917130000000000000e+05 6.645720000000000000e+05 1.216479000000000000e+06 3.771188000000000000e+06 5.479173000000000000e+06 1.071483700000000000e+07 3.362272000000000000e+07 5.620139400000000000e+07
1.509000000000000000e+03 1.334000000000000000e+03 2.765000000000000000e+03 2.831000000000000000e+03 3.710000000000000000e+03 7.930000000000000000e+03 1.128900000000000000e+04 2.090100000000000000e+04 4.391200000000000000e+04 5.584900000000000000e+04 7.383400000000000000e+04 1.638440000000000000e+05 1.999930000000000000e+05 4.257180000000000000e+05 1.003652000000000000e+06 1.662079000000000000e+06 3.061702000000000000e+06 8.874624000000000000e+06 2.020903700000000000e+07
1.077000000000000000e+03 7.780000000000000000e+02 1.357000000000000000e+03 1.042000000000000000e+03 1.189000000000000000e+03 2.468000000000000000e+03 4.486000000000000000e+03 7.662000000000000000e+03 1.939100000000000000e+04 1.962200000000000000e+04 1.957600000000000000e+04 4.050500000000000000e+04 4.822900000000000000e+04 6.780400000000000000e+04 1.198860000000000000e+05 2.724610000000000000e+05 3.189370000000000000e+05 1.058441000000000000e+06 1.040758000000000000e+06
6.389000000000000000e+03 2.730000000000000000e+03 4.766000000000000000e+03 4.878000000000000000e+03 7.044000000000000000e+03 1.681400000000000000e+04 2.638900000000000000e+04 4.094000000000000000e+04 9.355300000000000000e+04 1.062420000000000000e+05 1.817890000000000000e+05 4.128820000000000000e+05 5.272460000000000000e+05 8.861320000000000000e+05 2.894469000000000000e+06 4.555704000000000000e+06 8.299784000000000000e+06 2.829372900000000000e+07 4.969150700000000000e+07
3.059000000000000000e+03 2.311000000000000000e+03 4.014000000000000000e+03 4.199000000000000000e+03 5.899000000000000000e+03 1.345300000000000000e+04 2.077200000000000000e+04 3.464800000000000000e+04 7.635700000000000000e+04 9.028800000000000000e+04 1.422910000000000000e+05 3.392140000000000000e+05 4.289740000000000000e+05 6.811410000000000000e+05 2.311896000000000000e+06 3.574513000000000000e+06 5.637231000000000000e+06 2.157510500000000000e+07 4.009592600000000000e+07
