# {'chrom': '5', 'window_id': '4', 'statistic': 'H2', 'bounds': [70000000, 89000000], 'span': 19000000, 'n_sites': 11606750, 'coverage': 61.09, 'right_discontinuous': False, 'rows': "{0: 'Altai', 1: 'Chagyrskaya', 2: 'Denisova', 3: 'French-1', 4: 'Han-1', 5: 'Khomani_San-2', 6: 'Papuan-2', 7: 'Vindija', 8: 'Yoruba-1', 9: 'Yoruba-3'}"}
9.600000000000000000e+01 1.040000000000000000e+02 2.820000000000000000e+02 3.810000000000000000e+02 6.990000000000000000e+02 1.551000000000000000e+03 1.665000000000000000e+03 3.068000000000000000e+03 5.661000000000000000e+03 5.453000000000000000e+03 6.558000000000000000e+03 1.375800000000000000e+04 1.307700000000000000e+04 1.782100000000000000e+04 5.598500000000000000e+04 7.088000000000000000e+04 2.093510000000000000e+05 6.729160000000000000e+05 1.173155000000000000e+06
1.580000000000000000e+02 1.610000000000000000e+02 3.330000000000000000e+02 2.680000000000000000e+02 4.450000000000000000e+02 1.432000000000000000e+03 2.204000000000000000e+03 3.755000000000000000e+03 7.973000000000000000e+03 9.338000000000000000e+03 1.341900000000000000e+04 1.563200000000000000e+04 1.556500000000000000e+04 3.323700000000000000e+04 6.246600000000000000e+04 1.488610000000000000e+05 2.416660000000000000e+05 7.604540000000000000e+05 1.037122000000000000e+06
1.990000000000000000e+02 1.460000000000000000e+02 2.810000000000000000e+02 2.990000000000000000e+02 4.310000000000000000e+02 1.047000000000000000e+03 1.359000000000000000e+03 2.157000000000000000e+03 5.902000000000000000e+03 5.940000000000000000e+03 7.818000000000000000e+03 1.615300000000000000e+04 1.882100000000000000e+04 3.092200000000000000e+04 8.046500000000000000e+04 1.238370000000000000e+05 2.089430000000000000e+05 7.181590000000000000e+05 1.678765000000000000e+06
4.159000000000000000e+03 1.523000000000000000e+03 2.520000000000000000e+03 2.548000000000000000e+03 3.690000000000000000e+03 9.789000000000000000e+03 1.502700000000000000e+04 2.544200000000000000e+04 5.494200000000000000e+04 6.658400000000000000e+04 7.689200000000000000e+04 1.512770000000000000e+05 1.825160000000000000e+05 3.298270000000000000e+05 8.250280000000000000e+05 1.449558000000000000e+06 2.977479000000000000e+06 1.023856200000000000e+07 2.196061600000000000e+07
2.819000000000000000e+03 1.079000000000000000e+03 1.814000000000000000e+03 2.039000000000000000e+03 3.108000000000000000e+03 7.767000000000000000e+03 1.196200000000000000e+04 1.888000000000000000e+04 4.690800000000000000e+04 4.583000000000000000e+04 6.108300000000000000e+04 1.082760000000000000e+05 1.223310000000000000e+05 2.548590000000000000e+05 5.923960000000000000e+05 8.964140000000000000e+05 2.007670000000000000e+06 6.688740000000000000e+06 1.505982000000000000e+07
3.514000000000000000e+03 2.211000000000000000e+03 3.603000000000000000e+03 3.548000000000000000e+03 5.379000000000000000e+03 1.309700000000000000e+04 2.018500000000000000e+04 3.253100000000000000e+04 6.830700000000000000e+04 8.668700000000000000e+04 1.282850000000000000e+05 2.513870000000000000e+05 3.301150000000000000e+05 6.054240000000000000e+05 1.830754000000000000e+06 2.887946000000000000e+06 5.397571000000000000e+06 1.765294300000000000e+07 4.349513300000000000e+07
2.455000000000000000e+03 1.045000000000000000e+03 1.429000000000000000e+03 1.096000000000000000e+03 1.757000000000000000e+03 5.057000000000000000e+03 9.309000000000000000e+03 1.459600000000000000e+04 2.811800000000000000e+04 3.668000000000000000e+04 3.948200000000000000e+04 7.118900000000000000e+04 8.954800000000000000e+04 1.024210000000000000e+05 3.793130000000000000e+05 5.485880000000000000e+05 1.495894000000000000e+06 4.226334000000000000e+06 7.283011000000000000e+06
2.120000000000000000e+02 1.790000000000000000e+02 3.750000000000000000e+02 3.030000000000000000e+02 3.900000000000000000e+02 1.325000000000000000e+03 1.952000000000000000e+03 3.377000000000000000e+03 7.072000000000000000e+03 9.112000000000000000e+03 1.226700000000000000e+04 1.225200000000000000e+04 1.449900000000000000e+04 2.035300000000000000e+04 5.476500000000000000e+04 1.264240000000000000e+05 2.052860000000000000e+05 7.603020000000000000e+05 1.925009000000000000e+06
3.895000000000000000e+03 2.236000000000000000e+03 4.008000000000000000e+03 4.232000000000000000e+03 6.203000000000000000e+03 1.538800000000000000e+04 2.344900000000000000e+04 3.604100000000000000e+04 7.777700000000000000e+04 9.981700000000000000e+04 1.432520000000000000e+05 2.787660000000000000e+05 4.033280000000000000e+05 7.145630000000000000e+05 1.781704000000000000e+06 3.091166000000000000e+06 6.553429000000000000e+06 2.021701200000000000e+07 4.404607300000000000e+07
4.594000000000000000e+03 2.178000000000000000e+03 3.539000000000000000e+03 3.594000000000000000e+03 5.436000000000000000e+03 1.403500000000000000e+04 2.242600000000000000e+04 3.411500000000000000e+04 7.371900000000000000e+04 8.648600000000000000e+04 1.219420000000000000e+05 2.260260000000000000e+05 3.014710000000000000e+05 5.370760000000000000e+05 1.415918000000000000e+06 2.527601000000000000e+06 5.498018000000000000e+06 1.788659000000000000e+07 3.711275800000000000e+07
