# {'chrom': '5', 'window_id': '8', 'statistic': 'H2', 'bounds': [145000000, 163000000], 'span': 18000000, 'n_sites': 11857043, 'coverage': 65.87, 'right_discontinuous': False, 'rows': "{0: 'Altai', 1: 'Chagyrskaya', 2: 'Denisova', 3: 'French-1', 4: 'Han-1', 5: 'Khomani_San-2', 6: 'Papuan-2', 7: 'Vindija', 8: 'Yoruba-1', 9: 'Yoruba-3'}"}
2.240000000000000000e+02 1.450000000000000000e+02 3.760000000000000000e+02 4.590000000000000000e+02 7.460000000000000000e+02 1.693000000000000000e+03 2.496000000000000000e+03 4.140000000000000000e+03 7.256000000000000000e+03 7.223000000000000000e+03 8.840000000000000000e+03 1.873900000000000000e+04 1.958300000000000000e+04 3.093100000000000000e+04 7.582700000000000000e+04 1.497210000000000000e+05 3.016320000000000000e+05 7.203550000000000000e+05 1.350906000000000000e+06
3.400000000000000000e+01 2.500000000000000000e+01 5.800000000000000000e+01 1.220000000000000000e+02 1.830000000000000000e+02 4.960000000000000000e+02 6.960000000000000000e+02 1.114000000000000000e+03 2.301000000000000000e+03 1.901000000000000000e+03 1.928000000000000000e+03 3.994000000000000000e+03 5.467000000000000000e+03 9.800000000000000000e+03 2.857000000000000000e+04 4.320500000000000000e+04 7.891400000000000000e+04 2.500260000000000000e+05 4.396530000000000000e+05
7.590000000000000000e+02 1.710000000000000000e+02 5.120000000000000000e+02 5.710000000000000000e+02 9.600000000000000000e+02 2.232000000000000000e+03 2.726000000000000000e+03 5.226000000000000000e+03 1.071600000000000000e+04 1.086400000000000000e+04 9.677000000000000000e+03 2.341500000000000000e+04 3.035200000000000000e+04 5.591600000000000000e+04 1.132410000000000000e+05 1.581460000000000000e+05 4.463420000000000000e+05 1.365443000000000000e+06 2.569704000000000000e+06
4.816000000000000000e+03 2.516000000000000000e+03 4.267000000000000000e+03 4.133000000000000000e+03 5.364000000000000000e+03 1.265400000000000000e+04 1.916600000000000000e+04 2.908900000000000000e+04 6.588700000000000000e+04 7.824000000000000000e+04 1.181920000000000000e+05 2.482480000000000000e+05 2.413310000000000000e+05 5.333490000000000000e+05 1.482492000000000000e+06 1.948303000000000000e+06 3.777461000000000000e+06 1.138706000000000000e+07 2.045273800000000000e+07
5.926000000000000000e+03 3.468000000000000000e+03 3.909000000000000000e+03 2.935000000000000000e+03 4.709000000000000000e+03 1.204400000000000000e+04 1.640600000000000000e+04 2.623200000000000000e+04 4.891000000000000000e+04 5.391300000000000000e+04 7.447900000000000000e+04 1.420600000000000000e+05 1.705480000000000000e+05 3.016850000000000000e+05 7.967670000000000000e+05 1.499660000000000000e+06 2.936497000000000000e+06 7.808611000000000000e+06 1.438421700000000000e+07
6.587000000000000000e+03 3.945000000000000000e+03 6.085000000000000000e+03 5.075000000000000000e+03 7.478000000000000000e+03 1.981400000000000000e+04 2.826000000000000000e+04 4.359300000000000000e+04 9.307000000000000000e+04 1.106770000000000000e+05 1.621320000000000000e+05 3.608570000000000000e+05 4.738840000000000000e+05 9.498160000000000000e+05 2.501752000000000000e+06 4.556997000000000000e+06 8.654969000000000000e+06 2.689202300000000000e+07 4.526003600000000000e+07
2.051000000000000000e+03 1.266000000000000000e+03 1.883000000000000000e+03 1.316000000000000000e+03 1.642000000000000000e+03 4.591000000000000000e+03 7.860000000000000000e+03 1.219800000000000000e+04 2.311200000000000000e+04 3.094400000000000000e+04 4.197600000000000000e+04 8.163100000000000000e+04 8.926600000000000000e+04 1.291940000000000000e+05 3.761120000000000000e+05 7.082100000000000000e+05 1.251965000000000000e+06 2.960220000000000000e+06 2.930180000000000000e+06
1.040000000000000000e+02 9.900000000000000000e+01 2.030000000000000000e+02 2.250000000000000000e+02 3.390000000000000000e+02 8.260000000000000000e+02 1.279000000000000000e+03 2.387000000000000000e+03 3.936000000000000000e+03 4.389000000000000000e+03 6.713000000000000000e+03 1.050800000000000000e+04 1.083800000000000000e+04 2.135500000000000000e+04 4.973700000000000000e+04 7.778400000000000000e+04 1.658230000000000000e+05 5.733940000000000000e+05 8.299200000000000000e+05
6.923000000000000000e+03 3.555000000000000000e+03 5.153000000000000000e+03 4.290000000000000000e+03 6.542000000000000000e+03 1.583200000000000000e+04 2.247500000000000000e+04 3.762900000000000000e+04 7.140500000000000000e+04 8.589200000000000000e+04 1.313440000000000000e+05 2.954020000000000000e+05 3.776180000000000000e+05 7.171600000000000000e+05 2.059494000000000000e+06 3.216733000000000000e+06 6.337697000000000000e+06 1.913550100000000000e+07 3.304156800000000000e+07
5.276000000000000000e+03 2.940000000000000000e+03 3.700000000000000000e+03 3.716000000000000000e+03 5.456000000000000000e+03 1.445400000000000000e+04 2.133800000000000000e+04 3.324600000000000000e+04 6.819300000000000000e+04 7.858300000000000000e+04 1.125690000000000000e+05 2.316460000000000000e+05 3.165170000000000000e+05 6.221730000000000000e+05 1.852587000000000000e+06 3.084075000000000000e+06 6.058743000000000000e+06 1.957838000000000000e+07 3.339981700000000000e+07
