# {'chrom': '5', 'window_id': '7', 'statistic': 'H2', 'bounds': [127000000, 145000000], 'span': 18000000, 'n_sites': 11419855, 'coverage': 63.44, 'right_discontinuous': False, 'rows': "{0: 'Altai', 1: 'Chagyrskaya', 2: 'Denisova', 3: 'French-1', 4: 'Han-1', 5: 'Khomani_San-2', 6: 'Papuan-2', 7: 'Vindija', 8: 'Yoruba-1', 9: 'Yoruba-3'}"}
2.170000000000000000e+02 1.560000000000000000e+02 3.300000000000000000e+02 4.110000000000000000e+02 6.290000000000000000e+02 1.390000000000000000e+03 2.183000000000000000e+03 3.679000000000000000e+03 6.327000000000000000e+03 6.727000000000000000e+03 8.374000000000000000e+03 2.014100000000000000e+04 2.846200000000000000e+04 3.777300000000000000e+04 9.254500000000000000e+04 1.150560000000000000e+05 2.282750000000000000e+05 4.948550000000000000e+05 8.679710000000000000e+05
1.976000000000000000e+03 2.420000000000000000e+02 3.240000000000000000e+02 4.020000000000000000e+02 5.320000000000000000e+02 3.398000000000000000e+03 2.001000000000000000e+03 4.205000000000000000e+03 6.900000000000000000e+03 7.721000000000000000e+03 1.347500000000000000e+04 3.160000000000000000e+04 2.575700000000000000e+04 2.493700000000000000e+04 6.639400000000000000e+04 1.706690000000000000e+05 2.126640000000000000e+05 5.574710000000000000e+05 1.829090000000000000e+05
3.030000000000000000e+02 2.140000000000000000e+02 4.600000000000000000e+02 5.330000000000000000e+02 5.450000000000000000e+02 1.450000000000000000e+03 2.062000000000000000e+03 3.569000000000000000e+03 7.185000000000000000e+03 8.203000000000000000e+03 1.389900000000000000e+04 3.941100000000000000e+04 4.117400000000000000e+04 4.265100000000000000e+04 1.361520000000000000e+05 1.704880000000000000e+05 2.677810000000000000e+05 9.883490000000000000e+05 1.772439000000000000e+06
4.038000000000000000e+03 1.392000000000000000e+03 2.420000000000000000e+03 2.443000000000000000e+03 3.391000000000000000e+03 7.322000000000000000e+03 1.123900000000000000e+04 1.941900000000000000e+04 4.440200000000000000e+04 4.369600000000000000e+04 6.556200000000000000e+04 1.394210000000000000e+05 1.454560000000000000e+05 3.021520000000000000e+05 8.506040000000000000e+05 9.421010000000000000e+05 1.720347000000000000e+06 6.310557000000000000e+06 1.184331400000000000e+07
3.945000000000000000e+03 1.325000000000000000e+03 2.572000000000000000e+03 2.656000000000000000e+03 3.774000000000000000e+03 1.021300000000000000e+04 1.262100000000000000e+04 2.449100000000000000e+04 4.821900000000000000e+04 5.522400000000000000e+04 7.551000000000000000e+04 1.868270000000000000e+05 2.450500000000000000e+05 3.815110000000000000e+05 9.971670000000000000e+05 1.546056000000000000e+06 2.491927000000000000e+06 8.041217000000000000e+06 1.379084900000000000e+07
6.165000000000000000e+03 3.104000000000000000e+03 4.247000000000000000e+03 3.975000000000000000e+03 5.538000000000000000e+03 1.415600000000000000e+04 2.202200000000000000e+04 3.539500000000000000e+04 6.889900000000000000e+04 7.975500000000000000e+04 1.202310000000000000e+05 3.077620000000000000e+05 4.145730000000000000e+05 6.970090000000000000e+05 2.177938000000000000e+06 3.081414000000000000e+06 5.906534000000000000e+06 1.569783300000000000e+07 2.764835100000000000e+07
8.210000000000000000e+02 6.450000000000000000e+02 1.237000000000000000e+03 1.364000000000000000e+03 1.876000000000000000e+03 4.364000000000000000e+03 7.021000000000000000e+03 1.156500000000000000e+04 2.491500000000000000e+04 2.646600000000000000e+04 3.114700000000000000e+04 7.125400000000000000e+04 9.525600000000000000e+04 1.406570000000000000e+05 4.331290000000000000e+05 5.991610000000000000e+05 1.035105000000000000e+06 3.712690000000000000e+06 7.147021000000000000e+06
3.900000000000000000e+01 2.600000000000000000e+01 9.400000000000000000e+01 9.900000000000000000e+01 1.640000000000000000e+02 4.260000000000000000e+02 5.150000000000000000e+02 8.340000000000000000e+02 1.508000000000000000e+03 1.693000000000000000e+03 1.902000000000000000e+03 5.565000000000000000e+03 7.319000000000000000e+03 8.736000000000000000e+03 3.134200000000000000e+04 3.016200000000000000e+04 5.397900000000000000e+04 8.216500000000000000e+04 1.294040000000000000e+05
6.450000000000000000e+03 3.429000000000000000e+03 4.947000000000000000e+03 3.980000000000000000e+03 5.270000000000000000e+03 1.319500000000000000e+04 1.968600000000000000e+04 3.303600000000000000e+04 7.493200000000000000e+04 8.151600000000000000e+04 1.169330000000000000e+05 2.913240000000000000e+05 4.543560000000000000e+05 7.387410000000000000e+05 1.976646000000000000e+06 2.782427000000000000e+06 4.718077000000000000e+06 1.324302100000000000e+07 2.463421300000000000e+07
7.666000000000000000e+03 2.256000000000000000e+03 3.890000000000000000e+03 3.864000000000000000e+03 5.717000000000000000e+03 1.475600000000000000e+04 1.905300000000000000e+04 3.395000000000000000e+04 7.037800000000000000e+04 7.419100000000000000e+04 9.063900000000000000e+04 2.466630000000000000e+05 3.821280000000000000e+05 6.055970000000000000e+05 1.776138000000000000e+06 2.626415000000000000e+06 4.610155000000000000e+06 1.290843800000000000e+07 2.265792500000000000e+07
