# {'chrom': '5', 'window_id': '1', 'statistic': 'H2', 'bounds': [15000000, 31000000], 'span': 16000000, 'n_sites': 9543890, 'coverage': 59.65, 'right_discontinuous': False, 'rows': "{0: 'Altai', 1: 'Chagyrskaya', 2: 'Denisova', 3: 'French-1', 4: 'Han-1', 5: 'Khomani_San-2', 6: 'Papuan-2', 7: 'Vindija', 8: 'Yoruba-1', 9: 'Yoruba-3'}"}
2.190000000000000000e+03 1.565000000000000000e+03 2.360000000000000000e+03 2.385000000000000000e+03 2.925000000000000000e+03 7.729000000000000000e+03 1.007000000000000000e+04 1.557500000000000000e+04 2.653200000000000000e+04 4.376900000000000000e+04 4.202000000000000000e+04 6.886300000000000000e+04 3.611200000000000000e+04 9.830000000000000000e+04 1.861330000000000000e+05 2.745130000000000000e+05 3.364990000000000000e+05 1.088908000000000000e+06 1.865004000000000000e+06
4.710000000000000000e+02 2.950000000000000000e+02 3.740000000000000000e+02 4.930000000000000000e+02 6.040000000000000000e+02 1.517000000000000000e+03 2.690000000000000000e+03 4.559000000000000000e+03 8.958000000000000000e+03 8.916000000000000000e+03 1.046400000000000000e+04 1.709300000000000000e+04 1.603800000000000000e+04 2.109200000000000000e+04 4.849300000000000000e+04 1.196100000000000000e+05 2.252050000000000000e+05 3.288550000000000000e+05 6.814110000000000000e+05
1.760000000000000000e+02 1.250000000000000000e+02 2.820000000000000000e+02 2.260000000000000000e+02 3.240000000000000000e+02 8.950000000000000000e+02 1.447000000000000000e+03 1.811000000000000000e+03 4.204000000000000000e+03 4.600000000000000000e+03 5.685000000000000000e+03 9.412000000000000000e+03 1.011700000000000000e+04 1.796600000000000000e+04 5.456600000000000000e+04 9.093900000000000000e+04 1.540710000000000000e+05 4.175860000000000000e+05 9.031240000000000000e+05
5.936000000000000000e+03 3.024000000000000000e+03 3.485000000000000000e+03 3.294000000000000000e+03 4.221000000000000000e+03 1.076800000000000000e+04 1.800900000000000000e+04 2.911900000000000000e+04 6.083900000000000000e+04 6.161300000000000000e+04 8.227500000000000000e+04 1.895140000000000000e+05 2.077410000000000000e+05 4.241980000000000000e+05 1.180316000000000000e+06 2.020885000000000000e+06 3.862663000000000000e+06 1.015237900000000000e+07 1.690167300000000000e+07
4.812000000000000000e+03 2.098000000000000000e+03 2.967000000000000000e+03 3.006000000000000000e+03 3.771000000000000000e+03 1.063400000000000000e+04 1.697100000000000000e+04 2.698300000000000000e+04 6.291400000000000000e+04 6.690500000000000000e+04 1.007240000000000000e+05 1.934890000000000000e+05 2.706580000000000000e+05 3.975970000000000000e+05 9.541640000000000000e+05 1.967832000000000000e+06 3.989540000000000000e+06 1.093444700000000000e+07 1.528656200000000000e+07
5.060000000000000000e+03 3.002000000000000000e+03 4.782000000000000000e+03 4.564000000000000000e+03 7.004000000000000000e+03 1.680000000000000000e+04 2.587600000000000000e+04 4.289700000000000000e+04 9.140400000000000000e+04 1.111590000000000000e+05 1.547990000000000000e+05 3.402920000000000000e+05 4.081840000000000000e+05 8.788460000000000000e+05 2.487321000000000000e+06 4.226738000000000000e+06 7.939906000000000000e+06 2.161282300000000000e+07 3.603639000000000000e+07
5.838000000000000000e+03 1.886000000000000000e+03 2.922000000000000000e+03 3.267000000000000000e+03 3.556000000000000000e+03 9.663000000000000000e+03 1.286600000000000000e+04 2.396600000000000000e+04 4.971600000000000000e+04 5.620500000000000000e+04 8.412800000000000000e+04 1.386310000000000000e+05 2.090230000000000000e+05 2.655750000000000000e+05 7.858840000000000000e+05 1.373049000000000000e+06 2.323008000000000000e+06 7.565414000000000000e+06 1.092741700000000000e+07
2.220000000000000000e+02 1.770000000000000000e+02 3.500000000000000000e+02 4.700000000000000000e+02 7.880000000000000000e+02 1.983000000000000000e+03 2.090000000000000000e+03 4.062000000000000000e+03 8.496000000000000000e+03 1.068100000000000000e+04 1.795100000000000000e+04 3.039700000000000000e+04 2.348700000000000000e+04 1.650400000000000000e+04 5.303800000000000000e+04 6.973200000000000000e+04 9.297000000000000000e+04 3.598020000000000000e+05 6.885070000000000000e+05
4.997000000000000000e+03 2.554000000000000000e+03 3.859000000000000000e+03 3.886000000000000000e+03 5.233000000000000000e+03 1.321100000000000000e+04 2.042300000000000000e+04 3.289400000000000000e+04 6.758300000000000000e+04 7.373300000000000000e+04 9.527400000000000000e+04 2.202020000000000000e+05 2.856060000000000000e+05 5.763320000000000000e+05 1.551605000000000000e+06 2.778472000000000000e+06 5.510097000000000000e+06 1.555164300000000000e+07 2.531464300000000000e+07
6.778000000000000000e+03 3.888000000000000000e+03 6.134000000000000000e+03 6.472000000000000000e+03 8.150000000000000000e+03 2.148600000000000000e+04 3.106200000000000000e+04 4.959900000000000000e+04 1.074170000000000000e+05 1.386340000000000000e+05 1.847590000000000000e+05 3.325030000000000000e+05 4.297580000000000000e+05 8.491010000000000000e+05 2.152086000000000000e+06 4.257168000000000000e+06 7.991621000000000000e+06 2.258667900000000000e+07 3.381294800000000000e+07
