# 'name' : 'rogers_a02_b02_d05_g03'
# 'source' : 'rogers_a02_b02_d05_g03.yaml'
# 'sample_pops' : ['X', 'Y', 'D', 'N']
# 'sample_size' : 1
# 'n_reps' : 100
# 'n_windows' : 200
# 'seq_length' : 100000000.0
# 'window_length' : 500000.0
# 'recomb_rate' : 1e-08
# 'mut_rate' : 1e-08
# 'created' : None
2.303778385781358388e-04 1.543139982838663494e-04 9.255954987532225096e-04 7.638267362989026006e-04
2.293792124025624849e-04 1.432036498840905570e-04 9.226752095919383938e-04 7.744423495198942244e-04
2.229885356272676101e-04 1.516499935916265748e-04 9.217019905885790766e-04 7.579768501202186273e-04
2.254849189609378613e-04 1.583304133442487588e-04 9.216275968155014826e-04 7.255114193119026637e-04
2.076934147914121875e-04 1.547649636390247745e-04 9.220793319608959655e-04 7.596743836346944376e-04
2.194624365728344365e-04 1.540771264096471495e-04 9.198606421064710673e-04 7.559007658346718252e-04
2.182123639849313512e-04 1.487113105430075887e-04 9.245707730113921939e-04 7.461970696816861868e-04
2.158156241089541935e-04 1.546088154604567362e-04 9.205878274997488994e-04 7.409251884570680104e-04
2.206923198857794663e-04 1.597879557812506600e-04 9.238221342205528907e-04 7.669095359813200624e-04
2.149987088369899357e-04 1.565723939338296801e-04 9.153578528486936827e-04 7.659238435166139305e-04
2.211776588238664471e-04 1.538912879400909542e-04 9.312081069845597669e-04 7.905192574880357198e-04
2.185493985613355032e-04 1.519905965273902690e-04 9.276097808056055303e-04 7.715975758427424730e-04
2.221121022539072768e-04 1.614177253924123324e-04 9.306458118967970983e-04 7.664745871150058709e-04
2.205836253970330687e-04 1.593789448574107408e-04 9.257127966722061537e-04 7.730953836755782979e-04
2.260640903209980995e-04 1.528672282248880968e-04 9.119813594005268852e-04 7.713599612999539170e-04
2.177611942742078499e-04 1.475783448174821462e-04 9.221230470963089022e-04 7.698591994363722726e-04
2.254346148319167123e-04 1.525132361674601353e-04 9.103727028378157289e-04 7.528329458986132792e-04
2.164352454211508603e-04 1.448334526146732263e-04 9.094817607142733273e-04 7.730540603033557489e-04
2.119781337037172691e-04 1.601774472356149240e-04 9.319398980315351036e-04 7.528712737208047116e-04
2.268966252555255003e-04 1.493059104448441843e-04 9.258999745333161254e-04 7.367551080476101005e-04
2.287800683242884622e-04 1.529338965634055288e-04 9.212396634414197691e-04 7.699273321569455059e-04
2.182995496058897213e-04 1.598910376081931755e-04 9.122146759254449056e-04 7.631449334377337886e-04
2.135089142774435783e-04 1.581445005607950256e-04 9.241995482806625219e-04 7.615750875594656582e-04
2.106351457560454220e-04 1.559099536151873321e-04 9.226307577324899473e-04 7.811583636922663030e-04
2.097805687864007511e-04 1.511429864160442483e-04 9.399265486517723424e-04 7.911931697888381935e-04
2.264494305022091169e-04 1.564630759944416925e-04 9.058210692849522462e-04 7.748662855931790199e-04
2.280459357671401157e-04 1.529545121530666600e-04 9.291804166708102046e-04 7.713771168519001830e-04
2.226927458406425847e-04 1.575212874474322966e-04 9.141840042472884620e-04 7.667889157573010627e-04
2.157488265410591828e-04 1.576640018659519868e-04 9.275160121059538004e-04 7.633326607624730869e-04
2.330871765625432720e-04 1.604627436025961068e-04 9.219905412194436380e-04 7.622264437985537501e-04
2.360121993354661457e-04 1.516951043137074423e-04 9.267617697448095717e-04 7.713650122440040809e-04
2.171158604214987631e-04 1.589516448635893428e-04 9.249319393921720533e-04 7.678998826310902328e-04
2.230096501986918763e-04 1.625007029221304340e-04 9.189342402430442569e-04 7.511008872761262573e-04
2.194479397148506403e-04 1.482682584664865870e-04 9.091944698281178129e-04 7.696816948756803577e-04
2.165065827135732933e-04 1.634896226267438428e-04 9.363029035704431525e-04 7.718070394447975853e-04
2.377379816441109049e-04 1.569726402647335795e-04 9.227679115645706902e-04 7.638510639048006834e-04
2.123635401209655307e-04 1.560881509898157029e-04 9.183761893504466083e-04 7.622585599744863012e-04
2.229325969004269936e-04 1.467601091008652618e-04 9.110081077846849751e-04 7.500389707656761416e-04
2.145839809914141475e-04 1.629653820040258738e-04 9.244204450366257314e-04 7.752218620602929246e-04
2.161140068048281561e-04 1.581461041361242165e-04 9.220641203073814615e-04 7.446845559445432368e-04
2.281643514765908801e-04 1.582970723495214535e-04 9.278957942857421915e-04 7.489261415569399083e-04
2.328906752375914824e-04 1.521581356881683317e-04 9.022483210130553561e-04 7.796761819512901693e-04
2.300172845689971949e-04 1.631540337100757907e-04 9.278952340948365927e-04 7.653752303393671508e-04
2.194999685502312895e-04 1.533847900356070644e-04 9.224697119201392482e-04 7.835534260944749000e-04
2.164439282167184139e-04 1.492735543978747814e-04 9.286074157830370365e-04 7.851539224187942560e-04
2.186699124854905993e-04 1.621789247590307902e-04 9.011918985526838361e-04 7.518151985353671530e-04
2.050632072720254284e-04 1.681737463434843061e-04 9.245919820430486581e-04 7.446445143145506186e-04
2.163228114310317076e-04 1.573560424661747713e-04 9.160110366054212720e-04 7.672030203396681481e-04
2.216357470852027849e-04 1.644988977431104376e-04 9.353428498868284792e-04 7.716957471608126883e-04
2.129560449136154822e-04 1.555060224807005404e-04 9.006369904306401860e-04 7.480575729122562615e-04
2.127309368906926625e-04 1.522785123722066958e-04 9.251315842585676767e-04 7.637506230849637218e-04
2.191291939456938779e-04 1.621797379103145920e-04 9.231040471624694628e-04 7.483502569918666462e-04
2.255736351335665523e-04 1.592395202304327725e-04 9.225902200902377434e-04 7.747528497125021540e-04
2.187178864452432180e-04 1.678963837929781176e-04 9.040257931226589440e-04 7.780483654980113479e-04
2.085357502959720344e-04 1.629523147152337533e-04 9.171226797428339928e-04 7.695687971498405911e-04
2.209889416440167273e-04 1.517096705592786297e-04 9.312166946716616753e-04 7.777497420835911878e-04
2.178566044190666587e-04 1.527244796364292574e-04 9.121400140150031114e-04 7.697344826606450667e-04
2.301609713106314862e-04 1.504055832332671229e-04 9.283213284207214632e-04 7.743369294441545961e-04
2.284874052733779364e-04 1.441371346163740298e-04 9.308098483599751500e-04 7.764987107389241267e-04
2.209796441037878022e-04 1.474836428879892469e-04 9.155439802337496380e-04 7.742370032388245669e-04
2.177199142319283687e-04 1.554018318477539806e-04 9.188778994964580220e-04 7.389451832090715780e-04
2.105603501190486790e-04 1.511355750704578016e-04 9.164097418820736510e-04 7.457955231237665787e-04
2.149569849163662717e-04 1.504845817294727436e-04 9.137526589437668361e-04 8.016956637316259224e-04
2.175943242744144942e-04 1.584987698500331410e-04 9.252556083311388709e-04 7.784176575358971477e-04
2.309554360414219640e-04 1.527996640863162232e-04 9.045461937047105791e-04 7.421961554319620943e-04
2.272361768993487029e-04 1.590343909418530095e-04 9.233171305774935840e-04 7.620343654997502325e-04
2.353611671424825108e-04 1.530733859632125245e-04 9.251997165755126073e-04 7.617703672447254538e-04
2.267864463781818474e-04 1.502350880333611191e-04 9.278196414837644110e-04 7.638499338107158573e-04
2.189858698393114375e-04 1.614787158450764406e-04 9.311113192197966295e-04 7.618230998692633723e-04
2.238816034349890634e-04 1.516265111791394648e-04 9.059270900159641397e-04 7.376053709412310833e-04
2.292827293991448205e-04 1.484272706698810333e-04 9.253271887600554232e-04 7.591598530900194432e-04
2.321947405985087820e-04 1.562450658841568600e-04 9.173176900123785737e-04 7.948774744958531308e-04
2.284509839519464468e-04 1.586059819666465901e-04 9.378493223297065850e-04 7.398868850120622620e-04
2.340108922586687417e-04 1.530649443291584458e-04 9.185690209032846849e-04 7.794384460531565695e-04
2.247266102637313025e-04 1.529504965936319969e-04 9.233142116447945209e-04 7.803196770444821313e-04
2.297009702463604947e-04 1.575921026766836344e-04 9.369223090421681301e-04 7.532741843307616579e-04
2.177209859320103455e-04 1.572944922093427440e-04 9.167438137839796844e-04 7.443277019795525341e-04
2.289294147300211077e-04 1.549615750213309887e-04 9.332844800210135430e-04 7.572624392070985075e-04
2.244179110149785461e-04 1.587316533408117717e-04 9.101110970264994797e-04 7.299293589031466065e-04
2.161958100937647466e-04 1.592312181097186750e-04 9.264219114587534960e-04 7.657256418263663376e-04
2.155016873917131527e-04 1.508756518958121200e-04 9.204425801526596850e-04 7.722832469575190151e-04
2.177572996391752161e-04 1.594182547194130804e-04 9.321970975807637337e-04 7.682145681095710246e-04
2.228544294248550276e-04 1.507530658376854806e-04 9.080899051402545764e-04 7.779463021204889540e-04
2.309766211190535210e-04 1.602985009111200260e-04 9.165111252807733389e-04 7.549018718882705538e-04
2.166360346742610252e-04 1.584804900123392313e-04 9.290740730627231915e-04 7.676795104030537586e-04
2.259837313241104767e-04 1.515164284427234691e-04 9.372411304731639642e-04 7.719698216375889743e-04
2.303597169162063536e-04 1.570105298291866438e-04 9.289402566276278462e-04 7.617181028108367625e-04
2.214357006508226489e-04 1.527654789068268388e-04 9.008284578629026504e-04 7.613823001414759184e-04
2.249609006422326825e-04 1.562653912491073264e-04 9.198581173070079263e-04 7.775205922006611994e-04
2.305343758180466713e-04 1.515860901494478247e-04 9.163081622844937955e-04 7.593805151919029569e-04
2.259928396396433225e-04 1.536498663334525999e-04 9.203418524333610703e-04 7.694981920143824459e-04
2.303794329507267676e-04 1.520847682821680304e-04 9.237565739851319631e-04 7.879274610878155049e-04
2.284549345597160783e-04 1.557528479713504949e-04 9.200352591344282535e-04 7.864063134078728068e-04
2.439985701880382411e-04 1.572693577486506918e-04 9.329744145490986504e-04 7.823097622261346610e-04
2.300317982240563590e-04 1.562912934541817428e-04 9.278751241824462160e-04 7.172224274135846666e-04
2.142518685897692749e-04 1.561213622386119681e-04 9.257395215637438755e-04 7.499635861939255152e-04
2.079741051797534275e-04 1.579816746702662322e-04 9.185106926103203196e-04 7.852126394037689484e-04
2.307740376227598574e-04 1.540852674164684580e-04 9.281060137731528053e-04 7.404904505012720357e-04
2.190879125550305897e-04 1.549694437701588576e-04 9.116702530152479174e-04 7.651526041916269141e-04
2.234285667722946947e-04 1.482931237999526549e-04 9.240281964982326396e-04 7.453293525333953579e-04
