# 'name' : 'rogers_a02_b02_d05_g03'
# 'source' : 'rogers_a02_b02_d05_g03.yaml'
# 'sample_pops' : ['X', 'Y', 'D', 'N']
# 'sample_size' : 1
# 'n_reps' : 100
# 'n_windows' : 200
# 'seq_length' : 100000000.0
# 'window_length' : 500000.0
# 'recomb_rate' : 1e-08
# 'mut_rate' : 1e-08
# 'created' : None
0.000000000000000000e+00 0.000000000000000000e+00 0.000000000000000000e+00 0.000000000000000000e+00 5.143383340949506327e-04 0.000000000000000000e+00 0.000000000000000000e+00 0.000000000000000000e+00 1.369177886900208073e-03 1.338928242230252646e-03 0.000000000000000000e+00 0.000000000000000000e+00 1.351677653107178061e-03 1.312664680230267791e-03 9.653693379211707474e-04 0.000000000000000000e+00
0.000000000000000000e+00 0.000000000000000000e+00 0.000000000000000000e+00 0.000000000000000000e+00 5.098505570032281064e-04 0.000000000000000000e+00 0.000000000000000000e+00 0.000000000000000000e+00 1.359656448225851286e-03 1.331833314522512350e-03 0.000000000000000000e+00 0.000000000000000000e+00 1.341339606046050787e-03 1.307278850592598568e-03 9.743055173703663464e-04 0.000000000000000000e+00
0.000000000000000000e+00 0.000000000000000000e+00 0.000000000000000000e+00 0.000000000000000000e+00 5.163085701853145897e-04 0.000000000000000000e+00 0.000000000000000000e+00 0.000000000000000000e+00 1.361087368742343925e-03 1.324616920694077432e-03 0.000000000000000000e+00 0.000000000000000000e+00 1.339447841520394504e-03 1.295695874098212784e-03 9.680817795463675379e-04 0.000000000000000000e+00
0.000000000000000000e+00 0.000000000000000000e+00 0.000000000000000000e+00 0.000000000000000000e+00 5.245977907790918583e-04 0.000000000000000000e+00 0.000000000000000000e+00 0.000000000000000000e+00 1.363593360729038187e-03 1.331315261336163880e-03 0.000000000000000000e+00 0.000000000000000000e+00 1.343713718956122787e-03 1.304494406924685363e-03 9.545798283822097205e-04 0.000000000000000000e+00
0.000000000000000000e+00 0.000000000000000000e+00 0.000000000000000000e+00 0.000000000000000000e+00 5.020210851434904128e-04 0.000000000000000000e+00 0.000000000000000000e+00 0.000000000000000000e+00 1.373594764593500392e-03 1.350399513797690982e-03 0.000000000000000000e+00 0.000000000000000000e+00 1.356966658001273508e-03 1.331158070406617856e-03 9.635006958790384756e-04 0.000000000000000000e+00
0.000000000000000000e+00 0.000000000000000000e+00 0.000000000000000000e+00 0.000000000000000000e+00 5.110942855711109439e-04 0.000000000000000000e+00 0.000000000000000000e+00 0.000000000000000000e+00 1.353115957404814936e-03 1.326561313966481692e-03 0.000000000000000000e+00 0.000000000000000000e+00 1.340570001859161826e-03 1.305382807063659939e-03 9.682138682276756215e-04 0.000000000000000000e+00
0.000000000000000000e+00 0.000000000000000000e+00 0.000000000000000000e+00 0.000000000000000000e+00 5.072423009524698470e-04 0.000000000000000000e+00 0.000000000000000000e+00 0.000000000000000000e+00 1.343115347128463755e-03 1.315218721426652301e-03 0.000000000000000000e+00 0.000000000000000000e+00 1.328243864935621174e-03 1.297116427791541408e-03 9.679357433643100573e-04 0.000000000000000000e+00
0.000000000000000000e+00 0.000000000000000000e+00 0.000000000000000000e+00 0.000000000000000000e+00 4.989788887874316379e-04 0.000000000000000000e+00 0.000000000000000000e+00 0.000000000000000000e+00 1.367208827553439802e-03 1.346807134840329653e-03 0.000000000000000000e+00 0.000000000000000000e+00 1.348747103389567057e-03 1.321257464349884008e-03 9.678029820166759046e-04 0.000000000000000000e+00
0.000000000000000000e+00 0.000000000000000000e+00 0.000000000000000000e+00 0.000000000000000000e+00 5.066954931505331453e-04 0.000000000000000000e+00 0.000000000000000000e+00 0.000000000000000000e+00 1.333969431683582930e-03 1.310685046137446096e-03 0.000000000000000000e+00 0.000000000000000000e+00 1.320107319804057419e-03 1.289623836951558130e-03 9.752655409494896373e-04 0.000000000000000000e+00
0.000000000000000000e+00 0.000000000000000000e+00 0.000000000000000000e+00 0.000000000000000000e+00 4.988744480175937891e-04 0.000000000000000000e+00 0.000000000000000000e+00 0.000000000000000000e+00 1.337289984163951909e-03 1.317168771459126904e-03 0.000000000000000000e+00 0.000000000000000000e+00 1.321200361741671795e-03 1.296633323776744291e-03 9.686662352399622467e-04 0.000000000000000000e+00
0.000000000000000000e+00 0.000000000000000000e+00 0.000000000000000000e+00 0.000000000000000000e+00 5.286944030031445448e-04 0.000000000000000000e+00 0.000000000000000000e+00 0.000000000000000000e+00 1.358020349014101187e-03 1.332973557812153556e-03 0.000000000000000000e+00 0.000000000000000000e+00 1.350762010296236229e-03 1.317853630410357720e-03 9.650384259478497848e-04 0.000000000000000000e+00
0.000000000000000000e+00 0.000000000000000000e+00 0.000000000000000000e+00 0.000000000000000000e+00 5.168814539201524016e-04 0.000000000000000000e+00 0.000000000000000000e+00 0.000000000000000000e+00 1.387115857782345767e-03 1.355534401388453977e-03 0.000000000000000000e+00 0.000000000000000000e+00 1.378203512147937928e-03 1.344118958832792509e-03 9.689166160947755698e-04 0.000000000000000000e+00
0.000000000000000000e+00 0.000000000000000000e+00 0.000000000000000000e+00 0.000000000000000000e+00 5.317873471225303007e-04 0.000000000000000000e+00 0.000000000000000000e+00 0.000000000000000000e+00 1.362692653884513575e-03 1.333718688458743369e-03 0.000000000000000000e+00 0.000000000000000000e+00 1.344411275041313509e-03 1.306534490381034428e-03 9.688561693819917582e-04 0.000000000000000000e+00
0.000000000000000000e+00 0.000000000000000000e+00 0.000000000000000000e+00 0.000000000000000000e+00 5.086281307197907959e-04 0.000000000000000000e+00 0.000000000000000000e+00 0.000000000000000000e+00 1.335029632164835183e-03 1.303340990495665576e-03 0.000000000000000000e+00 0.000000000000000000e+00 1.315375910121621868e-03 1.280399639001667759e-03 9.731639217514650650e-04 0.000000000000000000e+00
0.000000000000000000e+00 0.000000000000000000e+00 0.000000000000000000e+00 0.000000000000000000e+00 5.020592429377333105e-04 0.000000000000000000e+00 0.000000000000000000e+00 0.000000000000000000e+00 1.350029827795809750e-03 1.323721436287767124e-03 0.000000000000000000e+00 0.000000000000000000e+00 1.332783853184758014e-03 1.299004757713116730e-03 9.764483024092069285e-04 0.000000000000000000e+00
0.000000000000000000e+00 0.000000000000000000e+00 0.000000000000000000e+00 0.000000000000000000e+00 5.018028406314444228e-04 0.000000000000000000e+00 0.000000000000000000e+00 0.000000000000000000e+00 1.341819654248716139e-03 1.313752630570153013e-03 0.000000000000000000e+00 0.000000000000000000e+00 1.327012411912615805e-03 1.294055693485162426e-03 9.636095023918791113e-04 0.000000000000000000e+00
0.000000000000000000e+00 0.000000000000000000e+00 0.000000000000000000e+00 0.000000000000000000e+00 5.153583937532141106e-04 0.000000000000000000e+00 0.000000000000000000e+00 0.000000000000000000e+00 1.367049179211135470e-03 1.342828388358186225e-03 0.000000000000000000e+00 0.000000000000000000e+00 1.350113598034344276e-03 1.320014857251676325e-03 9.706351947072126667e-04 0.000000000000000000e+00
0.000000000000000000e+00 0.000000000000000000e+00 0.000000000000000000e+00 0.000000000000000000e+00 5.171244700473315607e-04 0.000000000000000000e+00 0.000000000000000000e+00 0.000000000000000000e+00 1.363328001717264808e-03 1.331782341665510225e-03 0.000000000000000000e+00 0.000000000000000000e+00 1.337231655497407362e-03 1.298597150751433765e-03 9.723316192541458982e-04 0.000000000000000000e+00
0.000000000000000000e+00 0.000000000000000000e+00 0.000000000000000000e+00 0.000000000000000000e+00 5.165383188204433328e-04 0.000000000000000000e+00 0.000000000000000000e+00 0.000000000000000000e+00 1.360387289477254028e-03 1.330113726726620893e-03 0.000000000000000000e+00 0.000000000000000000e+00 1.351410344977319869e-03 1.313641433320138826e-03 9.747736402726732722e-04 0.000000000000000000e+00
0.000000000000000000e+00 0.000000000000000000e+00 0.000000000000000000e+00 0.000000000000000000e+00 5.158853367829254388e-04 0.000000000000000000e+00 0.000000000000000000e+00 0.000000000000000000e+00 1.346267829553320734e-03 1.311657757141031222e-03 0.000000000000000000e+00 0.000000000000000000e+00 1.337050196871750673e-03 1.295171242152802276e-03 9.613378404819557764e-04 0.000000000000000000e+00
0.000000000000000000e+00 0.000000000000000000e+00 0.000000000000000000e+00 0.000000000000000000e+00 5.057377747112285719e-04 0.000000000000000000e+00 0.000000000000000000e+00 0.000000000000000000e+00 1.345017537871950105e-03 1.320377994188805032e-03 0.000000000000000000e+00 0.000000000000000000e+00 1.328563992835199957e-03 1.295004521388109326e-03 9.792385669005275028e-04 0.000000000000000000e+00
0.000000000000000000e+00 0.000000000000000000e+00 0.000000000000000000e+00 0.000000000000000000e+00 5.139160455819566159e-04 0.000000000000000000e+00 0.000000000000000000e+00 0.000000000000000000e+00 1.341939627599542106e-03 1.318465571668693288e-03 0.000000000000000000e+00 0.000000000000000000e+00 1.318661570120533734e-03 1.286978318951804458e-03 9.660483252657907057e-04 0.000000000000000000e+00
0.000000000000000000e+00 0.000000000000000000e+00 0.000000000000000000e+00 0.000000000000000000e+00 5.119454339099385569e-04 0.000000000000000000e+00 0.000000000000000000e+00 0.000000000000000000e+00 1.345957841098396283e-03 1.320995634485139280e-03 0.000000000000000000e+00 0.000000000000000000e+00 1.326603799664137842e-03 1.298515436330952575e-03 9.689837860224964150e-04 0.000000000000000000e+00
0.000000000000000000e+00 0.000000000000000000e+00 0.000000000000000000e+00 0.000000000000000000e+00 5.042780218539169362e-04 0.000000000000000000e+00 0.000000000000000000e+00 0.000000000000000000e+00 1.333945117500637051e-03 1.316112295147422269e-03 0.000000000000000000e+00 0.000000000000000000e+00 1.322334359758513440e-03 1.295298549170821297e-03 9.704411593367688778e-04 0.000000000000000000e+00
0.000000000000000000e+00 0.000000000000000000e+00 0.000000000000000000e+00 0.000000000000000000e+00 5.005323352985631500e-04 0.000000000000000000e+00 0.000000000000000000e+00 0.000000000000000000e+00 1.341897114995437316e-03 1.323802462774686852e-03 0.000000000000000000e+00 0.000000000000000000e+00 1.328951248233367979e-03 1.308169445313247300e-03 9.685607571346310698e-04 0.000000000000000000e+00
0.000000000000000000e+00 0.000000000000000000e+00 0.000000000000000000e+00 0.000000000000000000e+00 5.231424842561957847e-04 0.000000000000000000e+00 0.000000000000000000e+00 0.000000000000000000e+00 1.348395624018180940e-03 1.315307964935519226e-03 0.000000000000000000e+00 0.000000000000000000e+00 1.330062594580096224e-03 1.291721636038266558e-03 9.675719344802281938e-04 0.000000000000000000e+00
0.000000000000000000e+00 0.000000000000000000e+00 0.000000000000000000e+00 0.000000000000000000e+00 5.166591582822267770e-04 0.000000000000000000e+00 0.000000000000000000e+00 0.000000000000000000e+00 1.360304013283878668e-03 1.330811206332588054e-03 0.000000000000000000e+00 0.000000000000000000e+00 1.345450900312382143e-03 1.309834666961840095e-03 9.589561491853540237e-04 0.000000000000000000e+00
0.000000000000000000e+00 0.000000000000000000e+00 0.000000000000000000e+00 0.000000000000000000e+00 5.230456095333533466e-04 0.000000000000000000e+00 0.000000000000000000e+00 0.000000000000000000e+00 1.365968782987499663e-03 1.332873621343075559e-03 0.000000000000000000e+00 0.000000000000000000e+00 1.353188728608760525e-03 1.314391262269233498e-03 9.665517826002034555e-04 0.000000000000000000e+00
0.000000000000000000e+00 0.000000000000000000e+00 0.000000000000000000e+00 0.000000000000000000e+00 5.204777768889530011e-04 0.000000000000000000e+00 0.000000000000000000e+00 0.000000000000000000e+00 1.365889582013023401e-03 1.336616335457504546e-03 0.000000000000000000e+00 0.000000000000000000e+00 1.344209100058928446e-03 1.308306394293973522e-03 9.688144709416288180e-04 0.000000000000000000e+00
0.000000000000000000e+00 0.000000000000000000e+00 0.000000000000000000e+00 0.000000000000000000e+00 5.277321310527020512e-04 0.000000000000000000e+00 0.000000000000000000e+00 0.000000000000000000e+00 1.383185899491477713e-03 1.348586113610377108e-03 0.000000000000000000e+00 0.000000000000000000e+00 1.362362954382268518e-03 1.318229718747749224e-03 9.757947104802833184e-04 0.000000000000000000e+00
0.000000000000000000e+00 0.000000000000000000e+00 0.000000000000000000e+00 0.000000000000000000e+00 5.226016497703551760e-04 0.000000000000000000e+00 0.000000000000000000e+00 0.000000000000000000e+00 1.353368127008597625e-03 1.318134951123294592e-03 0.000000000000000000e+00 0.000000000000000000e+00 1.334188532384418058e-03 1.294056182718074854e-03 9.752228200150350225e-04 0.000000000000000000e+00
0.000000000000000000e+00 0.000000000000000000e+00 0.000000000000000000e+00 0.000000000000000000e+00 5.095697947089529141e-04 0.000000000000000000e+00 0.000000000000000000e+00 0.000000000000000000e+00 1.338321944960840434e-03 1.305954089699081508e-03 0.000000000000000000e+00 0.000000000000000000e+00 1.325655647020703961e-03 1.287181461732836733e-03 9.726355653445406188e-04 0.000000000000000000e+00
0.000000000000000000e+00 0.000000000000000000e+00 0.000000000000000000e+00 0.000000000000000000e+00 5.403586032132474785e-04 0.000000000000000000e+00 0.000000000000000000e+00 0.000000000000000000e+00 1.379172401184960159e-03 1.345736055925094788e-03 0.000000000000000000e+00 0.000000000000000000e+00 1.361728331352499459e-03 1.319226974037870275e-03 9.647274805237388224e-04 0.000000000000000000e+00
0.000000000000000000e+00 0.000000000000000000e+00 0.000000000000000000e+00 0.000000000000000000e+00 5.050738563823993282e-04 0.000000000000000000e+00 0.000000000000000000e+00 0.000000000000000000e+00 1.353723825978339580e-03 1.328563008534331498e-03 0.000000000000000000e+00 0.000000000000000000e+00 1.338587246654247614e-03 1.309161583474048249e-03 9.685511572112078145e-04 0.000000000000000000e+00
0.000000000000000000e+00 0.000000000000000000e+00 0.000000000000000000e+00 0.000000000000000000e+00 5.035778992874355951e-04 0.000000000000000000e+00 0.000000000000000000e+00 0.000000000000000000e+00 1.341067656983856897e-03 1.310335252050273376e-03 0.000000000000000000e+00 0.000000000000000000e+00 1.329355886014076940e-03 1.293332833675517844e-03 9.705091183376296678e-04 0.000000000000000000e+00
0.000000000000000000e+00 0.000000000000000000e+00 0.000000000000000000e+00 0.000000000000000000e+00 5.093106177170000698e-04 0.000000000000000000e+00 0.000000000000000000e+00 0.000000000000000000e+00 1.357359932516406581e-03 1.330372537466721324e-03 0.000000000000000000e+00 0.000000000000000000e+00 1.334488557424070004e-03 1.298919522456285208e-03 9.683099257002110265e-04 0.000000000000000000e+00
0.000000000000000000e+00 0.000000000000000000e+00 0.000000000000000000e+00 0.000000000000000000e+00 5.171770198413195175e-04 0.000000000000000000e+00 0.000000000000000000e+00 0.000000000000000000e+00 1.394686582112972424e-03 1.369937865474895634e-03 0.000000000000000000e+00 0.000000000000000000e+00 1.370262815677894281e-03 1.336347245214041879e-03 9.709145770126767017e-04 0.000000000000000000e+00
0.000000000000000000e+00 0.000000000000000000e+00 0.000000000000000000e+00 0.000000000000000000e+00 5.092349005379592092e-04 0.000000000000000000e+00 0.000000000000000000e+00 0.000000000000000000e+00 1.352242566642054486e-03 1.326798725611683929e-03 0.000000000000000000e+00 0.000000000000000000e+00 1.338741899128348227e-03 1.305296016492790701e-03 9.717246090903240577e-04 0.000000000000000000e+00
0.000000000000000000e+00 0.000000000000000000e+00 0.000000000000000000e+00 0.000000000000000000e+00 5.342100153795281865e-04 0.000000000000000000e+00 0.000000000000000000e+00 0.000000000000000000e+00 1.358930771129577891e-03 1.329792316198653629e-03 0.000000000000000000e+00 0.000000000000000000e+00 1.345627095712639918e-03 1.308429302220371617e-03 9.720423777094760022e-04 0.000000000000000000e+00
0.000000000000000000e+00 0.000000000000000000e+00 0.000000000000000000e+00 0.000000000000000000e+00 5.029381856127555003e-04 0.000000000000000000e+00 0.000000000000000000e+00 0.000000000000000000e+00 1.344504119680959208e-03 1.314804391537231602e-03 0.000000000000000000e+00 0.000000000000000000e+00 1.333111609411982788e-03 1.299442581652370194e-03 9.640808451147933307e-04 0.000000000000000000e+00
0.000000000000000000e+00 0.000000000000000000e+00 0.000000000000000000e+00 0.000000000000000000e+00 5.296101546491975478e-04 0.000000000000000000e+00 0.000000000000000000e+00 0.000000000000000000e+00 1.337811215275363239e-03 1.313843804452138669e-03 0.000000000000000000e+00 0.000000000000000000e+00 1.328700039480528372e-03 1.298157862752929948e-03 9.592721022454882805e-04 0.000000000000000000e+00
0.000000000000000000e+00 0.000000000000000000e+00 0.000000000000000000e+00 0.000000000000000000e+00 5.147444506270843975e-04 0.000000000000000000e+00 0.000000000000000000e+00 0.000000000000000000e+00 1.360561358199974605e-03 1.332292970836693484e-03 0.000000000000000000e+00 0.000000000000000000e+00 1.346942659327825470e-03 1.312586752442988043e-03 9.686403525678683422e-04 0.000000000000000000e+00
0.000000000000000000e+00 0.000000000000000000e+00 0.000000000000000000e+00 0.000000000000000000e+00 5.196026915510814585e-04 0.000000000000000000e+00 0.000000000000000000e+00 0.000000000000000000e+00 1.352406581350859604e-03 1.317735670799965704e-03 0.000000000000000000e+00 0.000000000000000000e+00 1.330987376054517442e-03 1.288628114794787387e-03 9.706004076106467980e-04 0.000000000000000000e+00
0.000000000000000000e+00 0.000000000000000000e+00 0.000000000000000000e+00 0.000000000000000000e+00 5.109176802176656693e-04 0.000000000000000000e+00 0.000000000000000000e+00 0.000000000000000000e+00 1.378290111145504806e-03 1.357358438047640828e-03 0.000000000000000000e+00 0.000000000000000000e+00 1.356830499968555764e-03 1.328401548001874885e-03 9.780128519549101569e-04 0.000000000000000000e+00
0.000000000000000000e+00 0.000000000000000000e+00 0.000000000000000000e+00 0.000000000000000000e+00 5.036029591800230808e-04 0.000000000000000000e+00 0.000000000000000000e+00 0.000000000000000000e+00 1.352790827187619815e-03 1.330673248775111287e-03 0.000000000000000000e+00 0.000000000000000000e+00 1.332488867054224153e-03 1.304925041153307723e-03 9.645543367258317419e-04 0.000000000000000000e+00
0.000000000000000000e+00 0.000000000000000000e+00 0.000000000000000000e+00 0.000000000000000000e+00 5.295877490451013185e-04 0.000000000000000000e+00 0.000000000000000000e+00 0.000000000000000000e+00 1.377076269173430371e-03 1.351417634418962182e-03 0.000000000000000000e+00 0.000000000000000000e+00 1.363736821802679017e-03 1.331221407853667126e-03 9.588349949746292596e-04 0.000000000000000000e+00
0.000000000000000000e+00 0.000000000000000000e+00 0.000000000000000000e+00 0.000000000000000000e+00 5.120496982328347126e-04 0.000000000000000000e+00 0.000000000000000000e+00 0.000000000000000000e+00 1.338681173794508501e-03 1.309763612847511700e-03 0.000000000000000000e+00 0.000000000000000000e+00 1.321311888348136948e-03 1.287036398243736899e-03 9.661385974914793191e-04 0.000000000000000000e+00
0.000000000000000000e+00 0.000000000000000000e+00 0.000000000000000000e+00 0.000000000000000000e+00 5.073692712571949018e-04 0.000000000000000000e+00 0.000000000000000000e+00 0.000000000000000000e+00 1.357869474581984651e-03 1.333096535549105040e-03 0.000000000000000000e+00 0.000000000000000000e+00 1.330834967149813934e-03 1.297557541440184101e-03 9.735706983010079373e-04 0.000000000000000000e+00
0.000000000000000000e+00 0.000000000000000000e+00 0.000000000000000000e+00 0.000000000000000000e+00 5.291994689485610267e-04 0.000000000000000000e+00 0.000000000000000000e+00 0.000000000000000000e+00 1.366383467088717408e-03 1.332355426015175088e-03 0.000000000000000000e+00 0.000000000000000000e+00 1.350024409893947792e-03 1.310658521590263954e-03 9.638909470801094483e-04 0.000000000000000000e+00
0.000000000000000000e+00 0.000000000000000000e+00 0.000000000000000000e+00 0.000000000000000000e+00 5.014709165329099593e-04 0.000000000000000000e+00 0.000000000000000000e+00 0.000000000000000000e+00 1.343692671574251351e-03 1.315038069613918507e-03 0.000000000000000000e+00 0.000000000000000000e+00 1.324654145757597594e-03 1.290046581538176760e-03 9.649598289501005533e-04 0.000000000000000000e+00
0.000000000000000000e+00 0.000000000000000000e+00 0.000000000000000000e+00 0.000000000000000000e+00 5.193664923691694709e-04 0.000000000000000000e+00 0.000000000000000000e+00 0.000000000000000000e+00 1.357417296521656056e-03 1.326290813804672022e-03 0.000000000000000000e+00 0.000000000000000000e+00 1.338308855615039398e-03 1.300765544382807013e-03 9.707053139977664651e-04 0.000000000000000000e+00
0.000000000000000000e+00 0.000000000000000000e+00 0.000000000000000000e+00 0.000000000000000000e+00 5.151167793128795611e-04 0.000000000000000000e+00 0.000000000000000000e+00 0.000000000000000000e+00 1.359705075833518616e-03 1.333779502220143291e-03 0.000000000000000000e+00 0.000000000000000000e+00 1.340934305027186892e-03 1.308624793992310036e-03 9.690610425872608772e-04 0.000000000000000000e+00
0.000000000000000000e+00 0.000000000000000000e+00 0.000000000000000000e+00 0.000000000000000000e+00 5.304059779363782135e-04 0.000000000000000000e+00 0.000000000000000000e+00 0.000000000000000000e+00 1.361012067977753837e-03 1.327327484243721618e-03 0.000000000000000000e+00 0.000000000000000000e+00 1.351929554650629006e-03 1.310005498367614691e-03 9.761850300362492775e-04 0.000000000000000000e+00
0.000000000000000000e+00 0.000000000000000000e+00 0.000000000000000000e+00 0.000000000000000000e+00 5.410768396371477135e-04 0.000000000000000000e+00 0.000000000000000000e+00 0.000000000000000000e+00 1.350714576767227332e-03 1.317146346615419034e-03 0.000000000000000000e+00 0.000000000000000000e+00 1.345629586591955661e-03 1.305898034496353255e-03 9.585867323920332916e-04 0.000000000000000000e+00
0.000000000000000000e+00 0.000000000000000000e+00 0.000000000000000000e+00 0.000000000000000000e+00 5.338258912549697071e-04 0.000000000000000000e+00 0.000000000000000000e+00 0.000000000000000000e+00 1.373566489262532725e-03 1.342116813622129491e-03 0.000000000000000000e+00 0.000000000000000000e+00 1.354425835749967959e-03 1.314785243152766974e-03 9.745964504051209598e-04 0.000000000000000000e+00
0.000000000000000000e+00 0.000000000000000000e+00 0.000000000000000000e+00 0.000000000000000000e+00 5.029615243094382165e-04 0.000000000000000000e+00 0.000000000000000000e+00 0.000000000000000000e+00 1.339006645152110127e-03 1.315432966629369056e-03 0.000000000000000000e+00 0.000000000000000000e+00 1.321349141531521186e-03 1.288341517247707044e-03 9.773969036871602099e-04 0.000000000000000000e+00
0.000000000000000000e+00 0.000000000000000000e+00 0.000000000000000000e+00 0.000000000000000000e+00 5.120258798469763542e-04 0.000000000000000000e+00 0.000000000000000000e+00 0.000000000000000000e+00 1.356327089769632753e-03 1.331837332307163118e-03 0.000000000000000000e+00 0.000000000000000000e+00 1.346125138319780859e-03 1.317562197120612138e-03 9.675430349320238155e-04 0.000000000000000000e+00
0.000000000000000000e+00 0.000000000000000000e+00 0.000000000000000000e+00 0.000000000000000000e+00 5.067168966450946981e-04 0.000000000000000000e+00 0.000000000000000000e+00 0.000000000000000000e+00 1.351879885917849555e-03 1.330875268657790702e-03 0.000000000000000000e+00 0.000000000000000000e+00 1.338106392837034100e-03 1.313545205210732685e-03 9.749555916712264502e-04 0.000000000000000000e+00
0.000000000000000000e+00 0.000000000000000000e+00 0.000000000000000000e+00 0.000000000000000000e+00 5.062263279052197154e-04 0.000000000000000000e+00 0.000000000000000000e+00 0.000000000000000000e+00 1.338356499835928470e-03 1.311233996573390407e-03 0.000000000000000000e+00 0.000000000000000000e+00 1.335826753525461890e-03 1.303437845376991021e-03 9.696310140831251694e-04 0.000000000000000000e+00
0.000000000000000000e+00 0.000000000000000000e+00 0.000000000000000000e+00 0.000000000000000000e+00 4.994747708549402863e-04 0.000000000000000000e+00 0.000000000000000000e+00 0.000000000000000000e+00 1.349919676636735996e-03 1.315646636572703797e-03 0.000000000000000000e+00 0.000000000000000000e+00 1.328247203370396760e-03 1.287033403360598972e-03 9.746893413398152912e-04 0.000000000000000000e+00
0.000000000000000000e+00 0.000000000000000000e+00 0.000000000000000000e+00 0.000000000000000000e+00 5.033152567166172039e-04 0.000000000000000000e+00 0.000000000000000000e+00 0.000000000000000000e+00 1.356702306106951413e-03 1.333632950855317186e-03 0.000000000000000000e+00 0.000000000000000000e+00 1.336176927337169411e-03 1.307853765601156354e-03 9.657859876020250455e-04 0.000000000000000000e+00
0.000000000000000000e+00 0.000000000000000000e+00 0.000000000000000000e+00 0.000000000000000000e+00 5.229903160268267563e-04 0.000000000000000000e+00 0.000000000000000000e+00 0.000000000000000000e+00 1.370123292281177994e-03 1.337134510000589308e-03 0.000000000000000000e+00 0.000000000000000000e+00 1.351298141281680274e-03 1.313211302675970551e-03 9.682227282890062785e-04 0.000000000000000000e+00
0.000000000000000000e+00 0.000000000000000000e+00 0.000000000000000000e+00 0.000000000000000000e+00 5.001087314284010038e-04 0.000000000000000000e+00 0.000000000000000000e+00 0.000000000000000000e+00 1.340920502720628583e-03 1.318591498165355789e-03 0.000000000000000000e+00 0.000000000000000000e+00 1.325560821950299856e-03 1.294261761013537019e-03 9.723416797579533151e-04 0.000000000000000000e+00
0.000000000000000000e+00 0.000000000000000000e+00 0.000000000000000000e+00 0.000000000000000000e+00 5.138177869689449428e-04 0.000000000000000000e+00 0.000000000000000000e+00 0.000000000000000000e+00 1.366113068491531420e-03 1.345461275509970793e-03 0.000000000000000000e+00 0.000000000000000000e+00 1.348492517316388908e-03 1.323415009909963353e-03 9.630901101903582449e-04 0.000000000000000000e+00
0.000000000000000000e+00 0.000000000000000000e+00 0.000000000000000000e+00 0.000000000000000000e+00 5.081394615029295216e-04 0.000000000000000000e+00 0.000000000000000000e+00 0.000000000000000000e+00 1.349074186984672340e-03 1.318590236730274833e-03 0.000000000000000000e+00 0.000000000000000000e+00 1.328634119290629870e-03 1.295177325491558623e-03 9.658404282566860092e-04 0.000000000000000000e+00
0.000000000000000000e+00 0.000000000000000000e+00 0.000000000000000000e+00 0.000000000000000000e+00 5.195100362673644827e-04 0.000000000000000000e+00 0.000000000000000000e+00 0.000000000000000000e+00 1.365057758955106042e-03 1.332447342574483813e-03 0.000000000000000000e+00 0.000000000000000000e+00 1.351813684985637759e-03 1.313537568042880349e-03 9.774173014554681828e-04 0.000000000000000000e+00
0.000000000000000000e+00 0.000000000000000000e+00 0.000000000000000000e+00 0.000000000000000000e+00 5.294721066199354438e-04 0.000000000000000000e+00 0.000000000000000000e+00 0.000000000000000000e+00 1.366243713068445494e-03 1.331886367607135494e-03 0.000000000000000000e+00 0.000000000000000000e+00 1.361301942486920196e-03 1.320184087377243749e-03 9.694880361214490514e-04 0.000000000000000000e+00
0.000000000000000000e+00 0.000000000000000000e+00 0.000000000000000000e+00 0.000000000000000000e+00 5.116532671753173944e-04 0.000000000000000000e+00 0.000000000000000000e+00 0.000000000000000000e+00 1.363765702806426193e-03 1.328989649065763414e-03 0.000000000000000000e+00 0.000000000000000000e+00 1.340313449122594895e-03 1.299111686786213549e-03 9.732116979265905202e-04 0.000000000000000000e+00
0.000000000000000000e+00 0.000000000000000000e+00 0.000000000000000000e+00 0.000000000000000000e+00 5.205204718616950185e-04 0.000000000000000000e+00 0.000000000000000000e+00 0.000000000000000000e+00 1.359906267021954813e-03 1.327831352624434229e-03 0.000000000000000000e+00 0.000000000000000000e+00 1.352275051396977608e-03 1.316587865568736400e-03 9.615339081772656879e-04 0.000000000000000000e+00
0.000000000000000000e+00 0.000000000000000000e+00 0.000000000000000000e+00 0.000000000000000000e+00 5.021240122622649396e-04 0.000000000000000000e+00 0.000000000000000000e+00 0.000000000000000000e+00 1.338454075074390921e-03 1.310352370242180535e-03 0.000000000000000000e+00 0.000000000000000000e+00 1.322880835204102729e-03 1.287606517132004703e-03 9.680137235979763407e-04 0.000000000000000000e+00
0.000000000000000000e+00 0.000000000000000000e+00 0.000000000000000000e+00 0.000000000000000000e+00 5.279852471772975312e-04 0.000000000000000000e+00 0.000000000000000000e+00 0.000000000000000000e+00 1.365924127564228409e-03 1.331108761210854016e-03 0.000000000000000000e+00 0.000000000000000000e+00 1.345169624505093697e-03 1.304352912904550073e-03 9.774150302696480407e-04 0.000000000000000000e+00
0.000000000000000000e+00 0.000000000000000000e+00 0.000000000000000000e+00 0.000000000000000000e+00 5.198077236258356361e-04 0.000000000000000000e+00 0.000000000000000000e+00 0.000000000000000000e+00 1.369700292455974973e-03 1.333587833086468310e-03 0.000000000000000000e+00 0.000000000000000000e+00 1.348357146525077125e-03 1.303333812921342923e-03 9.768325716857360376e-04 0.000000000000000000e+00
0.000000000000000000e+00 0.000000000000000000e+00 0.000000000000000000e+00 0.000000000000000000e+00 5.244572572503654155e-04 0.000000000000000000e+00 0.000000000000000000e+00 0.000000000000000000e+00 1.363236226822127145e-03 1.335941885252273391e-03 0.000000000000000000e+00 0.000000000000000000e+00 1.358188287387922244e-03 1.326160227573802090e-03 9.721778894605632125e-04 0.000000000000000000e+00
0.000000000000000000e+00 0.000000000000000000e+00 0.000000000000000000e+00 0.000000000000000000e+00 5.186991760793670855e-04 0.000000000000000000e+00 0.000000000000000000e+00 0.000000000000000000e+00 1.357722583740505161e-03 1.325253029800921474e-03 0.000000000000000000e+00 0.000000000000000000e+00 1.341560757582435474e-03 1.303484039205338348e-03 9.712091467053310476e-04 0.000000000000000000e+00
0.000000000000000000e+00 0.000000000000000000e+00 0.000000000000000000e+00 0.000000000000000000e+00 5.164722120447655601e-04 0.000000000000000000e+00 0.000000000000000000e+00 0.000000000000000000e+00 1.365064834047514030e-03 1.328661000156035419e-03 0.000000000000000000e+00 0.000000000000000000e+00 1.348830256244182854e-03 1.307226085569771195e-03 9.728568259879830050e-04 0.000000000000000000e+00
0.000000000000000000e+00 0.000000000000000000e+00 0.000000000000000000e+00 0.000000000000000000e+00 5.223225475316675519e-04 0.000000000000000000e+00 0.000000000000000000e+00 0.000000000000000000e+00 1.380096090745183647e-03 1.347848211855932335e-03 0.000000000000000000e+00 0.000000000000000000e+00 1.369632254536287848e-03 1.329283393225489610e-03 9.684269915087407666e-04 0.000000000000000000e+00
0.000000000000000000e+00 0.000000000000000000e+00 0.000000000000000000e+00 0.000000000000000000e+00 5.054571069717332926e-04 0.000000000000000000e+00 0.000000000000000000e+00 0.000000000000000000e+00 1.336541520169250673e-03 1.310017062038091587e-03 0.000000000000000000e+00 0.000000000000000000e+00 1.324544431555119963e-03 1.291599408923718500e-03 9.726704611428562373e-04 0.000000000000000000e+00
0.000000000000000000e+00 0.000000000000000000e+00 0.000000000000000000e+00 0.000000000000000000e+00 5.198167710677518418e-04 0.000000000000000000e+00 0.000000000000000000e+00 0.000000000000000000e+00 1.353623329166629913e-03 1.326571544638645945e-03 0.000000000000000000e+00 0.000000000000000000e+00 1.344579485040764324e-03 1.307123819782044210e-03 9.683682029928415529e-04 0.000000000000000000e+00
0.000000000000000000e+00 0.000000000000000000e+00 0.000000000000000000e+00 0.000000000000000000e+00 5.160260956512563880e-04 0.000000000000000000e+00 0.000000000000000000e+00 0.000000000000000000e+00 1.353644568805994260e-03 1.318749768436281973e-03 0.000000000000000000e+00 0.000000000000000000e+00 1.338177242639702240e-03 1.298957317682943860e-03 9.652439047383447497e-04 0.000000000000000000e+00
0.000000000000000000e+00 0.000000000000000000e+00 0.000000000000000000e+00 0.000000000000000000e+00 5.124918749923404199e-04 0.000000000000000000e+00 0.000000000000000000e+00 0.000000000000000000e+00 1.342748530517217124e-03 1.319379091163653530e-03 0.000000000000000000e+00 0.000000000000000000e+00 1.328151780167623501e-03 1.294602627419937134e-03 9.656270562310746361e-04 0.000000000000000000e+00
0.000000000000000000e+00 0.000000000000000000e+00 0.000000000000000000e+00 0.000000000000000000e+00 5.156838313780578303e-04 0.000000000000000000e+00 0.000000000000000000e+00 0.000000000000000000e+00 1.353391875005690529e-03 1.321372961984823308e-03 0.000000000000000000e+00 0.000000000000000000e+00 1.332083190521479634e-03 1.292294202877134835e-03 9.753020345043865924e-04 0.000000000000000000e+00
0.000000000000000000e+00 0.000000000000000000e+00 0.000000000000000000e+00 0.000000000000000000e+00 5.072552326646714588e-04 0.000000000000000000e+00 0.000000000000000000e+00 0.000000000000000000e+00 1.364613699553434475e-03 1.337425225506203930e-03 0.000000000000000000e+00 0.000000000000000000e+00 1.338004529817501996e-03 1.304006491020496530e-03 9.730162668505536400e-04 0.000000000000000000e+00
0.000000000000000000e+00 0.000000000000000000e+00 0.000000000000000000e+00 0.000000000000000000e+00 5.046928433028022081e-04 0.000000000000000000e+00 0.000000000000000000e+00 0.000000000000000000e+00 1.368528438133173337e-03 1.341114085169915413e-03 0.000000000000000000e+00 0.000000000000000000e+00 1.343944144165220254e-03 1.306590425268418188e-03 9.675409769065323627e-04 0.000000000000000000e+00
0.000000000000000000e+00 0.000000000000000000e+00 0.000000000000000000e+00 0.000000000000000000e+00 5.127091460191444483e-04 0.000000000000000000e+00 0.000000000000000000e+00 0.000000000000000000e+00 1.364510563344396073e-03 1.337687231977273492e-03 0.000000000000000000e+00 0.000000000000000000e+00 1.343838404284187485e-03 1.311068454349657809e-03 9.739856925168890144e-04 0.000000000000000000e+00
0.000000000000000000e+00 0.000000000000000000e+00 0.000000000000000000e+00 0.000000000000000000e+00 5.157403318946933608e-04 0.000000000000000000e+00 0.000000000000000000e+00 0.000000000000000000e+00 1.355013876413067950e-03 1.330468896049137031e-03 0.000000000000000000e+00 0.000000000000000000e+00 1.331231073620694387e-03 1.299562069951589426e-03 9.630527878818172368e-04 0.000000000000000000e+00
0.000000000000000000e+00 0.000000000000000000e+00 0.000000000000000000e+00 0.000000000000000000e+00 5.173529883814352928e-04 0.000000000000000000e+00 0.000000000000000000e+00 0.000000000000000000e+00 1.354296765516275428e-03 1.320003714925789291e-03 0.000000000000000000e+00 0.000000000000000000e+00 1.343139686587310798e-03 1.303677208467256092e-03 9.720669887402712435e-04 0.000000000000000000e+00
0.000000000000000000e+00 0.000000000000000000e+00 0.000000000000000000e+00 0.000000000000000000e+00 5.111018521592958436e-04 0.000000000000000000e+00 0.000000000000000000e+00 0.000000000000000000e+00 1.361364566415410341e-03 1.334887964091253324e-03 0.000000000000000000e+00 0.000000000000000000e+00 1.349841851591427645e-03 1.315494432385153891e-03 9.701059997357805659e-04 0.000000000000000000e+00
0.000000000000000000e+00 0.000000000000000000e+00 0.000000000000000000e+00 0.000000000000000000e+00 5.125621876355015809e-04 0.000000000000000000e+00 0.000000000000000000e+00 0.000000000000000000e+00 1.353112360099615339e-03 1.327834058137053940e-03 0.000000000000000000e+00 0.000000000000000000e+00 1.335188659402668709e-03 1.304175061414958271e-03 9.672300334074054439e-04 0.000000000000000000e+00
0.000000000000000000e+00 0.000000000000000000e+00 0.000000000000000000e+00 0.000000000000000000e+00 5.225428821876876729e-04 0.000000000000000000e+00 0.000000000000000000e+00 0.000000000000000000e+00 1.367891741010161637e-03 1.336693219667083260e-03 0.000000000000000000e+00 0.000000000000000000e+00 1.355273564750946683e-03 1.317379891718580085e-03 9.756763647065801225e-04 0.000000000000000000e+00
0.000000000000000000e+00 0.000000000000000000e+00 0.000000000000000000e+00 0.000000000000000000e+00 5.182444323594769496e-04 0.000000000000000000e+00 0.000000000000000000e+00 0.000000000000000000e+00 1.379837389281391704e-03 1.344951985273048958e-03 0.000000000000000000e+00 0.000000000000000000e+00 1.363974617428284717e-03 1.321627008246316088e-03 9.711970426175553506e-04 0.000000000000000000e+00
0.000000000000000000e+00 0.000000000000000000e+00 0.000000000000000000e+00 0.000000000000000000e+00 5.157549829346280007e-04 0.000000000000000000e+00 0.000000000000000000e+00 0.000000000000000000e+00 1.338259157556844587e-03 1.304614019269685838e-03 0.000000000000000000e+00 0.000000000000000000e+00 1.312566244668935973e-03 1.272664583033139736e-03 9.731715865310680688e-04 0.000000000000000000e+00
0.000000000000000000e+00 0.000000000000000000e+00 0.000000000000000000e+00 0.000000000000000000e+00 5.319378920826508183e-04 0.000000000000000000e+00 0.000000000000000000e+00 0.000000000000000000e+00 1.366315927459093573e-03 1.326987086770632955e-03 0.000000000000000000e+00 0.000000000000000000e+00 1.345659240062053270e-03 1.300196100595164351e-03 9.772057025687419865e-04 0.000000000000000000e+00
0.000000000000000000e+00 0.000000000000000000e+00 0.000000000000000000e+00 0.000000000000000000e+00 5.216448023172464213e-04 0.000000000000000000e+00 0.000000000000000000e+00 0.000000000000000000e+00 1.382599767983079889e-03 1.358781668416555273e-03 0.000000000000000000e+00 0.000000000000000000e+00 1.369754751315974432e-03 1.339650312563763672e-03 9.741875055728192343e-04 0.000000000000000000e+00
0.000000000000000000e+00 0.000000000000000000e+00 0.000000000000000000e+00 0.000000000000000000e+00 5.239555135470440762e-04 0.000000000000000000e+00 0.000000000000000000e+00 0.000000000000000000e+00 1.356083754716676422e-03 1.320479280169625834e-03 0.000000000000000000e+00 0.000000000000000000e+00 1.330697344997860184e-03 1.285050261243421248e-03 9.811143482906571102e-04 0.000000000000000000e+00
0.000000000000000000e+00 0.000000000000000000e+00 0.000000000000000000e+00 0.000000000000000000e+00 5.172161664305022222e-04 0.000000000000000000e+00 0.000000000000000000e+00 0.000000000000000000e+00 1.344136493723225396e-03 1.310639871780663879e-03 0.000000000000000000e+00 0.000000000000000000e+00 1.334190602242471893e-03 1.295664211892886891e-03 9.663327024517796631e-04 0.000000000000000000e+00
0.000000000000000000e+00 0.000000000000000000e+00 0.000000000000000000e+00 0.000000000000000000e+00 5.266053089797651443e-04 0.000000000000000000e+00 0.000000000000000000e+00 0.000000000000000000e+00 1.343875979075779452e-03 1.309250588973300553e-03 0.000000000000000000e+00 0.000000000000000000e+00 1.328945946405550495e-03 1.284920927063652133e-03 9.641444269757414422e-04 0.000000000000000000e+00
0.000000000000000000e+00 0.000000000000000000e+00 0.000000000000000000e+00 0.000000000000000000e+00 5.123915497397158337e-04 0.000000000000000000e+00 0.000000000000000000e+00 0.000000000000000000e+00 1.375202927961075234e-03 1.345022534082295721e-03 0.000000000000000000e+00 0.000000000000000000e+00 1.354259861735281675e-03 1.315133152109450266e-03 9.772916318272560198e-04 0.000000000000000000e+00
0.000000000000000000e+00 0.000000000000000000e+00 0.000000000000000000e+00 0.000000000000000000e+00 5.041112844463839938e-04 0.000000000000000000e+00 0.000000000000000000e+00 0.000000000000000000e+00 1.349209529908968136e-03 1.324118524768873100e-03 0.000000000000000000e+00 0.000000000000000000e+00 1.329713165772005443e-03 1.298825778801477281e-03 9.745372947758823437e-04 0.000000000000000000e+00
0.000000000000000000e+00 0.000000000000000000e+00 0.000000000000000000e+00 0.000000000000000000e+00 5.011119626338764134e-04 0.000000000000000000e+00 0.000000000000000000e+00 0.000000000000000000e+00 1.354711945819719399e-03 1.321252772051687528e-03 0.000000000000000000e+00 0.000000000000000000e+00 1.343045820537967176e-03 1.304624016258702822e-03 9.838154830140791174e-04 0.000000000000000000e+00
0.000000000000000000e+00 0.000000000000000000e+00 0.000000000000000000e+00 0.000000000000000000e+00 5.107548544595954003e-04 0.000000000000000000e+00 0.000000000000000000e+00 0.000000000000000000e+00 1.366512909899910474e-03 1.335469885412852997e-03 0.000000000000000000e+00 0.000000000000000000e+00 1.356854576605104811e-03 1.319594880758639954e-03 9.660798671204787235e-04 0.000000000000000000e+00
