# {'chrom': '10', 'window_id': '1', 'statistic': 'H2', 'bounds': [20000000, 40000000], 'span': 20000000, 'n_sites': 10327489, 'coverage': 51.64, 'right_discontinuous': True, 'rows': "{0: 'Altai', 1: 'Chagyrskaya', 2: 'Denisova', 3: 'French-1', 4: 'Han-1', 5: 'Khomani_San-2', 6: 'Papuan-2', 7: 'Vindija', 8: 'Yoruba-1', 9: 'Yoruba-3'}"}
6.800000000000000000e+01 6.900000000000000000e+01 1.920000000000000000e+02 2.110000000000000000e+02 3.040000000000000000e+02 8.470000000000000000e+02 1.145000000000000000e+03 2.028000000000000000e+03 4.554000000000000000e+03 5.819000000000000000e+03 7.635000000000000000e+03 1.290300000000000000e+04 1.372000000000000000e+04 2.635800000000000000e+04 6.233600000000000000e+04 9.486600000000000000e+04 1.519030000000000000e+05 4.873720000000000000e+05 6.742920000000000000e+05
2.600000000000000000e+01 3.500000000000000000e+01 9.500000000000000000e+01 1.580000000000000000e+02 2.770000000000000000e+02 6.580000000000000000e+02 8.880000000000000000e+02 1.625000000000000000e+03 3.299000000000000000e+03 3.047000000000000000e+03 4.198000000000000000e+03 6.562000000000000000e+03 7.474000000000000000e+03 1.765100000000000000e+04 3.126400000000000000e+04 4.629400000000000000e+04 6.958500000000000000e+04 2.750490000000000000e+05 3.855300000000000000e+05
3.560000000000000000e+02 2.410000000000000000e+02 4.970000000000000000e+02 3.400000000000000000e+02 4.770000000000000000e+02 1.272000000000000000e+03 1.984000000000000000e+03 3.889000000000000000e+03 8.266000000000000000e+03 9.254000000000000000e+03 1.085600000000000000e+04 1.609400000000000000e+04 1.702100000000000000e+04 2.397500000000000000e+04 7.783900000000000000e+04 1.202880000000000000e+05 2.097020000000000000e+05 6.691940000000000000e+05 8.521910000000000000e+05
1.375000000000000000e+03 1.172000000000000000e+03 1.960000000000000000e+03 1.999000000000000000e+03 2.754000000000000000e+03 6.759000000000000000e+03 1.021600000000000000e+04 1.824800000000000000e+04 4.251500000000000000e+04 4.954600000000000000e+04 7.364600000000000000e+04 1.349980000000000000e+05 1.645580000000000000e+05 3.063340000000000000e+05 8.067140000000000000e+05 1.164979000000000000e+06 2.261795000000000000e+06 6.481871000000000000e+06 9.106217000000000000e+06
3.432000000000000000e+03 1.222000000000000000e+03 2.247000000000000000e+03 2.099000000000000000e+03 2.698000000000000000e+03 7.648000000000000000e+03 1.106100000000000000e+04 2.337900000000000000e+04 4.887000000000000000e+04 5.602200000000000000e+04 7.559800000000000000e+04 1.268980000000000000e+05 1.308420000000000000e+05 2.211170000000000000e+05 6.050890000000000000e+05 8.919940000000000000e+05 1.732422000000000000e+06 4.944743000000000000e+06 7.217350000000000000e+06
6.281000000000000000e+03 2.129000000000000000e+03 3.535000000000000000e+03 3.458000000000000000e+03 5.191000000000000000e+03 1.448100000000000000e+04 1.960900000000000000e+04 3.762100000000000000e+04 8.187200000000000000e+04 8.979100000000000000e+04 1.266570000000000000e+05 2.894450000000000000e+05 3.677720000000000000e+05 5.968550000000000000e+05 1.854022000000000000e+06 2.158147000000000000e+06 4.100133000000000000e+06 1.320360600000000000e+07 1.760525400000000000e+07
4.450000000000000000e+03 1.345000000000000000e+03 1.908000000000000000e+03 1.551000000000000000e+03 2.361000000000000000e+03 6.994000000000000000e+03 1.026100000000000000e+04 1.965900000000000000e+04 4.163500000000000000e+04 4.515700000000000000e+04 5.506300000000000000e+04 1.127620000000000000e+05 1.195470000000000000e+05 2.101350000000000000e+05 4.841710000000000000e+05 7.040230000000000000e+05 1.611243000000000000e+06 4.107554000000000000e+06 5.702165000000000000e+06
6.800000000000000000e+01 6.600000000000000000e+01 1.670000000000000000e+02 1.930000000000000000e+02 2.370000000000000000e+02 5.690000000000000000e+02 9.760000000000000000e+02 1.703000000000000000e+03 3.701000000000000000e+03 4.041000000000000000e+03 6.104000000000000000e+03 1.045600000000000000e+04 7.625000000000000000e+03 1.976500000000000000e+04 4.948500000000000000e+04 7.725900000000000000e+04 1.030470000000000000e+05 3.454900000000000000e+05 5.049110000000000000e+05
3.116000000000000000e+03 1.812000000000000000e+03 3.418000000000000000e+03 3.260000000000000000e+03 5.029000000000000000e+03 1.253300000000000000e+04 1.839500000000000000e+04 3.182600000000000000e+04 6.888500000000000000e+04 8.351800000000000000e+04 1.223390000000000000e+05 2.755700000000000000e+05 3.544690000000000000e+05 6.072930000000000000e+05 1.775427000000000000e+06 2.283830000000000000e+06 4.336804000000000000e+06 1.301975500000000000e+07 1.690072700000000000e+07
4.012000000000000000e+03 2.065000000000000000e+03 3.985000000000000000e+03 4.134000000000000000e+03 5.432000000000000000e+03 1.212500000000000000e+04 1.766300000000000000e+04 3.663700000000000000e+04 7.704500000000000000e+04 8.027400000000000000e+04 1.155090000000000000e+05 2.457260000000000000e+05 3.456330000000000000e+05 5.125540000000000000e+05 1.682883000000000000e+06 2.294736000000000000e+06 4.545864000000000000e+06 1.279312700000000000e+07 1.721203400000000000e+07
