# {'chrom': '10', 'window_id': '6', 'statistic': 'H2', 'bounds': [118000000, 136000000], 'span': 18000000, 'n_sites': 11865852, 'coverage': 65.92, 'right_discontinuous': True, 'rows': "{0: 'Altai', 1: 'Chagyrskaya', 2: 'Denisova', 3: 'French-1', 4: 'Han-1', 5: 'Khomani_San-2', 6: 'Papuan-2', 7: 'Vindija', 8: 'Yoruba-1', 9: 'Yoruba-3'}"}
3.800000000000000000e+01 5.900000000000000000e+01 1.960000000000000000e+02 3.180000000000000000e+02 5.430000000000000000e+02 1.366000000000000000e+03 1.873000000000000000e+03 3.091000000000000000e+03 5.837000000000000000e+03 6.252000000000000000e+03 9.946000000000000000e+03 1.248400000000000000e+04 1.270900000000000000e+04 2.621100000000000000e+04 7.167100000000000000e+04 9.305100000000000000e+04 1.707760000000000000e+05 4.950960000000000000e+05 8.123350000000000000e+05
3.820000000000000000e+02 1.750000000000000000e+02 3.090000000000000000e+02 4.250000000000000000e+02 7.750000000000000000e+02 2.215000000000000000e+03 3.006000000000000000e+03 4.310000000000000000e+03 9.082000000000000000e+03 1.071500000000000000e+04 1.597400000000000000e+04 2.462900000000000000e+04 2.418100000000000000e+04 3.790900000000000000e+04 9.428500000000000000e+04 1.368070000000000000e+05 2.350140000000000000e+05 7.187920000000000000e+05 9.172080000000000000e+05
5.200000000000000000e+01 3.600000000000000000e+01 1.340000000000000000e+02 2.130000000000000000e+02 3.110000000000000000e+02 8.180000000000000000e+02 1.223000000000000000e+03 1.898000000000000000e+03 4.061000000000000000e+03 4.565000000000000000e+03 4.896000000000000000e+03 8.955000000000000000e+03 1.218000000000000000e+04 1.794300000000000000e+04 4.375200000000000000e+04 8.249500000000000000e+04 1.260000000000000000e+05 3.806330000000000000e+05 6.474400000000000000e+05
6.360000000000000000e+02 6.510000000000000000e+02 1.446000000000000000e+03 1.690000000000000000e+03 2.776000000000000000e+03 7.335000000000000000e+03 1.012100000000000000e+04 1.754000000000000000e+04 3.964000000000000000e+04 4.107900000000000000e+04 6.915800000000000000e+04 1.196620000000000000e+05 1.363380000000000000e+05 2.535580000000000000e+05 6.918460000000000000e+05 1.154020000000000000e+06 2.263864000000000000e+06 6.518160000000000000e+06 1.005602300000000000e+07
1.735000000000000000e+03 1.196000000000000000e+03 2.460000000000000000e+03 2.700000000000000000e+03 4.040000000000000000e+03 1.044400000000000000e+04 1.535800000000000000e+04 2.665100000000000000e+04 5.652200000000000000e+04 6.066000000000000000e+04 8.495900000000000000e+04 1.651060000000000000e+05 1.841490000000000000e+05 3.034070000000000000e+05 9.171390000000000000e+05 1.312833000000000000e+06 2.995042000000000000e+06 8.561969000000000000e+06 1.364027200000000000e+07
1.889000000000000000e+03 1.212000000000000000e+03 2.156000000000000000e+03 2.972000000000000000e+03 4.748000000000000000e+03 1.240600000000000000e+04 1.790200000000000000e+04 2.888100000000000000e+04 6.651300000000000000e+04 7.294600000000000000e+04 1.037100000000000000e+05 2.108010000000000000e+05 2.563680000000000000e+05 4.938630000000000000e+05 1.428813000000000000e+06 2.288591000000000000e+06 4.318464000000000000e+06 1.298986600000000000e+07 1.974844500000000000e+07
9.030000000000000000e+02 5.250000000000000000e+02 1.206000000000000000e+03 1.804000000000000000e+03 3.097000000000000000e+03 7.690000000000000000e+03 1.175800000000000000e+04 1.925700000000000000e+04 4.153300000000000000e+04 4.865800000000000000e+04 7.214600000000000000e+04 1.323770000000000000e+05 1.563780000000000000e+05 2.470620000000000000e+05 6.816980000000000000e+05 8.726980000000000000e+05 2.063374000000000000e+06 5.669832000000000000e+06 8.397602000000000000e+06
5.500000000000000000e+02 3.020000000000000000e+02 4.080000000000000000e+02 3.140000000000000000e+02 5.500000000000000000e+02 1.719000000000000000e+03 2.230000000000000000e+03 3.442000000000000000e+03 6.844000000000000000e+03 6.845000000000000000e+03 7.812000000000000000e+03 1.787500000000000000e+04 1.117400000000000000e+04 1.565400000000000000e+04 4.047000000000000000e+04 8.569300000000000000e+04 1.297400000000000000e+05 4.481650000000000000e+05 7.106000000000000000e+05
2.346000000000000000e+03 1.301000000000000000e+03 2.424000000000000000e+03 3.087000000000000000e+03 5.564000000000000000e+03 1.399700000000000000e+04 1.977800000000000000e+04 3.027800000000000000e+04 6.818100000000000000e+04 7.641700000000000000e+04 1.111990000000000000e+05 2.022360000000000000e+05 2.586330000000000000e+05 4.883000000000000000e+05 1.451947000000000000e+06 2.423619000000000000e+06 4.785883000000000000e+06 1.426206900000000000e+07 2.209172000000000000e+07
2.113000000000000000e+03 1.624000000000000000e+03 3.013000000000000000e+03 3.287000000000000000e+03 5.526000000000000000e+03 1.360100000000000000e+04 1.947300000000000000e+04 3.198800000000000000e+04 7.009100000000000000e+04 7.688100000000000000e+04 1.088550000000000000e+05 2.166080000000000000e+05 2.655060000000000000e+05 5.040140000000000000e+05 1.446059000000000000e+06 2.419459000000000000e+06 4.860809000000000000e+06 1.413955300000000000e+07 2.225373400000000000e+07
