# {'chrom': '10', 'window_id': '3', 'statistic': 'H2', 'bounds': [61000000, 80000000], 'span': 19000000, 'n_sites': 12019064, 'coverage': 63.26, 'right_discontinuous': False, 'rows': "{0: 'Altai', 1: 'Chagyrskaya', 2: 'Denisova', 3: 'French-1', 4: 'Han-1', 5: 'Khomani_San-2', 6: 'Papuan-2', 7: 'Vindija', 8: 'Yoruba-1', 9: 'Yoruba-3'}"}
2.700000000000000000e+01 1.400000000000000000e+01 5.500000000000000000e+01 6.600000000000000000e+01 1.360000000000000000e+02 2.870000000000000000e+02 4.220000000000000000e+02 7.520000000000000000e+02 1.753000000000000000e+03 2.277000000000000000e+03 2.708000000000000000e+03 3.893000000000000000e+03 5.279000000000000000e+03 8.402000000000000000e+03 2.104700000000000000e+04 2.832800000000000000e+04 5.394100000000000000e+04 8.301700000000000000e+04 1.310140000000000000e+05
5.600000000000000000e+01 4.600000000000000000e+01 1.530000000000000000e+02 2.000000000000000000e+02 3.280000000000000000e+02 8.940000000000000000e+02 1.243000000000000000e+03 2.019000000000000000e+03 4.218000000000000000e+03 4.607000000000000000e+03 6.227000000000000000e+03 1.071800000000000000e+04 1.448500000000000000e+04 2.720500000000000000e+04 5.807300000000000000e+04 1.269100000000000000e+05 1.989160000000000000e+05 5.921580000000000000e+05 1.183882000000000000e+06
3.170000000000000000e+02 1.380000000000000000e+02 2.120000000000000000e+02 2.180000000000000000e+02 3.540000000000000000e+02 1.041000000000000000e+03 1.471000000000000000e+03 2.514000000000000000e+03 4.947000000000000000e+03 5.027000000000000000e+03 7.232000000000000000e+03 1.512200000000000000e+04 1.831500000000000000e+04 2.331500000000000000e+04 6.259500000000000000e+04 1.289980000000000000e+05 2.162190000000000000e+05 5.816870000000000000e+05 8.645000000000000000e+05
2.660000000000000000e+03 1.409000000000000000e+03 2.547000000000000000e+03 2.474000000000000000e+03 3.459000000000000000e+03 9.039000000000000000e+03 1.404500000000000000e+04 2.651800000000000000e+04 4.860100000000000000e+04 5.887900000000000000e+04 8.503300000000000000e+04 1.942900000000000000e+05 2.113040000000000000e+05 3.854450000000000000e+05 1.049833000000000000e+06 1.937475000000000000e+06 3.771825000000000000e+06 9.811748000000000000e+06 1.709597600000000000e+07
3.509000000000000000e+03 1.772000000000000000e+03 2.779000000000000000e+03 2.541000000000000000e+03 3.679000000000000000e+03 9.832000000000000000e+03 1.398500000000000000e+04 2.651800000000000000e+04 5.469700000000000000e+04 6.796900000000000000e+04 1.038830000000000000e+05 1.785600000000000000e+05 2.243980000000000000e+05 3.174970000000000000e+05 9.785620000000000000e+05 1.816676000000000000e+06 3.645072000000000000e+06 9.675218000000000000e+06 1.750152700000000000e+07
6.002000000000000000e+03 2.248000000000000000e+03 3.781000000000000000e+03 4.119000000000000000e+03 5.806000000000000000e+03 1.548300000000000000e+04 2.211500000000000000e+04 4.302600000000000000e+04 8.952100000000000000e+04 1.069750000000000000e+05 1.689430000000000000e+05 3.012320000000000000e+05 4.569960000000000000e+05 7.603070000000000000e+05 2.189359000000000000e+06 3.993116000000000000e+06 7.386747000000000000e+06 2.053714300000000000e+07 3.401607000000000000e+07
2.670000000000000000e+03 1.478000000000000000e+03 2.210000000000000000e+03 2.019000000000000000e+03 2.626000000000000000e+03 6.769000000000000000e+03 9.857000000000000000e+03 1.791000000000000000e+04 3.931200000000000000e+04 5.118000000000000000e+04 7.464100000000000000e+04 1.430440000000000000e+05 1.507340000000000000e+05 2.021320000000000000e+05 4.532870000000000000e+05 7.482230000000000000e+05 1.736602000000000000e+06 4.063715000000000000e+06 6.250777000000000000e+06
5.200000000000000000e+01 4.100000000000000000e+01 1.010000000000000000e+02 1.300000000000000000e+02 2.620000000000000000e+02 6.190000000000000000e+02 9.300000000000000000e+02 1.598000000000000000e+03 3.630000000000000000e+03 4.133000000000000000e+03 4.658000000000000000e+03 1.045400000000000000e+04 1.152200000000000000e+04 1.605600000000000000e+04 4.841600000000000000e+04 9.781400000000000000e+04 1.800500000000000000e+05 5.674120000000000000e+05 8.891990000000000000e+05
2.409000000000000000e+03 1.586000000000000000e+03 2.902000000000000000e+03 3.547000000000000000e+03 5.076000000000000000e+03 1.249500000000000000e+04 1.962400000000000000e+04 3.316200000000000000e+04 7.209700000000000000e+04 8.439200000000000000e+04 1.158810000000000000e+05 2.354470000000000000e+05 3.458660000000000000e+05 6.371410000000000000e+05 1.806656000000000000e+06 3.261132000000000000e+06 6.270262000000000000e+06 1.726842200000000000e+07 2.865900400000000000e+07
8.013000000000000000e+03 2.266000000000000000e+03 3.802000000000000000e+03 3.753000000000000000e+03 5.124000000000000000e+03 1.502700000000000000e+04 2.402700000000000000e+04 4.079000000000000000e+04 8.437900000000000000e+04 9.618300000000000000e+04 1.435390000000000000e+05 2.936290000000000000e+05 4.326020000000000000e+05 7.555080000000000000e+05 2.269362000000000000e+06 3.795667000000000000e+06 6.839092000000000000e+06 1.873956400000000000e+07 3.268357200000000000e+07
