# {'chrom': '10', 'window_id': '0', 'statistic': 'H2', 'bounds': [0, 20000000], 'span': 20000000, 'n_sites': 12367482, 'coverage': 61.84, 'right_discontinuous': False, 'rows': "{0: 'Altai', 1: 'Chagyrskaya', 2: 'Denisova', 3: 'French-1', 4: 'Han-1', 5: 'Khomani_San-2', 6: 'Papuan-2', 7: 'Vindija', 8: 'Yoruba-1', 9: 'Yoruba-3'}"}
3.700000000000000000e+01 6.100000000000000000e+01 2.210000000000000000e+02 3.720000000000000000e+02 5.940000000000000000e+02 1.289000000000000000e+03 1.988000000000000000e+03 3.288000000000000000e+03 7.322000000000000000e+03 7.079000000000000000e+03 8.395000000000000000e+03 1.679500000000000000e+04 1.497600000000000000e+04 2.645200000000000000e+04 8.153800000000000000e+04 1.172450000000000000e+05 2.097080000000000000e+05 6.188250000000000000e+05 1.064152000000000000e+06
8.200000000000000000e+01 1.070000000000000000e+02 3.020000000000000000e+02 3.820000000000000000e+02 5.890000000000000000e+02 1.389000000000000000e+03 1.954000000000000000e+03 3.118000000000000000e+03 7.112000000000000000e+03 7.396000000000000000e+03 1.002900000000000000e+04 1.580500000000000000e+04 1.885700000000000000e+04 2.567600000000000000e+04 4.865800000000000000e+04 6.859100000000000000e+04 8.772900000000000000e+04 3.270170000000000000e+05 5.880270000000000000e+05
4.600000000000000000e+01 5.600000000000000000e+01 1.580000000000000000e+02 2.760000000000000000e+02 6.040000000000000000e+02 1.582000000000000000e+03 2.059000000000000000e+03 3.087000000000000000e+03 7.679000000000000000e+03 7.892000000000000000e+03 9.828000000000000000e+03 1.793700000000000000e+04 1.643100000000000000e+04 2.956300000000000000e+04 7.856400000000000000e+04 1.248370000000000000e+05 2.542350000000000000e+05 8.401280000000000000e+05 1.490829000000000000e+06
1.523000000000000000e+03 8.130000000000000000e+02 1.819000000000000000e+03 2.433000000000000000e+03 4.104000000000000000e+03 9.320000000000000000e+03 1.496500000000000000e+04 2.645900000000000000e+04 6.085500000000000000e+04 6.797800000000000000e+04 9.019500000000000000e+04 1.506640000000000000e+05 1.846840000000000000e+05 3.472410000000000000e+05 9.966360000000000000e+05 1.865288000000000000e+06 3.584881000000000000e+06 1.092894800000000000e+07 1.954577900000000000e+07
1.027000000000000000e+03 1.018000000000000000e+03 2.177000000000000000e+03 2.744000000000000000e+03 4.394000000000000000e+03 9.376000000000000000e+03 1.469300000000000000e+04 2.590400000000000000e+04 5.501600000000000000e+04 5.942700000000000000e+04 8.238800000000000000e+04 1.580450000000000000e+05 2.035310000000000000e+05 3.242730000000000000e+05 1.022378000000000000e+06 1.669277000000000000e+06 3.243589000000000000e+06 9.775027000000000000e+06 1.764111600000000000e+07
2.069000000000000000e+03 9.130000000000000000e+02 2.275000000000000000e+03 2.862000000000000000e+03 5.016000000000000000e+03 1.143900000000000000e+04 1.867000000000000000e+04 3.188800000000000000e+04 7.224400000000000000e+04 8.412700000000000000e+04 1.158530000000000000e+05 2.362670000000000000e+05 2.659480000000000000e+05 4.665960000000000000e+05 1.543175000000000000e+06 2.666061000000000000e+06 5.265031000000000000e+06 1.567908100000000000e+07 3.075590600000000000e+07
1.430000000000000000e+03 7.790000000000000000e+02 1.820000000000000000e+03 2.328000000000000000e+03 3.814000000000000000e+03 8.581000000000000000e+03 1.406400000000000000e+04 2.499300000000000000e+04 5.174800000000000000e+04 5.792100000000000000e+04 7.452200000000000000e+04 1.416380000000000000e+05 1.499320000000000000e+05 2.406160000000000000e+05 7.012430000000000000e+05 1.352021000000000000e+06 2.517403000000000000e+06 7.032670000000000000e+06 1.268984200000000000e+07
2.620000000000000000e+02 2.330000000000000000e+02 4.760000000000000000e+02 4.240000000000000000e+02 7.350000000000000000e+02 1.858000000000000000e+03 2.926000000000000000e+03 5.271000000000000000e+03 1.064700000000000000e+04 1.286500000000000000e+04 1.521500000000000000e+04 2.167800000000000000e+04 2.726700000000000000e+04 3.844800000000000000e+04 9.403200000000000000e+04 1.202040000000000000e+05 2.438080000000000000e+05 8.628270000000000000e+05 1.563670000000000000e+06
7.230000000000000000e+02 7.660000000000000000e+02 1.850000000000000000e+03 2.523000000000000000e+03 4.401000000000000000e+03 1.016800000000000000e+04 1.605500000000000000e+04 2.957300000000000000e+04 6.586600000000000000e+04 7.423000000000000000e+04 1.040020000000000000e+05 1.967240000000000000e+05 2.647080000000000000e+05 4.733060000000000000e+05 1.400230000000000000e+06 2.407039000000000000e+06 4.999525000000000000e+06 1.611214100000000000e+07 3.065607200000000000e+07
6.880000000000000000e+02 6.640000000000000000e+02 1.598000000000000000e+03 2.483000000000000000e+03 4.357000000000000000e+03 1.058800000000000000e+04 1.599000000000000000e+04 2.823300000000000000e+04 6.514100000000000000e+04 7.292300000000000000e+04 1.085360000000000000e+05 2.147900000000000000e+05 2.841040000000000000e+05 4.450550000000000000e+05 1.346891000000000000e+06 2.280717000000000000e+06 4.747116000000000000e+06 1.497207700000000000e+07 2.876918100000000000e+07
