# 'name' : 'rogers_a02_b02_d05_g00'
# 'source' : 'rogers_a02_b02_d05_g00.yaml'
# 'sample_pops' : ['X', 'Y', 'D', 'N']
# 'sample_size' : 1
# 'n_reps' : 100
# 'n_windows' : 200
# 'seq_length' : 100000000.0
# 'window_length' : 500000.0
# 'recomb_rate' : 1e-08
# 'mut_rate' : 1e-08
# 'created' : None
0.000000000000000000e+00 0.000000000000000000e+00 0.000000000000000000e+00 0.000000000000000000e+00 4.666115976716729841e-01 0.000000000000000000e+00 0.000000000000000000e+00 0.000000000000000000e+00 4.078694520125305534e-01 4.344053604737339036e-01 0.000000000000000000e+00 0.000000000000000000e+00 4.607545970165933813e-01 4.894769795829081449e-01 7.430826730228017041e-02 0.000000000000000000e+00
0.000000000000000000e+00 0.000000000000000000e+00 0.000000000000000000e+00 0.000000000000000000e+00 4.602259327785761522e-01 0.000000000000000000e+00 0.000000000000000000e+00 0.000000000000000000e+00 3.974232033917267093e-01 4.197459725459972701e-01 0.000000000000000000e+00 0.000000000000000000e+00 4.574880686600327762e-01 4.806502896381397161e-01 6.792270934423000339e-02 0.000000000000000000e+00
0.000000000000000000e+00 0.000000000000000000e+00 0.000000000000000000e+00 0.000000000000000000e+00 4.555610316121677661e-01 0.000000000000000000e+00 0.000000000000000000e+00 0.000000000000000000e+00 3.993176007318028353e-01 4.262087836991634293e-01 0.000000000000000000e+00 0.000000000000000000e+00 4.738837546368181997e-01 5.047466825012411062e-01 7.862154469320307981e-02 0.000000000000000000e+00
0.000000000000000000e+00 0.000000000000000000e+00 0.000000000000000000e+00 0.000000000000000000e+00 4.529252283123729184e-01 0.000000000000000000e+00 0.000000000000000000e+00 0.000000000000000000e+00 4.041040462043652415e-01 4.319024114994972074e-01 0.000000000000000000e+00 0.000000000000000000e+00 4.635963707505282305e-01 4.919667613916220983e-01 7.767323158097604041e-02 0.000000000000000000e+00
0.000000000000000000e+00 0.000000000000000000e+00 0.000000000000000000e+00 0.000000000000000000e+00 4.577932685422870795e-01 0.000000000000000000e+00 0.000000000000000000e+00 0.000000000000000000e+00 4.072457811776064585e-01 4.270295176220126887e-01 0.000000000000000000e+00 0.000000000000000000e+00 4.638806713795948222e-01 4.842185734432286059e-01 6.862833238316286277e-02 0.000000000000000000e+00
0.000000000000000000e+00 0.000000000000000000e+00 0.000000000000000000e+00 0.000000000000000000e+00 4.791162294686603373e-01 0.000000000000000000e+00 0.000000000000000000e+00 0.000000000000000000e+00 4.095027933085889638e-01 4.335956384099798333e-01 0.000000000000000000e+00 0.000000000000000000e+00 4.733030450560163360e-01 4.990558632816602391e-01 7.117398459813099876e-02 0.000000000000000000e+00
0.000000000000000000e+00 0.000000000000000000e+00 0.000000000000000000e+00 0.000000000000000000e+00 4.619988964543249033e-01 0.000000000000000000e+00 0.000000000000000000e+00 0.000000000000000000e+00 4.047783873882691563e-01 4.313866376168091765e-01 0.000000000000000000e+00 0.000000000000000000e+00 4.615628020882586169e-01 4.875750072925118528e-01 6.880607869175302260e-02 0.000000000000000000e+00
0.000000000000000000e+00 0.000000000000000000e+00 0.000000000000000000e+00 0.000000000000000000e+00 4.641045816735656082e-01 0.000000000000000000e+00 0.000000000000000000e+00 0.000000000000000000e+00 4.030578718459577048e-01 4.244809209093219904e-01 0.000000000000000000e+00 0.000000000000000000e+00 4.644587992712403968e-01 4.854199291990369258e-01 7.892487711793559624e-02 0.000000000000000000e+00
0.000000000000000000e+00 0.000000000000000000e+00 0.000000000000000000e+00 0.000000000000000000e+00 4.594914813014618349e-01 0.000000000000000000e+00 0.000000000000000000e+00 0.000000000000000000e+00 4.088232409486463603e-01 4.276152589035223661e-01 0.000000000000000000e+00 0.000000000000000000e+00 4.670124428737011391e-01 4.853763219340676560e-01 7.095950342007927014e-02 0.000000000000000000e+00
0.000000000000000000e+00 0.000000000000000000e+00 0.000000000000000000e+00 0.000000000000000000e+00 4.678294566777709829e-01 0.000000000000000000e+00 0.000000000000000000e+00 0.000000000000000000e+00 4.049858869359473923e-01 4.298996107869572092e-01 0.000000000000000000e+00 0.000000000000000000e+00 4.666545563747036551e-01 4.935679749361697177e-01 8.203201679884288000e-02 0.000000000000000000e+00
0.000000000000000000e+00 0.000000000000000000e+00 0.000000000000000000e+00 0.000000000000000000e+00 4.606954430694988889e-01 0.000000000000000000e+00 0.000000000000000000e+00 0.000000000000000000e+00 4.114412887485797699e-01 4.386312594937889497e-01 0.000000000000000000e+00 0.000000000000000000e+00 4.559244269098947644e-01 4.838591018719196057e-01 7.378935570008064715e-02 0.000000000000000000e+00
0.000000000000000000e+00 0.000000000000000000e+00 0.000000000000000000e+00 0.000000000000000000e+00 4.564033117179704391e-01 0.000000000000000000e+00 0.000000000000000000e+00 0.000000000000000000e+00 3.987185868811116141e-01 4.264879219823519696e-01 0.000000000000000000e+00 0.000000000000000000e+00 4.560827275485344057e-01 4.856178875649773130e-01 6.566172918722099072e-02 0.000000000000000000e+00
0.000000000000000000e+00 0.000000000000000000e+00 0.000000000000000000e+00 0.000000000000000000e+00 4.674098607183039267e-01 0.000000000000000000e+00 0.000000000000000000e+00 0.000000000000000000e+00 4.125697872519744624e-01 4.377435639659057465e-01 0.000000000000000000e+00 0.000000000000000000e+00 4.662908566500395535e-01 4.944757540129801066e-01 7.683164507162848489e-02 0.000000000000000000e+00
0.000000000000000000e+00 0.000000000000000000e+00 0.000000000000000000e+00 0.000000000000000000e+00 4.585395500748509767e-01 0.000000000000000000e+00 0.000000000000000000e+00 0.000000000000000000e+00 4.068570928222686178e-01 4.301544872539749265e-01 0.000000000000000000e+00 0.000000000000000000e+00 4.719149159078338540e-01 4.964072862177015821e-01 7.448279473720856303e-02 0.000000000000000000e+00
0.000000000000000000e+00 0.000000000000000000e+00 0.000000000000000000e+00 0.000000000000000000e+00 4.713707900481904356e-01 0.000000000000000000e+00 0.000000000000000000e+00 0.000000000000000000e+00 4.098236694930803559e-01 4.334769772827740120e-01 0.000000000000000000e+00 0.000000000000000000e+00 4.615154403606699374e-01 4.854568527648639997e-01 7.075590524724732766e-02 0.000000000000000000e+00
0.000000000000000000e+00 0.000000000000000000e+00 0.000000000000000000e+00 0.000000000000000000e+00 4.646117390317052731e-01 0.000000000000000000e+00 0.000000000000000000e+00 0.000000000000000000e+00 4.103002391362896017e-01 4.350643888389876812e-01 0.000000000000000000e+00 0.000000000000000000e+00 4.662449545818813101e-01 4.905990978582330242e-01 7.998712575042905837e-02 0.000000000000000000e+00
0.000000000000000000e+00 0.000000000000000000e+00 0.000000000000000000e+00 0.000000000000000000e+00 4.662897294530128356e-01 0.000000000000000000e+00 0.000000000000000000e+00 0.000000000000000000e+00 4.035023169931432618e-01 4.296606038979258191e-01 0.000000000000000000e+00 0.000000000000000000e+00 4.473711139342528287e-01 4.703448748587248929e-01 6.347943635894295888e-02 0.000000000000000000e+00
0.000000000000000000e+00 0.000000000000000000e+00 0.000000000000000000e+00 0.000000000000000000e+00 4.614617659651503168e-01 0.000000000000000000e+00 0.000000000000000000e+00 0.000000000000000000e+00 4.011082268214590241e-01 4.193754948547036565e-01 0.000000000000000000e+00 0.000000000000000000e+00 4.602046732704121457e-01 4.800195837608171590e-01 6.198537510358891750e-02 0.000000000000000000e+00
0.000000000000000000e+00 0.000000000000000000e+00 0.000000000000000000e+00 0.000000000000000000e+00 4.591004452358396493e-01 0.000000000000000000e+00 0.000000000000000000e+00 0.000000000000000000e+00 4.044214859663101680e-01 4.284555930547370162e-01 0.000000000000000000e+00 0.000000000000000000e+00 4.702462702559307428e-01 4.974918272378354156e-01 7.594150699323259923e-02 0.000000000000000000e+00
0.000000000000000000e+00 0.000000000000000000e+00 0.000000000000000000e+00 0.000000000000000000e+00 4.642289692076640995e-01 0.000000000000000000e+00 0.000000000000000000e+00 0.000000000000000000e+00 4.020713091652287630e-01 4.279293612364746258e-01 0.000000000000000000e+00 0.000000000000000000e+00 4.512701049622287464e-01 4.781166275248626141e-01 6.480412595415181720e-02 0.000000000000000000e+00
0.000000000000000000e+00 0.000000000000000000e+00 0.000000000000000000e+00 0.000000000000000000e+00 4.678138815815136575e-01 0.000000000000000000e+00 0.000000000000000000e+00 0.000000000000000000e+00 4.046225515315957644e-01 4.270742441257598943e-01 0.000000000000000000e+00 0.000000000000000000e+00 4.692948572815159869e-01 4.946299049957320060e-01 7.181679210218176734e-02 0.000000000000000000e+00
0.000000000000000000e+00 0.000000000000000000e+00 0.000000000000000000e+00 0.000000000000000000e+00 4.668897060947296285e-01 0.000000000000000000e+00 0.000000000000000000e+00 0.000000000000000000e+00 4.082281816365909144e-01 4.304949228400364869e-01 0.000000000000000000e+00 0.000000000000000000e+00 4.654265301968512625e-01 4.886429072141341701e-01 7.099692640534575883e-02 0.000000000000000000e+00
0.000000000000000000e+00 0.000000000000000000e+00 0.000000000000000000e+00 0.000000000000000000e+00 4.564516627857142517e-01 0.000000000000000000e+00 0.000000000000000000e+00 0.000000000000000000e+00 4.016155844396875896e-01 4.244052323189403397e-01 0.000000000000000000e+00 0.000000000000000000e+00 4.612566851318526950e-01 4.844469045247638550e-01 7.039760870847201757e-02 0.000000000000000000e+00
0.000000000000000000e+00 0.000000000000000000e+00 0.000000000000000000e+00 0.000000000000000000e+00 4.714971353584011537e-01 0.000000000000000000e+00 0.000000000000000000e+00 0.000000000000000000e+00 4.042440937123539801e-01 4.261451486650437159e-01 0.000000000000000000e+00 0.000000000000000000e+00 4.730060903568597541e-01 4.963365105575467395e-01 7.453292176149010906e-02 0.000000000000000000e+00
0.000000000000000000e+00 0.000000000000000000e+00 0.000000000000000000e+00 0.000000000000000000e+00 4.628571860092546841e-01 0.000000000000000000e+00 0.000000000000000000e+00 0.000000000000000000e+00 4.074656810671698492e-01 4.310631014637851810e-01 0.000000000000000000e+00 0.000000000000000000e+00 4.598794231941185084e-01 4.841135190333841209e-01 7.770142900067521230e-02 0.000000000000000000e+00
0.000000000000000000e+00 0.000000000000000000e+00 0.000000000000000000e+00 0.000000000000000000e+00 4.540151963896075227e-01 0.000000000000000000e+00 0.000000000000000000e+00 0.000000000000000000e+00 3.946543836183512011e-01 4.217441361431742974e-01 0.000000000000000000e+00 0.000000000000000000e+00 4.660265553472081601e-01 4.945256263901407490e-01 7.355279963967779888e-02 0.000000000000000000e+00
0.000000000000000000e+00 0.000000000000000000e+00 0.000000000000000000e+00 0.000000000000000000e+00 4.580641114471724618e-01 0.000000000000000000e+00 0.000000000000000000e+00 0.000000000000000000e+00 4.036221277729976631e-01 4.296984855678717685e-01 0.000000000000000000e+00 0.000000000000000000e+00 4.618042699772458293e-01 4.879730747052425932e-01 7.909519385870650288e-02 0.000000000000000000e+00
0.000000000000000000e+00 0.000000000000000000e+00 0.000000000000000000e+00 0.000000000000000000e+00 4.693889908889181672e-01 0.000000000000000000e+00 0.000000000000000000e+00 0.000000000000000000e+00 4.062565115920006020e-01 4.305186103783508744e-01 0.000000000000000000e+00 0.000000000000000000e+00 4.724415356967371915e-01 4.986057356358271631e-01 7.198439432045417030e-02 0.000000000000000000e+00
0.000000000000000000e+00 0.000000000000000000e+00 0.000000000000000000e+00 0.000000000000000000e+00 4.606247780195051877e-01 0.000000000000000000e+00 0.000000000000000000e+00 0.000000000000000000e+00 4.021406286982370792e-01 4.292575623195053480e-01 0.000000000000000000e+00 0.000000000000000000e+00 4.691469603374348041e-01 4.983414541227073613e-01 7.392070645019073460e-02 0.000000000000000000e+00
0.000000000000000000e+00 0.000000000000000000e+00 0.000000000000000000e+00 0.000000000000000000e+00 4.598791782098296532e-01 0.000000000000000000e+00 0.000000000000000000e+00 0.000000000000000000e+00 4.065790119919597823e-01 4.355715206141802520e-01 0.000000000000000000e+00 0.000000000000000000e+00 4.585488046491472680e-01 4.871803356103825977e-01 8.063357619142216826e-02 0.000000000000000000e+00
0.000000000000000000e+00 0.000000000000000000e+00 0.000000000000000000e+00 0.000000000000000000e+00 4.584573968953559175e-01 0.000000000000000000e+00 0.000000000000000000e+00 0.000000000000000000e+00 3.980290567650655031e-01 4.213715238509482264e-01 0.000000000000000000e+00 0.000000000000000000e+00 4.549845582534156052e-01 4.779513738113645438e-01 7.277699267006933204e-02 0.000000000000000000e+00
0.000000000000000000e+00 0.000000000000000000e+00 0.000000000000000000e+00 0.000000000000000000e+00 4.541529275011378375e-01 0.000000000000000000e+00 0.000000000000000000e+00 0.000000000000000000e+00 4.043677511441228223e-01 4.300370984793668305e-01 0.000000000000000000e+00 0.000000000000000000e+00 4.566263256977640128e-01 4.844359805958742271e-01 7.770575317219469147e-02 0.000000000000000000e+00
0.000000000000000000e+00 0.000000000000000000e+00 0.000000000000000000e+00 0.000000000000000000e+00 4.569953151908595079e-01 0.000000000000000000e+00 0.000000000000000000e+00 0.000000000000000000e+00 3.977889218309801356e-01 4.235295860942306367e-01 0.000000000000000000e+00 0.000000000000000000e+00 4.474230383534696376e-01 4.728413003922928848e-01 6.065426004073001809e-02 0.000000000000000000e+00
0.000000000000000000e+00 0.000000000000000000e+00 0.000000000000000000e+00 0.000000000000000000e+00 4.688591247931839234e-01 0.000000000000000000e+00 0.000000000000000000e+00 0.000000000000000000e+00 4.135858010351505798e-01 4.372980725919596301e-01 0.000000000000000000e+00 0.000000000000000000e+00 4.641685225121526814e-01 4.888224672377177726e-01 7.225772320504396384e-02 0.000000000000000000e+00
0.000000000000000000e+00 0.000000000000000000e+00 0.000000000000000000e+00 0.000000000000000000e+00 4.680240379385676164e-01 0.000000000000000000e+00 0.000000000000000000e+00 0.000000000000000000e+00 4.101501356150007438e-01 4.338114097990710682e-01 0.000000000000000000e+00 0.000000000000000000e+00 4.670585711393542283e-01 4.926258220267880072e-01 7.784945712958939168e-02 0.000000000000000000e+00
0.000000000000000000e+00 0.000000000000000000e+00 0.000000000000000000e+00 0.000000000000000000e+00 4.560323906830208163e-01 0.000000000000000000e+00 0.000000000000000000e+00 0.000000000000000000e+00 4.019246086269239737e-01 4.220986434337651860e-01 0.000000000000000000e+00 0.000000000000000000e+00 4.618200194263020197e-01 4.824634742846579671e-01 7.151761750543370044e-02 0.000000000000000000e+00
0.000000000000000000e+00 0.000000000000000000e+00 0.000000000000000000e+00 0.000000000000000000e+00 4.721536225760185612e-01 0.000000000000000000e+00 0.000000000000000000e+00 0.000000000000000000e+00 4.139369164446572436e-01 4.300094672691963105e-01 0.000000000000000000e+00 0.000000000000000000e+00 4.820510184918267993e-01 4.993879780408453928e-01 8.041199211891875143e-02 0.000000000000000000e+00
0.000000000000000000e+00 0.000000000000000000e+00 0.000000000000000000e+00 0.000000000000000000e+00 4.721697987333373647e-01 0.000000000000000000e+00 0.000000000000000000e+00 0.000000000000000000e+00 4.070440455838585381e-01 4.304932176413934775e-01 0.000000000000000000e+00 0.000000000000000000e+00 4.635639091277618529e-01 4.872341054667511107e-01 7.240668251797466315e-02 0.000000000000000000e+00
0.000000000000000000e+00 0.000000000000000000e+00 0.000000000000000000e+00 0.000000000000000000e+00 4.473768624480478628e-01 0.000000000000000000e+00 0.000000000000000000e+00 0.000000000000000000e+00 4.035453576858434310e-01 4.302626293314837369e-01 0.000000000000000000e+00 0.000000000000000000e+00 4.600414318393269975e-01 4.884730258056487195e-01 7.391799173049908023e-02 0.000000000000000000e+00
0.000000000000000000e+00 0.000000000000000000e+00 0.000000000000000000e+00 0.000000000000000000e+00 4.534765092267836195e-01 0.000000000000000000e+00 0.000000000000000000e+00 0.000000000000000000e+00 4.035487839861521819e-01 4.352347993320011543e-01 0.000000000000000000e+00 0.000000000000000000e+00 4.591142135252218037e-01 4.933641779393735938e-01 6.891486424479872919e-02 0.000000000000000000e+00
0.000000000000000000e+00 0.000000000000000000e+00 0.000000000000000000e+00 0.000000000000000000e+00 4.589949955719602182e-01 0.000000000000000000e+00 0.000000000000000000e+00 0.000000000000000000e+00 4.026988766808112796e-01 4.293514758736736159e-01 0.000000000000000000e+00 0.000000000000000000e+00 4.657332755848889727e-01 4.940513196533997675e-01 7.956608302968871949e-02 0.000000000000000000e+00
0.000000000000000000e+00 0.000000000000000000e+00 0.000000000000000000e+00 0.000000000000000000e+00 4.613193974669764219e-01 0.000000000000000000e+00 0.000000000000000000e+00 0.000000000000000000e+00 4.097827059740572486e-01 4.326699754146442478e-01 0.000000000000000000e+00 0.000000000000000000e+00 4.578178644347742909e-01 4.817080139863596511e-01 6.813428352162413659e-02 0.000000000000000000e+00
0.000000000000000000e+00 0.000000000000000000e+00 0.000000000000000000e+00 0.000000000000000000e+00 4.665016498899743902e-01 0.000000000000000000e+00 0.000000000000000000e+00 0.000000000000000000e+00 3.995173985710595566e-01 4.262132194623883819e-01 0.000000000000000000e+00 0.000000000000000000e+00 4.594273128054689459e-01 4.863425158213512400e-01 7.072008042501662373e-02 0.000000000000000000e+00
0.000000000000000000e+00 0.000000000000000000e+00 0.000000000000000000e+00 0.000000000000000000e+00 4.481551639257997377e-01 0.000000000000000000e+00 0.000000000000000000e+00 0.000000000000000000e+00 4.104167534972070763e-01 4.349224152372321850e-01 0.000000000000000000e+00 0.000000000000000000e+00 4.755471273321839609e-01 5.022842036918364617e-01 8.058009367733422190e-02 0.000000000000000000e+00
0.000000000000000000e+00 0.000000000000000000e+00 0.000000000000000000e+00 0.000000000000000000e+00 4.534780886732187599e-01 0.000000000000000000e+00 0.000000000000000000e+00 0.000000000000000000e+00 4.033701323204179068e-01 4.309668973127761538e-01 0.000000000000000000e+00 0.000000000000000000e+00 4.744816114768459214e-01 5.040808240853542621e-01 8.380757302136815357e-02 0.000000000000000000e+00
0.000000000000000000e+00 0.000000000000000000e+00 0.000000000000000000e+00 0.000000000000000000e+00 4.634119889375222789e-01 0.000000000000000000e+00 0.000000000000000000e+00 0.000000000000000000e+00 4.038684724045520924e-01 4.306541586979720782e-01 0.000000000000000000e+00 0.000000000000000000e+00 4.645358104341312799e-01 4.928810705014718407e-01 8.013293476790307734e-02 0.000000000000000000e+00
0.000000000000000000e+00 0.000000000000000000e+00 0.000000000000000000e+00 0.000000000000000000e+00 4.628846276863057829e-01 0.000000000000000000e+00 0.000000000000000000e+00 0.000000000000000000e+00 4.012865006172592341e-01 4.261593215515095956e-01 0.000000000000000000e+00 0.000000000000000000e+00 4.616046459474736907e-01 4.888351493374966661e-01 7.727333886584056288e-02 0.000000000000000000e+00
0.000000000000000000e+00 0.000000000000000000e+00 0.000000000000000000e+00 0.000000000000000000e+00 4.571573996044561161e-01 0.000000000000000000e+00 0.000000000000000000e+00 0.000000000000000000e+00 4.032816979252671352e-01 4.261719916860043367e-01 0.000000000000000000e+00 0.000000000000000000e+00 4.619721043238635416e-01 4.860579681361764659e-01 7.027235449384243438e-02 0.000000000000000000e+00
0.000000000000000000e+00 0.000000000000000000e+00 0.000000000000000000e+00 0.000000000000000000e+00 4.567051830368477061e-01 0.000000000000000000e+00 0.000000000000000000e+00 0.000000000000000000e+00 4.073154626259518629e-01 4.334010370411853774e-01 0.000000000000000000e+00 0.000000000000000000e+00 4.612181315731582743e-01 4.895195342269896277e-01 7.814348281768082605e-02 0.000000000000000000e+00
0.000000000000000000e+00 0.000000000000000000e+00 0.000000000000000000e+00 0.000000000000000000e+00 4.474243033489871402e-01 0.000000000000000000e+00 0.000000000000000000e+00 0.000000000000000000e+00 4.090084412673569148e-01 4.339004984448484037e-01 0.000000000000000000e+00 0.000000000000000000e+00 4.674116599693784457e-01 4.929276827044370979e-01 8.094831244428155048e-02 0.000000000000000000e+00
0.000000000000000000e+00 0.000000000000000000e+00 0.000000000000000000e+00 0.000000000000000000e+00 4.650585664142491971e-01 0.000000000000000000e+00 0.000000000000000000e+00 0.000000000000000000e+00 4.041085896124075316e-01 4.297648810767870642e-01 0.000000000000000000e+00 0.000000000000000000e+00 4.612087944521383043e-01 4.870103992451702557e-01 7.970958201169872637e-02 0.000000000000000000e+00
0.000000000000000000e+00 0.000000000000000000e+00 0.000000000000000000e+00 0.000000000000000000e+00 4.685347162075377270e-01 0.000000000000000000e+00 0.000000000000000000e+00 0.000000000000000000e+00 4.071552197895589309e-01 4.304938080820862600e-01 0.000000000000000000e+00 0.000000000000000000e+00 4.636894807460282819e-01 4.874365989051114845e-01 7.820380274405253074e-02 0.000000000000000000e+00
0.000000000000000000e+00 0.000000000000000000e+00 0.000000000000000000e+00 0.000000000000000000e+00 4.682849846596012222e-01 0.000000000000000000e+00 0.000000000000000000e+00 0.000000000000000000e+00 4.087979581734867973e-01 4.325162776453580493e-01 0.000000000000000000e+00 0.000000000000000000e+00 4.560873828610790270e-01 4.805040913703950700e-01 6.760109240833184208e-02 0.000000000000000000e+00
0.000000000000000000e+00 0.000000000000000000e+00 0.000000000000000000e+00 0.000000000000000000e+00 4.467566208232601199e-01 0.000000000000000000e+00 0.000000000000000000e+00 0.000000000000000000e+00 4.043705930115844005e-01 4.276126704610477836e-01 0.000000000000000000e+00 0.000000000000000000e+00 4.529520428205479066e-01 4.761524958569908761e-01 7.022888739332619479e-02 0.000000000000000000e+00
0.000000000000000000e+00 0.000000000000000000e+00 0.000000000000000000e+00 0.000000000000000000e+00 4.545335961453857987e-01 0.000000000000000000e+00 0.000000000000000000e+00 0.000000000000000000e+00 4.039343084357303604e-01 4.275561890718669322e-01 0.000000000000000000e+00 0.000000000000000000e+00 4.752613664896780943e-01 5.013722698262413902e-01 8.222305417692873930e-02 0.000000000000000000e+00
0.000000000000000000e+00 0.000000000000000000e+00 0.000000000000000000e+00 0.000000000000000000e+00 4.581324443526000323e-01 0.000000000000000000e+00 0.000000000000000000e+00 0.000000000000000000e+00 3.969031793975378863e-01 4.202645850024114837e-01 0.000000000000000000e+00 0.000000000000000000e+00 4.540655946661979470e-01 4.774778168657365374e-01 6.683435805097213966e-02 0.000000000000000000e+00
0.000000000000000000e+00 0.000000000000000000e+00 0.000000000000000000e+00 0.000000000000000000e+00 4.618065806692105424e-01 0.000000000000000000e+00 0.000000000000000000e+00 0.000000000000000000e+00 4.116352611277656615e-01 4.398381188682919385e-01 0.000000000000000000e+00 0.000000000000000000e+00 4.693111112815706587e-01 4.984779513292068587e-01 7.937884128925752625e-02 0.000000000000000000e+00
0.000000000000000000e+00 0.000000000000000000e+00 0.000000000000000000e+00 0.000000000000000000e+00 4.539664396343745523e-01 0.000000000000000000e+00 0.000000000000000000e+00 0.000000000000000000e+00 4.052758612705341101e-01 4.265864948157102599e-01 0.000000000000000000e+00 0.000000000000000000e+00 4.485970041073144010e-01 4.697686435674370276e-01 6.515200760660748436e-02 0.000000000000000000e+00
0.000000000000000000e+00 0.000000000000000000e+00 0.000000000000000000e+00 0.000000000000000000e+00 4.607223442976892680e-01 0.000000000000000000e+00 0.000000000000000000e+00 0.000000000000000000e+00 4.027450703798398646e-01 4.246598182796516574e-01 0.000000000000000000e+00 0.000000000000000000e+00 4.570656652250713603e-01 4.783660887610613477e-01 6.917033663045074610e-02 0.000000000000000000e+00
0.000000000000000000e+00 0.000000000000000000e+00 0.000000000000000000e+00 0.000000000000000000e+00 4.444078055904214786e-01 0.000000000000000000e+00 0.000000000000000000e+00 0.000000000000000000e+00 4.016411906843026514e-01 4.295727958877252894e-01 0.000000000000000000e+00 0.000000000000000000e+00 4.570809608330644869e-01 4.866217971269871101e-01 6.864604421697284575e-02 0.000000000000000000e+00
0.000000000000000000e+00 0.000000000000000000e+00 0.000000000000000000e+00 0.000000000000000000e+00 4.582602666656462875e-01 0.000000000000000000e+00 0.000000000000000000e+00 0.000000000000000000e+00 4.022303082418858255e-01 4.215336441857321370e-01 0.000000000000000000e+00 0.000000000000000000e+00 4.630983916374759035e-01 4.848612814619480127e-01 6.760313736593412393e-02 0.000000000000000000e+00
0.000000000000000000e+00 0.000000000000000000e+00 0.000000000000000000e+00 0.000000000000000000e+00 4.497987878799141193e-01 0.000000000000000000e+00 0.000000000000000000e+00 0.000000000000000000e+00 4.035614382011838419e-01 4.302616175695962442e-01 0.000000000000000000e+00 0.000000000000000000e+00 4.618131141309393950e-01 4.901319685497000367e-01 6.904331559627684134e-02 0.000000000000000000e+00
0.000000000000000000e+00 0.000000000000000000e+00 0.000000000000000000e+00 0.000000000000000000e+00 4.654665010554805971e-01 0.000000000000000000e+00 0.000000000000000000e+00 0.000000000000000000e+00 4.074919988530741333e-01 4.353424226740765790e-01 0.000000000000000000e+00 0.000000000000000000e+00 4.579397691992480035e-01 4.866879353841296885e-01 7.221269868708804496e-02 0.000000000000000000e+00
0.000000000000000000e+00 0.000000000000000000e+00 0.000000000000000000e+00 0.000000000000000000e+00 4.737710854081837453e-01 0.000000000000000000e+00 0.000000000000000000e+00 0.000000000000000000e+00 4.083988229512190427e-01 4.279185742244377422e-01 0.000000000000000000e+00 0.000000000000000000e+00 4.663677010313144744e-01 4.856871809722357325e-01 7.349339543322130908e-02 0.000000000000000000e+00
0.000000000000000000e+00 0.000000000000000000e+00 0.000000000000000000e+00 0.000000000000000000e+00 4.593917439137736869e-01 0.000000000000000000e+00 0.000000000000000000e+00 0.000000000000000000e+00 4.044279410205855463e-01 4.294807472097131873e-01 0.000000000000000000e+00 0.000000000000000000e+00 4.509100186599070414e-01 4.758954910389867621e-01 6.321176623572923037e-02 0.000000000000000000e+00
0.000000000000000000e+00 0.000000000000000000e+00 0.000000000000000000e+00 0.000000000000000000e+00 4.808110715515107603e-01 0.000000000000000000e+00 0.000000000000000000e+00 0.000000000000000000e+00 4.107107969545972237e-01 4.291034787136551731e-01 0.000000000000000000e+00 0.000000000000000000e+00 4.671052219227494473e-01 4.855394702602995882e-01 7.089803528432711555e-02 0.000000000000000000e+00
0.000000000000000000e+00 0.000000000000000000e+00 0.000000000000000000e+00 0.000000000000000000e+00 4.607499191751273093e-01 0.000000000000000000e+00 0.000000000000000000e+00 0.000000000000000000e+00 4.101695492290043932e-01 4.278162618479809942e-01 0.000000000000000000e+00 0.000000000000000000e+00 4.728153847134333176e-01 4.923745433429851937e-01 8.245486467705304134e-02 0.000000000000000000e+00
0.000000000000000000e+00 0.000000000000000000e+00 0.000000000000000000e+00 0.000000000000000000e+00 4.560284157054153575e-01 0.000000000000000000e+00 0.000000000000000000e+00 0.000000000000000000e+00 3.940309612032686370e-01 4.194419270070878225e-01 0.000000000000000000e+00 0.000000000000000000e+00 4.570931364350486192e-01 4.834533045543639163e-01 7.336877256495427657e-02 0.000000000000000000e+00
0.000000000000000000e+00 0.000000000000000000e+00 0.000000000000000000e+00 0.000000000000000000e+00 4.603063031778168446e-01 0.000000000000000000e+00 0.000000000000000000e+00 0.000000000000000000e+00 3.894994968847524941e-01 4.180519265709116694e-01 0.000000000000000000e+00 0.000000000000000000e+00 4.529947203919025833e-01 4.832085240062030107e-01 6.429715386479566142e-02 0.000000000000000000e+00
0.000000000000000000e+00 0.000000000000000000e+00 0.000000000000000000e+00 0.000000000000000000e+00 4.506885905275092585e-01 0.000000000000000000e+00 0.000000000000000000e+00 0.000000000000000000e+00 4.125028438268674158e-01 4.348127271700583663e-01 0.000000000000000000e+00 0.000000000000000000e+00 4.533276070755525855e-01 4.763360654571848762e-01 7.062195869830048545e-02 0.000000000000000000e+00
0.000000000000000000e+00 0.000000000000000000e+00 0.000000000000000000e+00 0.000000000000000000e+00 4.582286758106313140e-01 0.000000000000000000e+00 0.000000000000000000e+00 0.000000000000000000e+00 4.088215669495744997e-01 4.359503626073075733e-01 0.000000000000000000e+00 0.000000000000000000e+00 4.712645283725300782e-01 5.006369883442588486e-01 7.923748250147739924e-02 0.000000000000000000e+00
0.000000000000000000e+00 0.000000000000000000e+00 0.000000000000000000e+00 0.000000000000000000e+00 4.639662997311963522e-01 0.000000000000000000e+00 0.000000000000000000e+00 0.000000000000000000e+00 4.169917179404254437e-01 4.432900945656165215e-01 0.000000000000000000e+00 0.000000000000000000e+00 4.602213829850160809e-01 4.871206942385959415e-01 6.974338670788700345e-02 0.000000000000000000e+00
0.000000000000000000e+00 0.000000000000000000e+00 0.000000000000000000e+00 0.000000000000000000e+00 4.591944112605961803e-01 0.000000000000000000e+00 0.000000000000000000e+00 0.000000000000000000e+00 4.010214291278018650e-01 4.271181172852271946e-01 0.000000000000000000e+00 0.000000000000000000e+00 4.506970749999738568e-01 4.779264870615111405e-01 6.369144022326796162e-02 0.000000000000000000e+00
0.000000000000000000e+00 0.000000000000000000e+00 0.000000000000000000e+00 0.000000000000000000e+00 4.764991149567482376e-01 0.000000000000000000e+00 0.000000000000000000e+00 0.000000000000000000e+00 4.135745337963456780e-01 4.339808896011343453e-01 0.000000000000000000e+00 0.000000000000000000e+00 4.621389870056160087e-01 4.819705319725269832e-01 6.147324171042820029e-02 0.000000000000000000e+00
0.000000000000000000e+00 0.000000000000000000e+00 0.000000000000000000e+00 0.000000000000000000e+00 4.617184576630813941e-01 0.000000000000000000e+00 0.000000000000000000e+00 0.000000000000000000e+00 4.031455492533395635e-01 4.299840117730051037e-01 0.000000000000000000e+00 0.000000000000000000e+00 4.572052740387337888e-01 4.856499900686169768e-01 7.246705361749303242e-02 0.000000000000000000e+00
0.000000000000000000e+00 0.000000000000000000e+00 0.000000000000000000e+00 0.000000000000000000e+00 4.597648828686013989e-01 0.000000000000000000e+00 0.000000000000000000e+00 0.000000000000000000e+00 4.114684405844241666e-01 4.370170640825699615e-01 0.000000000000000000e+00 0.000000000000000000e+00 4.711368873536905810e-01 4.991851262477121076e-01 8.442663683995245416e-02 0.000000000000000000e+00
0.000000000000000000e+00 0.000000000000000000e+00 0.000000000000000000e+00 0.000000000000000000e+00 4.690301540276088366e-01 0.000000000000000000e+00 0.000000000000000000e+00 0.000000000000000000e+00 4.018913677659137762e-01 4.292524294982045796e-01 0.000000000000000000e+00 0.000000000000000000e+00 4.568375849434305747e-01 4.855372677892033639e-01 6.313125701408214829e-02 0.000000000000000000e+00
0.000000000000000000e+00 0.000000000000000000e+00 0.000000000000000000e+00 0.000000000000000000e+00 4.626361556199881653e-01 0.000000000000000000e+00 0.000000000000000000e+00 0.000000000000000000e+00 4.040848619459087021e-01 4.313923496732555152e-01 0.000000000000000000e+00 0.000000000000000000e+00 4.616418041171971298e-01 4.897256100068415052e-01 7.404596700095987527e-02 0.000000000000000000e+00
0.000000000000000000e+00 0.000000000000000000e+00 0.000000000000000000e+00 0.000000000000000000e+00 4.615582839517359259e-01 0.000000000000000000e+00 0.000000000000000000e+00 0.000000000000000000e+00 4.070156243953655384e-01 4.288858821881905148e-01 0.000000000000000000e+00 0.000000000000000000e+00 4.727806399174208085e-01 4.967411522813698910e-01 7.197753763336033062e-02 0.000000000000000000e+00
0.000000000000000000e+00 0.000000000000000000e+00 0.000000000000000000e+00 0.000000000000000000e+00 4.682833665359066866e-01 0.000000000000000000e+00 0.000000000000000000e+00 0.000000000000000000e+00 4.090688499660803945e-01 4.301575406747997210e-01 0.000000000000000000e+00 0.000000000000000000e+00 4.599023459402562519e-01 4.799169852207191278e-01 7.094671509070450688e-02 0.000000000000000000e+00
0.000000000000000000e+00 0.000000000000000000e+00 0.000000000000000000e+00 0.000000000000000000e+00 4.643273355203081931e-01 0.000000000000000000e+00 0.000000000000000000e+00 0.000000000000000000e+00 4.027404971290439173e-01 4.294086680019836288e-01 0.000000000000000000e+00 0.000000000000000000e+00 4.561557786196386854e-01 4.834506948475066901e-01 6.539432738561976044e-02 0.000000000000000000e+00
0.000000000000000000e+00 0.000000000000000000e+00 0.000000000000000000e+00 0.000000000000000000e+00 4.583313958997603521e-01 0.000000000000000000e+00 0.000000000000000000e+00 0.000000000000000000e+00 3.954703353574470226e-01 4.236705049244637866e-01 0.000000000000000000e+00 0.000000000000000000e+00 4.560617595330349050e-01 4.848392474863221224e-01 7.312300095882749706e-02 0.000000000000000000e+00
0.000000000000000000e+00 0.000000000000000000e+00 0.000000000000000000e+00 0.000000000000000000e+00 4.679855839576323451e-01 0.000000000000000000e+00 0.000000000000000000e+00 0.000000000000000000e+00 4.002084348763116362e-01 4.229877313819279117e-01 0.000000000000000000e+00 0.000000000000000000e+00 4.538518978402269477e-01 4.770400920248213383e-01 6.530524393123765536e-02 0.000000000000000000e+00
0.000000000000000000e+00 0.000000000000000000e+00 0.000000000000000000e+00 0.000000000000000000e+00 4.564057468469017165e-01 0.000000000000000000e+00 0.000000000000000000e+00 0.000000000000000000e+00 3.962554368201354205e-01 4.248861825693221461e-01 0.000000000000000000e+00 0.000000000000000000e+00 4.574614251482232441e-01 4.872297276943260425e-01 7.186733733677320990e-02 0.000000000000000000e+00
0.000000000000000000e+00 0.000000000000000000e+00 0.000000000000000000e+00 0.000000000000000000e+00 4.675676634086075589e-01 0.000000000000000000e+00 0.000000000000000000e+00 0.000000000000000000e+00 4.129957582318278253e-01 4.346118059674163314e-01 0.000000000000000000e+00 0.000000000000000000e+00 4.758539984721441574e-01 4.963745860896344730e-01 8.015869848255130492e-02 0.000000000000000000e+00
0.000000000000000000e+00 0.000000000000000000e+00 0.000000000000000000e+00 0.000000000000000000e+00 4.626793736557127112e-01 0.000000000000000000e+00 0.000000000000000000e+00 0.000000000000000000e+00 4.076914289509555589e-01 4.337248431977737129e-01 0.000000000000000000e+00 0.000000000000000000e+00 4.613952148454554814e-01 4.874859305766666706e-01 6.851930841016179441e-02 0.000000000000000000e+00
0.000000000000000000e+00 0.000000000000000000e+00 0.000000000000000000e+00 0.000000000000000000e+00 4.669866407630257066e-01 0.000000000000000000e+00 0.000000000000000000e+00 0.000000000000000000e+00 4.070574568456736264e-01 4.305945198811738650e-01 0.000000000000000000e+00 0.000000000000000000e+00 4.550846229832532508e-01 4.801252377232650970e-01 7.319000364559240246e-02 0.000000000000000000e+00
0.000000000000000000e+00 0.000000000000000000e+00 0.000000000000000000e+00 0.000000000000000000e+00 4.684441332144683723e-01 0.000000000000000000e+00 0.000000000000000000e+00 0.000000000000000000e+00 4.117896303127359103e-01 4.338505849298152639e-01 0.000000000000000000e+00 0.000000000000000000e+00 4.673913141888638156e-01 4.898988190672822762e-01 6.918167069153692561e-02 0.000000000000000000e+00
0.000000000000000000e+00 0.000000000000000000e+00 0.000000000000000000e+00 0.000000000000000000e+00 4.679989235203433906e-01 0.000000000000000000e+00 0.000000000000000000e+00 0.000000000000000000e+00 4.031797315795298542e-01 4.268348186770982156e-01 0.000000000000000000e+00 0.000000000000000000e+00 4.531814917067368276e-01 4.777674112025230846e-01 6.913243631066912087e-02 0.000000000000000000e+00
0.000000000000000000e+00 0.000000000000000000e+00 0.000000000000000000e+00 0.000000000000000000e+00 4.579332366490481143e-01 0.000000000000000000e+00 0.000000000000000000e+00 0.000000000000000000e+00 4.056856944984651991e-01 4.334453719535167893e-01 0.000000000000000000e+00 0.000000000000000000e+00 4.549575526511944190e-01 4.840923407126387357e-01 7.360897704401413166e-02 0.000000000000000000e+00
0.000000000000000000e+00 0.000000000000000000e+00 0.000000000000000000e+00 0.000000000000000000e+00 4.695140341943732087e-01 0.000000000000000000e+00 0.000000000000000000e+00 0.000000000000000000e+00 4.128905805564904163e-01 4.340878573761166037e-01 0.000000000000000000e+00 0.000000000000000000e+00 4.605623640586445355e-01 4.833506340275837698e-01 6.308710830949715298e-02 0.000000000000000000e+00
0.000000000000000000e+00 0.000000000000000000e+00 0.000000000000000000e+00 0.000000000000000000e+00 4.524978089943967885e-01 0.000000000000000000e+00 0.000000000000000000e+00 0.000000000000000000e+00 3.953296337868931754e-01 4.220098772116077646e-01 0.000000000000000000e+00 0.000000000000000000e+00 4.543002195175858127e-01 4.813427722799070718e-01 6.974286784926890526e-02 0.000000000000000000e+00
0.000000000000000000e+00 0.000000000000000000e+00 0.000000000000000000e+00 0.000000000000000000e+00 4.678717261212732570e-01 0.000000000000000000e+00 0.000000000000000000e+00 0.000000000000000000e+00 4.050760873838903930e-01 4.299935577330586955e-01 0.000000000000000000e+00 0.000000000000000000e+00 4.638489851668705644e-01 4.900326444075087107e-01 7.027963038585402500e-02 0.000000000000000000e+00
0.000000000000000000e+00 0.000000000000000000e+00 0.000000000000000000e+00 0.000000000000000000e+00 4.599912138011877372e-01 0.000000000000000000e+00 0.000000000000000000e+00 0.000000000000000000e+00 4.034063322286067232e-01 4.338742140474220466e-01 0.000000000000000000e+00 0.000000000000000000e+00 4.525997579082531308e-01 4.838543967996313255e-01 7.111003530938829476e-02 0.000000000000000000e+00
0.000000000000000000e+00 0.000000000000000000e+00 0.000000000000000000e+00 0.000000000000000000e+00 4.626764527898028501e-01 0.000000000000000000e+00 0.000000000000000000e+00 0.000000000000000000e+00 3.991676832436968914e-01 4.252644317468095569e-01 0.000000000000000000e+00 0.000000000000000000e+00 4.653255402220177195e-01 4.930111023841362017e-01 7.321119280432621113e-02 0.000000000000000000e+00
0.000000000000000000e+00 0.000000000000000000e+00 0.000000000000000000e+00 0.000000000000000000e+00 4.733966646192903638e-01 0.000000000000000000e+00 0.000000000000000000e+00 0.000000000000000000e+00 4.065788170669196733e-01 4.321931402666409627e-01 0.000000000000000000e+00 0.000000000000000000e+00 4.603190297702046685e-01 4.859918995144239529e-01 7.144146922502567221e-02 0.000000000000000000e+00
0.000000000000000000e+00 0.000000000000000000e+00 0.000000000000000000e+00 0.000000000000000000e+00 4.559068762897322546e-01 0.000000000000000000e+00 0.000000000000000000e+00 0.000000000000000000e+00 4.073925773338445411e-01 4.306340218173764223e-01 0.000000000000000000e+00 0.000000000000000000e+00 4.692911694345422435e-01 4.955686454617924674e-01 6.997302500778389278e-02 0.000000000000000000e+00
0.000000000000000000e+00 0.000000000000000000e+00 0.000000000000000000e+00 0.000000000000000000e+00 4.696831610638219634e-01 0.000000000000000000e+00 0.000000000000000000e+00 0.000000000000000000e+00 4.038915071599917805e-01 4.267398342645923881e-01 0.000000000000000000e+00 0.000000000000000000e+00 4.579064329783189002e-01 4.810909386344522920e-01 5.964313737325557113e-02 0.000000000000000000e+00
0.000000000000000000e+00 0.000000000000000000e+00 0.000000000000000000e+00 0.000000000000000000e+00 4.745053190349159955e-01 0.000000000000000000e+00 0.000000000000000000e+00 0.000000000000000000e+00 4.198191604457358062e-01 4.433488607335162035e-01 0.000000000000000000e+00 0.000000000000000000e+00 4.875251041306845057e-01 5.125185141881671846e-01 9.054263030043135929e-02 0.000000000000000000e+00
0.000000000000000000e+00 0.000000000000000000e+00 0.000000000000000000e+00 0.000000000000000000e+00 4.623799461826931800e-01 0.000000000000000000e+00 0.000000000000000000e+00 0.000000000000000000e+00 4.009699698352247044e-01 4.228144235841335141e-01 0.000000000000000000e+00 0.000000000000000000e+00 4.585530607001541137e-01 4.817793972669593416e-01 6.571189929619564163e-02 0.000000000000000000e+00
