# {'chrom': '8', 'window_id': '3', 'statistic': 'H2', 'bounds': [66000000, 86000000], 'span': 20000000, 'n_sites': 12598966, 'coverage': 62.99, 'right_discontinuous': False, 'rows': "{0: 'Altai', 1: 'Chagyrskaya', 2: 'Denisova', 3: 'French-1', 4: 'Han-1', 5: 'Khomani_San-2', 6: 'Papuan-2', 7: 'Vindija', 8: 'Yoruba-1', 9: 'Yoruba-3'}"}
1.773000000000000000e+03 7.910000000000000000e+02 1.530000000000000000e+03 1.801000000000000000e+03 2.540000000000000000e+03 6.328000000000000000e+03 1.033500000000000000e+04 1.486800000000000000e+04 2.583100000000000000e+04 3.204800000000000000e+04 4.599400000000000000e+04 7.303700000000000000e+04 1.087510000000000000e+05 1.277040000000000000e+05 3.487500000000000000e+05 4.827090000000000000e+05 8.721980000000000000e+05 2.512759000000000000e+06 3.834479000000000000e+06
1.284000000000000000e+03 5.090000000000000000e+02 9.000000000000000000e+02 1.148000000000000000e+03 1.652000000000000000e+03 3.636000000000000000e+03 6.226000000000000000e+03 8.337000000000000000e+03 1.445100000000000000e+04 1.617700000000000000e+04 2.073400000000000000e+04 2.959600000000000000e+04 8.602000000000000000e+04 8.982300000000000000e+04 1.211680000000000000e+05 2.289280000000000000e+05 1.798840000000000000e+05 6.740750000000000000e+05 9.991710000000000000e+05
1.856000000000000000e+03 8.660000000000000000e+02 1.009000000000000000e+03 7.290000000000000000e+02 9.950000000000000000e+02 3.805000000000000000e+03 5.975000000000000000e+03 7.336000000000000000e+03 1.043900000000000000e+04 1.241800000000000000e+04 1.666900000000000000e+04 2.849800000000000000e+04 3.920500000000000000e+04 5.670500000000000000e+04 1.214310000000000000e+05 2.611380000000000000e+05 4.912700000000000000e+05 1.621661000000000000e+06 2.389125000000000000e+06
8.174000000000000000e+03 3.293000000000000000e+03 3.757000000000000000e+03 3.212000000000000000e+03 4.535000000000000000e+03 1.201400000000000000e+04 1.968800000000000000e+04 3.023500000000000000e+04 6.058200000000000000e+04 8.075800000000000000e+04 1.070050000000000000e+05 2.695150000000000000e+05 3.483200000000000000e+05 6.408010000000000000e+05 1.542425000000000000e+06 2.344075000000000000e+06 5.135971000000000000e+06 1.783517000000000000e+07 3.124843900000000000e+07
5.851000000000000000e+03 2.754000000000000000e+03 3.231000000000000000e+03 2.397000000000000000e+03 3.692000000000000000e+03 9.648000000000000000e+03 1.670900000000000000e+04 2.492600000000000000e+04 5.450700000000000000e+04 6.842500000000000000e+04 8.842300000000000000e+04 2.306750000000000000e+05 2.722870000000000000e+05 3.957170000000000000e+05 1.172130000000000000e+06 2.059343000000000000e+06 3.621157000000000000e+06 1.250167100000000000e+07 2.097873700000000000e+07
5.638000000000000000e+03 3.275000000000000000e+03 4.312000000000000000e+03 4.314000000000000000e+03 6.078000000000000000e+03 1.739800000000000000e+04 2.450800000000000000e+04 3.412400000000000000e+04 7.640000000000000000e+04 9.388700000000000000e+04 1.399700000000000000e+05 2.988850000000000000e+05 4.009970000000000000e+05 7.406490000000000000e+05 1.978869000000000000e+06 3.292137000000000000e+06 6.502624000000000000e+06 1.935313100000000000e+07 4.232493100000000000e+07
5.428000000000000000e+03 2.814000000000000000e+03 3.418000000000000000e+03 2.579000000000000000e+03 3.666000000000000000e+03 1.057200000000000000e+04 1.762000000000000000e+04 3.142200000000000000e+04 5.751500000000000000e+04 6.508000000000000000e+04 1.055140000000000000e+05 2.279400000000000000e+05 2.625370000000000000e+05 5.054380000000000000e+05 1.258915000000000000e+06 2.438440000000000000e+06 3.912206000000000000e+06 1.100715600000000000e+07 1.912080300000000000e+07
1.850000000000000000e+02 2.310000000000000000e+02 6.700000000000000000e+02 9.400000000000000000e+02 1.256000000000000000e+03 2.681000000000000000e+03 4.625000000000000000e+03 5.754000000000000000e+03 8.427000000000000000e+03 4.508000000000000000e+03 5.033000000000000000e+03 1.218100000000000000e+04 1.825600000000000000e+04 4.927200000000000000e+04 7.391200000000000000e+04 1.165500000000000000e+05 2.007240000000000000e+05 8.340750000000000000e+05 1.187830000000000000e+06
1.010500000000000000e+04 4.039000000000000000e+03 5.461000000000000000e+03 4.485000000000000000e+03 7.248000000000000000e+03 1.927900000000000000e+04 3.177200000000000000e+04 4.908500000000000000e+04 1.015820000000000000e+05 1.200480000000000000e+05 1.773630000000000000e+05 4.231850000000000000e+05 5.995860000000000000e+05 1.144677000000000000e+06 2.906939000000000000e+06 5.364902000000000000e+06 1.015578900000000000e+07 3.075278600000000000e+07 5.074698500000000000e+07
7.382000000000000000e+03 3.126000000000000000e+03 4.397000000000000000e+03 4.187000000000000000e+03 6.220000000000000000e+03 1.690800000000000000e+04 2.813600000000000000e+04 4.328800000000000000e+04 8.741400000000000000e+04 1.033670000000000000e+05 1.466030000000000000e+05 3.705450000000000000e+05 4.405540000000000000e+05 9.328320000000000000e+05 2.057730000000000000e+06 4.286666000000000000e+06 7.746420000000000000e+06 2.640420800000000000e+07 4.418314200000000000e+07
