# {'chrom': '8', 'window_id': '4', 'statistic': 'H2', 'bounds': [86000000, 106000000], 'span': 20000000, 'n_sites': 12529402, 'coverage': 62.65, 'right_discontinuous': False, 'rows': "{0: 'Altai', 1: 'Chagyrskaya', 2: 'Denisova', 3: 'French-1', 4: 'Han-1', 5: 'Khomani_San-2', 6: 'Papuan-2', 7: 'Vindija', 8: 'Yoruba-1', 9: 'Yoruba-3'}"}
4.000000000000000000e+02 3.140000000000000000e+02 3.250000000000000000e+02 4.280000000000000000e+02 7.730000000000000000e+02 1.957000000000000000e+03 2.396000000000000000e+03 2.869000000000000000e+03 6.962000000000000000e+03 1.108500000000000000e+04 1.020900000000000000e+04 2.984500000000000000e+04 1.472100000000000000e+04 2.149900000000000000e+04 6.040100000000000000e+04 7.269000000000000000e+04 1.403700000000000000e+05 5.625280000000000000e+05 6.923810000000000000e+05
1.860000000000000000e+02 1.180000000000000000e+02 2.180000000000000000e+02 2.130000000000000000e+02 2.900000000000000000e+02 6.950000000000000000e+02 1.119000000000000000e+03 1.699000000000000000e+03 4.445000000000000000e+03 5.035000000000000000e+03 5.549000000000000000e+03 6.188000000000000000e+03 7.599000000000000000e+03 8.814000000000000000e+03 4.712000000000000000e+04 4.509400000000000000e+04 1.180070000000000000e+05 3.597630000000000000e+05 7.844620000000000000e+05
1.910000000000000000e+02 1.130000000000000000e+02 2.730000000000000000e+02 2.490000000000000000e+02 4.180000000000000000e+02 9.700000000000000000e+02 1.458000000000000000e+03 2.118000000000000000e+03 4.484000000000000000e+03 5.314000000000000000e+03 6.813000000000000000e+03 1.655100000000000000e+04 1.683500000000000000e+04 2.874500000000000000e+04 7.299900000000000000e+04 1.347730000000000000e+05 2.487580000000000000e+05 7.210510000000000000e+05 1.299492000000000000e+06
4.586000000000000000e+03 2.911000000000000000e+03 3.493000000000000000e+03 2.533000000000000000e+03 4.137000000000000000e+03 1.032600000000000000e+04 1.642800000000000000e+04 2.831600000000000000e+04 6.391200000000000000e+04 8.426100000000000000e+04 1.131990000000000000e+05 2.361670000000000000e+05 3.334260000000000000e+05 5.331480000000000000e+05 1.564678000000000000e+06 2.713554000000000000e+06 4.936133000000000000e+06 1.356695800000000000e+07 2.267531000000000000e+07
3.616000000000000000e+03 1.446000000000000000e+03 2.155000000000000000e+03 1.792000000000000000e+03 2.322000000000000000e+03 6.417000000000000000e+03 9.701000000000000000e+03 1.704000000000000000e+04 3.789500000000000000e+04 4.176900000000000000e+04 5.783500000000000000e+04 1.192890000000000000e+05 1.702260000000000000e+05 2.828660000000000000e+05 7.770160000000000000e+05 1.341702000000000000e+06 2.692875000000000000e+06 7.349158000000000000e+06 1.236039200000000000e+07
1.198900000000000000e+04 6.473000000000000000e+03 6.878000000000000000e+03 4.383000000000000000e+03 5.946000000000000000e+03 1.774600000000000000e+04 2.710000000000000000e+04 4.714100000000000000e+04 9.914700000000000000e+04 9.448800000000000000e+04 1.515590000000000000e+05 3.433200000000000000e+05 3.999570000000000000e+05 7.230220000000000000e+05 2.433131000000000000e+06 3.754577000000000000e+06 6.830433000000000000e+06 2.005981700000000000e+07 3.709047200000000000e+07
1.403000000000000000e+03 1.104000000000000000e+03 1.666000000000000000e+03 1.298000000000000000e+03 1.990000000000000000e+03 5.025000000000000000e+03 7.013000000000000000e+03 1.356400000000000000e+04 3.167300000000000000e+04 3.838300000000000000e+04 4.816200000000000000e+04 7.369100000000000000e+04 8.653400000000000000e+04 1.590810000000000000e+05 4.971200000000000000e+05 8.393740000000000000e+05 1.516975000000000000e+06 5.268679000000000000e+06 8.448511000000000000e+06
5.540000000000000000e+02 4.450000000000000000e+02 5.430000000000000000e+02 5.670000000000000000e+02 1.017000000000000000e+03 2.288000000000000000e+03 2.815000000000000000e+03 3.762000000000000000e+03 9.632000000000000000e+03 1.364900000000000000e+04 1.348000000000000000e+04 3.751300000000000000e+04 2.117400000000000000e+04 2.444900000000000000e+04 7.254400000000000000e+04 1.053590000000000000e+05 3.147550000000000000e+05 7.618440000000000000e+05 8.764860000000000000e+05
4.769000000000000000e+03 2.300000000000000000e+03 3.447000000000000000e+03 2.749000000000000000e+03 3.562000000000000000e+03 1.108600000000000000e+04 1.600100000000000000e+04 2.664500000000000000e+04 6.064200000000000000e+04 7.115500000000000000e+04 1.144280000000000000e+05 2.515340000000000000e+05 3.011020000000000000e+05 5.506260000000000000e+05 1.668746000000000000e+06 2.804717000000000000e+06 5.261944000000000000e+06 1.781357200000000000e+07 3.261703700000000000e+07
4.859000000000000000e+03 2.850000000000000000e+03 3.337000000000000000e+03 2.965000000000000000e+03 4.347000000000000000e+03 1.311800000000000000e+04 1.831700000000000000e+04 3.041000000000000000e+04 6.375500000000000000e+04 7.534200000000000000e+04 1.154000000000000000e+05 2.772500000000000000e+05 3.637650000000000000e+05 6.249070000000000000e+05 1.829211000000000000e+06 3.107435000000000000e+06 6.098805000000000000e+06 1.887186700000000000e+07 3.554720600000000000e+07
