# {'chrom': '8', 'window_id': '6', 'statistic': 'H2', 'bounds': [126000000, 147000000], 'span': 21000000, 'n_sites': 13746657, 'coverage': 65.46, 'right_discontinuous': True, 'rows': "{0: 'Altai', 1: 'Chagyrskaya', 2: 'Denisova', 3: 'French-1', 4: 'Han-1', 5: 'Khomani_San-2', 6: 'Papuan-2', 7: 'Vindija', 8: 'Yoruba-1', 9: 'Yoruba-3'}"}
4.290000000000000000e+02 4.120000000000000000e+02 6.010000000000000000e+02 6.990000000000000000e+02 1.088000000000000000e+03 3.253000000000000000e+03 4.813000000000000000e+03 7.014000000000000000e+03 1.805500000000000000e+04 1.761300000000000000e+04 1.644200000000000000e+04 2.645400000000000000e+04 2.256300000000000000e+04 4.072600000000000000e+04 1.568820000000000000e+05 2.150720000000000000e+05 3.634400000000000000e+05 1.102628000000000000e+06 1.783490000000000000e+06
5.040000000000000000e+02 4.290000000000000000e+02 6.970000000000000000e+02 5.760000000000000000e+02 8.790000000000000000e+02 2.475000000000000000e+03 4.148000000000000000e+03 5.413000000000000000e+03 1.341800000000000000e+04 1.215500000000000000e+04 1.760600000000000000e+04 2.379900000000000000e+04 3.161000000000000000e+04 3.945300000000000000e+04 9.327700000000000000e+04 1.195620000000000000e+05 2.640230000000000000e+05 7.132500000000000000e+05 1.272829000000000000e+06
1.590000000000000000e+02 1.660000000000000000e+02 3.920000000000000000e+02 4.570000000000000000e+02 6.120000000000000000e+02 1.742000000000000000e+03 3.454000000000000000e+03 4.967000000000000000e+03 1.003700000000000000e+04 9.974000000000000000e+03 1.186600000000000000e+04 2.760400000000000000e+04 3.381200000000000000e+04 4.230500000000000000e+04 1.405700000000000000e+05 1.625130000000000000e+05 3.192640000000000000e+05 9.307300000000000000e+05 1.497095000000000000e+06
4.705000000000000000e+03 2.245000000000000000e+03 3.180000000000000000e+03 2.696000000000000000e+03 4.306000000000000000e+03 1.192500000000000000e+04 2.105700000000000000e+04 3.514700000000000000e+04 7.911100000000000000e+04 8.073000000000000000e+04 1.056590000000000000e+05 2.204500000000000000e+05 2.552200000000000000e+05 4.711960000000000000e+05 1.391629000000000000e+06 2.379324000000000000e+06 4.510585000000000000e+06 1.244609300000000000e+07 2.018178600000000000e+07
5.047000000000000000e+03 2.299000000000000000e+03 3.127000000000000000e+03 2.859000000000000000e+03 3.844000000000000000e+03 1.072500000000000000e+04 1.897600000000000000e+04 3.182500000000000000e+04 6.828500000000000000e+04 7.516800000000000000e+04 8.897700000000000000e+04 1.839660000000000000e+05 2.384730000000000000e+05 3.535650000000000000e+05 1.029789000000000000e+06 1.751267000000000000e+06 3.511325000000000000e+06 9.977494000000000000e+06 1.595152800000000000e+07
5.030000000000000000e+03 2.334000000000000000e+03 3.414000000000000000e+03 3.900000000000000000e+03 5.867000000000000000e+03 1.659100000000000000e+04 2.764400000000000000e+04 4.580600000000000000e+04 1.040970000000000000e+05 1.101650000000000000e+05 1.464810000000000000e+05 2.922460000000000000e+05 3.813730000000000000e+05 7.486410000000000000e+05 2.339642000000000000e+06 3.762229000000000000e+06 7.394918000000000000e+06 2.116518200000000000e+07 3.423182100000000000e+07
1.826000000000000000e+03 1.350000000000000000e+03 1.753000000000000000e+03 2.122000000000000000e+03 3.413000000000000000e+03 9.034000000000000000e+03 1.342200000000000000e+04 2.313000000000000000e+04 4.710000000000000000e+04 5.261800000000000000e+04 6.837300000000000000e+04 1.194930000000000000e+05 1.863190000000000000e+05 2.776940000000000000e+05 7.798440000000000000e+05 1.073258000000000000e+06 2.202014000000000000e+06 5.574610000000000000e+06 9.390628000000000000e+06
3.920000000000000000e+02 3.140000000000000000e+02 5.140000000000000000e+02 5.240000000000000000e+02 7.940000000000000000e+02 2.498000000000000000e+03 3.766000000000000000e+03 5.033000000000000000e+03 1.194900000000000000e+04 1.156000000000000000e+04 9.106000000000000000e+03 1.520400000000000000e+04 1.603600000000000000e+04 2.893500000000000000e+04 6.601200000000000000e+04 8.739800000000000000e+04 1.544630000000000000e+05 4.190190000000000000e+05 8.167180000000000000e+05
3.541000000000000000e+03 2.318000000000000000e+03 4.215000000000000000e+03 4.007000000000000000e+03 6.286000000000000000e+03 1.765000000000000000e+04 2.803100000000000000e+04 4.966400000000000000e+04 1.074990000000000000e+05 1.247500000000000000e+05 1.676530000000000000e+05 3.450830000000000000e+05 4.467440000000000000e+05 7.591620000000000000e+05 2.511098000000000000e+06 4.193095000000000000e+06 8.079083000000000000e+06 2.295017300000000000e+07 3.758945300000000000e+07
3.568000000000000000e+03 1.864000000000000000e+03 3.288000000000000000e+03 3.285000000000000000e+03 5.004000000000000000e+03 1.466200000000000000e+04 2.434200000000000000e+04 4.085600000000000000e+04 8.921000000000000000e+04 1.002500000000000000e+05 1.341710000000000000e+05 2.924830000000000000e+05 3.597540000000000000e+05 6.286500000000000000e+05 1.989036000000000000e+06 3.169714000000000000e+06 6.373194000000000000e+06 1.786211200000000000e+07 2.856357500000000000e+07
