# {'chrom': '8', 'window_id': '0', 'statistic': 'H2', 'bounds': [0, 22000000], 'span': 22000000, 'n_sites': 13102806, 'coverage': 59.56, 'right_discontinuous': False, 'rows': "{0: 'Altai', 1: 'Chagyrskaya', 2: 'Denisova', 3: 'French-1', 4: 'Han-1', 5: 'Khomani_San-2', 6: 'Papuan-2', 7: 'Vindija', 8: 'Yoruba-1', 9: 'Yoruba-3'}"}
2.000000000000000000e+00 3.900000000000000000e+01 1.120000000000000000e+02 1.130000000000000000e+02 3.550000000000000000e+02 1.514000000000000000e+03 3.218000000000000000e+03 6.437000000000000000e+03 1.560500000000000000e+04 1.939100000000000000e+04 2.760100000000000000e+04 4.868600000000000000e+04 4.254000000000000000e+04 6.437700000000000000e+04 2.329610000000000000e+05 3.255250000000000000e+05 5.445450000000000000e+05 1.151237000000000000e+06 2.356852000000000000e+06
3.000000000000000000e+00 1.300000000000000000e+01 1.500000000000000000e+01 4.000000000000000000e+01 9.200000000000000000e+01 7.470000000000000000e+02 1.658000000000000000e+03 3.324000000000000000e+03 7.929000000000000000e+03 1.064500000000000000e+04 1.377300000000000000e+04 2.977800000000000000e+04 2.452500000000000000e+04 3.519300000000000000e+04 7.229800000000000000e+04 1.187520000000000000e+05 2.344510000000000000e+05 7.021510000000000000e+05 1.347419000000000000e+06
0.000000000000000000e+00 0.000000000000000000e+00 3.000000000000000000e+00 1.860000000000000000e+02 6.490000000000000000e+02 2.777000000000000000e+03 5.143000000000000000e+03 7.662000000000000000e+03 1.088100000000000000e+04 1.228100000000000000e+04 1.859000000000000000e+04 3.490600000000000000e+04 3.069800000000000000e+04 3.772900000000000000e+04 1.232140000000000000e+05 2.160050000000000000e+05 3.713130000000000000e+05 1.224995000000000000e+06 2.056669000000000000e+06
8.900000000000000000e+01 2.140000000000000000e+02 4.410000000000000000e+02 8.250000000000000000e+02 2.107000000000000000e+03 9.173000000000000000e+03 1.822500000000000000e+04 3.680700000000000000e+04 9.335800000000000000e+04 1.209750000000000000e+05 1.926750000000000000e+05 4.130620000000000000e+05 5.170630000000000000e+05 8.856580000000000000e+05 2.580324000000000000e+06 4.103874000000000000e+06 8.341220000000000000e+06 2.087434700000000000e+07 4.344233300000000000e+07
6.560000000000000000e+02 4.330000000000000000e+02 6.410000000000000000e+02 1.027000000000000000e+03 3.204000000000000000e+03 1.113500000000000000e+04 1.931600000000000000e+04 3.559600000000000000e+04 9.348000000000000000e+04 1.142120000000000000e+05 1.749590000000000000e+05 3.600650000000000000e+05 4.235740000000000000e+05 6.733520000000000000e+05 1.879239000000000000e+06 3.356773000000000000e+06 6.495875000000000000e+06 1.675210500000000000e+07 3.198048200000000000e+07
4.230000000000000000e+02 3.420000000000000000e+02 7.000000000000000000e+02 1.131000000000000000e+03 3.756000000000000000e+03 1.471900000000000000e+04 2.800000000000000000e+04 5.520200000000000000e+04 1.360970000000000000e+05 1.737640000000000000e+05 2.795610000000000000e+05 6.114560000000000000e+05 8.325160000000000000e+05 1.453763000000000000e+06 4.463621000000000000e+06 7.164055000000000000e+06 1.370883200000000000e+07 3.656036000000000000e+07 6.933168600000000000e+07
2.200000000000000000e+01 7.200000000000000000e+01 3.000000000000000000e+02 6.400000000000000000e+02 1.673000000000000000e+03 6.092000000000000000e+03 1.157000000000000000e+04 2.275200000000000000e+04 5.767200000000000000e+04 7.522500000000000000e+04 1.256070000000000000e+05 2.393730000000000000e+05 2.583050000000000000e+05 4.951150000000000000e+05 1.117739000000000000e+06 1.479637000000000000e+06 3.260662000000000000e+06 7.157411000000000000e+06 1.383349300000000000e+07
0.000000000000000000e+00 2.800000000000000000e+01 1.530000000000000000e+02 1.370000000000000000e+02 1.260000000000000000e+02 9.820000000000000000e+02 2.528000000000000000e+03 5.133000000000000000e+03 1.161200000000000000e+04 1.553100000000000000e+04 2.368900000000000000e+04 4.621800000000000000e+04 3.881300000000000000e+04 4.936900000000000000e+04 1.044570000000000000e+05 2.014850000000000000e+05 3.717680000000000000e+05 1.126684000000000000e+06 2.038292000000000000e+06
2.350000000000000000e+02 3.370000000000000000e+02 6.510000000000000000e+02 1.047000000000000000e+03 3.177000000000000000e+03 1.391600000000000000e+04 2.652800000000000000e+04 5.252900000000000000e+04 1.272690000000000000e+05 1.721870000000000000e+05 2.621030000000000000e+05 5.670180000000000000e+05 7.950220000000000000e+05 1.400820000000000000e+06 4.078636000000000000e+06 6.679925000000000000e+06 1.282013000000000000e+07 3.381658500000000000e+07 6.618312000000000000e+07
2.860000000000000000e+02 3.620000000000000000e+02 6.910000000000000000e+02 1.075000000000000000e+03 3.464000000000000000e+03 1.381300000000000000e+04 2.595100000000000000e+04 4.940400000000000000e+04 1.224760000000000000e+05 1.618850000000000000e+05 2.621470000000000000e+05 5.612970000000000000e+05 7.185910000000000000e+05 1.213958000000000000e+06 3.783911000000000000e+06 6.072289000000000000e+06 1.236688000000000000e+07 3.291841000000000000e+07 6.406390400000000000e+07
