# {'chrom': '17', 'window_id': '3', 'statistic': 'H2', 'bounds': [63000000, 82000000], 'span': 19000000, 'n_sites': 10888114, 'coverage': 57.31, 'right_discontinuous': True, 'rows': "{0: 'Altai', 1: 'Chagyrskaya', 2: 'Denisova', 3: 'French-1', 4: 'Han-1', 5: 'Khomani_San-2', 6: 'Papuan-2', 7: 'Vindija', 8: 'Yoruba-1', 9: 'Yoruba-3'}"}
1.800000000000000000e+01 1.300000000000000000e+01 3.800000000000000000e+01 9.900000000000000000e+01 1.910000000000000000e+02 6.050000000000000000e+02 8.930000000000000000e+02 1.483000000000000000e+03 3.226000000000000000e+03 3.201000000000000000e+03 4.704000000000000000e+03 7.747000000000000000e+03 1.137800000000000000e+04 1.498300000000000000e+04 4.265800000000000000e+04 5.825100000000000000e+04 7.494000000000000000e+04 2.393790000000000000e+05 4.199430000000000000e+05
8.400000000000000000e+01 4.100000000000000000e+01 1.020000000000000000e+02 1.560000000000000000e+02 3.480000000000000000e+02 8.970000000000000000e+02 1.253000000000000000e+03 2.153000000000000000e+03 4.092000000000000000e+03 4.037000000000000000e+03 6.098000000000000000e+03 7.442000000000000000e+03 1.002900000000000000e+04 1.305900000000000000e+04 3.848600000000000000e+04 6.629700000000000000e+04 1.135610000000000000e+05 3.273020000000000000e+05 5.089990000000000000e+05
3.600000000000000000e+01 4.000000000000000000e+01 1.170000000000000000e+02 1.650000000000000000e+02 2.930000000000000000e+02 6.240000000000000000e+02 8.980000000000000000e+02 1.239000000000000000e+03 2.669000000000000000e+03 2.800000000000000000e+03 3.617000000000000000e+03 6.605000000000000000e+03 8.998000000000000000e+03 1.610900000000000000e+04 4.435100000000000000e+04 6.600400000000000000e+04 1.114430000000000000e+05 2.622850000000000000e+05 4.220480000000000000e+05
1.491000000000000000e+03 5.260000000000000000e+02 1.227000000000000000e+03 1.620000000000000000e+03 2.822000000000000000e+03 7.701000000000000000e+03 1.214800000000000000e+04 2.189200000000000000e+04 4.267700000000000000e+04 4.302600000000000000e+04 6.247200000000000000e+04 1.169720000000000000e+05 1.453860000000000000e+05 2.185650000000000000e+05 6.615690000000000000e+05 1.118652000000000000e+06 2.266352000000000000e+06 5.416500000000000000e+06 8.702247000000000000e+06
7.350000000000000000e+02 5.950000000000000000e+02 1.252000000000000000e+03 1.500000000000000000e+03 2.416000000000000000e+03 6.429000000000000000e+03 9.906000000000000000e+03 1.823300000000000000e+04 3.963800000000000000e+04 4.173400000000000000e+04 5.408000000000000000e+04 9.940500000000000000e+04 1.226260000000000000e+05 2.217760000000000000e+05 6.229770000000000000e+05 9.928160000000000000e+05 1.966311000000000000e+06 5.249027000000000000e+06 8.350989000000000000e+06
3.084000000000000000e+03 1.220000000000000000e+03 2.076000000000000000e+03 2.173000000000000000e+03 3.744000000000000000e+03 9.866000000000000000e+03 1.579700000000000000e+04 2.830000000000000000e+04 6.286700000000000000e+04 6.548200000000000000e+04 8.895600000000000000e+04 1.497640000000000000e+05 2.209310000000000000e+05 3.728300000000000000e+05 9.693870000000000000e+05 1.713498000000000000e+06 3.186638000000000000e+06 7.151926000000000000e+06 1.090964300000000000e+07
7.130000000000000000e+02 5.070000000000000000e+02 7.930000000000000000e+02 1.131000000000000000e+03 1.990000000000000000e+03 5.223000000000000000e+03 7.704000000000000000e+03 1.438600000000000000e+04 3.425400000000000000e+04 3.594300000000000000e+04 4.582100000000000000e+04 8.360900000000000000e+04 9.604300000000000000e+04 1.671620000000000000e+05 5.007990000000000000e+05 7.685340000000000000e+05 1.481567000000000000e+06 4.098461000000000000e+06 7.073756000000000000e+06
1.700000000000000000e+01 1.600000000000000000e+01 6.300000000000000000e+01 1.160000000000000000e+02 2.140000000000000000e+02 5.290000000000000000e+02 7.310000000000000000e+02 1.179000000000000000e+03 2.281000000000000000e+03 1.889000000000000000e+03 2.199000000000000000e+03 5.340000000000000000e+03 6.507000000000000000e+03 1.146900000000000000e+04 2.292500000000000000e+04 3.387400000000000000e+04 7.380200000000000000e+04 1.806990000000000000e+05 3.011860000000000000e+05
2.294000000000000000e+03 1.167000000000000000e+03 1.965000000000000000e+03 2.246000000000000000e+03 3.703000000000000000e+03 9.351000000000000000e+03 1.491300000000000000e+04 2.763600000000000000e+04 5.565900000000000000e+04 5.813100000000000000e+04 7.763600000000000000e+04 1.706850000000000000e+05 1.967050000000000000e+05 4.410460000000000000e+05 1.191622000000000000e+06 1.906445000000000000e+06 3.796553000000000000e+06 9.806739000000000000e+06 1.547516300000000000e+07
2.119000000000000000e+03 7.390000000000000000e+02 1.438000000000000000e+03 2.187000000000000000e+03 3.807000000000000000e+03 1.039200000000000000e+04 1.637900000000000000e+04 2.961800000000000000e+04 5.716800000000000000e+04 6.019200000000000000e+04 8.115400000000000000e+04 1.573080000000000000e+05 1.969040000000000000e+05 3.607140000000000000e+05 1.015561000000000000e+06 1.702620000000000000e+06 3.214657000000000000e+06 8.154624000000000000e+06 1.350239700000000000e+07
