# {'chrom': '17', 'window_id': '0', 'statistic': 'H2', 'bounds': [0, 23000000], 'span': 23000000, 'n_sites': 11119807, 'coverage': 48.35, 'right_discontinuous': True, 'rows': "{0: 'Altai', 1: 'Chagyrskaya', 2: 'Denisova', 3: 'French-1', 4: 'Han-1', 5: 'Khomani_San-2', 6: 'Papuan-2', 7: 'Vindija', 8: 'Yoruba-1', 9: 'Yoruba-3'}"}
0.000000000000000000e+00 3.000000000000000000e+00 1.000000000000000000e+01 1.900000000000000000e+01 6.100000000000000000e+01 1.360000000000000000e+02 2.280000000000000000e+02 3.430000000000000000e+02 6.010000000000000000e+02 7.190000000000000000e+02 6.950000000000000000e+02 2.110000000000000000e+03 2.574000000000000000e+03 3.317000000000000000e+03 6.790000000000000000e+03 7.274000000000000000e+03 2.370900000000000000e+04 5.927900000000000000e+04 5.583800000000000000e+04
1.060000000000000000e+02 6.800000000000000000e+01 1.740000000000000000e+02 2.430000000000000000e+02 3.420000000000000000e+02 8.930000000000000000e+02 1.181000000000000000e+03 1.748000000000000000e+03 3.575000000000000000e+03 4.085000000000000000e+03 5.283000000000000000e+03 7.272000000000000000e+03 7.219000000000000000e+03 6.705000000000000000e+03 2.331400000000000000e+04 3.597400000000000000e+04 6.722700000000000000e+04 2.341960000000000000e+05 3.321140000000000000e+05
4.300000000000000000e+01 5.300000000000000000e+01 9.400000000000000000e+01 1.370000000000000000e+02 2.820000000000000000e+02 6.710000000000000000e+02 9.630000000000000000e+02 1.522000000000000000e+03 3.597000000000000000e+03 4.262000000000000000e+03 4.562000000000000000e+03 7.187000000000000000e+03 1.037700000000000000e+04 1.565600000000000000e+04 3.306500000000000000e+04 4.327900000000000000e+04 1.043540000000000000e+05 3.330010000000000000e+05 5.078860000000000000e+05
3.317000000000000000e+03 1.709000000000000000e+03 2.017000000000000000e+03 1.704000000000000000e+03 2.740000000000000000e+03 7.247000000000000000e+03 1.190400000000000000e+04 2.061300000000000000e+04 3.891100000000000000e+04 4.350900000000000000e+04 6.422600000000000000e+04 1.107190000000000000e+05 1.296300000000000000e+05 2.065130000000000000e+05 5.116270000000000000e+05 8.090890000000000000e+05 1.742471000000000000e+06 5.395985000000000000e+06 8.620150000000000000e+06
1.533000000000000000e+03 9.420000000000000000e+02 1.617000000000000000e+03 1.563000000000000000e+03 2.526000000000000000e+03 6.630000000000000000e+03 1.075300000000000000e+04 1.702100000000000000e+04 3.586300000000000000e+04 3.817300000000000000e+04 5.250500000000000000e+04 8.382100000000000000e+04 8.729700000000000000e+04 1.727960000000000000e+05 4.714790000000000000e+05 7.956160000000000000e+05 1.518902000000000000e+06 4.334449000000000000e+06 7.044445000000000000e+06
2.781000000000000000e+03 1.843000000000000000e+03 2.989000000000000000e+03 2.275000000000000000e+03 3.519000000000000000e+03 9.685000000000000000e+03 1.526300000000000000e+04 2.691200000000000000e+04 5.796100000000000000e+04 6.109300000000000000e+04 8.613400000000000000e+04 1.426300000000000000e+05 1.793900000000000000e+05 3.409050000000000000e+05 9.027790000000000000e+05 1.470039000000000000e+06 3.117468000000000000e+06 9.072671000000000000e+06 1.406597700000000000e+07
7.730000000000000000e+02 5.700000000000000000e+02 1.074000000000000000e+03 1.245000000000000000e+03 2.177000000000000000e+03 5.828000000000000000e+03 8.431000000000000000e+03 1.330100000000000000e+04 2.925200000000000000e+04 3.097100000000000000e+04 4.396700000000000000e+04 6.981100000000000000e+04 6.892600000000000000e+04 1.456540000000000000e+05 3.473710000000000000e+05 5.685970000000000000e+05 1.254975000000000000e+06 3.713679000000000000e+06 6.011804000000000000e+06
3.000000000000000000e+01 3.400000000000000000e+01 8.200000000000000000e+01 1.320000000000000000e+02 2.230000000000000000e+02 6.480000000000000000e+02 9.520000000000000000e+02 1.580000000000000000e+03 3.576000000000000000e+03 3.421000000000000000e+03 4.053000000000000000e+03 6.503000000000000000e+03 6.497000000000000000e+03 1.142400000000000000e+04 2.547200000000000000e+04 4.649900000000000000e+04 8.744000000000000000e+04 2.160030000000000000e+05 2.837970000000000000e+05
1.902000000000000000e+03 1.162000000000000000e+03 1.846000000000000000e+03 1.871000000000000000e+03 2.825000000000000000e+03 7.858000000000000000e+03 1.254300000000000000e+04 2.062200000000000000e+04 4.181800000000000000e+04 4.664100000000000000e+04 6.910500000000000000e+04 1.308380000000000000e+05 1.515070000000000000e+05 3.101020000000000000e+05 7.584940000000000000e+05 1.290482000000000000e+06 2.711813000000000000e+06 8.140357000000000000e+06 1.259076100000000000e+07
1.982000000000000000e+03 1.243000000000000000e+03 2.114000000000000000e+03 2.176000000000000000e+03 3.476000000000000000e+03 9.553000000000000000e+03 1.522600000000000000e+04 2.611600000000000000e+04 5.461100000000000000e+04 5.939400000000000000e+04 8.538800000000000000e+04 1.649820000000000000e+05 1.795750000000000000e+05 3.280340000000000000e+05 9.363990000000000000e+05 1.538437000000000000e+06 3.289457000000000000e+06 9.624254000000000000e+06 1.514969300000000000e+07
