# {'chrom': '17', 'window_id': '2', 'statistic': 'H2', 'bounds': [44000000, 63000000], 'span': 19000000, 'n_sites': 10590556, 'coverage': 55.74, 'right_discontinuous': False, 'rows': "{0: 'Altai', 1: 'Chagyrskaya', 2: 'Denisova', 3: 'French-1', 4: 'Han-1', 5: 'Khomani_San-2', 6: 'Papuan-2', 7: 'Vindija', 8: 'Yoruba-1', 9: 'Yoruba-3'}"}
4.860000000000000000e+02 3.630000000000000000e+02 8.820000000000000000e+02 1.070000000000000000e+03 1.413000000000000000e+03 2.651000000000000000e+03 3.064000000000000000e+03 5.288000000000000000e+03 9.996000000000000000e+03 1.146900000000000000e+04 1.654000000000000000e+04 4.534600000000000000e+04 3.860600000000000000e+04 5.297100000000000000e+04 1.640480000000000000e+05 2.809050000000000000e+05 2.601320000000000000e+05 6.557060000000000000e+05 4.616240000000000000e+05
2.440000000000000000e+02 2.450000000000000000e+02 6.320000000000000000e+02 7.440000000000000000e+02 8.690000000000000000e+02 1.934000000000000000e+03 2.787000000000000000e+03 4.067000000000000000e+03 7.439000000000000000e+03 9.145000000000000000e+03 1.183100000000000000e+04 2.399200000000000000e+04 1.990000000000000000e+04 3.282700000000000000e+04 8.195700000000000000e+04 1.367530000000000000e+05 2.169860000000000000e+05 6.426600000000000000e+05 8.062910000000000000e+05
1.130000000000000000e+02 6.600000000000000000e+01 1.330000000000000000e+02 1.730000000000000000e+02 1.970000000000000000e+02 5.670000000000000000e+02 6.700000000000000000e+02 1.178000000000000000e+03 2.373000000000000000e+03 2.498000000000000000e+03 3.821000000000000000e+03 6.688000000000000000e+03 1.093400000000000000e+04 1.488400000000000000e+04 4.490300000000000000e+04 6.164400000000000000e+04 9.617100000000000000e+04 2.902080000000000000e+05 4.547180000000000000e+05
4.371000000000000000e+03 3.311000000000000000e+03 4.950000000000000000e+03 3.913000000000000000e+03 5.404000000000000000e+03 1.271200000000000000e+04 2.130800000000000000e+04 3.027500000000000000e+04 6.803000000000000000e+04 9.740600000000000000e+04 7.730700000000000000e+04 1.512610000000000000e+05 2.125220000000000000e+05 2.804460000000000000e+05 6.107270000000000000e+05 1.223673000000000000e+06 2.057542000000000000e+06 5.368971000000000000e+06 1.018634100000000000e+07
1.679000000000000000e+03 1.260000000000000000e+03 2.051000000000000000e+03 2.181000000000000000e+03 3.130000000000000000e+03 7.152000000000000000e+03 1.107100000000000000e+04 1.834300000000000000e+04 3.641200000000000000e+04 4.063400000000000000e+04 5.621700000000000000e+04 1.063120000000000000e+05 1.339540000000000000e+05 2.419040000000000000e+05 7.774260000000000000e+05 1.028400000000000000e+06 1.633165000000000000e+06 4.869006000000000000e+06 8.095010000000000000e+06
4.690000000000000000e+03 3.582000000000000000e+03 5.358000000000000000e+03 4.109000000000000000e+03 6.269000000000000000e+03 1.555200000000000000e+04 2.399200000000000000e+04 3.534300000000000000e+04 8.656300000000000000e+04 1.159590000000000000e+05 1.256060000000000000e+05 2.170020000000000000e+05 2.966860000000000000e+05 4.337360000000000000e+05 1.408151000000000000e+06 1.987907000000000000e+06 3.471748000000000000e+06 1.018210900000000000e+07 1.945515300000000000e+07
2.191000000000000000e+03 1.399000000000000000e+03 2.263000000000000000e+03 2.177000000000000000e+03 2.563000000000000000e+03 6.812000000000000000e+03 9.955000000000000000e+03 1.645600000000000000e+04 3.674400000000000000e+04 4.619400000000000000e+04 6.281800000000000000e+04 1.390050000000000000e+05 1.613330000000000000e+05 2.468800000000000000e+05 6.143250000000000000e+05 9.688830000000000000e+05 1.257338000000000000e+06 4.058927000000000000e+06 6.454539000000000000e+06
2.280000000000000000e+02 2.410000000000000000e+02 5.920000000000000000e+02 7.010000000000000000e+02 7.770000000000000000e+02 1.643000000000000000e+03 2.410000000000000000e+03 3.072000000000000000e+03 5.921000000000000000e+03 7.628000000000000000e+03 8.704000000000000000e+03 1.837700000000000000e+04 1.443500000000000000e+04 2.153500000000000000e+04 4.496500000000000000e+04 9.938100000000000000e+04 8.792800000000000000e+04 3.500300000000000000e+05 6.499240000000000000e+05
6.565000000000000000e+03 1.614000000000000000e+03 3.185000000000000000e+03 3.286000000000000000e+03 4.446000000000000000e+03 1.061300000000000000e+04 1.393600000000000000e+04 2.486500000000000000e+04 4.871700000000000000e+04 6.106900000000000000e+04 9.026900000000000000e+04 1.808360000000000000e+05 2.024110000000000000e+05 4.222050000000000000e+05 1.190522000000000000e+06 1.775439000000000000e+06 3.191406000000000000e+06 1.018216600000000000e+07 1.817100000000000000e+07
7.898000000000000000e+03 1.953000000000000000e+03 2.956000000000000000e+03 3.176000000000000000e+03 3.852000000000000000e+03 9.562000000000000000e+03 1.456000000000000000e+04 2.711200000000000000e+04 5.763300000000000000e+04 6.918700000000000000e+04 9.189500000000000000e+04 2.049910000000000000e+05 2.384550000000000000e+05 3.957060000000000000e+05 1.333725000000000000e+06 1.969829000000000000e+06 3.511518000000000000e+06 9.442211000000000000e+06 1.541122300000000000e+07
