# {'chrom': '17', 'window_id': '1', 'statistic': 'H2', 'bounds': [25000000, 44000000], 'span': 19000000, 'n_sites': 9849675, 'coverage': 51.84, 'right_discontinuous': False, 'rows': "{0: 'Altai', 1: 'Chagyrskaya', 2: 'Denisova', 3: 'French-1', 4: 'Han-1', 5: 'Khomani_San-2', 6: 'Papuan-2', 7: 'Vindija', 8: 'Yoruba-1', 9: 'Yoruba-3'}"}
5.000000000000000000e+00 1.700000000000000000e+01 3.500000000000000000e+01 5.000000000000000000e+01 8.700000000000000000e+01 2.880000000000000000e+02 3.970000000000000000e+02 6.530000000000000000e+02 1.358000000000000000e+03 1.453000000000000000e+03 1.982000000000000000e+03 4.613000000000000000e+03 5.815000000000000000e+03 6.389000000000000000e+03 1.976900000000000000e+04 3.843800000000000000e+04 5.259200000000000000e+04 1.305760000000000000e+05 7.058720000000000000e+05
6.000000000000000000e+01 6.200000000000000000e+01 1.230000000000000000e+02 1.920000000000000000e+02 3.080000000000000000e+02 7.720000000000000000e+02 9.680000000000000000e+02 1.677000000000000000e+03 3.481000000000000000e+03 3.758000000000000000e+03 4.837000000000000000e+03 5.674000000000000000e+03 5.545000000000000000e+03 1.204200000000000000e+04 3.525700000000000000e+04 5.488100000000000000e+04 1.043710000000000000e+05 2.359550000000000000e+05 8.838700000000000000e+05
2.210000000000000000e+02 2.260000000000000000e+02 3.870000000000000000e+02 3.940000000000000000e+02 6.970000000000000000e+02 1.196000000000000000e+03 1.432000000000000000e+03 2.618000000000000000e+03 6.597000000000000000e+03 6.637000000000000000e+03 6.539000000000000000e+03 9.266000000000000000e+03 1.495500000000000000e+04 2.422600000000000000e+04 6.655300000000000000e+04 1.109070000000000000e+05 2.469170000000000000e+05 6.246150000000000000e+05 1.218374000000000000e+06
2.177000000000000000e+03 1.441000000000000000e+03 2.722000000000000000e+03 2.401000000000000000e+03 3.813000000000000000e+03 8.869000000000000000e+03 1.352200000000000000e+04 2.536000000000000000e+04 5.573200000000000000e+04 6.182300000000000000e+04 7.838200000000000000e+04 1.801080000000000000e+05 2.191610000000000000e+05 5.013090000000000000e+05 1.156269000000000000e+06 1.586485000000000000e+06 2.579325000000000000e+06 7.820795000000000000e+06 1.324996100000000000e+07
1.076000000000000000e+03 9.020000000000000000e+02 1.742000000000000000e+03 1.623000000000000000e+03 2.510000000000000000e+03 5.121000000000000000e+03 8.256000000000000000e+03 1.348300000000000000e+04 3.150500000000000000e+04 3.197800000000000000e+04 3.852500000000000000e+04 8.535100000000000000e+04 1.155310000000000000e+05 1.419760000000000000e+05 4.149800000000000000e+05 7.766450000000000000e+05 1.367367000000000000e+06 4.706195000000000000e+06 9.049668000000000000e+06
2.251000000000000000e+03 1.643000000000000000e+03 2.919000000000000000e+03 2.782000000000000000e+03 4.465000000000000000e+03 1.043500000000000000e+04 1.620700000000000000e+04 2.951400000000000000e+04 6.648700000000000000e+04 7.927000000000000000e+04 1.084510000000000000e+05 2.346230000000000000e+05 3.114980000000000000e+05 6.455890000000000000e+05 1.499504000000000000e+06 2.118829000000000000e+06 4.032809000000000000e+06 1.222767400000000000e+07 2.188387500000000000e+07
2.288000000000000000e+03 1.496000000000000000e+03 2.338000000000000000e+03 1.823000000000000000e+03 2.761000000000000000e+03 5.700000000000000000e+03 8.248000000000000000e+03 1.738100000000000000e+04 3.599400000000000000e+04 3.918600000000000000e+04 5.294700000000000000e+04 9.144100000000000000e+04 1.178610000000000000e+05 1.467290000000000000e+05 3.807780000000000000e+05 7.722660000000000000e+05 1.308947000000000000e+06 3.901446000000000000e+06 8.168070000000000000e+06
1.050000000000000000e+02 9.500000000000000000e+01 1.510000000000000000e+02 6.900000000000000000e+01 1.510000000000000000e+02 3.510000000000000000e+02 6.590000000000000000e+02 1.036000000000000000e+03 1.666000000000000000e+03 1.480000000000000000e+03 2.573000000000000000e+03 5.362000000000000000e+03 6.360000000000000000e+03 9.254000000000000000e+03 2.236800000000000000e+04 3.162300000000000000e+04 8.704900000000000000e+04 1.963760000000000000e+05 5.441360000000000000e+05
2.313000000000000000e+03 1.440000000000000000e+03 2.423000000000000000e+03 2.204000000000000000e+03 3.443000000000000000e+03 7.236000000000000000e+03 1.036300000000000000e+04 1.842100000000000000e+04 4.108900000000000000e+04 4.621300000000000000e+04 5.611000000000000000e+04 1.226640000000000000e+05 1.583470000000000000e+05 2.438460000000000000e+05 7.604090000000000000e+05 1.382916000000000000e+06 2.749049000000000000e+06 8.041216000000000000e+06 1.536652000000000000e+07
1.623000000000000000e+03 1.243000000000000000e+03 2.026000000000000000e+03 2.030000000000000000e+03 2.839000000000000000e+03 6.160000000000000000e+03 1.034800000000000000e+04 1.788600000000000000e+04 3.564300000000000000e+04 3.780600000000000000e+04 5.021600000000000000e+04 9.533700000000000000e+04 1.442570000000000000e+05 2.364840000000000000e+05 7.745290000000000000e+05 1.332747000000000000e+06 2.481188000000000000e+06 7.410803000000000000e+06 1.537016900000000000e+07
