# 'name' : 'rogers_a02_b02_d03_g06'
# 'source' : 'rogers_a02_b02_d03_g06.yaml'
# 'sample_pops' : ['X', 'Y', 'D', 'N']
# 'sample_size' : 1
# 'n_reps' : 100
# 'n_windows' : 200
# 'seq_length' : 100000000.0
# 'window_length' : 500000.0
# 'recomb_rate' : 1e-08
# 'mut_rate' : 1e-08
# 'created' : None
0.000000000000000000e+00 0.000000000000000000e+00 0.000000000000000000e+00 0.000000000000000000e+00 3.272584364180444738e-04 0.000000000000000000e+00 0.000000000000000000e+00 0.000000000000000000e+00 7.546271432342438121e-04 7.422572607211494955e-04 0.000000000000000000e+00 0.000000000000000000e+00 8.066936571664699331e-04 7.876844353036286219e-04 1.097965242598797071e-04 0.000000000000000000e+00
0.000000000000000000e+00 0.000000000000000000e+00 0.000000000000000000e+00 0.000000000000000000e+00 3.396587356843593585e-04 0.000000000000000000e+00 0.000000000000000000e+00 0.000000000000000000e+00 7.631418371185009868e-04 7.531196193063472094e-04 0.000000000000000000e+00 0.000000000000000000e+00 8.193559667646829747e-04 8.029343540069583439e-04 1.338185748435191246e-04 0.000000000000000000e+00
0.000000000000000000e+00 0.000000000000000000e+00 0.000000000000000000e+00 0.000000000000000000e+00 3.231369072014755807e-04 0.000000000000000000e+00 0.000000000000000000e+00 0.000000000000000000e+00 7.648992370563705012e-04 7.510643189565335658e-04 0.000000000000000000e+00 0.000000000000000000e+00 8.275421509274453590e-04 8.102539742892514180e-04 1.298845455579755097e-04 0.000000000000000000e+00
0.000000000000000000e+00 0.000000000000000000e+00 0.000000000000000000e+00 0.000000000000000000e+00 3.153074613612476219e-04 0.000000000000000000e+00 0.000000000000000000e+00 0.000000000000000000e+00 7.642894553994025687e-04 7.609086459887423430e-04 0.000000000000000000e+00 0.000000000000000000e+00 8.436613314945386318e-04 8.359820843294470507e-04 1.364060206013968310e-04 0.000000000000000000e+00
0.000000000000000000e+00 0.000000000000000000e+00 0.000000000000000000e+00 0.000000000000000000e+00 3.361025363167119222e-04 0.000000000000000000e+00 0.000000000000000000e+00 0.000000000000000000e+00 7.616568451240471197e-04 7.552576256476405299e-04 0.000000000000000000e+00 0.000000000000000000e+00 8.378240297504287171e-04 8.249406386392223699e-04 1.238154511045222190e-04 0.000000000000000000e+00
0.000000000000000000e+00 0.000000000000000000e+00 0.000000000000000000e+00 0.000000000000000000e+00 3.304433985203613310e-04 0.000000000000000000e+00 0.000000000000000000e+00 0.000000000000000000e+00 7.645898113337942911e-04 7.534383802008100088e-04 0.000000000000000000e+00 0.000000000000000000e+00 8.306272360990134013e-04 8.165392572425342636e-04 1.155117766621232308e-04 0.000000000000000000e+00
0.000000000000000000e+00 0.000000000000000000e+00 0.000000000000000000e+00 0.000000000000000000e+00 3.338350867623124949e-04 0.000000000000000000e+00 0.000000000000000000e+00 0.000000000000000000e+00 7.842928302174015723e-04 7.728175246078071436e-04 0.000000000000000000e+00 0.000000000000000000e+00 8.360748981983148970e-04 8.191105242332418412e-04 1.258167751752030828e-04 0.000000000000000000e+00
0.000000000000000000e+00 0.000000000000000000e+00 0.000000000000000000e+00 0.000000000000000000e+00 3.218558057835304632e-04 0.000000000000000000e+00 0.000000000000000000e+00 0.000000000000000000e+00 7.540740978070170197e-04 7.517918663161198868e-04 0.000000000000000000e+00 0.000000000000000000e+00 8.292503008011448606e-04 8.205655480596753216e-04 1.442668648430332247e-04 0.000000000000000000e+00
0.000000000000000000e+00 0.000000000000000000e+00 0.000000000000000000e+00 0.000000000000000000e+00 3.262959851719467261e-04 0.000000000000000000e+00 0.000000000000000000e+00 0.000000000000000000e+00 7.741354246020319338e-04 7.640082103278966405e-04 0.000000000000000000e+00 0.000000000000000000e+00 8.238284350852349575e-04 8.039784871249236291e-04 1.352896106264843250e-04 0.000000000000000000e+00
0.000000000000000000e+00 0.000000000000000000e+00 0.000000000000000000e+00 0.000000000000000000e+00 3.382381563939260041e-04 0.000000000000000000e+00 0.000000000000000000e+00 0.000000000000000000e+00 7.696545857028936699e-04 7.557425509677141631e-04 0.000000000000000000e+00 0.000000000000000000e+00 8.223708124049706634e-04 8.015176669378107138e-04 1.348691386723884856e-04 0.000000000000000000e+00
0.000000000000000000e+00 0.000000000000000000e+00 0.000000000000000000e+00 0.000000000000000000e+00 3.281180229167167200e-04 0.000000000000000000e+00 0.000000000000000000e+00 0.000000000000000000e+00 7.769187843089640517e-04 7.692883550282726473e-04 0.000000000000000000e+00 0.000000000000000000e+00 8.411429880394217812e-04 8.284396335937606153e-04 1.327383834959488119e-04 0.000000000000000000e+00
0.000000000000000000e+00 0.000000000000000000e+00 0.000000000000000000e+00 0.000000000000000000e+00 3.371345034891122744e-04 0.000000000000000000e+00 0.000000000000000000e+00 0.000000000000000000e+00 7.765703546921368539e-04 7.661065946219246291e-04 0.000000000000000000e+00 0.000000000000000000e+00 8.262758502849751460e-04 8.086314751139471848e-04 1.294792512054623813e-04 0.000000000000000000e+00
0.000000000000000000e+00 0.000000000000000000e+00 0.000000000000000000e+00 0.000000000000000000e+00 3.229512197375450865e-04 0.000000000000000000e+00 0.000000000000000000e+00 0.000000000000000000e+00 7.626974695070308074e-04 7.449218769072578046e-04 0.000000000000000000e+00 0.000000000000000000e+00 8.183948754380534953e-04 7.954185816263602401e-04 1.329471080043313487e-04 0.000000000000000000e+00
0.000000000000000000e+00 0.000000000000000000e+00 0.000000000000000000e+00 0.000000000000000000e+00 3.267081059511979459e-04 0.000000000000000000e+00 0.000000000000000000e+00 0.000000000000000000e+00 7.717512371375957921e-04 7.680146121347585951e-04 0.000000000000000000e+00 0.000000000000000000e+00 8.262308004661995725e-04 8.139446006298654357e-04 1.343986622221458090e-04 0.000000000000000000e+00
0.000000000000000000e+00 0.000000000000000000e+00 0.000000000000000000e+00 0.000000000000000000e+00 3.345466010178981204e-04 0.000000000000000000e+00 0.000000000000000000e+00 0.000000000000000000e+00 7.665965045934639401e-04 7.542436852710167252e-04 0.000000000000000000e+00 0.000000000000000000e+00 8.306989374822382633e-04 8.103437200199622081e-04 1.197951259961434916e-04 0.000000000000000000e+00
0.000000000000000000e+00 0.000000000000000000e+00 0.000000000000000000e+00 0.000000000000000000e+00 3.215516267700378869e-04 0.000000000000000000e+00 0.000000000000000000e+00 0.000000000000000000e+00 7.753270964424853169e-04 7.656946367808775168e-04 0.000000000000000000e+00 0.000000000000000000e+00 8.234729079450146426e-04 8.066541613624749960e-04 1.249565127677457589e-04 0.000000000000000000e+00
0.000000000000000000e+00 0.000000000000000000e+00 0.000000000000000000e+00 0.000000000000000000e+00 3.422434163201221982e-04 0.000000000000000000e+00 0.000000000000000000e+00 0.000000000000000000e+00 7.702101855459823464e-04 7.578472380166004305e-04 0.000000000000000000e+00 0.000000000000000000e+00 8.285726887926358510e-04 8.134127582533853297e-04 1.257365969569647531e-04 0.000000000000000000e+00
0.000000000000000000e+00 0.000000000000000000e+00 0.000000000000000000e+00 0.000000000000000000e+00 3.230448607338317355e-04 0.000000000000000000e+00 0.000000000000000000e+00 0.000000000000000000e+00 7.720055007893151600e-04 7.623735556971347922e-04 0.000000000000000000e+00 0.000000000000000000e+00 8.244974913264005618e-04 8.086586104418169631e-04 1.370316890668390390e-04 0.000000000000000000e+00
0.000000000000000000e+00 0.000000000000000000e+00 0.000000000000000000e+00 0.000000000000000000e+00 3.255612223877223685e-04 0.000000000000000000e+00 0.000000000000000000e+00 0.000000000000000000e+00 7.555064444463398384e-04 7.405368578082962639e-04 0.000000000000000000e+00 0.000000000000000000e+00 8.242667597830271144e-04 8.029564153826726633e-04 1.257045630929310082e-04 0.000000000000000000e+00
0.000000000000000000e+00 0.000000000000000000e+00 0.000000000000000000e+00 0.000000000000000000e+00 3.236097914772666857e-04 0.000000000000000000e+00 0.000000000000000000e+00 0.000000000000000000e+00 7.495593292782076842e-04 7.415849807093099783e-04 0.000000000000000000e+00 0.000000000000000000e+00 8.152081973468645361e-04 8.017319555253929388e-04 1.080659124777126411e-04 0.000000000000000000e+00
0.000000000000000000e+00 0.000000000000000000e+00 0.000000000000000000e+00 0.000000000000000000e+00 3.431129998872074999e-04 0.000000000000000000e+00 0.000000000000000000e+00 0.000000000000000000e+00 7.728795712100377906e-04 7.535329933685816278e-04 0.000000000000000000e+00 0.000000000000000000e+00 8.237515012607460807e-04 8.002599318678371232e-04 1.143747745124748928e-04 0.000000000000000000e+00
0.000000000000000000e+00 0.000000000000000000e+00 0.000000000000000000e+00 0.000000000000000000e+00 3.206808482623197602e-04 0.000000000000000000e+00 0.000000000000000000e+00 0.000000000000000000e+00 7.471069897148303668e-04 7.514439237116736330e-04 0.000000000000000000e+00 0.000000000000000000e+00 8.072259753941908285e-04 8.060751707479774531e-04 1.126024182009269085e-04 0.000000000000000000e+00
0.000000000000000000e+00 0.000000000000000000e+00 0.000000000000000000e+00 0.000000000000000000e+00 3.225910103441428077e-04 0.000000000000000000e+00 0.000000000000000000e+00 0.000000000000000000e+00 7.677601265054973022e-04 7.498809402686105541e-04 0.000000000000000000e+00 0.000000000000000000e+00 8.300699116053103467e-04 8.114138305753248580e-04 1.329188721685682596e-04 0.000000000000000000e+00
0.000000000000000000e+00 0.000000000000000000e+00 0.000000000000000000e+00 0.000000000000000000e+00 3.366104064207041564e-04 0.000000000000000000e+00 0.000000000000000000e+00 0.000000000000000000e+00 7.639211651385298917e-04 7.543847099857356551e-04 0.000000000000000000e+00 0.000000000000000000e+00 8.175511768051305604e-04 8.023197341096445067e-04 1.259807038892084318e-04 0.000000000000000000e+00
0.000000000000000000e+00 0.000000000000000000e+00 0.000000000000000000e+00 0.000000000000000000e+00 3.340327815345642813e-04 0.000000000000000000e+00 0.000000000000000000e+00 0.000000000000000000e+00 7.846527870645307861e-04 7.835354503129055882e-04 0.000000000000000000e+00 0.000000000000000000e+00 8.445741487252392179e-04 8.377367334560675317e-04 1.375811449938688904e-04 0.000000000000000000e+00
0.000000000000000000e+00 0.000000000000000000e+00 0.000000000000000000e+00 0.000000000000000000e+00 3.379095994736158824e-04 0.000000000000000000e+00 0.000000000000000000e+00 0.000000000000000000e+00 7.610929642493828107e-04 7.523183529162079516e-04 0.000000000000000000e+00 0.000000000000000000e+00 8.304979174783604567e-04 8.126373578680858110e-04 1.271442604275938384e-04 0.000000000000000000e+00
0.000000000000000000e+00 0.000000000000000000e+00 0.000000000000000000e+00 0.000000000000000000e+00 3.314587656105186914e-04 0.000000000000000000e+00 0.000000000000000000e+00 0.000000000000000000e+00 7.631357269893519280e-04 7.519899326111698220e-04 0.000000000000000000e+00 0.000000000000000000e+00 8.246687576969262239e-04 8.084741768154810916e-04 1.280598159204519718e-04 0.000000000000000000e+00
0.000000000000000000e+00 0.000000000000000000e+00 0.000000000000000000e+00 0.000000000000000000e+00 3.410679876540250442e-04 0.000000000000000000e+00 0.000000000000000000e+00 0.000000000000000000e+00 7.716638256352273016e-04 7.588766388236635810e-04 0.000000000000000000e+00 0.000000000000000000e+00 8.355075009988913344e-04 8.134393806193215446e-04 1.279638820780343203e-04 0.000000000000000000e+00
0.000000000000000000e+00 0.000000000000000000e+00 0.000000000000000000e+00 0.000000000000000000e+00 3.337447051547606141e-04 0.000000000000000000e+00 0.000000000000000000e+00 0.000000000000000000e+00 7.678520782100682705e-04 7.530728404943012487e-04 0.000000000000000000e+00 0.000000000000000000e+00 8.245266727977165321e-04 8.065036933943311830e-04 1.192889971649172345e-04 0.000000000000000000e+00
0.000000000000000000e+00 0.000000000000000000e+00 0.000000000000000000e+00 0.000000000000000000e+00 3.281822069413849229e-04 0.000000000000000000e+00 0.000000000000000000e+00 0.000000000000000000e+00 7.707923792349834387e-04 7.623218662716113505e-04 0.000000000000000000e+00 0.000000000000000000e+00 8.267558455064208259e-04 8.120547778691794300e-04 1.324205477041466670e-04 0.000000000000000000e+00
0.000000000000000000e+00 0.000000000000000000e+00 0.000000000000000000e+00 0.000000000000000000e+00 3.239092122005966042e-04 0.000000000000000000e+00 0.000000000000000000e+00 0.000000000000000000e+00 7.515994138124601400e-04 7.485721498783033190e-04 0.000000000000000000e+00 0.000000000000000000e+00 8.143185036405295278e-04 8.073495568305383415e-04 1.433935449104551242e-04 0.000000000000000000e+00
0.000000000000000000e+00 0.000000000000000000e+00 0.000000000000000000e+00 0.000000000000000000e+00 3.251643358375378660e-04 0.000000000000000000e+00 0.000000000000000000e+00 0.000000000000000000e+00 7.541390185308106996e-04 7.327958919211597115e-04 0.000000000000000000e+00 0.000000000000000000e+00 8.102948146964620169e-04 7.827714318583472910e-04 1.099099899518128062e-04 0.000000000000000000e+00
0.000000000000000000e+00 0.000000000000000000e+00 0.000000000000000000e+00 0.000000000000000000e+00 3.198467037044603039e-04 0.000000000000000000e+00 0.000000000000000000e+00 0.000000000000000000e+00 7.517389559867312422e-04 7.451037979314470427e-04 0.000000000000000000e+00 0.000000000000000000e+00 8.257774415421100358e-04 8.124198037198959634e-04 1.304466284687985048e-04 0.000000000000000000e+00
0.000000000000000000e+00 0.000000000000000000e+00 0.000000000000000000e+00 0.000000000000000000e+00 3.239700075207830720e-04 0.000000000000000000e+00 0.000000000000000000e+00 0.000000000000000000e+00 7.759505069863701721e-04 7.632060647073416956e-04 0.000000000000000000e+00 0.000000000000000000e+00 8.429996648383792117e-04 8.220907617982249095e-04 1.331696862489673591e-04 0.000000000000000000e+00
0.000000000000000000e+00 0.000000000000000000e+00 0.000000000000000000e+00 0.000000000000000000e+00 3.176988349629744049e-04 0.000000000000000000e+00 0.000000000000000000e+00 0.000000000000000000e+00 7.630181857257409576e-04 7.539343988167204746e-04 0.000000000000000000e+00 0.000000000000000000e+00 8.137656059838903853e-04 8.003827241970269809e-04 1.301339379472698425e-04 0.000000000000000000e+00
0.000000000000000000e+00 0.000000000000000000e+00 0.000000000000000000e+00 0.000000000000000000e+00 3.203651231101408694e-04 0.000000000000000000e+00 0.000000000000000000e+00 0.000000000000000000e+00 7.491248357604473858e-04 7.510410010913564239e-04 0.000000000000000000e+00 0.000000000000000000e+00 8.065919247668254565e-04 7.981315660693068725e-04 1.358799595517221688e-04 0.000000000000000000e+00
0.000000000000000000e+00 0.000000000000000000e+00 0.000000000000000000e+00 0.000000000000000000e+00 3.367299845812080344e-04 0.000000000000000000e+00 0.000000000000000000e+00 0.000000000000000000e+00 7.637680670851275562e-04 7.565122248998735555e-04 0.000000000000000000e+00 0.000000000000000000e+00 8.024865332579937931e-04 7.851244583227788175e-04 1.208870346005276396e-04 0.000000000000000000e+00
0.000000000000000000e+00 0.000000000000000000e+00 0.000000000000000000e+00 0.000000000000000000e+00 3.255234601207879675e-04 0.000000000000000000e+00 0.000000000000000000e+00 0.000000000000000000e+00 7.636143314789156297e-04 7.603789972552555104e-04 0.000000000000000000e+00 0.000000000000000000e+00 8.182281286539670913e-04 8.057465830817932230e-04 1.277406721464707177e-04 0.000000000000000000e+00
0.000000000000000000e+00 0.000000000000000000e+00 0.000000000000000000e+00 0.000000000000000000e+00 3.317477859733497384e-04 0.000000000000000000e+00 0.000000000000000000e+00 0.000000000000000000e+00 7.522082681792721702e-04 7.434627522978975523e-04 0.000000000000000000e+00 0.000000000000000000e+00 8.271920876146465805e-04 8.158202987081354619e-04 1.293917149675299178e-04 0.000000000000000000e+00
0.000000000000000000e+00 0.000000000000000000e+00 0.000000000000000000e+00 0.000000000000000000e+00 3.092527508720933839e-04 0.000000000000000000e+00 0.000000000000000000e+00 0.000000000000000000e+00 7.491066475537886196e-04 7.427868747535604395e-04 0.000000000000000000e+00 0.000000000000000000e+00 8.041237840725723972e-04 7.930216324273089631e-04 1.185448618466124231e-04 0.000000000000000000e+00
0.000000000000000000e+00 0.000000000000000000e+00 0.000000000000000000e+00 0.000000000000000000e+00 3.326246546928822694e-04 0.000000000000000000e+00 0.000000000000000000e+00 0.000000000000000000e+00 7.546408194093642526e-04 7.458474184974654177e-04 0.000000000000000000e+00 0.000000000000000000e+00 8.392150162823164587e-04 8.211786382312842190e-04 1.290362938858152493e-04 0.000000000000000000e+00
0.000000000000000000e+00 0.000000000000000000e+00 0.000000000000000000e+00 0.000000000000000000e+00 3.220492917749267895e-04 0.000000000000000000e+00 0.000000000000000000e+00 0.000000000000000000e+00 7.447591121390922855e-04 7.432160083453423147e-04 0.000000000000000000e+00 0.000000000000000000e+00 8.034603938739052608e-04 7.979958495766598017e-04 1.227756715136145329e-04 0.000000000000000000e+00
0.000000000000000000e+00 0.000000000000000000e+00 0.000000000000000000e+00 0.000000000000000000e+00 3.544815167782132902e-04 0.000000000000000000e+00 0.000000000000000000e+00 0.000000000000000000e+00 7.831838067039830322e-04 7.690146992498043737e-04 0.000000000000000000e+00 0.000000000000000000e+00 8.602842526033582663e-04 8.399918629925369170e-04 1.271558665360531426e-04 0.000000000000000000e+00
0.000000000000000000e+00 0.000000000000000000e+00 0.000000000000000000e+00 0.000000000000000000e+00 3.391941612802855323e-04 0.000000000000000000e+00 0.000000000000000000e+00 0.000000000000000000e+00 7.607852859132614243e-04 7.577326383216966086e-04 0.000000000000000000e+00 0.000000000000000000e+00 8.365992596025179128e-04 8.273445046093622557e-04 1.276158373106539752e-04 0.000000000000000000e+00
0.000000000000000000e+00 0.000000000000000000e+00 0.000000000000000000e+00 0.000000000000000000e+00 3.185673818929614961e-04 0.000000000000000000e+00 0.000000000000000000e+00 0.000000000000000000e+00 7.433423839508484631e-04 7.298147424084260385e-04 0.000000000000000000e+00 0.000000000000000000e+00 8.047235196716239023e-04 7.843812661148212703e-04 1.202097077793834831e-04 0.000000000000000000e+00
0.000000000000000000e+00 0.000000000000000000e+00 0.000000000000000000e+00 0.000000000000000000e+00 3.327666588339562681e-04 0.000000000000000000e+00 0.000000000000000000e+00 0.000000000000000000e+00 7.649679518792221146e-04 7.472067597375066719e-04 0.000000000000000000e+00 0.000000000000000000e+00 8.366573124912926986e-04 8.118139089337225462e-04 1.290663586438877276e-04 0.000000000000000000e+00
0.000000000000000000e+00 0.000000000000000000e+00 0.000000000000000000e+00 0.000000000000000000e+00 3.386610299202651880e-04 0.000000000000000000e+00 0.000000000000000000e+00 0.000000000000000000e+00 7.610478391372219953e-04 7.482341382571595922e-04 0.000000000000000000e+00 0.000000000000000000e+00 8.247409401048169317e-04 8.056772446652501682e-04 1.168205638930206391e-04 0.000000000000000000e+00
0.000000000000000000e+00 0.000000000000000000e+00 0.000000000000000000e+00 0.000000000000000000e+00 3.308383837862049299e-04 0.000000000000000000e+00 0.000000000000000000e+00 0.000000000000000000e+00 7.655824314769382744e-04 7.557691877658343415e-04 0.000000000000000000e+00 0.000000000000000000e+00 8.310995540652205355e-04 8.112007133953855025e-04 1.293325649805679325e-04 0.000000000000000000e+00
0.000000000000000000e+00 0.000000000000000000e+00 0.000000000000000000e+00 0.000000000000000000e+00 3.314361276519291774e-04 0.000000000000000000e+00 0.000000000000000000e+00 0.000000000000000000e+00 7.648379326394327870e-04 7.546865890474209384e-04 0.000000000000000000e+00 0.000000000000000000e+00 8.177045715309426248e-04 8.041832546994833819e-04 1.260819181281289450e-04 0.000000000000000000e+00
0.000000000000000000e+00 0.000000000000000000e+00 0.000000000000000000e+00 0.000000000000000000e+00 3.232651822516815088e-04 0.000000000000000000e+00 0.000000000000000000e+00 0.000000000000000000e+00 7.452987658008820501e-04 7.391197602365736676e-04 0.000000000000000000e+00 0.000000000000000000e+00 7.928356145134111662e-04 7.795328574475941449e-04 1.148938687036202679e-04 0.000000000000000000e+00
0.000000000000000000e+00 0.000000000000000000e+00 0.000000000000000000e+00 0.000000000000000000e+00 3.305848912625916473e-04 0.000000000000000000e+00 0.000000000000000000e+00 0.000000000000000000e+00 7.457503179294523981e-04 7.291289887008408190e-04 0.000000000000000000e+00 0.000000000000000000e+00 8.420972973703969543e-04 8.222834426996288417e-04 1.257593113649030717e-04 0.000000000000000000e+00
0.000000000000000000e+00 0.000000000000000000e+00 0.000000000000000000e+00 0.000000000000000000e+00 3.291325949729261707e-04 0.000000000000000000e+00 0.000000000000000000e+00 0.000000000000000000e+00 7.620746314806610107e-04 7.572819861897619629e-04 0.000000000000000000e+00 0.000000000000000000e+00 8.256275905948183861e-04 8.159739186865834059e-04 1.282663309726227163e-04 0.000000000000000000e+00
0.000000000000000000e+00 0.000000000000000000e+00 0.000000000000000000e+00 0.000000000000000000e+00 3.301007057292055982e-04 0.000000000000000000e+00 0.000000000000000000e+00 0.000000000000000000e+00 7.696733179222580877e-04 7.591505327163285089e-04 0.000000000000000000e+00 0.000000000000000000e+00 8.359557552263577850e-04 8.176546234722967006e-04 1.317515938847642755e-04 0.000000000000000000e+00
0.000000000000000000e+00 0.000000000000000000e+00 0.000000000000000000e+00 0.000000000000000000e+00 3.502784403852153648e-04 0.000000000000000000e+00 0.000000000000000000e+00 0.000000000000000000e+00 7.829477153485157577e-04 7.636396389926230132e-04 0.000000000000000000e+00 0.000000000000000000e+00 8.353175127584274318e-04 8.107630023721213147e-04 1.166466560488698187e-04 0.000000000000000000e+00
0.000000000000000000e+00 0.000000000000000000e+00 0.000000000000000000e+00 0.000000000000000000e+00 3.305238243859249148e-04 0.000000000000000000e+00 0.000000000000000000e+00 0.000000000000000000e+00 7.464665563678591102e-04 7.354075792642040827e-04 0.000000000000000000e+00 0.000000000000000000e+00 8.083341608338614906e-04 7.914769431570557604e-04 1.152078552033608696e-04 0.000000000000000000e+00
0.000000000000000000e+00 0.000000000000000000e+00 0.000000000000000000e+00 0.000000000000000000e+00 3.416821569933172712e-04 0.000000000000000000e+00 0.000000000000000000e+00 0.000000000000000000e+00 7.716165490100643318e-04 7.467481838085148361e-04 0.000000000000000000e+00 0.000000000000000000e+00 8.381672677677874488e-04 8.045137755972507848e-04 1.295481014729237598e-04 0.000000000000000000e+00
0.000000000000000000e+00 0.000000000000000000e+00 0.000000000000000000e+00 0.000000000000000000e+00 3.448061095018214203e-04 0.000000000000000000e+00 0.000000000000000000e+00 0.000000000000000000e+00 7.529723186402835109e-04 7.403676100107242468e-04 0.000000000000000000e+00 0.000000000000000000e+00 8.264632997594697876e-04 8.078789850084748970e-04 1.272194699464724731e-04 0.000000000000000000e+00
0.000000000000000000e+00 0.000000000000000000e+00 0.000000000000000000e+00 0.000000000000000000e+00 3.311127259055886198e-04 0.000000000000000000e+00 0.000000000000000000e+00 0.000000000000000000e+00 7.615809132506664789e-04 7.433243091251051388e-04 0.000000000000000000e+00 0.000000000000000000e+00 8.269230445013141164e-04 8.017287722259353565e-04 1.307332389722981776e-04 0.000000000000000000e+00
0.000000000000000000e+00 0.000000000000000000e+00 0.000000000000000000e+00 0.000000000000000000e+00 3.276372629562181952e-04 0.000000000000000000e+00 0.000000000000000000e+00 0.000000000000000000e+00 7.518378951189113842e-04 7.440821049298381156e-04 0.000000000000000000e+00 0.000000000000000000e+00 8.133002325727030487e-04 7.990819088233758107e-04 1.333799476883498444e-04 0.000000000000000000e+00
0.000000000000000000e+00 0.000000000000000000e+00 0.000000000000000000e+00 0.000000000000000000e+00 3.240362783253168807e-04 0.000000000000000000e+00 0.000000000000000000e+00 0.000000000000000000e+00 7.611129009937821731e-04 7.619616871278634155e-04 0.000000000000000000e+00 0.000000000000000000e+00 8.183540153347634936e-04 8.113035128659448975e-04 1.258893742449716693e-04 0.000000000000000000e+00
0.000000000000000000e+00 0.000000000000000000e+00 0.000000000000000000e+00 0.000000000000000000e+00 3.507913737882173205e-04 0.000000000000000000e+00 0.000000000000000000e+00 0.000000000000000000e+00 7.662763299569687369e-04 7.476590540360606926e-04 0.000000000000000000e+00 0.000000000000000000e+00 8.401106239311792153e-04 8.122239622875082957e-04 1.211869894598129537e-04 0.000000000000000000e+00
0.000000000000000000e+00 0.000000000000000000e+00 0.000000000000000000e+00 0.000000000000000000e+00 3.409054886583618381e-04 0.000000000000000000e+00 0.000000000000000000e+00 0.000000000000000000e+00 7.606405800360071081e-04 7.461846189841688220e-04 0.000000000000000000e+00 0.000000000000000000e+00 8.118415837047172597e-04 7.901337353043032773e-04 1.309777602962063667e-04 0.000000000000000000e+00
0.000000000000000000e+00 0.000000000000000000e+00 0.000000000000000000e+00 0.000000000000000000e+00 3.312875510869018486e-04 0.000000000000000000e+00 0.000000000000000000e+00 0.000000000000000000e+00 7.766903651621018560e-04 7.599437447525503320e-04 0.000000000000000000e+00 0.000000000000000000e+00 8.310960789517260429e-04 8.119619145579357175e-04 1.263745129637234795e-04 0.000000000000000000e+00
0.000000000000000000e+00 0.000000000000000000e+00 0.000000000000000000e+00 0.000000000000000000e+00 3.243336152252854297e-04 0.000000000000000000e+00 0.000000000000000000e+00 0.000000000000000000e+00 7.582670821420723012e-04 7.376816752170792029e-04 0.000000000000000000e+00 0.000000000000000000e+00 8.118490769482892243e-04 7.862145735178545499e-04 1.133528959646144932e-04 0.000000000000000000e+00
0.000000000000000000e+00 0.000000000000000000e+00 0.000000000000000000e+00 0.000000000000000000e+00 3.267534218533749255e-04 0.000000000000000000e+00 0.000000000000000000e+00 0.000000000000000000e+00 7.566571960750048545e-04 7.542717696708096595e-04 0.000000000000000000e+00 0.000000000000000000e+00 8.279564505033750821e-04 8.208240242678497200e-04 1.180167952399590784e-04 0.000000000000000000e+00
0.000000000000000000e+00 0.000000000000000000e+00 0.000000000000000000e+00 0.000000000000000000e+00 3.376379858227452745e-04 0.000000000000000000e+00 0.000000000000000000e+00 0.000000000000000000e+00 7.780266638010514737e-04 7.690984388877943403e-04 0.000000000000000000e+00 0.000000000000000000e+00 8.551454067126905163e-04 8.413962936487614543e-04 1.402463872098132973e-04 0.000000000000000000e+00
0.000000000000000000e+00 0.000000000000000000e+00 0.000000000000000000e+00 0.000000000000000000e+00 3.377491002169807455e-04 0.000000000000000000e+00 0.000000000000000000e+00 0.000000000000000000e+00 7.871627694116614411e-04 7.727980626921472597e-04 0.000000000000000000e+00 0.000000000000000000e+00 8.389868633723082236e-04 8.180065668548483536e-04 1.239643726676507613e-04 0.000000000000000000e+00
0.000000000000000000e+00 0.000000000000000000e+00 0.000000000000000000e+00 0.000000000000000000e+00 3.152487995290318085e-04 0.000000000000000000e+00 0.000000000000000000e+00 0.000000000000000000e+00 7.547669229816274640e-04 7.497888750792678757e-04 0.000000000000000000e+00 0.000000000000000000e+00 8.195780768906444106e-04 8.140557917985604720e-04 1.291618678372686874e-04 0.000000000000000000e+00
0.000000000000000000e+00 0.000000000000000000e+00 0.000000000000000000e+00 0.000000000000000000e+00 3.415809406608490378e-04 0.000000000000000000e+00 0.000000000000000000e+00 0.000000000000000000e+00 7.710969702146629277e-04 7.516012920188847295e-04 0.000000000000000000e+00 0.000000000000000000e+00 8.350382922547113949e-04 8.088266662764957921e-04 1.305026531860918626e-04 0.000000000000000000e+00
0.000000000000000000e+00 0.000000000000000000e+00 0.000000000000000000e+00 0.000000000000000000e+00 3.293917704181479559e-04 0.000000000000000000e+00 0.000000000000000000e+00 0.000000000000000000e+00 7.526977562231294524e-04 7.498191830131558299e-04 0.000000000000000000e+00 0.000000000000000000e+00 8.305895129580215036e-04 8.263178593939076236e-04 1.271900564483128280e-04 0.000000000000000000e+00
0.000000000000000000e+00 0.000000000000000000e+00 0.000000000000000000e+00 0.000000000000000000e+00 3.477925731182480431e-04 0.000000000000000000e+00 0.000000000000000000e+00 0.000000000000000000e+00 7.698904443746940138e-04 7.668296219094418182e-04 0.000000000000000000e+00 0.000000000000000000e+00 8.153234461736511528e-04 8.050220984813644121e-04 1.163540299568206792e-04 0.000000000000000000e+00
0.000000000000000000e+00 0.000000000000000000e+00 0.000000000000000000e+00 0.000000000000000000e+00 3.450342193162650494e-04 0.000000000000000000e+00 0.000000000000000000e+00 0.000000000000000000e+00 7.734354385431887937e-04 7.703010241885076791e-04 0.000000000000000000e+00 0.000000000000000000e+00 8.358370480860466195e-04 8.244784621218798418e-04 1.420210636045562340e-04 0.000000000000000000e+00
0.000000000000000000e+00 0.000000000000000000e+00 0.000000000000000000e+00 0.000000000000000000e+00 3.407730088606030047e-04 0.000000000000000000e+00 0.000000000000000000e+00 0.000000000000000000e+00 7.684838952110663356e-04 7.547384930190470520e-04 0.000000000000000000e+00 0.000000000000000000e+00 8.332916543255806984e-04 8.134523191909209718e-04 1.294593593216007753e-04 0.000000000000000000e+00
0.000000000000000000e+00 0.000000000000000000e+00 0.000000000000000000e+00 0.000000000000000000e+00 3.358991527159781187e-04 0.000000000000000000e+00 0.000000000000000000e+00 0.000000000000000000e+00 7.534727483169769997e-04 7.406125043359162129e-04 0.000000000000000000e+00 0.000000000000000000e+00 8.329261859353066485e-04 8.147744160160151367e-04 1.317148311279486969e-04 0.000000000000000000e+00
0.000000000000000000e+00 0.000000000000000000e+00 0.000000000000000000e+00 0.000000000000000000e+00 3.259402938901257633e-04 0.000000000000000000e+00 0.000000000000000000e+00 0.000000000000000000e+00 7.402791221312177280e-04 7.387543710714773596e-04 0.000000000000000000e+00 0.000000000000000000e+00 8.122253294774766296e-04 8.047765705673217904e-04 1.297832584396803692e-04 0.000000000000000000e+00
0.000000000000000000e+00 0.000000000000000000e+00 0.000000000000000000e+00 0.000000000000000000e+00 3.177129887787008404e-04 0.000000000000000000e+00 0.000000000000000000e+00 0.000000000000000000e+00 7.552092255688325597e-04 7.470329513519121918e-04 0.000000000000000000e+00 0.000000000000000000e+00 8.045145994371134335e-04 7.902248456342203780e-04 1.224940577561965096e-04 0.000000000000000000e+00
0.000000000000000000e+00 0.000000000000000000e+00 0.000000000000000000e+00 0.000000000000000000e+00 3.286223629650592525e-04 0.000000000000000000e+00 0.000000000000000000e+00 0.000000000000000000e+00 7.720204423675316010e-04 7.642345352903888661e-04 0.000000000000000000e+00 0.000000000000000000e+00 8.330270181258065927e-04 8.227437023917974143e-04 1.276615011642606679e-04 0.000000000000000000e+00
0.000000000000000000e+00 0.000000000000000000e+00 0.000000000000000000e+00 0.000000000000000000e+00 3.324183264811801045e-04 0.000000000000000000e+00 0.000000000000000000e+00 0.000000000000000000e+00 7.685728766941274772e-04 7.592740946329358141e-04 0.000000000000000000e+00 0.000000000000000000e+00 8.343153310927154970e-04 8.186435683547463793e-04 1.253500667747898102e-04 0.000000000000000000e+00
0.000000000000000000e+00 0.000000000000000000e+00 0.000000000000000000e+00 0.000000000000000000e+00 3.343064562739206445e-04 0.000000000000000000e+00 0.000000000000000000e+00 0.000000000000000000e+00 7.619843499579065675e-04 7.516996187872218614e-04 0.000000000000000000e+00 0.000000000000000000e+00 8.219896873832212725e-04 8.049769352183804927e-04 1.271825198247503457e-04 0.000000000000000000e+00
0.000000000000000000e+00 0.000000000000000000e+00 0.000000000000000000e+00 0.000000000000000000e+00 3.259392215389439527e-04 0.000000000000000000e+00 0.000000000000000000e+00 0.000000000000000000e+00 7.424056032147693853e-04 7.367912692645377367e-04 0.000000000000000000e+00 0.000000000000000000e+00 8.005510934473629523e-04 7.880311928882163764e-04 1.245373072442046100e-04 0.000000000000000000e+00
0.000000000000000000e+00 0.000000000000000000e+00 0.000000000000000000e+00 0.000000000000000000e+00 3.282310276759106173e-04 0.000000000000000000e+00 0.000000000000000000e+00 0.000000000000000000e+00 7.687597090506950465e-04 7.626119542241703358e-04 0.000000000000000000e+00 0.000000000000000000e+00 8.404445970604524892e-04 8.314184669448035706e-04 1.266025279618095438e-04 0.000000000000000000e+00
0.000000000000000000e+00 0.000000000000000000e+00 0.000000000000000000e+00 0.000000000000000000e+00 3.381665074740906776e-04 0.000000000000000000e+00 0.000000000000000000e+00 0.000000000000000000e+00 7.712593971302797750e-04 7.584341962095626994e-04 0.000000000000000000e+00 0.000000000000000000e+00 8.277737142204596478e-04 8.114071612202885218e-04 1.254609267056898143e-04 0.000000000000000000e+00
0.000000000000000000e+00 0.000000000000000000e+00 0.000000000000000000e+00 0.000000000000000000e+00 3.354116633085901605e-04 0.000000000000000000e+00 0.000000000000000000e+00 0.000000000000000000e+00 7.656836374702817149e-04 7.639068937897725139e-04 0.000000000000000000e+00 0.000000000000000000e+00 8.277566479985198813e-04 8.210472698001760033e-04 1.168430707895399260e-04 0.000000000000000000e+00
0.000000000000000000e+00 0.000000000000000000e+00 0.000000000000000000e+00 0.000000000000000000e+00 3.503492450070557840e-04 0.000000000000000000e+00 0.000000000000000000e+00 0.000000000000000000e+00 7.700717174872997095e-04 7.529143856100007802e-04 0.000000000000000000e+00 0.000000000000000000e+00 8.432587529253019083e-04 8.220815009644763961e-04 1.379004679849902691e-04 0.000000000000000000e+00
0.000000000000000000e+00 0.000000000000000000e+00 0.000000000000000000e+00 0.000000000000000000e+00 3.263514818378358590e-04 0.000000000000000000e+00 0.000000000000000000e+00 0.000000000000000000e+00 7.661196389548389097e-04 7.564688718603935005e-04 0.000000000000000000e+00 0.000000000000000000e+00 8.426108819529893029e-04 8.276951964893861048e-04 1.323057377421699675e-04 0.000000000000000000e+00
0.000000000000000000e+00 0.000000000000000000e+00 0.000000000000000000e+00 0.000000000000000000e+00 3.395834139466569180e-04 0.000000000000000000e+00 0.000000000000000000e+00 0.000000000000000000e+00 7.599306758162303671e-04 7.466915596265710602e-04 0.000000000000000000e+00 0.000000000000000000e+00 8.297250768806752356e-04 8.115346496349288988e-04 1.430499366958755869e-04 0.000000000000000000e+00
0.000000000000000000e+00 0.000000000000000000e+00 0.000000000000000000e+00 0.000000000000000000e+00 3.343598874105637624e-04 0.000000000000000000e+00 0.000000000000000000e+00 0.000000000000000000e+00 7.684436784120901240e-04 7.561494748286501540e-04 0.000000000000000000e+00 0.000000000000000000e+00 8.300603561543737656e-04 8.124498244444791845e-04 1.206970426916944585e-04 0.000000000000000000e+00
0.000000000000000000e+00 0.000000000000000000e+00 0.000000000000000000e+00 0.000000000000000000e+00 3.316645712949439838e-04 0.000000000000000000e+00 0.000000000000000000e+00 0.000000000000000000e+00 7.894305450644506419e-04 7.674450948707718916e-04 0.000000000000000000e+00 0.000000000000000000e+00 8.469343743074794675e-04 8.189866213467994873e-04 1.284803344858451255e-04 0.000000000000000000e+00
0.000000000000000000e+00 0.000000000000000000e+00 0.000000000000000000e+00 0.000000000000000000e+00 3.347133526692277973e-04 0.000000000000000000e+00 0.000000000000000000e+00 0.000000000000000000e+00 7.700971132628477460e-04 7.562000555518960405e-04 0.000000000000000000e+00 0.000000000000000000e+00 8.537013644131321612e-04 8.368750745302478040e-04 1.369473639811418593e-04 0.000000000000000000e+00
0.000000000000000000e+00 0.000000000000000000e+00 0.000000000000000000e+00 0.000000000000000000e+00 3.261848473321413882e-04 0.000000000000000000e+00 0.000000000000000000e+00 0.000000000000000000e+00 7.670300737867266540e-04 7.544844808361700697e-04 0.000000000000000000e+00 0.000000000000000000e+00 8.235060768791069210e-04 8.043432297431664466e-04 1.265665203119835424e-04 0.000000000000000000e+00
0.000000000000000000e+00 0.000000000000000000e+00 0.000000000000000000e+00 0.000000000000000000e+00 3.121026666333718506e-04 0.000000000000000000e+00 0.000000000000000000e+00 0.000000000000000000e+00 7.390635862555358518e-04 7.299299115723252573e-04 0.000000000000000000e+00 0.000000000000000000e+00 8.174401425776076048e-04 8.046419818697123083e-04 1.292427164002460719e-04 0.000000000000000000e+00
0.000000000000000000e+00 0.000000000000000000e+00 0.000000000000000000e+00 0.000000000000000000e+00 3.471129203236313836e-04 0.000000000000000000e+00 0.000000000000000000e+00 0.000000000000000000e+00 7.690633650263157661e-04 7.527802117791947524e-04 0.000000000000000000e+00 0.000000000000000000e+00 8.228247361095040752e-04 7.988790625550220952e-04 1.212363550443916623e-04 0.000000000000000000e+00
0.000000000000000000e+00 0.000000000000000000e+00 0.000000000000000000e+00 0.000000000000000000e+00 3.202285284301734634e-04 0.000000000000000000e+00 0.000000000000000000e+00 0.000000000000000000e+00 7.462542962101163455e-04 7.435586311337666256e-04 0.000000000000000000e+00 0.000000000000000000e+00 8.256910025723939372e-04 8.208397658088007788e-04 1.230467718606841467e-04 0.000000000000000000e+00
0.000000000000000000e+00 0.000000000000000000e+00 0.000000000000000000e+00 0.000000000000000000e+00 3.131492971635717239e-04 0.000000000000000000e+00 0.000000000000000000e+00 0.000000000000000000e+00 7.383464220826307500e-04 7.318218650543991104e-04 0.000000000000000000e+00 0.000000000000000000e+00 8.201941848796662649e-04 8.072524875435025879e-04 1.311156371917895740e-04 0.000000000000000000e+00
0.000000000000000000e+00 0.000000000000000000e+00 0.000000000000000000e+00 0.000000000000000000e+00 3.242428959744137786e-04 0.000000000000000000e+00 0.000000000000000000e+00 0.000000000000000000e+00 7.530167344169608548e-04 7.501800018656915514e-04 0.000000000000000000e+00 0.000000000000000000e+00 8.138863752892727416e-04 8.069995197563073052e-04 1.093249164084893752e-04 0.000000000000000000e+00
0.000000000000000000e+00 0.000000000000000000e+00 0.000000000000000000e+00 0.000000000000000000e+00 3.237877397790840423e-04 0.000000000000000000e+00 0.000000000000000000e+00 0.000000000000000000e+00 7.730400711682895894e-04 7.605068820652568671e-04 0.000000000000000000e+00 0.000000000000000000e+00 8.313768097941760414e-04 8.145773112268438068e-04 1.286966941967498371e-04 0.000000000000000000e+00
0.000000000000000000e+00 0.000000000000000000e+00 0.000000000000000000e+00 0.000000000000000000e+00 3.323410674793760857e-04 0.000000000000000000e+00 0.000000000000000000e+00 0.000000000000000000e+00 7.639361744457600278e-04 7.615045966798940575e-04 0.000000000000000000e+00 0.000000000000000000e+00 8.182706554891247411e-04 8.079557804826597960e-04 1.313244002678085271e-04 0.000000000000000000e+00
0.000000000000000000e+00 0.000000000000000000e+00 0.000000000000000000e+00 0.000000000000000000e+00 3.282897746562206268e-04 0.000000000000000000e+00 0.000000000000000000e+00 0.000000000000000000e+00 7.575495159509324167e-04 7.450314488941204996e-04 0.000000000000000000e+00 0.000000000000000000e+00 8.022954228165034502e-04 7.823824102217480413e-04 1.171706544706968935e-04 0.000000000000000000e+00
0.000000000000000000e+00 0.000000000000000000e+00 0.000000000000000000e+00 0.000000000000000000e+00 3.509789156191207241e-04 0.000000000000000000e+00 0.000000000000000000e+00 0.000000000000000000e+00 7.890186209178849793e-04 7.719746116952735677e-04 0.000000000000000000e+00 0.000000000000000000e+00 8.504359293688671002e-04 8.266349986628635871e-04 1.207185463518421097e-04 0.000000000000000000e+00
0.000000000000000000e+00 0.000000000000000000e+00 0.000000000000000000e+00 0.000000000000000000e+00 3.299507624292529482e-04 0.000000000000000000e+00 0.000000000000000000e+00 0.000000000000000000e+00 7.413082584212886926e-04 7.362679312701736912e-04 0.000000000000000000e+00 0.000000000000000000e+00 7.987215790968418350e-04 7.864079501542233473e-04 1.242096875570891602e-04 0.000000000000000000e+00
