# 'name' : 'rogers_a02_b02_d03_g06'
# 'source' : 'rogers_a02_b02_d03_g06.yaml'
# 'sample_pops' : ['X', 'Y', 'D', 'N']
# 'sample_size' : 1
# 'n_reps' : 100
# 'n_windows' : 200
# 'seq_length' : 100000000.0
# 'window_length' : 500000.0
# 'recomb_rate' : 1e-08
# 'mut_rate' : 1e-08
# 'created' : None
2.158414902090784442e-04 1.663538596094744470e-04 9.279395627216580284e-04 7.774438167640476205e-04
2.273046691048110854e-04 1.733621399025883322e-04 9.216765088838474581e-04 7.599463192530014812e-04
2.103147350899960545e-04 1.687906601975029100e-04 9.133694427694644602e-04 7.711232372622160280e-04
2.193702356722812866e-04 1.668806082380044518e-04 9.285462151969945928e-04 7.492801219587490440e-04
2.149842937594112057e-04 1.644264399885750751e-04 9.275926042772848724e-04 7.621854770099405207e-04
2.232764877619511986e-04 1.714958750678607262e-04 9.263041778029136412e-04 7.562084619941278167e-04
2.175188610459608907e-04 1.683132446518459141e-04 9.239666224893383108e-04 7.744867520432758634e-04
2.254069463448974818e-04 1.651706546536261958e-04 9.251401164603723472e-04 7.327358719315131943e-04
2.236325283490429047e-04 1.733532723447499203e-04 9.010415602003281777e-04 7.619191814873516305e-04
2.266451989238015127e-04 1.717253234595355368e-04 9.223405293088012252e-04 7.717732234082977328e-04
2.133604313495739558e-04 1.724763234621876377e-04 9.180793296785297319e-04 7.506760519205289998e-04
2.348397727080341470e-04 1.727714955922220760e-04 9.237218028537887279e-04 7.752697944039706451e-04
2.341098280936770761e-04 1.826792593738821985e-04 9.202153953403131642e-04 7.617794448158291074e-04
2.074306174449631163e-04 1.609157645190015728e-04 9.051336112395435944e-04 7.606814892233058857e-04
2.189087434454665916e-04 1.670980029758345226e-04 9.297643093153719514e-04 7.581543308840643213e-04
2.212069457647452154e-04 1.706445123493539569e-04 9.126976380979664669e-04 7.761743380006915893e-04
2.135174865155749333e-04 1.627610387861542834e-04 9.183736909094548624e-04 7.707110444377533775e-04
2.198797049535592318e-04 1.691990670256034960e-04 9.067302288258044561e-04 7.681007695145763764e-04
2.236180651185797443e-04 1.727156462377712109e-04 9.165679084482087702e-04 7.440284036746355875e-04
2.288383548627643974e-04 1.728204630876898739e-04 9.377111128930831546e-04 7.884459617196963154e-04
2.286127254089413566e-04 1.797377333356243393e-04 9.126688985730977083e-04 7.782702617738234980e-04
2.452972305658219750e-04 1.588086179066618738e-04 9.350210256459558092e-04 7.812472409082428949e-04
2.062237069469191977e-04 1.710734215610635841e-04 9.114960186799210291e-04 7.573986380707051604e-04
2.310976168821764578e-04 1.648730631807701912e-04 9.325699037576438716e-04 7.699225237498070118e-04
2.294121149004826204e-04 1.614988540872087171e-04 9.116209834993073066e-04 7.512689107071719241e-04
2.282861476928892933e-04 1.689492714227073329e-04 9.259240448151893812e-04 7.596331108852843626e-04
2.128825718023067423e-04 1.678578665857993648e-04 9.170339336291650134e-04 7.550710819772950234e-04
2.259598566526852263e-04 1.692716198436063459e-04 9.282690254223696256e-04 7.636151488410455402e-04
2.273150604473541411e-04 1.726085680042631289e-04 9.191175956746466553e-04 7.666830385095199998e-04
2.211673136753276609e-04 1.738961804219557670e-04 9.140484235124362623e-04 7.608781388574062474e-04
2.319872563893181827e-04 1.654853504558968520e-04 9.000363416114993964e-04 7.438877416786099546e-04
2.149098158614256714e-04 1.877326919432875771e-04 9.339147316572934433e-04 7.874927895007179362e-04
2.172487381978048223e-04 1.619646969309232465e-04 9.319127085178595263e-04 7.409344938055987921e-04
2.198595077754203811e-04 1.812817671409587095e-04 9.111964040621063328e-04 7.502338697655513543e-04
2.256048278530537311e-04 1.663439438907226382e-04 9.068530979648422924e-04 7.644582990219302415e-04
2.240548854034683768e-04 1.545411038187611880e-04 9.253465338426262055e-04 7.553774517034599024e-04
2.295293226209466856e-04 1.730081025452907210e-04 9.149168667163879972e-04 7.934539532312979938e-04
2.171709937311901454e-04 1.648387313514065422e-04 9.163955894154693100e-04 7.681967571125930669e-04
2.177392545829898857e-04 1.717035531985985214e-04 9.177254590208694775e-04 7.435258229460439726e-04
2.180101354286768261e-04 1.710002042209261494e-04 9.103586566192724099e-04 7.701232974623776996e-04
2.153494520054517183e-04 1.695693749866555801e-04 9.392970059179630215e-04 7.348524103301746005e-04
2.212051246324983394e-04 1.606758332897264077e-04 9.291611338181521599e-04 7.711885323689268452e-04
2.203110831003619581e-04 1.713563771405900832e-04 9.251510884531471838e-04 7.506139781187351132e-04
2.275662278253991536e-04 1.611915287421778712e-04 9.278110536345894567e-04 7.564857890832544585e-04
2.343276836961713137e-04 1.814557524059623396e-04 9.293554637356038267e-04 7.799939201465465061e-04
2.142479158594160946e-04 1.784410075439254941e-04 9.247579181968441963e-04 7.474336495965902072e-04
2.296578827293265651e-04 1.731057121146817876e-04 9.358565966539092148e-04 7.768556661046460655e-04
2.119460939868966006e-04 1.685409495157776723e-04 9.340222844345393537e-04 7.549007713425971884e-04
2.172631936880296008e-04 1.748011791843177831e-04 9.049493806505327399e-04 7.728887394396099153e-04
2.231631011332647582e-04 1.643223431701407178e-04 9.134977105031063128e-04 7.810328917137968497e-04
2.109436697269452912e-04 1.682520448832005374e-04 9.387495661804930126e-04 7.325269897550411085e-04
2.307166359036905492e-04 1.634574085735585752e-04 9.265239812621812706e-04 7.612544343445933320e-04
2.262607490401453850e-04 1.733924467216398460e-04 9.190162517631407556e-04 7.572432754960905675e-04
2.295027764737408538e-04 1.750970521238438501e-04 9.194842068912628371e-04 7.875585178522192739e-04
2.264333873093022839e-04 1.652607935401599333e-04 9.252526518831733068e-04 7.697867805207171286e-04
2.223646533216732779e-04 1.784312467109322551e-04 9.156354990491490488e-04 7.525214716256779920e-04
2.228605941547089032e-04 1.644655799163180423e-04 9.330253347816577780e-04 7.501890183836179343e-04
2.197845734887408117e-04 1.796604145937539653e-04 9.265163067737449201e-04 7.525021543586317245e-04
2.187127169353809378e-04 1.760346733235395179e-04 9.165005480595999785e-04 7.608276910328093693e-04
2.154536234572949579e-04 1.576030513171286084e-04 9.203443636569524477e-04 7.591796213976694484e-04
2.101889879045038218e-04 1.686456849073291299e-04 9.305261849317573953e-04 7.511945356986190949e-04
2.338559040907916143e-04 1.731717068718974543e-04 9.092443432238804394e-04 7.672083851312043977e-04
2.138135250255793890e-04 1.724570752811912665e-04 9.102447299374808419e-04 7.725096212986262614e-04
2.177073603089707912e-04 1.760048256875422956e-04 9.028098254108666860e-04 7.719492522075806305e-04
2.192544162987353641e-04 1.659136930414659128e-04 9.438753350142982564e-04 7.659444783940387493e-04
2.096023079066831993e-04 1.645837983635328283e-04 9.262159018547153457e-04 7.428066112778672347e-04
2.251036060133881965e-04 1.730144189324567933e-04 9.262530886465415335e-04 7.734506259473466518e-04
2.293303913152914511e-04 1.685838496906991570e-04 9.171268748981198675e-04 7.668768335545307320e-04
2.197491586506952689e-04 1.720009120569384708e-04 9.224442586420422653e-04 7.535899350289113237e-04
2.202372565990976276e-04 1.590452808292623708e-04 9.258941567256323861e-04 7.580548200591598774e-04
2.330374183151822829e-04 1.587936526337742078e-04 9.235514184281208138e-04 7.901793267329220881e-04
2.099282865424154868e-04 1.625011276635901568e-04 9.182776118259581731e-04 7.480652569085867584e-04
2.204320881349305125e-04 1.633157945527376274e-04 9.285636414216190317e-04 7.625699776907700822e-04
2.266741495778281832e-04 1.745832703552208413e-04 9.438827296973062138e-04 7.523035150481119718e-04
2.270813818667652764e-04 1.731594595439547152e-04 9.330755294426756885e-04 7.660069272597372662e-04
2.210428950753037130e-04 1.694220972131013029e-04 9.149497993181837695e-04 7.728521245287487285e-04
2.405751803054533271e-04 1.701054976934563920e-04 9.098631288939626818e-04 7.619331499774241543e-04
2.265699918094255005e-04 1.774986521303792116e-04 9.191532726858779199e-04 7.522803094993179120e-04
2.141482943675970536e-04 1.689968133922539479e-04 9.185463256406559444e-04 7.568981317141940113e-04
2.322573507884002897e-04 1.657154464086012550e-04 9.214683991729522277e-04 7.700929385838113650e-04
2.091642563699086651e-04 1.630661650668834613e-04 9.329792920802338187e-04 7.450053678547891370e-04
2.202514450312352816e-04 1.688846591839160340e-04 9.230064678458458098e-04 7.672256590187311476e-04
2.293366059592761522e-04 1.589238166716488412e-04 9.151176369198962867e-04 7.681166626571900823e-04
2.182663962907233004e-04 1.667281598055734984e-04 9.331697413945146515e-04 7.572256784610261176e-04
2.279456073298079862e-04 1.714714760364794940e-04 9.171484408054082424e-04 7.312082453644947909e-04
2.385035618104721028e-04 1.764065880699202521e-04 9.121029997879246797e-04 7.259644198750231543e-04
2.234075740514387736e-04 1.722224785690000808e-04 9.279866086503227437e-04 7.728221551050125414e-04
2.052247000704078930e-04 1.799522246579708434e-04 9.189339334483036031e-04 7.717202286178524500e-04
2.280358690032937435e-04 1.752189258821418316e-04 9.294531563731546660e-04 7.436494544316257739e-04
2.162213390992488455e-04 1.682715206921517781e-04 9.148526726745131663e-04 7.698292052934463912e-04
2.189884388283217008e-04 1.649605948605632798e-04 9.276891602459792340e-04 7.485304389343135556e-04
2.136897477431890695e-04 1.767086453061631358e-04 9.203892528861575169e-04 7.784066378460841517e-04
2.261233761142759577e-04 1.637769357606003531e-04 9.299153605571340792e-04 7.405470561335477167e-04
2.122395118984755111e-04 1.629475421863190181e-04 9.284061704534575564e-04 7.480203005743416315e-04
2.220906556922310707e-04 1.625403206564279769e-04 9.214128801456770773e-04 7.717600373697268033e-04
2.217902287134095962e-04 1.721247876349466378e-04 9.226304801277309970e-04 7.690894359299852876e-04
2.168070270350286343e-04 1.629523441642728807e-04 9.231097838357127817e-04 7.685599223707244342e-04
2.359322746315703912e-04 1.727006349730950423e-04 9.163567928425804402e-04 7.908601743414413491e-04
2.263327322387413622e-04 1.734695767721782921e-04 9.207059441755476026e-04 7.797592511743302356e-04
2.258032403416009297e-04 1.591633383103348862e-04 9.238467266756338146e-04 7.697344912860393023e-04
