# {'chrom': '21', 'window_id': '1', 'statistic': 'H2', 'bounds': [32000000, 49000000], 'span': 17000000, 'n_sites': 10330523, 'coverage': 60.77, 'right_discontinuous': True, 'rows': "{0: 'Altai', 1: 'Chagyrskaya', 2: 'Denisova', 3: 'French-1', 4: 'Han-1', 5: 'Khomani_San-2', 6: 'Papuan-2', 7: 'Vindija', 8: 'Yoruba-1', 9: 'Yoruba-3'}"}
1.400000000000000000e+01 3.600000000000000000e+01 1.170000000000000000e+02 1.440000000000000000e+02 4.370000000000000000e+02 1.179000000000000000e+03 1.755000000000000000e+03 3.080000000000000000e+03 6.510000000000000000e+03 8.180000000000000000e+03 8.922000000000000000e+03 1.683300000000000000e+04 1.332600000000000000e+04 1.507100000000000000e+04 5.548900000000000000e+04 6.610500000000000000e+04 1.700840000000000000e+05 4.923720000000000000e+05 6.467510000000000000e+05
9.700000000000000000e+01 3.300000000000000000e+01 9.600000000000000000e+01 7.300000000000000000e+01 3.180000000000000000e+02 9.300000000000000000e+02 9.840000000000000000e+02 1.394000000000000000e+03 2.884000000000000000e+03 3.310000000000000000e+03 3.066000000000000000e+03 6.832000000000000000e+03 5.871000000000000000e+03 8.447000000000000000e+03 2.873300000000000000e+04 4.957900000000000000e+04 8.075900000000000000e+04 2.210200000000000000e+05 3.682360000000000000e+05
1.100000000000000000e+01 1.800000000000000000e+01 5.400000000000000000e+01 1.080000000000000000e+02 2.250000000000000000e+02 8.690000000000000000e+02 1.378000000000000000e+03 2.522000000000000000e+03 5.317000000000000000e+03 6.123000000000000000e+03 7.564000000000000000e+03 1.251000000000000000e+04 1.336000000000000000e+04 1.665900000000000000e+04 6.437200000000000000e+04 8.242900000000000000e+04 1.614470000000000000e+05 4.181380000000000000e+05 7.186100000000000000e+05
1.562000000000000000e+03 7.310000000000000000e+02 1.305000000000000000e+03 1.429000000000000000e+03 2.444000000000000000e+03 7.061000000000000000e+03 1.219100000000000000e+04 2.207800000000000000e+04 4.981200000000000000e+04 5.834800000000000000e+04 7.997100000000000000e+04 1.707170000000000000e+05 1.696040000000000000e+05 2.316040000000000000e+05 6.945930000000000000e+05 1.264730000000000000e+06 2.498972000000000000e+06 7.498142000000000000e+06 1.111916400000000000e+07
1.938000000000000000e+03 7.130000000000000000e+02 1.447000000000000000e+03 1.438000000000000000e+03 2.325000000000000000e+03 7.785000000000000000e+03 1.167300000000000000e+04 1.982600000000000000e+04 4.689200000000000000e+04 4.968300000000000000e+04 6.270500000000000000e+04 1.430160000000000000e+05 1.454090000000000000e+05 1.940930000000000000e+05 5.770680000000000000e+05 1.101543000000000000e+06 2.046187000000000000e+06 6.055623000000000000e+06 8.640980000000000000e+06
2.130000000000000000e+03 1.299000000000000000e+03 2.342000000000000000e+03 2.428000000000000000e+03 4.175000000000000000e+03 1.318000000000000000e+04 2.062200000000000000e+04 3.743200000000000000e+04 8.337700000000000000e+04 8.803700000000000000e+04 1.117570000000000000e+05 2.515450000000000000e+05 2.697250000000000000e+05 4.136320000000000000e+05 1.494434000000000000e+06 2.425656000000000000e+06 4.754225000000000000e+06 1.376518100000000000e+07 1.988370600000000000e+07
1.192000000000000000e+03 7.810000000000000000e+02 1.362000000000000000e+03 1.591000000000000000e+03 2.595000000000000000e+03 7.897000000000000000e+03 1.317000000000000000e+04 2.394100000000000000e+04 5.603500000000000000e+04 6.069900000000000000e+04 7.361600000000000000e+04 1.667020000000000000e+05 1.399350000000000000e+05 1.743510000000000000e+05 7.176970000000000000e+05 1.067293000000000000e+06 2.261222000000000000e+06 6.817052000000000000e+06 1.019649300000000000e+07
4.930000000000000000e+02 4.040000000000000000e+02 8.000000000000000000e+02 3.590000000000000000e+02 5.010000000000000000e+02 2.020000000000000000e+03 2.072000000000000000e+03 3.097000000000000000e+03 8.073000000000000000e+03 9.530000000000000000e+03 1.277700000000000000e+04 2.399500000000000000e+04 1.639800000000000000e+04 1.537700000000000000e+04 3.894300000000000000e+04 6.537900000000000000e+04 1.534730000000000000e+05 3.875110000000000000e+05 6.899440000000000000e+05
2.065000000000000000e+03 7.330000000000000000e+02 1.802000000000000000e+03 2.426000000000000000e+03 3.608000000000000000e+03 1.011900000000000000e+04 1.718400000000000000e+04 2.842600000000000000e+04 6.105400000000000000e+04 7.752000000000000000e+04 1.101710000000000000e+05 2.347660000000000000e+05 2.442620000000000000e+05 3.892870000000000000e+05 1.353413000000000000e+06 2.138585000000000000e+06 4.278307000000000000e+06 1.256312900000000000e+07 1.857263000000000000e+07
1.733000000000000000e+03 6.460000000000000000e+02 1.439000000000000000e+03 1.995000000000000000e+03 2.983000000000000000e+03 9.022000000000000000e+03 1.412900000000000000e+04 2.309000000000000000e+04 5.124600000000000000e+04 6.301800000000000000e+04 8.449300000000000000e+04 1.770470000000000000e+05 1.984560000000000000e+05 2.878860000000000000e+05 1.032019000000000000e+06 1.726150000000000000e+06 3.342592000000000000e+06 9.922191000000000000e+06 1.486330100000000000e+07
