# {'chrom': '21', 'window_id': '0', 'statistic': 'H2', 'bounds': [15000000, 32000000], 'span': 17000000, 'n_sites': 10499201, 'coverage': 61.76, 'right_discontinuous': False, 'rows': "{0: 'Altai', 1: 'Chagyrskaya', 2: 'Denisova', 3: 'French-1', 4: 'Han-1', 5: 'Khomani_San-2', 6: 'Papuan-2', 7: 'Vindija', 8: 'Yoruba-1', 9: 'Yoruba-3'}"}
0.000000000000000000e+00 0.000000000000000000e+00 9.000000000000000000e+00 1.500000000000000000e+01 2.600000000000000000e+01 9.900000000000000000e+01 1.350000000000000000e+02 1.960000000000000000e+02 5.440000000000000000e+02 3.110000000000000000e+02 1.910000000000000000e+02 3.590000000000000000e+02 8.010000000000000000e+02 8.220000000000000000e+02 2.848000000000000000e+03 4.715000000000000000e+03 6.361000000000000000e+03 8.477000000000000000e+03 1.986300000000000000e+04
6.100000000000000000e+01 3.800000000000000000e+01 2.290000000000000000e+02 4.980000000000000000e+02 6.940000000000000000e+02 1.763000000000000000e+03 2.380000000000000000e+03 3.354000000000000000e+03 8.554000000000000000e+03 6.961000000000000000e+03 9.864000000000000000e+03 1.262400000000000000e+04 2.778900000000000000e+04 1.943000000000000000e+04 3.756100000000000000e+04 5.018600000000000000e+04 8.803000000000000000e+04 3.728700000000000000e+05 4.057180000000000000e+05
7.000000000000000000e+01 5.400000000000000000e+01 1.480000000000000000e+02 1.210000000000000000e+02 3.610000000000000000e+02 1.243000000000000000e+03 1.313000000000000000e+03 2.230000000000000000e+03 4.440000000000000000e+03 3.772000000000000000e+03 7.801000000000000000e+03 1.333700000000000000e+04 1.231900000000000000e+04 2.586300000000000000e+04 6.548200000000000000e+04 7.335500000000000000e+04 1.816440000000000000e+05 5.244290000000000000e+05 9.694260000000000000e+05
1.385000000000000000e+03 1.117000000000000000e+03 2.221000000000000000e+03 2.214000000000000000e+03 3.712000000000000000e+03 9.229000000000000000e+03 1.393800000000000000e+04 2.281200000000000000e+04 5.022200000000000000e+04 5.075500000000000000e+04 6.372500000000000000e+04 1.185350000000000000e+05 1.304260000000000000e+05 2.195560000000000000e+05 8.005530000000000000e+05 1.174968000000000000e+06 2.438646000000000000e+06 7.628660000000000000e+06 1.430712900000000000e+07
2.549000000000000000e+03 2.300000000000000000e+03 2.971000000000000000e+03 2.484000000000000000e+03 4.150000000000000000e+03 1.037200000000000000e+04 1.590400000000000000e+04 2.999900000000000000e+04 5.996700000000000000e+04 6.818400000000000000e+04 8.129300000000000000e+04 1.873900000000000000e+05 2.021440000000000000e+05 3.058880000000000000e+05 9.372290000000000000e+05 1.502906000000000000e+06 3.352175000000000000e+06 8.706317000000000000e+06 1.669917100000000000e+07
2.247000000000000000e+03 1.907000000000000000e+03 3.231000000000000000e+03 3.875000000000000000e+03 5.734000000000000000e+03 1.433700000000000000e+04 2.085700000000000000e+04 3.735100000000000000e+04 7.033400000000000000e+04 7.710100000000000000e+04 1.124690000000000000e+05 2.378680000000000000e+05 2.793390000000000000e+05 4.529900000000000000e+05 1.643020000000000000e+06 2.577682000000000000e+06 5.217565000000000000e+06 1.578533600000000000e+07 3.005556400000000000e+07
3.409000000000000000e+03 2.326000000000000000e+03 2.881000000000000000e+03 2.637000000000000000e+03 3.729000000000000000e+03 1.036400000000000000e+04 1.541300000000000000e+04 2.766700000000000000e+04 5.898800000000000000e+04 7.284900000000000000e+04 9.899800000000000000e+04 2.060820000000000000e+05 2.195410000000000000e+05 2.990880000000000000e+05 7.614400000000000000e+05 1.294462000000000000e+06 2.752148000000000000e+06 6.959403000000000000e+06 1.513378900000000000e+07
1.480000000000000000e+02 1.710000000000000000e+02 5.360000000000000000e+02 7.850000000000000000e+02 1.340000000000000000e+03 2.676000000000000000e+03 3.330000000000000000e+03 6.766000000000000000e+03 8.140000000000000000e+03 8.192000000000000000e+03 1.237600000000000000e+04 2.206900000000000000e+04 1.650300000000000000e+04 2.676600000000000000e+04 7.533500000000000000e+04 1.632750000000000000e+05 3.066530000000000000e+05 7.594550000000000000e+05 1.514342000000000000e+06
2.260000000000000000e+03 1.963000000000000000e+03 3.339000000000000000e+03 3.595000000000000000e+03 6.058000000000000000e+03 1.689500000000000000e+04 2.399700000000000000e+04 3.815300000000000000e+04 8.151800000000000000e+04 8.812700000000000000e+04 1.314150000000000000e+05 3.122400000000000000e+05 3.966850000000000000e+05 6.489030000000000000e+05 2.249606000000000000e+06 3.289422000000000000e+06 6.729287000000000000e+06 1.975101700000000000e+07 3.770990600000000000e+07
2.623000000000000000e+03 1.919000000000000000e+03 2.832000000000000000e+03 3.056000000000000000e+03 5.527000000000000000e+03 1.570500000000000000e+04 2.102900000000000000e+04 3.561100000000000000e+04 7.761300000000000000e+04 8.591600000000000000e+04 1.246270000000000000e+05 2.537810000000000000e+05 3.448960000000000000e+05 5.215150000000000000e+05 1.864769000000000000e+06 2.941429000000000000e+06 5.906896000000000000e+06 1.723572900000000000e+07 3.260101200000000000e+07
