# {'chrom': '10', 'window_id': '3', 'statistic': 'H2', 'bounds': [61000000, 80000000], 'span': 19000000, 'n_sites': 12019064, 'coverage': 63.26, 'right_discontinuous': False, 'rows': "{0: 'Altai', 1: 'Chagyrskaya', 2: 'Denisova', 3: 'French-1', 4: 'Han-1', 5: 'Khomani_San-2', 6: 'Papuan-2', 7: 'Vindija', 8: 'Yoruba-1', 9: 'Yoruba-3'}"}
1.200000000000000000e+01 1.200000000000000000e+01 4.400000000000000000e+01 4.300000000000000000e+01 1.060000000000000000e+02 2.720000000000000000e+02 4.060000000000000000e+02 7.470000000000000000e+02 1.749000000000000000e+03 2.274000000000000000e+03 2.708000000000000000e+03 3.893000000000000000e+03 5.279000000000000000e+03 8.402000000000000000e+03 2.104700000000000000e+04 2.832800000000000000e+04 5.394100000000000000e+04 8.301700000000000000e+04 1.310140000000000000e+05
3.600000000000000000e+01 2.900000000000000000e+01 1.080000000000000000e+02 1.340000000000000000e+02 2.560000000000000000e+02 7.960000000000000000e+02 1.205000000000000000e+03 1.996000000000000000e+03 4.200000000000000000e+03 4.599000000000000000e+03 6.223000000000000000e+03 1.071800000000000000e+04 1.448500000000000000e+04 2.720500000000000000e+04 5.807300000000000000e+04 1.269100000000000000e+05 1.989160000000000000e+05 5.921580000000000000e+05 1.183882000000000000e+06
2.340000000000000000e+02 1.070000000000000000e+02 1.300000000000000000e+02 1.470000000000000000e+02 3.150000000000000000e+02 9.900000000000000000e+02 1.442000000000000000e+03 2.493000000000000000e+03 4.931000000000000000e+03 5.021000000000000000e+03 7.232000000000000000e+03 1.512200000000000000e+04 1.831500000000000000e+04 2.331500000000000000e+04 6.259500000000000000e+04 1.289980000000000000e+05 2.162190000000000000e+05 5.816870000000000000e+05 8.645000000000000000e+05
1.911000000000000000e+03 1.164000000000000000e+03 2.020000000000000000e+03 1.899000000000000000e+03 2.714000000000000000e+03 8.256000000000000000e+03 1.366900000000000000e+04 2.632400000000000000e+04 4.845100000000000000e+04 5.884300000000000000e+04 8.502200000000000000e+04 1.942900000000000000e+05 2.113040000000000000e+05 3.854450000000000000e+05 1.049833000000000000e+06 1.937475000000000000e+06 3.771825000000000000e+06 9.811748000000000000e+06 1.709597600000000000e+07
2.760000000000000000e+03 1.476000000000000000e+03 2.210000000000000000e+03 1.953000000000000000e+03 3.004000000000000000e+03 9.082000000000000000e+03 1.360500000000000000e+04 2.634800000000000000e+04 5.454300000000000000e+04 6.793300000000000000e+04 1.038730000000000000e+05 1.785590000000000000e+05 2.243980000000000000e+05 3.174970000000000000e+05 9.785620000000000000e+05 1.816676000000000000e+06 3.645072000000000000e+06 9.675218000000000000e+06 1.750152700000000000e+07
5.136000000000000000e+03 1.784000000000000000e+03 2.939000000000000000e+03 3.320000000000000000e+03 4.912000000000000000e+03 1.439200000000000000e+04 2.160900000000000000e+04 4.282200000000000000e+04 8.932700000000000000e+04 1.069270000000000000e+05 1.689150000000000000e+05 3.012280000000000000e+05 4.569960000000000000e+05 7.603070000000000000e+05 2.189359000000000000e+06 3.993116000000000000e+06 7.386747000000000000e+06 2.053714300000000000e+07 3.401607000000000000e+07
2.000000000000000000e+03 1.264000000000000000e+03 1.819000000000000000e+03 1.649000000000000000e+03 2.269000000000000000e+03 6.432000000000000000e+03 9.642000000000000000e+03 1.781900000000000000e+04 3.923500000000000000e+04 5.115800000000000000e+04 7.463500000000000000e+04 1.430410000000000000e+05 1.507340000000000000e+05 2.021320000000000000e+05 4.532870000000000000e+05 7.482230000000000000e+05 1.736602000000000000e+06 4.063715000000000000e+06 6.250777000000000000e+06
3.400000000000000000e+01 2.900000000000000000e+01 5.100000000000000000e+01 8.000000000000000000e+01 2.000000000000000000e+02 5.180000000000000000e+02 8.920000000000000000e+02 1.584000000000000000e+03 3.625000000000000000e+03 4.126000000000000000e+03 4.655000000000000000e+03 1.045400000000000000e+04 1.152200000000000000e+04 1.605600000000000000e+04 4.841600000000000000e+04 9.781400000000000000e+04 1.800500000000000000e+05 5.674120000000000000e+05 8.891990000000000000e+05
1.678000000000000000e+03 1.193000000000000000e+03 2.069000000000000000e+03 2.665000000000000000e+03 4.135000000000000000e+03 1.165400000000000000e+04 1.921600000000000000e+04 3.293300000000000000e+04 7.193400000000000000e+04 8.434000000000000000e+04 1.158500000000000000e+05 2.354380000000000000e+05 3.458660000000000000e+05 6.371410000000000000e+05 1.806656000000000000e+06 3.261132000000000000e+06 6.270262000000000000e+06 1.726842200000000000e+07 2.865900400000000000e+07
6.862000000000000000e+03 1.849000000000000000e+03 2.993000000000000000e+03 2.948000000000000000e+03 4.270000000000000000e+03 1.404700000000000000e+04 2.355700000000000000e+04 4.057700000000000000e+04 8.420500000000000000e+04 9.611700000000000000e+04 1.435140000000000000e+05 2.936250000000000000e+05 4.326020000000000000e+05 7.555080000000000000e+05 2.269362000000000000e+06 3.795667000000000000e+06 6.839092000000000000e+06 1.873956400000000000e+07 3.268357200000000000e+07
