# {'chrom': '10', 'window_id': '6', 'statistic': 'H2', 'bounds': [118000000, 136000000], 'span': 18000000, 'n_sites': 11865852, 'coverage': 65.92, 'right_discontinuous': True, 'rows': "{0: 'Altai', 1: 'Chagyrskaya', 2: 'Denisova', 3: 'French-1', 4: 'Han-1', 5: 'Khomani_San-2', 6: 'Papuan-2', 7: 'Vindija', 8: 'Yoruba-1', 9: 'Yoruba-3'}"}
2.000000000000000000e+00 8.000000000000000000e+00 8.500000000000000000e+01 1.710000000000000000e+02 3.640000000000000000e+02 1.163000000000000000e+03 1.767000000000000000e+03 3.039000000000000000e+03 5.819000000000000000e+03 6.243000000000000000e+03 9.943000000000000000e+03 1.248200000000000000e+04 1.270900000000000000e+04 2.621100000000000000e+04 7.167100000000000000e+04 9.305100000000000000e+04 1.707760000000000000e+05 4.950960000000000000e+05 8.123350000000000000e+05
2.700000000000000000e+02 1.240000000000000000e+02 1.590000000000000000e+02 2.150000000000000000e+02 5.140000000000000000e+02 1.943000000000000000e+03 2.881000000000000000e+03 4.231000000000000000e+03 9.040000000000000000e+03 1.070700000000000000e+04 1.596500000000000000e+04 2.462900000000000000e+04 2.418100000000000000e+04 3.790900000000000000e+04 9.428500000000000000e+04 1.368070000000000000e+05 2.350140000000000000e+05 7.187920000000000000e+05 9.172080000000000000e+05
2.600000000000000000e+01 1.900000000000000000e+01 5.800000000000000000e+01 8.500000000000000000e+01 1.600000000000000000e+02 6.130000000000000000e+02 1.156000000000000000e+03 1.864000000000000000e+03 4.045000000000000000e+03 4.558000000000000000e+03 4.896000000000000000e+03 8.954000000000000000e+03 1.218000000000000000e+04 1.794300000000000000e+04 4.375200000000000000e+04 8.249500000000000000e+04 1.260000000000000000e+05 3.806330000000000000e+05 6.474400000000000000e+05
3.770000000000000000e+02 4.560000000000000000e+02 8.580000000000000000e+02 9.530000000000000000e+02 1.909000000000000000e+03 6.237000000000000000e+03 9.436000000000000000e+03 1.715500000000000000e+04 3.939800000000000000e+04 4.098200000000000000e+04 6.911700000000000000e+04 1.196500000000000000e+05 1.363380000000000000e+05 2.535580000000000000e+05 6.918460000000000000e+05 1.154020000000000000e+06 2.263864000000000000e+06 6.518160000000000000e+06 1.005602300000000000e+07
1.240000000000000000e+03 9.500000000000000000e+02 1.704000000000000000e+03 1.684000000000000000e+03 2.677000000000000000e+03 8.902000000000000000e+03 1.442200000000000000e+04 2.611800000000000000e+04 5.619300000000000000e+04 6.056100000000000000e+04 8.491800000000000000e+04 1.650890000000000000e+05 1.841490000000000000e+05 3.034070000000000000e+05 9.171390000000000000e+05 1.312833000000000000e+06 2.995042000000000000e+06 8.561969000000000000e+06 1.364027200000000000e+07
1.337000000000000000e+03 8.700000000000000000e+02 1.226000000000000000e+03 1.763000000000000000e+03 3.153000000000000000e+03 1.054100000000000000e+04 1.680600000000000000e+04 2.819400000000000000e+04 6.606300000000000000e+04 7.274500000000000000e+04 1.036330000000000000e+05 2.107780000000000000e+05 2.563680000000000000e+05 4.938630000000000000e+05 1.428813000000000000e+06 2.288591000000000000e+06 4.318464000000000000e+06 1.298986600000000000e+07 1.974844500000000000e+07
6.240000000000000000e+02 3.220000000000000000e+02 5.760000000000000000e+02 9.370000000000000000e+02 1.919000000000000000e+03 6.490000000000000000e+03 1.102700000000000000e+04 1.882000000000000000e+04 4.127100000000000000e+04 4.858500000000000000e+04 7.211300000000000000e+04 1.323660000000000000e+05 1.563780000000000000e+05 2.470620000000000000e+05 6.816980000000000000e+05 8.726980000000000000e+05 2.063374000000000000e+06 5.669832000000000000e+06 8.397602000000000000e+06
4.120000000000000000e+02 2.490000000000000000e+02 2.790000000000000000e+02 1.790000000000000000e+02 4.310000000000000000e+02 1.566000000000000000e+03 2.142000000000000000e+03 3.376000000000000000e+03 6.816000000000000000e+03 6.835000000000000000e+03 7.804000000000000000e+03 1.787500000000000000e+04 1.117400000000000000e+04 1.565400000000000000e+04 4.047000000000000000e+04 8.569300000000000000e+04 1.297400000000000000e+05 4.481650000000000000e+05 7.106000000000000000e+05
1.623000000000000000e+03 9.230000000000000000e+02 1.473000000000000000e+03 1.775000000000000000e+03 3.845000000000000000e+03 1.192200000000000000e+04 1.860100000000000000e+04 2.961400000000000000e+04 6.776400000000000000e+04 7.627300000000000000e+04 1.111290000000000000e+05 2.022170000000000000e+05 2.586330000000000000e+05 4.883000000000000000e+05 1.451947000000000000e+06 2.423619000000000000e+06 4.785883000000000000e+06 1.426206900000000000e+07 2.209172000000000000e+07
1.405000000000000000e+03 1.264000000000000000e+03 2.022000000000000000e+03 1.985000000000000000e+03 3.748000000000000000e+03 1.164900000000000000e+04 1.841900000000000000e+04 3.132100000000000000e+04 6.963200000000000000e+04 7.672000000000000000e+04 1.087820000000000000e+05 2.165700000000000000e+05 2.655060000000000000e+05 5.040140000000000000e+05 1.446059000000000000e+06 2.419459000000000000e+06 4.860809000000000000e+06 1.413955300000000000e+07 2.225373400000000000e+07
