# {'chrom': '10', 'window_id': '0', 'statistic': 'H2', 'bounds': [0, 20000000], 'span': 20000000, 'n_sites': 12367482, 'coverage': 61.84, 'right_discontinuous': False, 'rows': "{0: 'Altai', 1: 'Chagyrskaya', 2: 'Denisova', 3: 'French-1', 4: 'Han-1', 5: 'Khomani_San-2', 6: 'Papuan-2', 7: 'Vindija', 8: 'Yoruba-1', 9: 'Yoruba-3'}"}
1.100000000000000000e+01 2.100000000000000000e+01 9.300000000000000000e+01 1.980000000000000000e+02 3.800000000000000000e+02 1.028000000000000000e+03 1.876000000000000000e+03 3.250000000000000000e+03 7.304000000000000000e+03 7.068000000000000000e+03 8.385000000000000000e+03 1.679500000000000000e+04 1.497600000000000000e+04 2.645200000000000000e+04 8.153800000000000000e+04 1.172450000000000000e+05 2.097080000000000000e+05 6.188250000000000000e+05 1.064152000000000000e+06
1.300000000000000000e+01 6.400000000000000000e+01 1.750000000000000000e+02 2.420000000000000000e+02 4.110000000000000000e+02 1.227000000000000000e+03 1.893000000000000000e+03 3.063000000000000000e+03 7.099000000000000000e+03 7.385000000000000000e+03 1.002400000000000000e+04 1.580500000000000000e+04 1.885700000000000000e+04 2.567600000000000000e+04 4.865800000000000000e+04 6.859100000000000000e+04 8.772900000000000000e+04 3.270170000000000000e+05 5.880270000000000000e+05
1.300000000000000000e+01 2.100000000000000000e+01 8.100000000000000000e+01 1.140000000000000000e+02 3.300000000000000000e+02 1.236000000000000000e+03 1.952000000000000000e+03 3.036000000000000000e+03 7.628000000000000000e+03 7.875000000000000000e+03 9.822000000000000000e+03 1.793600000000000000e+04 1.643100000000000000e+04 2.956300000000000000e+04 7.856400000000000000e+04 1.248370000000000000e+05 2.542350000000000000e+05 8.401280000000000000e+05 1.490829000000000000e+06
1.029000000000000000e+03 4.600000000000000000e+02 1.051000000000000000e+03 1.476000000000000000e+03 2.823000000000000000e+03 7.756000000000000000e+03 1.413400000000000000e+04 2.591900000000000000e+04 6.043200000000000000e+04 6.786700000000000000e+04 9.013500000000000000e+04 1.506480000000000000e+05 1.846840000000000000e+05 3.472410000000000000e+05 9.966360000000000000e+05 1.865288000000000000e+06 3.584881000000000000e+06 1.092894800000000000e+07 1.954577900000000000e+07
4.650000000000000000e+02 6.150000000000000000e+02 1.374000000000000000e+03 1.835000000000000000e+03 3.216000000000000000e+03 7.856000000000000000e+03 1.390900000000000000e+04 2.550300000000000000e+04 5.469800000000000000e+04 5.928500000000000000e+04 8.234000000000000000e+04 1.580290000000000000e+05 2.035310000000000000e+05 3.242730000000000000e+05 1.022378000000000000e+06 1.669277000000000000e+06 3.243589000000000000e+06 9.775027000000000000e+06 1.764111600000000000e+07
1.506000000000000000e+03 5.930000000000000000e+02 1.314000000000000000e+03 1.477000000000000000e+03 3.248000000000000000e+03 9.416000000000000000e+03 1.759800000000000000e+04 3.134200000000000000e+04 7.190100000000000000e+04 8.398100000000000000e+04 1.157820000000000000e+05 2.362360000000000000e+05 2.659480000000000000e+05 4.665960000000000000e+05 1.543175000000000000e+06 2.666061000000000000e+06 5.265031000000000000e+06 1.567908100000000000e+07 3.075590600000000000e+07
9.050000000000000000e+02 4.010000000000000000e+02 1.163000000000000000e+03 1.479000000000000000e+03 2.726000000000000000e+03 7.127000000000000000e+03 1.328300000000000000e+04 2.457300000000000000e+04 5.146200000000000000e+04 5.780800000000000000e+04 7.447800000000000000e+04 1.416340000000000000e+05 1.499320000000000000e+05 2.406160000000000000e+05 7.012430000000000000e+05 1.352021000000000000e+06 2.517403000000000000e+06 7.032670000000000000e+06 1.268984200000000000e+07
9.200000000000000000e+01 1.850000000000000000e+02 3.330000000000000000e+02 2.480000000000000000e+02 4.770000000000000000e+02 1.566000000000000000e+03 2.820000000000000000e+03 5.185000000000000000e+03 1.061600000000000000e+04 1.284400000000000000e+04 1.520800000000000000e+04 2.167200000000000000e+04 2.726700000000000000e+04 3.844800000000000000e+04 9.403200000000000000e+04 1.202040000000000000e+05 2.438080000000000000e+05 8.628270000000000000e+05 1.563670000000000000e+06
2.740000000000000000e+02 4.560000000000000000e+02 9.950000000000000000e+02 1.294000000000000000e+03 2.782000000000000000e+03 8.131000000000000000e+03 1.503200000000000000e+04 2.905200000000000000e+04 6.548000000000000000e+04 7.407600000000000000e+04 1.039130000000000000e+05 1.967090000000000000e+05 2.647080000000000000e+05 4.733060000000000000e+05 1.400230000000000000e+06 2.407039000000000000e+06 4.999525000000000000e+06 1.611214100000000000e+07 3.065607200000000000e+07
2.560000000000000000e+02 3.900000000000000000e+02 7.780000000000000000e+02 1.156000000000000000e+03 2.748000000000000000e+03 8.756000000000000000e+03 1.508000000000000000e+04 2.776500000000000000e+04 6.474100000000000000e+04 7.276300000000000000e+04 1.084560000000000000e+05 2.147810000000000000e+05 2.841040000000000000e+05 4.450550000000000000e+05 1.346891000000000000e+06 2.280717000000000000e+06 4.747116000000000000e+06 1.497207700000000000e+07 2.876918100000000000e+07
