# {'chrom': '10', 'window_id': '1', 'statistic': 'H2', 'bounds': [20000000, 40000000], 'span': 20000000, 'n_sites': 10327489, 'coverage': 51.64, 'right_discontinuous': True, 'rows': "{0: 'Altai', 1: 'Chagyrskaya', 2: 'Denisova', 3: 'French-1', 4: 'Han-1', 5: 'Khomani_San-2', 6: 'Papuan-2', 7: 'Vindija', 8: 'Yoruba-1', 9: 'Yoruba-3'}"}
3.300000000000000000e+01 5.700000000000000000e+01 1.410000000000000000e+02 1.240000000000000000e+02 2.250000000000000000e+02 7.300000000000000000e+02 1.087000000000000000e+03 1.984000000000000000e+03 4.522000000000000000e+03 5.814000000000000000e+03 7.633000000000000000e+03 1.290300000000000000e+04 1.372000000000000000e+04 2.635800000000000000e+04 6.233600000000000000e+04 9.486600000000000000e+04 1.519030000000000000e+05 4.873720000000000000e+05 6.742920000000000000e+05
1.800000000000000000e+01 2.400000000000000000e+01 5.000000000000000000e+01 6.900000000000000000e+01 1.830000000000000000e+02 5.710000000000000000e+02 8.420000000000000000e+02 1.601000000000000000e+03 3.291000000000000000e+03 3.046000000000000000e+03 4.198000000000000000e+03 6.562000000000000000e+03 7.474000000000000000e+03 1.765100000000000000e+04 3.126400000000000000e+04 4.629400000000000000e+04 6.958500000000000000e+04 2.750490000000000000e+05 3.855300000000000000e+05
2.990000000000000000e+02 2.080000000000000000e+02 4.140000000000000000e+02 2.500000000000000000e+02 3.760000000000000000e+02 1.154000000000000000e+03 1.925000000000000000e+03 3.866000000000000000e+03 8.257000000000000000e+03 9.239000000000000000e+03 1.084500000000000000e+04 1.609300000000000000e+04 1.702100000000000000e+04 2.397500000000000000e+04 7.783900000000000000e+04 1.202880000000000000e+05 2.097020000000000000e+05 6.691940000000000000e+05 8.521910000000000000e+05
8.750000000000000000e+02 9.030000000000000000e+02 1.415000000000000000e+03 1.444000000000000000e+03 2.254000000000000000e+03 6.148000000000000000e+03 9.883000000000000000e+03 1.812100000000000000e+04 4.240700000000000000e+04 4.949700000000000000e+04 7.362900000000000000e+04 1.349930000000000000e+05 1.645580000000000000e+05 3.063340000000000000e+05 8.067140000000000000e+05 1.164979000000000000e+06 2.261795000000000000e+06 6.481871000000000000e+06 9.106217000000000000e+06
2.641000000000000000e+03 1.025000000000000000e+03 1.845000000000000000e+03 1.670000000000000000e+03 2.234000000000000000e+03 7.162000000000000000e+03 1.084600000000000000e+04 2.327200000000000000e+04 4.878400000000000000e+04 5.599600000000000000e+04 7.559000000000000000e+04 1.268960000000000000e+05 1.308420000000000000e+05 2.211170000000000000e+05 6.050890000000000000e+05 8.919940000000000000e+05 1.732422000000000000e+06 4.944743000000000000e+06 7.217350000000000000e+06
5.186000000000000000e+03 1.771000000000000000e+03 2.688000000000000000e+03 2.577000000000000000e+03 4.422000000000000000e+03 1.372900000000000000e+04 1.921500000000000000e+04 3.739500000000000000e+04 8.173200000000000000e+04 8.974300000000000000e+04 1.266350000000000000e+05 2.894400000000000000e+05 3.677720000000000000e+05 5.968550000000000000e+05 1.854022000000000000e+06 2.158147000000000000e+06 4.100133000000000000e+06 1.320360600000000000e+07 1.760525400000000000e+07
3.609000000000000000e+03 1.152000000000000000e+03 1.486000000000000000e+03 1.091000000000000000e+03 1.932000000000000000e+03 6.459000000000000000e+03 1.001600000000000000e+04 1.950100000000000000e+04 4.154100000000000000e+04 4.513000000000000000e+04 5.505700000000000000e+04 1.127610000000000000e+05 1.195470000000000000e+05 2.101350000000000000e+05 4.841710000000000000e+05 7.040230000000000000e+05 1.611243000000000000e+06 4.107554000000000000e+06 5.702165000000000000e+06
3.300000000000000000e+01 5.600000000000000000e+01 1.280000000000000000e+02 1.390000000000000000e+02 1.620000000000000000e+02 4.940000000000000000e+02 9.460000000000000000e+02 1.659000000000000000e+03 3.675000000000000000e+03 4.037000000000000000e+03 6.104000000000000000e+03 1.045600000000000000e+04 7.625000000000000000e+03 1.976500000000000000e+04 4.948500000000000000e+04 7.725900000000000000e+04 1.030470000000000000e+05 3.454900000000000000e+05 5.049110000000000000e+05
2.210000000000000000e+03 1.466000000000000000e+03 2.565000000000000000e+03 2.261000000000000000e+03 4.090000000000000000e+03 1.158600000000000000e+04 1.799100000000000000e+04 3.165000000000000000e+04 6.874900000000000000e+04 8.345100000000000000e+04 1.223190000000000000e+05 2.755620000000000000e+05 3.544690000000000000e+05 6.072930000000000000e+05 1.775427000000000000e+06 2.283830000000000000e+06 4.336804000000000000e+06 1.301975500000000000e+07 1.690072700000000000e+07
2.893000000000000000e+03 1.706000000000000000e+03 3.126000000000000000e+03 3.209000000000000000e+03 4.592000000000000000e+03 1.118800000000000000e+04 1.725400000000000000e+04 3.643000000000000000e+04 7.696400000000000000e+04 8.024600000000000000e+04 1.154910000000000000e+05 2.457230000000000000e+05 3.456330000000000000e+05 5.125540000000000000e+05 1.682883000000000000e+06 2.294736000000000000e+06 4.545864000000000000e+06 1.279312700000000000e+07 1.721203400000000000e+07
