# {'chrom': '10', 'window_id': '2', 'statistic': 'H2', 'bounds': [42000000, 61000000], 'span': 19000000, 'n_sites': 8961942, 'coverage': 47.17, 'right_discontinuous': False, 'rows': "{0: 'Altai', 1: 'Chagyrskaya', 2: 'Denisova', 3: 'French-1', 4: 'Han-1', 5: 'Khomani_San-2', 6: 'Papuan-2', 7: 'Vindija', 8: 'Yoruba-1', 9: 'Yoruba-3'}"}
9.130000000000000000e+02 5.980000000000000000e+02 9.000000000000000000e+02 1.117000000000000000e+03 1.439000000000000000e+03 3.533000000000000000e+03 4.562000000000000000e+03 8.304000000000000000e+03 2.038100000000000000e+04 1.749900000000000000e+04 2.966000000000000000e+04 3.114600000000000000e+04 5.997600000000000000e+04 7.052400000000000000e+04 2.166000000000000000e+05 3.026620000000000000e+05 2.950360000000000000e+05 8.058780000000000000e+05 9.912760000000000000e+05
6.000000000000000000e+01 2.300000000000000000e+01 9.300000000000000000e+01 1.180000000000000000e+02 1.660000000000000000e+02 4.440000000000000000e+02 7.060000000000000000e+02 1.071000000000000000e+03 2.590000000000000000e+03 2.603000000000000000e+03 4.091000000000000000e+03 7.252000000000000000e+03 6.198000000000000000e+03 1.436400000000000000e+04 2.775500000000000000e+04 3.340300000000000000e+04 7.822200000000000000e+04 2.859020000000000000e+05 5.811280000000000000e+05
1.167000000000000000e+03 9.080000000000000000e+02 9.240000000000000000e+02 5.190000000000000000e+02 6.290000000000000000e+02 1.749000000000000000e+03 2.009000000000000000e+03 5.963000000000000000e+03 1.471300000000000000e+04 9.795000000000000000e+03 1.434600000000000000e+04 2.263900000000000000e+04 2.911100000000000000e+04 4.830900000000000000e+04 9.753800000000000000e+04 1.046430000000000000e+05 1.613940000000000000e+05 6.375040000000000000e+05 1.523854000000000000e+06
4.906000000000000000e+03 1.609000000000000000e+03 2.076000000000000000e+03 1.829000000000000000e+03 3.036000000000000000e+03 8.844000000000000000e+03 1.491600000000000000e+04 2.937300000000000000e+04 5.984700000000000000e+04 7.158500000000000000e+04 9.235300000000000000e+04 1.879880000000000000e+05 2.774810000000000000e+05 4.639200000000000000e+05 1.055746000000000000e+06 1.272032000000000000e+06 2.043981000000000000e+06 8.492746000000000000e+06 1.892404000000000000e+07
8.136000000000000000e+03 2.924000000000000000e+03 3.004000000000000000e+03 2.217000000000000000e+03 3.457000000000000000e+03 9.162000000000000000e+03 1.646600000000000000e+04 3.498500000000000000e+04 6.852800000000000000e+04 6.699800000000000000e+04 1.013060000000000000e+05 2.245840000000000000e+05 2.661180000000000000e+05 4.352320000000000000e+05 9.266140000000000000e+05 1.717488000000000000e+06 3.195828000000000000e+06 1.040389300000000000e+07 2.094567600000000000e+07
7.706000000000000000e+03 3.956000000000000000e+03 4.589000000000000000e+03 3.675000000000000000e+03 6.154000000000000000e+03 1.670900000000000000e+04 2.775100000000000000e+04 5.193400000000000000e+04 1.028390000000000000e+05 1.201310000000000000e+05 1.536200000000000000e+05 3.135970000000000000e+05 5.254230000000000000e+05 1.004847000000000000e+06 2.874725000000000000e+06 3.963148000000000000e+06 6.314641000000000000e+06 2.250930500000000000e+07 4.625634300000000000e+07
2.187000000000000000e+03 1.498000000000000000e+03 2.188000000000000000e+03 1.870000000000000000e+03 2.594000000000000000e+03 7.728000000000000000e+03 1.204700000000000000e+04 2.114800000000000000e+04 4.473300000000000000e+04 4.892300000000000000e+04 5.872600000000000000e+04 1.356400000000000000e+05 1.871870000000000000e+05 2.995120000000000000e+05 7.417460000000000000e+05 9.623930000000000000e+05 1.738756000000000000e+06 6.198480000000000000e+06 1.195307100000000000e+07
2.107000000000000000e+03 1.341000000000000000e+03 1.474000000000000000e+03 1.218000000000000000e+03 1.555000000000000000e+03 3.692000000000000000e+03 8.589000000000000000e+03 1.225900000000000000e+04 3.286700000000000000e+04 2.321800000000000000e+04 3.284900000000000000e+04 4.102900000000000000e+04 8.626100000000000000e+04 1.101250000000000000e+05 1.594520000000000000e+05 4.158810000000000000e+05 5.688160000000000000e+05 1.283340000000000000e+06 1.576761000000000000e+06
7.806000000000000000e+03 3.272000000000000000e+03 3.149000000000000000e+03 3.179000000000000000e+03 5.644000000000000000e+03 1.882700000000000000e+04 2.816800000000000000e+04 4.941700000000000000e+04 1.128810000000000000e+05 1.204480000000000000e+05 1.650780000000000000e+05 3.287720000000000000e+05 5.144400000000000000e+05 1.008680000000000000e+06 3.019317000000000000e+06 4.025329000000000000e+06 6.366399000000000000e+06 2.106953100000000000e+07 4.311750300000000000e+07
1.037200000000000000e+04 4.374000000000000000e+03 3.803000000000000000e+03 3.074000000000000000e+03 5.349000000000000000e+03 1.457500000000000000e+04 2.579600000000000000e+04 5.114800000000000000e+04 1.000560000000000000e+05 1.084590000000000000e+05 1.508540000000000000e+05 3.037260000000000000e+05 4.814340000000000000e+05 8.701580000000000000e+05 2.480673000000000000e+06 3.668253000000000000e+06 6.125659000000000000e+06 1.955317500000000000e+07 4.319451800000000000e+07
