# {'chrom': '10', 'window_id': '5', 'statistic': 'H2', 'bounds': [99000000, 118000000], 'span': 19000000, 'n_sites': 12440881, 'coverage': 65.48, 'right_discontinuous': False, 'rows': "{0: 'Altai', 1: 'Chagyrskaya', 2: 'Denisova', 3: 'French-1', 4: 'Han-1', 5: 'Khomani_San-2', 6: 'Papuan-2', 7: 'Vindija', 8: 'Yoruba-1', 9: 'Yoruba-3'}"}
3.310000000000000000e+02 1.660000000000000000e+02 2.150000000000000000e+02 3.660000000000000000e+02 5.710000000000000000e+02 2.069000000000000000e+03 1.856000000000000000e+03 3.344000000000000000e+03 8.978000000000000000e+03 7.964000000000000000e+03 1.676400000000000000e+04 3.250200000000000000e+04 2.422700000000000000e+04 3.390500000000000000e+04 7.779000000000000000e+04 9.780400000000000000e+04 2.872620000000000000e+05 8.011170000000000000e+05 1.065088000000000000e+06
4.510000000000000000e+02 4.250000000000000000e+02 7.920000000000000000e+02 9.560000000000000000e+02 1.622000000000000000e+03 4.149000000000000000e+03 5.109000000000000000e+03 9.868000000000000000e+03 1.569500000000000000e+04 1.208400000000000000e+04 1.728600000000000000e+04 2.371400000000000000e+04 3.873400000000000000e+04 4.740500000000000000e+04 7.603800000000000000e+04 2.112250000000000000e+05 3.552490000000000000e+05 1.040606000000000000e+06 1.379400000000000000e+06
1.200000000000000000e+02 6.000000000000000000e+01 1.430000000000000000e+02 2.520000000000000000e+02 2.980000000000000000e+02 6.240000000000000000e+02 1.143000000000000000e+03 1.592000000000000000e+03 3.326000000000000000e+03 3.635000000000000000e+03 5.124000000000000000e+03 1.034800000000000000e+04 1.521700000000000000e+04 2.486600000000000000e+04 7.274000000000000000e+04 1.072900000000000000e+05 2.008220000000000000e+05 6.100250000000000000e+05 8.708170000000000000e+05
1.666000000000000000e+03 1.264000000000000000e+03 2.040000000000000000e+03 2.079000000000000000e+03 3.350000000000000000e+03 1.038000000000000000e+04 1.576600000000000000e+04 2.766600000000000000e+04 6.588100000000000000e+04 7.001900000000000000e+04 1.054310000000000000e+05 1.977820000000000000e+05 2.308480000000000000e+05 3.789010000000000000e+05 1.200990000000000000e+06 1.964921000000000000e+06 3.697578000000000000e+06 1.112106100000000000e+07 1.453541800000000000e+07
2.323000000000000000e+03 1.529000000000000000e+03 2.377000000000000000e+03 2.362000000000000000e+03 3.176000000000000000e+03 8.166000000000000000e+03 1.444600000000000000e+04 2.582800000000000000e+04 6.465100000000000000e+04 7.182200000000000000e+04 9.793700000000000000e+04 1.898850000000000000e+05 2.957160000000000000e+05 4.468660000000000000e+05 9.226010000000000000e+05 1.375724000000000000e+06 3.092237000000000000e+06 9.104366000000000000e+06 1.400347100000000000e+07
2.546000000000000000e+03 1.930000000000000000e+03 3.123000000000000000e+03 3.941000000000000000e+03 6.048000000000000000e+03 1.641500000000000000e+04 2.261600000000000000e+04 3.816800000000000000e+04 9.125500000000000000e+04 1.038610000000000000e+05 1.534660000000000000e+05 3.448640000000000000e+05 4.794000000000000000e+05 8.775940000000000000e+05 2.228770000000000000e+06 3.588673000000000000e+06 7.455273000000000000e+06 2.052865700000000000e+07 3.119674100000000000e+07
2.186000000000000000e+03 1.490000000000000000e+03 2.385000000000000000e+03 2.325000000000000000e+03 3.202000000000000000e+03 8.980000000000000000e+03 1.525000000000000000e+04 2.485600000000000000e+04 5.923100000000000000e+04 5.953400000000000000e+04 9.699400000000000000e+04 1.780850000000000000e+05 2.666460000000000000e+05 3.170650000000000000e+05 8.685160000000000000e+05 1.520320000000000000e+06 2.900574000000000000e+06 7.990063000000000000e+06 1.366232300000000000e+07
3.410000000000000000e+02 2.640000000000000000e+02 4.450000000000000000e+02 5.100000000000000000e+02 6.940000000000000000e+02 1.931000000000000000e+03 2.605000000000000000e+03 5.386000000000000000e+03 1.166700000000000000e+04 9.248000000000000000e+03 1.171400000000000000e+04 2.145600000000000000e+04 3.633300000000000000e+04 4.220400000000000000e+04 9.639600000000000000e+04 1.636400000000000000e+05 2.824470000000000000e+05 9.064870000000000000e+05 1.471480000000000000e+06
1.785000000000000000e+03 1.464000000000000000e+03 2.663000000000000000e+03 3.485000000000000000e+03 5.524000000000000000e+03 1.492500000000000000e+04 2.240400000000000000e+04 4.068100000000000000e+04 8.946200000000000000e+04 9.724800000000000000e+04 1.487850000000000000e+05 3.517490000000000000e+05 5.143870000000000000e+05 9.004430000000000000e+05 2.326318000000000000e+06 3.561758000000000000e+06 7.141432000000000000e+06 2.070259400000000000e+07 3.110759700000000000e+07
2.169000000000000000e+03 1.540000000000000000e+03 2.985000000000000000e+03 3.339000000000000000e+03 4.855000000000000000e+03 1.290700000000000000e+04 2.118000000000000000e+04 3.784100000000000000e+04 8.345400000000000000e+04 9.105600000000000000e+04 1.442450000000000000e+05 3.092370000000000000e+05 3.888820000000000000e+05 7.204420000000000000e+05 1.854710000000000000e+06 3.068624000000000000e+06 6.435227000000000000e+06 1.797504100000000000e+07 2.734468400000000000e+07
