# {'chrom': '5', 'window_id': '6', 'statistic': 'H2', 'bounds': [108000000, 127000000], 'span': 19000000, 'n_sites': 12090761, 'coverage': 63.64, 'right_discontinuous': False, 'rows': "{0: 'Altai', 1: 'Chagyrskaya', 2: 'Denisova', 3: 'French-1', 4: 'Han-1', 5: 'Khomani_San-2', 6: 'Papuan-2', 7: 'Vindija', 8: 'Yoruba-1', 9: 'Yoruba-3'}"}
3.300000000000000000e+01 6.600000000000000000e+01 1.330000000000000000e+02 8.200000000000000000e+01 2.310000000000000000e+02 2.900000000000000000e+02 4.150000000000000000e+02 1.077000000000000000e+03 2.333000000000000000e+03 2.357000000000000000e+03 3.143000000000000000e+03 1.010200000000000000e+04 2.692000000000000000e+03 1.032000000000000000e+03 1.435700000000000000e+04 5.125200000000000000e+04 9.130600000000000000e+04 1.740770000000000000e+05 2.638710000000000000e+05
4.800000000000000000e+01 4.700000000000000000e+01 8.600000000000000000e+01 1.640000000000000000e+02 2.790000000000000000e+02 8.980000000000000000e+02 1.206000000000000000e+03 2.547000000000000000e+03 5.761000000000000000e+03 6.251000000000000000e+03 8.018000000000000000e+03 1.091900000000000000e+04 1.256800000000000000e+04 1.939800000000000000e+04 5.254300000000000000e+04 7.864900000000000000e+04 1.678730000000000000e+05 5.220590000000000000e+05 9.029180000000000000e+05
1.010000000000000000e+03 9.000000000000000000e+01 1.870000000000000000e+02 1.400000000000000000e+02 3.700000000000000000e+02 1.108000000000000000e+03 1.757000000000000000e+03 3.104000000000000000e+03 6.215000000000000000e+03 5.807000000000000000e+03 9.696000000000000000e+03 1.434500000000000000e+04 1.426200000000000000e+04 1.973700000000000000e+04 6.035500000000000000e+04 8.647700000000000000e+04 1.899910000000000000e+05 6.178440000000000000e+05 1.333169000000000000e+06
8.370000000000000000e+02 8.530000000000000000e+02 1.686000000000000000e+03 2.321000000000000000e+03 4.168000000000000000e+03 1.108500000000000000e+04 1.746500000000000000e+04 3.299400000000000000e+04 7.882600000000000000e+04 9.341600000000000000e+04 1.378950000000000000e+05 2.873280000000000000e+05 3.626810000000000000e+05 5.244570000000000000e+05 1.574225000000000000e+06 2.502655000000000000e+06 5.153176000000000000e+06 1.456102000000000000e+07 2.514152600000000000e+07
8.980000000000000000e+02 6.390000000000000000e+02 1.561000000000000000e+03 1.860000000000000000e+03 3.443000000000000000e+03 8.241000000000000000e+03 1.400900000000000000e+04 2.617400000000000000e+04 5.889100000000000000e+04 7.321600000000000000e+04 1.114960000000000000e+05 2.507630000000000000e+05 2.792060000000000000e+05 4.182620000000000000e+05 1.148369000000000000e+06 2.030035000000000000e+06 3.819999000000000000e+06 1.150113200000000000e+07 2.260160100000000000e+07
2.138000000000000000e+03 2.107000000000000000e+03 3.705000000000000000e+03 3.920000000000000000e+03 6.251000000000000000e+03 1.677100000000000000e+04 2.383300000000000000e+04 4.464900000000000000e+04 1.017640000000000000e+05 1.265030000000000000e+05 1.952760000000000000e+05 4.310080000000000000e+05 5.646930000000000000e+05 1.021917000000000000e+06 2.843695000000000000e+06 5.183722000000000000e+06 1.078499500000000000e+07 3.147062100000000000e+07 5.772071900000000000e+07
1.800000000000000000e+03 8.040000000000000000e+02 1.440000000000000000e+03 1.674000000000000000e+03 3.595000000000000000e+03 9.282000000000000000e+03 1.510200000000000000e+04 2.894700000000000000e+04 7.070500000000000000e+04 8.505800000000000000e+04 1.276890000000000000e+05 2.566130000000000000e+05 3.084570000000000000e+05 5.202710000000000000e+05 1.379560000000000000e+06 2.047828000000000000e+06 4.488351000000000000e+06 1.188816200000000000e+07 2.003895900000000000e+07
1.000000000000000000e+01 1.500000000000000000e+01 2.500000000000000000e+01 6.600000000000000000e+01 1.540000000000000000e+02 3.670000000000000000e+02 7.320000000000000000e+02 1.171000000000000000e+03 2.829000000000000000e+03 3.631000000000000000e+03 4.827000000000000000e+03 6.655000000000000000e+03 8.967000000000000000e+03 1.553900000000000000e+04 3.960500000000000000e+04 5.458100000000000000e+04 1.396390000000000000e+05 4.339820000000000000e+05 7.171500000000000000e+05
1.265000000000000000e+03 1.421000000000000000e+03 3.302000000000000000e+03 3.846000000000000000e+03 6.416000000000000000e+03 1.686200000000000000e+04 2.536500000000000000e+04 4.719400000000000000e+04 1.067720000000000000e+05 1.268480000000000000e+05 1.980760000000000000e+05 4.302000000000000000e+05 5.951150000000000000e+05 1.031115000000000000e+06 2.788060000000000000e+06 5.099136000000000000e+06 1.050260000000000000e+07 3.004034700000000000e+07 5.473762700000000000e+07
1.214000000000000000e+03 1.303000000000000000e+03 2.561000000000000000e+03 3.187000000000000000e+03 5.773000000000000000e+03 1.577500000000000000e+04 2.395600000000000000e+04 4.221300000000000000e+04 1.030600000000000000e+05 1.239460000000000000e+05 1.957940000000000000e+05 4.149450000000000000e+05 5.389380000000000000e+05 9.692070000000000000e+05 2.600819000000000000e+06 4.679445000000000000e+06 9.536197000000000000e+06 2.768417400000000000e+07 4.894025900000000000e+07
