# {'chrom': '5', 'window_id': '5', 'statistic': 'H2', 'bounds': [89000000, 108000000], 'span': 19000000, 'n_sites': 12129147, 'coverage': 63.84, 'right_discontinuous': False, 'rows': "{0: 'Altai', 1: 'Chagyrskaya', 2: 'Denisova', 3: 'French-1', 4: 'Han-1', 5: 'Khomani_San-2', 6: 'Papuan-2', 7: 'Vindija', 8: 'Yoruba-1', 9: 'Yoruba-3'}"}
3.500000000000000000e+01 2.800000000000000000e+01 1.000000000000000000e+02 1.670000000000000000e+02 2.610000000000000000e+02 8.220000000000000000e+02 1.311000000000000000e+03 2.173000000000000000e+03 4.309000000000000000e+03 6.044000000000000000e+03 9.684000000000000000e+03 1.573300000000000000e+04 1.827300000000000000e+04 1.883600000000000000e+04 7.076100000000000000e+04 1.214210000000000000e+05 2.130370000000000000e+05 3.358440000000000000e+05 1.287790000000000000e+05
5.500000000000000000e+01 5.600000000000000000e+01 1.720000000000000000e+02 2.910000000000000000e+02 3.690000000000000000e+02 9.700000000000000000e+02 1.371000000000000000e+03 2.232000000000000000e+03 5.072000000000000000e+03 5.946000000000000000e+03 9.029000000000000000e+03 1.660500000000000000e+04 1.673500000000000000e+04 2.508300000000000000e+04 7.274900000000000000e+04 1.001910000000000000e+05 1.631120000000000000e+05 5.711190000000000000e+05 8.913620000000000000e+05
1.920000000000000000e+02 1.650000000000000000e+02 2.850000000000000000e+02 2.780000000000000000e+02 3.340000000000000000e+02 7.700000000000000000e+02 1.455000000000000000e+03 2.117000000000000000e+03 4.946000000000000000e+03 6.088000000000000000e+03 9.051000000000000000e+03 1.884500000000000000e+04 2.287500000000000000e+04 4.521100000000000000e+04 9.608300000000000000e+04 2.005880000000000000e+05 3.492570000000000000e+05 1.028050000000000000e+06 1.378403000000000000e+06
4.453000000000000000e+03 1.723000000000000000e+03 2.858000000000000000e+03 2.544000000000000000e+03 3.366000000000000000e+03 8.857000000000000000e+03 1.427100000000000000e+04 2.414000000000000000e+04 6.153900000000000000e+04 6.305200000000000000e+04 8.931100000000000000e+04 2.464970000000000000e+05 2.676740000000000000e+05 4.947520000000000000e+05 1.413538000000000000e+06 2.201124000000000000e+06 3.769094000000000000e+06 1.482642500000000000e+07 2.632827100000000000e+07
1.581000000000000000e+03 1.253000000000000000e+03 2.027000000000000000e+03 1.953000000000000000e+03 2.802000000000000000e+03 6.829000000000000000e+03 1.153900000000000000e+04 1.919300000000000000e+04 4.430300000000000000e+04 5.288800000000000000e+04 7.107800000000000000e+04 1.649580000000000000e+05 1.786330000000000000e+05 2.582110000000000000e+05 7.237350000000000000e+05 1.382576000000000000e+06 2.441441000000000000e+06 8.803054000000000000e+06 1.519436700000000000e+07
7.801000000000000000e+03 2.439000000000000000e+03 3.963000000000000000e+03 4.583000000000000000e+03 7.153000000000000000e+03 1.857900000000000000e+04 2.899600000000000000e+04 4.846000000000000000e+04 1.172660000000000000e+05 1.306380000000000000e+05 2.073090000000000000e+05 4.917070000000000000e+05 6.645720000000000000e+05 1.216479000000000000e+06 3.771188000000000000e+06 5.479173000000000000e+06 1.071483700000000000e+07 3.362272000000000000e+07 5.620139400000000000e+07
9.690000000000000000e+02 1.070000000000000000e+03 2.259000000000000000e+03 2.425000000000000000e+03 3.386000000000000000e+03 7.655000000000000000e+03 1.116200000000000000e+04 2.086200000000000000e+04 4.387500000000000000e+04 5.582600000000000000e+04 7.383100000000000000e+04 1.638430000000000000e+05 1.999930000000000000e+05 4.257180000000000000e+05 1.003652000000000000e+06 1.662079000000000000e+06 3.061702000000000000e+06 8.874624000000000000e+06 2.020903700000000000e+07
8.870000000000000000e+02 7.100000000000000000e+02 1.249000000000000000e+03 9.690000000000000000e+02 1.117000000000000000e+03 2.415000000000000000e+03 4.481000000000000000e+03 7.660000000000000000e+03 1.938800000000000000e+04 1.962100000000000000e+04 1.957400000000000000e+04 4.050400000000000000e+04 4.822900000000000000e+04 6.780400000000000000e+04 1.198860000000000000e+05 2.724610000000000000e+05 3.189370000000000000e+05 1.058441000000000000e+06 1.040758000000000000e+06
5.146000000000000000e+03 2.107000000000000000e+03 3.681000000000000000e+03 4.030000000000000000e+03 6.354000000000000000e+03 1.635100000000000000e+04 2.617500000000000000e+04 4.083000000000000000e+04 9.347900000000000000e+04 1.061970000000000000e+05 1.817770000000000000e+05 4.128800000000000000e+05 5.272460000000000000e+05 8.861320000000000000e+05 2.894469000000000000e+06 4.555704000000000000e+06 8.299784000000000000e+06 2.829372900000000000e+07 4.969150700000000000e+07
2.155000000000000000e+03 1.862000000000000000e+03 3.163000000000000000e+03 3.382000000000000000e+03 5.334000000000000000e+03 1.294500000000000000e+04 2.057700000000000000e+04 3.458500000000000000e+04 7.630400000000000000e+04 9.026700000000000000e+04 1.422860000000000000e+05 3.392120000000000000e+05 4.289740000000000000e+05 6.811410000000000000e+05 2.311896000000000000e+06 3.574513000000000000e+06 5.637231000000000000e+06 2.157510500000000000e+07 4.009592600000000000e+07
