# {'chrom': '5', 'window_id': '3', 'statistic': 'H2', 'bounds': [49000000, 69000000], 'span': 20000000, 'n_sites': 12164978, 'coverage': 60.82, 'right_discontinuous': True, 'rows': "{0: 'Altai', 1: 'Chagyrskaya', 2: 'Denisova', 3: 'French-1', 4: 'Han-1', 5: 'Khomani_San-2', 6: 'Papuan-2', 7: 'Vindija', 8: 'Yoruba-1', 9: 'Yoruba-3'}"}
1.840000000000000000e+02 9.200000000000000000e+01 1.300000000000000000e+02 1.360000000000000000e+02 2.810000000000000000e+02 8.190000000000000000e+02 1.225000000000000000e+03 1.415000000000000000e+03 2.667000000000000000e+03 2.985000000000000000e+03 4.540000000000000000e+03 8.461000000000000000e+03 7.716000000000000000e+03 2.216400000000000000e+04 5.426000000000000000e+04 7.215900000000000000e+04 1.143190000000000000e+05 3.419090000000000000e+05 4.573300000000000000e+05
2.010000000000000000e+02 1.070000000000000000e+02 1.990000000000000000e+02 2.690000000000000000e+02 4.570000000000000000e+02 1.275000000000000000e+03 1.682000000000000000e+03 2.733000000000000000e+03 6.308000000000000000e+03 6.228000000000000000e+03 6.135000000000000000e+03 1.222000000000000000e+04 1.724100000000000000e+04 2.631200000000000000e+04 6.144000000000000000e+04 9.787400000000000000e+04 2.084180000000000000e+05 5.995790000000000000e+05 5.253090000000000000e+05
1.390000000000000000e+02 4.500000000000000000e+01 1.420000000000000000e+02 1.880000000000000000e+02 3.740000000000000000e+02 1.021000000000000000e+03 1.398000000000000000e+03 1.718000000000000000e+03 3.018000000000000000e+03 3.452000000000000000e+03 4.106000000000000000e+03 7.848000000000000000e+03 1.035000000000000000e+04 1.767700000000000000e+04 4.148300000000000000e+04 7.951500000000000000e+04 1.516160000000000000e+05 3.888660000000000000e+05 5.055930000000000000e+05
6.547000000000000000e+03 3.156000000000000000e+03 3.947000000000000000e+03 2.857000000000000000e+03 3.932000000000000000e+03 1.286200000000000000e+04 1.922800000000000000e+04 3.522600000000000000e+04 6.576300000000000000e+04 8.043300000000000000e+04 1.191840000000000000e+05 2.232920000000000000e+05 3.008030000000000000e+05 5.981280000000000000e+05 1.708055000000000000e+06 2.536794000000000000e+06 4.680680000000000000e+06 1.139033800000000000e+07 1.463797600000000000e+07
4.331000000000000000e+03 2.549000000000000000e+03 2.858000000000000000e+03 2.392000000000000000e+03 3.751000000000000000e+03 1.033200000000000000e+04 1.608800000000000000e+04 2.989300000000000000e+04 6.186100000000000000e+04 6.742500000000000000e+04 1.045870000000000000e+05 1.654690000000000000e+05 2.441140000000000000e+05 4.557600000000000000e+05 1.376467000000000000e+06 2.056453000000000000e+06 4.252004000000000000e+06 1.009897300000000000e+07 1.261417500000000000e+07
5.979000000000000000e+03 2.699000000000000000e+03 3.751000000000000000e+03 3.840000000000000000e+03 5.599000000000000000e+03 1.699400000000000000e+04 2.253000000000000000e+04 4.272200000000000000e+04 7.916100000000000000e+04 9.905300000000000000e+04 1.527260000000000000e+05 3.448120000000000000e+05 4.821920000000000000e+05 8.999680000000000000e+05 2.534241000000000000e+06 3.650175000000000000e+06 7.290078000000000000e+06 1.868086100000000000e+07 2.319211700000000000e+07
4.780000000000000000e+03 2.059000000000000000e+03 2.633000000000000000e+03 2.091000000000000000e+03 3.064000000000000000e+03 1.105200000000000000e+04 1.352800000000000000e+04 2.846300000000000000e+04 4.551500000000000000e+04 4.567000000000000000e+04 7.244700000000000000e+04 1.412120000000000000e+05 1.635710000000000000e+05 3.145840000000000000e+05 7.779490000000000000e+05 1.064081000000000000e+06 2.001529000000000000e+06 5.325754000000000000e+06 7.122559000000000000e+06
1.060000000000000000e+03 5.400000000000000000e+02 5.850000000000000000e+02 2.810000000000000000e+02 4.020000000000000000e+02 1.239000000000000000e+03 2.748000000000000000e+03 4.301000000000000000e+03 8.685000000000000000e+03 8.369000000000000000e+03 8.553000000000000000e+03 1.795600000000000000e+04 2.898200000000000000e+04 3.483100000000000000e+04 8.847900000000000000e+04 1.090010000000000000e+05 2.299230000000000000e+05 6.063690000000000000e+05 8.221480000000000000e+05
3.963000000000000000e+03 2.344000000000000000e+03 3.276000000000000000e+03 3.611000000000000000e+03 5.203000000000000000e+03 1.477200000000000000e+04 2.177600000000000000e+04 3.728300000000000000e+04 7.664800000000000000e+04 8.904400000000000000e+04 1.276200000000000000e+05 2.804080000000000000e+05 3.654960000000000000e+05 7.439660000000000000e+05 2.051177000000000000e+06 2.993521000000000000e+06 6.183336000000000000e+06 1.489181000000000000e+07 1.929763500000000000e+07
7.554000000000000000e+03 3.872000000000000000e+03 4.475000000000000000e+03 3.602000000000000000e+03 5.244000000000000000e+03 1.554700000000000000e+04 2.173900000000000000e+04 4.293100000000000000e+04 8.240000000000000000e+04 1.027210000000000000e+05 1.512550000000000000e+05 2.912860000000000000e+05 4.222490000000000000e+05 8.079390000000000000e+05 2.288759000000000000e+06 3.456638000000000000e+06 6.792726000000000000e+06 1.672055700000000000e+07 2.137224600000000000e+07
