# {'chrom': '5', 'window_id': '0', 'statistic': 'H2', 'bounds': [0, 15000000], 'span': 15000000, 'n_sites': 10102226, 'coverage': 67.35, 'right_discontinuous': False, 'rows': "{0: 'Altai', 1: 'Chagyrskaya', 2: 'Denisova', 3: 'French-1', 4: 'Han-1', 5: 'Khomani_San-2', 6: 'Papuan-2', 7: 'Vindija', 8: 'Yoruba-1', 9: 'Yoruba-3'}"}
1.740000000000000000e+02 1.480000000000000000e+02 2.450000000000000000e+02 2.630000000000000000e+02 6.080000000000000000e+02 1.490000000000000000e+03 2.325000000000000000e+03 3.938000000000000000e+03 7.040000000000000000e+03 7.254000000000000000e+03 1.016400000000000000e+04 1.825400000000000000e+04 1.801200000000000000e+04 2.123100000000000000e+04 9.094300000000000000e+04 1.323440000000000000e+05 3.386260000000000000e+05 5.121260000000000000e+05 1.262511000000000000e+06
6.300000000000000000e+01 2.200000000000000000e+01 3.700000000000000000e+01 6.700000000000000000e+01 1.290000000000000000e+02 3.700000000000000000e+02 5.450000000000000000e+02 9.090000000000000000e+02 1.985000000000000000e+03 2.878000000000000000e+03 3.822000000000000000e+03 6.744000000000000000e+03 7.461000000000000000e+03 1.148300000000000000e+04 2.460800000000000000e+04 2.355200000000000000e+04 4.065900000000000000e+04 1.463930000000000000e+05 3.387710000000000000e+05
2.600000000000000000e+01 6.000000000000000000e+01 1.250000000000000000e+02 2.300000000000000000e+02 4.040000000000000000e+02 9.800000000000000000e+02 1.166000000000000000e+03 2.230000000000000000e+03 5.040000000000000000e+03 4.488000000000000000e+03 4.522000000000000000e+03 1.175200000000000000e+04 1.415800000000000000e+04 1.684500000000000000e+04 4.618600000000000000e+04 9.920700000000000000e+04 1.747720000000000000e+05 4.781170000000000000e+05 9.788270000000000000e+05
8.190000000000000000e+02 6.030000000000000000e+02 9.190000000000000000e+02 8.460000000000000000e+02 1.488000000000000000e+03 5.172000000000000000e+03 8.985000000000000000e+03 1.576200000000000000e+04 3.436000000000000000e+04 3.851600000000000000e+04 5.386900000000000000e+04 1.085370000000000000e+05 1.423130000000000000e+05 2.199360000000000000e+05 5.669350000000000000e+05 1.082770000000000000e+06 1.908600000000000000e+06 5.003389000000000000e+06 9.670917000000000000e+06
8.760000000000000000e+02 8.600000000000000000e+02 1.417000000000000000e+03 1.664000000000000000e+03 2.966000000000000000e+03 8.893000000000000000e+03 1.391600000000000000e+04 2.398900000000000000e+04 5.582900000000000000e+04 6.172500000000000000e+04 8.700500000000000000e+04 1.821050000000000000e+05 2.166810000000000000e+05 3.612870000000000000e+05 1.106478000000000000e+06 1.642828000000000000e+06 3.044684000000000000e+06 8.925389000000000000e+06 2.032156600000000000e+07
3.092000000000000000e+03 1.433000000000000000e+03 2.051000000000000000e+03 1.807000000000000000e+03 3.325000000000000000e+03 1.140300000000000000e+04 1.755300000000000000e+04 3.029700000000000000e+04 6.244900000000000000e+04 7.178700000000000000e+04 1.028340000000000000e+05 2.494650000000000000e+05 3.172670000000000000e+05 5.529710000000000000e+05 1.612155000000000000e+06 2.522228000000000000e+06 5.308334000000000000e+06 1.550048300000000000e+07 3.636784300000000000e+07
2.050000000000000000e+03 8.790000000000000000e+02 1.142000000000000000e+03 1.183000000000000000e+03 2.298000000000000000e+03 6.835000000000000000e+03 1.071400000000000000e+04 1.917700000000000000e+04 3.657000000000000000e+04 3.942200000000000000e+04 5.409700000000000000e+04 1.138500000000000000e+05 1.638900000000000000e+05 2.440420000000000000e+05 5.608400000000000000e+05 1.005147000000000000e+06 1.985820000000000000e+06 5.792237000000000000e+06 1.202062700000000000e+07
1.215000000000000000e+03 2.560000000000000000e+02 3.420000000000000000e+02 2.800000000000000000e+02 4.780000000000000000e+02 1.301000000000000000e+03 2.147000000000000000e+03 3.528000000000000000e+03 7.757000000000000000e+03 8.706000000000000000e+03 1.073900000000000000e+04 2.544000000000000000e+04 1.911700000000000000e+04 1.175900000000000000e+04 6.975600000000000000e+04 1.111370000000000000e+05 2.885170000000000000e+05 6.867860000000000000e+05 1.348248000000000000e+06
2.819000000000000000e+03 1.443000000000000000e+03 2.419000000000000000e+03 2.674000000000000000e+03 4.154000000000000000e+03 1.178500000000000000e+04 2.020300000000000000e+04 3.411500000000000000e+04 7.523100000000000000e+04 8.415200000000000000e+04 1.255200000000000000e+05 2.836790000000000000e+05 3.325770000000000000e+05 6.005830000000000000e+05 1.754816000000000000e+06 2.821897000000000000e+06 5.621488000000000000e+06 1.618975700000000000e+07 3.546292500000000000e+07
2.165000000000000000e+03 1.149000000000000000e+03 2.264000000000000000e+03 2.383000000000000000e+03 4.454000000000000000e+03 1.234500000000000000e+04 2.025300000000000000e+04 3.555300000000000000e+04 7.019500000000000000e+04 7.644200000000000000e+04 1.048310000000000000e+05 2.109420000000000000e+05 3.093660000000000000e+05 4.959180000000000000e+05 1.694430000000000000e+06 2.855913000000000000e+06 5.797507000000000000e+06 1.695193800000000000e+07 3.822355800000000000e+07
