# {'chrom': '5', 'window_id': '1', 'statistic': 'H2', 'bounds': [15000000, 31000000], 'span': 16000000, 'n_sites': 9543890, 'coverage': 59.65, 'right_discontinuous': False, 'rows': "{0: 'Altai', 1: 'Chagyrskaya', 2: 'Denisova', 3: 'French-1', 4: 'Han-1', 5: 'Khomani_San-2', 6: 'Papuan-2', 7: 'Vindija', 8: 'Yoruba-1', 9: 'Yoruba-3'}"}
1.440000000000000000e+03 1.304000000000000000e+03 2.039000000000000000e+03 2.196000000000000000e+03 2.783000000000000000e+03 7.602000000000000000e+03 1.001100000000000000e+04 1.555000000000000000e+04 2.650700000000000000e+04 4.376300000000000000e+04 4.201400000000000000e+04 6.886300000000000000e+04 3.611200000000000000e+04 9.830000000000000000e+04 1.861330000000000000e+05 2.745130000000000000e+05 3.364990000000000000e+05 1.088908000000000000e+06 1.865004000000000000e+06
2.630000000000000000e+02 2.190000000000000000e+02 3.230000000000000000e+02 4.390000000000000000e+02 5.450000000000000000e+02 1.442000000000000000e+03 2.662000000000000000e+03 4.528000000000000000e+03 8.950000000000000000e+03 8.915000000000000000e+03 1.046400000000000000e+04 1.709300000000000000e+04 1.603800000000000000e+04 2.109200000000000000e+04 4.849300000000000000e+04 1.196100000000000000e+05 2.252050000000000000e+05 3.288550000000000000e+05 6.814110000000000000e+05
8.700000000000000000e+01 1.020000000000000000e+02 2.240000000000000000e+02 1.630000000000000000e+02 2.340000000000000000e+02 8.100000000000000000e+02 1.439000000000000000e+03 1.806000000000000000e+03 4.187000000000000000e+03 4.596000000000000000e+03 5.684000000000000000e+03 9.412000000000000000e+03 1.011700000000000000e+04 1.796600000000000000e+04 5.456600000000000000e+04 9.093900000000000000e+04 1.540710000000000000e+05 4.175860000000000000e+05 9.031240000000000000e+05
4.606000000000000000e+03 2.651000000000000000e+03 2.772000000000000000e+03 2.688000000000000000e+03 3.724000000000000000e+03 1.025300000000000000e+04 1.777200000000000000e+04 2.901000000000000000e+04 6.076200000000000000e+04 6.158000000000000000e+04 8.226600000000000000e+04 1.895120000000000000e+05 2.077410000000000000e+05 4.241980000000000000e+05 1.180316000000000000e+06 2.020885000000000000e+06 3.862663000000000000e+06 1.015237900000000000e+07 1.690167300000000000e+07
3.699000000000000000e+03 1.748000000000000000e+03 2.196000000000000000e+03 2.350000000000000000e+03 3.257000000000000000e+03 1.010900000000000000e+04 1.671200000000000000e+04 2.689200000000000000e+04 6.284800000000000000e+04 6.688900000000000000e+04 1.007200000000000000e+05 1.934890000000000000e+05 2.706580000000000000e+05 3.975970000000000000e+05 9.541640000000000000e+05 1.967832000000000000e+06 3.989540000000000000e+06 1.093444700000000000e+07 1.528656200000000000e+07
3.625000000000000000e+03 2.458000000000000000e+03 3.695000000000000000e+03 3.663000000000000000e+03 6.251000000000000000e+03 1.607600000000000000e+04 2.558700000000000000e+04 4.277900000000000000e+04 9.128500000000000000e+04 1.111030000000000000e+05 1.547880000000000000e+05 3.402900000000000000e+05 4.081840000000000000e+05 8.788460000000000000e+05 2.487321000000000000e+06 4.226738000000000000e+06 7.939906000000000000e+06 2.161282300000000000e+07 3.603639000000000000e+07
4.862000000000000000e+03 1.583000000000000000e+03 2.355000000000000000e+03 2.786000000000000000e+03 3.181000000000000000e+03 9.256000000000000000e+03 1.266600000000000000e+04 2.387100000000000000e+04 4.965200000000000000e+04 5.618500000000000000e+04 8.412100000000000000e+04 1.386310000000000000e+05 2.090230000000000000e+05 2.655750000000000000e+05 7.858840000000000000e+05 1.373049000000000000e+06 2.323008000000000000e+06 7.565414000000000000e+06 1.092741700000000000e+07
1.420000000000000000e+02 1.230000000000000000e+02 2.280000000000000000e+02 4.020000000000000000e+02 6.950000000000000000e+02 1.927000000000000000e+03 2.069000000000000000e+03 4.040000000000000000e+03 8.490000000000000000e+03 1.067700000000000000e+04 1.795000000000000000e+04 3.039700000000000000e+04 2.348700000000000000e+04 1.650400000000000000e+04 5.303800000000000000e+04 6.973200000000000000e+04 9.297000000000000000e+04 3.598020000000000000e+05 6.885070000000000000e+05
3.779000000000000000e+03 2.128000000000000000e+03 2.972000000000000000e+03 3.171000000000000000e+03 4.698000000000000000e+03 1.267100000000000000e+04 2.016200000000000000e+04 3.278500000000000000e+04 6.749400000000000000e+04 7.368500000000000000e+04 9.525900000000000000e+04 2.202010000000000000e+05 2.856060000000000000e+05 5.763320000000000000e+05 1.551605000000000000e+06 2.778472000000000000e+06 5.510097000000000000e+06 1.555164300000000000e+07 2.531464300000000000e+07
4.787000000000000000e+03 3.213000000000000000e+03 4.961000000000000000e+03 5.384000000000000000e+03 7.387000000000000000e+03 2.078400000000000000e+04 3.076300000000000000e+04 4.946000000000000000e+04 1.073210000000000000e+05 1.386150000000000000e+05 1.847500000000000000e+05 3.325000000000000000e+05 4.297580000000000000e+05 8.491010000000000000e+05 2.152086000000000000e+06 4.257168000000000000e+06 7.991621000000000000e+06 2.258667900000000000e+07 3.381294800000000000e+07
