# {'chrom': '5', 'window_id': '4', 'statistic': 'H2', 'bounds': [70000000, 89000000], 'span': 19000000, 'n_sites': 11606750, 'coverage': 61.09, 'right_discontinuous': False, 'rows': "{0: 'Altai', 1: 'Chagyrskaya', 2: 'Denisova', 3: 'French-1', 4: 'Han-1', 5: 'Khomani_San-2', 6: 'Papuan-2', 7: 'Vindija', 8: 'Yoruba-1', 9: 'Yoruba-3'}"}
4.300000000000000000e+01 6.500000000000000000e+01 1.970000000000000000e+02 3.090000000000000000e+02 6.220000000000000000e+02 1.480000000000000000e+03 1.620000000000000000e+03 3.020000000000000000e+03 5.646000000000000000e+03 5.445000000000000000e+03 6.557000000000000000e+03 1.375800000000000000e+04 1.307700000000000000e+04 1.782100000000000000e+04 5.598500000000000000e+04 7.088000000000000000e+04 2.093510000000000000e+05 6.729160000000000000e+05 1.173155000000000000e+06
9.400000000000000000e+01 1.390000000000000000e+02 2.650000000000000000e+02 1.760000000000000000e+02 3.230000000000000000e+02 1.307000000000000000e+03 2.129000000000000000e+03 3.711000000000000000e+03 7.954000000000000000e+03 9.334000000000000000e+03 1.341800000000000000e+04 1.563100000000000000e+04 1.556500000000000000e+04 3.323700000000000000e+04 6.246600000000000000e+04 1.488610000000000000e+05 2.416660000000000000e+05 7.604540000000000000e+05 1.037122000000000000e+06
1.410000000000000000e+02 1.210000000000000000e+02 2.200000000000000000e+02 2.350000000000000000e+02 3.680000000000000000e+02 9.780000000000000000e+02 1.334000000000000000e+03 2.143000000000000000e+03 5.884000000000000000e+03 5.933000000000000000e+03 7.803000000000000000e+03 1.614400000000000000e+04 1.882100000000000000e+04 3.092200000000000000e+04 8.046500000000000000e+04 1.238370000000000000e+05 2.089430000000000000e+05 7.181590000000000000e+05 1.678765000000000000e+06
3.464000000000000000e+03 1.237000000000000000e+03 1.873000000000000000e+03 2.063000000000000000e+03 3.136000000000000000e+03 9.128000000000000000e+03 1.471100000000000000e+04 2.529900000000000000e+04 5.483600000000000000e+04 6.654200000000000000e+04 7.688000000000000000e+04 1.512680000000000000e+05 1.825160000000000000e+05 3.298270000000000000e+05 8.250280000000000000e+05 1.449558000000000000e+06 2.977479000000000000e+06 1.023856200000000000e+07 2.196061600000000000e+07
2.337000000000000000e+03 8.480000000000000000e+02 1.340000000000000000e+03 1.621000000000000000e+03 2.686000000000000000e+03 7.328000000000000000e+03 1.173300000000000000e+04 1.876800000000000000e+04 4.683800000000000000e+04 4.581100000000000000e+04 6.106600000000000000e+04 1.082710000000000000e+05 1.223310000000000000e+05 2.548590000000000000e+05 5.923960000000000000e+05 8.964140000000000000e+05 2.007670000000000000e+06 6.688740000000000000e+06 1.505982000000000000e+07
2.700000000000000000e+03 1.784000000000000000e+03 2.803000000000000000e+03 2.872000000000000000e+03 4.643000000000000000e+03 1.240500000000000000e+04 1.987300000000000000e+04 3.236300000000000000e+04 6.818300000000000000e+04 8.664100000000000000e+04 1.282610000000000000e+05 2.513770000000000000e+05 3.301150000000000000e+05 6.054240000000000000e+05 1.830754000000000000e+06 2.887946000000000000e+06 5.397571000000000000e+06 1.765294300000000000e+07 4.349513300000000000e+07
2.046000000000000000e+03 9.040000000000000000e+02 1.091000000000000000e+03 8.480000000000000000e+02 1.462000000000000000e+03 4.767000000000000000e+03 9.166000000000000000e+03 1.453700000000000000e+04 2.808600000000000000e+04 3.665500000000000000e+04 3.947000000000000000e+04 7.118300000000000000e+04 8.954800000000000000e+04 1.024210000000000000e+05 3.793130000000000000e+05 5.485880000000000000e+05 1.495894000000000000e+06 4.226334000000000000e+06 7.283011000000000000e+06
1.400000000000000000e+02 1.530000000000000000e+02 3.270000000000000000e+02 2.150000000000000000e+02 3.000000000000000000e+02 1.207000000000000000e+03 1.885000000000000000e+03 3.338000000000000000e+03 7.036000000000000000e+03 9.102000000000000000e+03 1.226500000000000000e+04 1.225200000000000000e+04 1.449900000000000000e+04 2.035300000000000000e+04 5.476500000000000000e+04 1.264240000000000000e+05 2.052860000000000000e+05 7.603020000000000000e+05 1.925009000000000000e+06
2.935000000000000000e+03 1.765000000000000000e+03 3.028000000000000000e+03 3.338000000000000000e+03 5.277000000000000000e+03 1.461800000000000000e+04 2.307800000000000000e+04 3.585600000000000000e+04 7.765500000000000000e+04 9.978300000000000000e+04 1.432230000000000000e+05 2.787550000000000000e+05 4.033280000000000000e+05 7.145630000000000000e+05 1.781704000000000000e+06 3.091166000000000000e+06 6.553429000000000000e+06 2.021701200000000000e+07 4.404607300000000000e+07
3.665000000000000000e+03 1.769000000000000000e+03 2.749000000000000000e+03 2.849000000000000000e+03 4.705000000000000000e+03 1.327600000000000000e+04 2.203800000000000000e+04 3.387100000000000000e+04 7.358600000000000000e+04 8.644400000000000000e+04 1.219100000000000000e+05 2.260170000000000000e+05 3.014710000000000000e+05 5.370760000000000000e+05 1.415918000000000000e+06 2.527601000000000000e+06 5.498018000000000000e+06 1.788659000000000000e+07 3.711275800000000000e+07
