# {'chrom': '5', 'window_id': '9', 'statistic': 'H2', 'bounds': [163000000, 181000000], 'span': 18000000, 'n_sites': 11089545, 'coverage': 61.61, 'right_discontinuous': True, 'rows': "{0: 'Altai', 1: 'Chagyrskaya', 2: 'Denisova', 3: 'French-1', 4: 'Han-1', 5: 'Khomani_San-2', 6: 'Papuan-2', 7: 'Vindija', 8: 'Yoruba-1', 9: 'Yoruba-3'}"}
2.320000000000000000e+02 1.990000000000000000e+02 3.880000000000000000e+02 2.720000000000000000e+02 5.870000000000000000e+02 1.146000000000000000e+03 2.193000000000000000e+03 4.761000000000000000e+03 9.308000000000000000e+03 7.516000000000000000e+03 5.896000000000000000e+03 9.666000000000000000e+03 1.158200000000000000e+04 2.417100000000000000e+04 5.107200000000000000e+04 8.206900000000000000e+04 8.877400000000000000e+04 2.912060000000000000e+05 4.983990000000000000e+05
6.100000000000000000e+01 5.600000000000000000e+01 7.000000000000000000e+01 5.600000000000000000e+01 1.690000000000000000e+02 6.660000000000000000e+02 1.049000000000000000e+03 1.775000000000000000e+03 3.473000000000000000e+03 3.628000000000000000e+03 5.069000000000000000e+03 9.798000000000000000e+03 1.198700000000000000e+04 1.788900000000000000e+04 3.740800000000000000e+04 7.150400000000000000e+04 1.020560000000000000e+05 2.797260000000000000e+05 4.627510000000000000e+05
1.110000000000000000e+02 1.990000000000000000e+02 4.690000000000000000e+02 5.120000000000000000e+02 6.990000000000000000e+02 1.906000000000000000e+03 3.206000000000000000e+03 5.380000000000000000e+03 1.246000000000000000e+04 1.426100000000000000e+04 1.783600000000000000e+04 3.721700000000000000e+04 6.689900000000000000e+04 8.754900000000000000e+04 1.508200000000000000e+05 1.533810000000000000e+05 3.242610000000000000e+05 9.604120000000000000e+05 1.295328000000000000e+06
4.760000000000000000e+02 5.620000000000000000e+02 1.077000000000000000e+03 1.052000000000000000e+03 1.488000000000000000e+03 5.012000000000000000e+03 8.114000000000000000e+03 1.524800000000000000e+04 3.570800000000000000e+04 4.191600000000000000e+04 6.029100000000000000e+04 1.191220000000000000e+05 1.636730000000000000e+05 2.485300000000000000e+05 5.641130000000000000e+05 9.629620000000000000e+05 1.855964000000000000e+06 5.337930000000000000e+06 8.790331000000000000e+06
2.130000000000000000e+02 3.890000000000000000e+02 9.150000000000000000e+02 1.137000000000000000e+03 1.400000000000000000e+03 3.978000000000000000e+03 7.248000000000000000e+03 1.235600000000000000e+04 2.602200000000000000e+04 3.310900000000000000e+04 4.628100000000000000e+04 8.445000000000000000e+04 9.585300000000000000e+04 1.611810000000000000e+05 4.267970000000000000e+05 7.882030000000000000e+05 1.465694000000000000e+06 4.578540000000000000e+06 6.837153000000000000e+06
2.611000000000000000e+03 1.299000000000000000e+03 2.663000000000000000e+03 1.829000000000000000e+03 2.914000000000000000e+03 1.081800000000000000e+04 1.547500000000000000e+04 2.750400000000000000e+04 5.480600000000000000e+04 6.728500000000000000e+04 9.995600000000000000e+04 1.792200000000000000e+05 2.660960000000000000e+05 4.871900000000000000e+05 1.201617000000000000e+06 2.051390000000000000e+06 4.053213000000000000e+06 1.191835100000000000e+07 1.851444500000000000e+07
1.110000000000000000e+02 2.540000000000000000e+02 6.670000000000000000e+02 8.760000000000000000e+02 1.241000000000000000e+03 3.590000000000000000e+03 5.928000000000000000e+03 1.014900000000000000e+04 2.142700000000000000e+04 2.513400000000000000e+04 3.351300000000000000e+04 6.549900000000000000e+04 6.793800000000000000e+04 9.721300000000000000e+04 2.904240000000000000e+05 4.720950000000000000e+05 9.786880000000000000e+05 2.664223000000000000e+06 4.414116000000000000e+06
1.800000000000000000e+01 2.500000000000000000e+01 5.200000000000000000e+01 4.800000000000000000e+01 7.800000000000000000e+01 2.840000000000000000e+02 6.020000000000000000e+02 8.350000000000000000e+02 1.771000000000000000e+03 1.794000000000000000e+03 2.372000000000000000e+03 4.644000000000000000e+03 7.622000000000000000e+03 1.179500000000000000e+04 2.104300000000000000e+04 3.251400000000000000e+04 5.959500000000000000e+04 2.015370000000000000e+05 3.002750000000000000e+05
1.447000000000000000e+03 7.950000000000000000e+02 1.356000000000000000e+03 1.224000000000000000e+03 1.911000000000000000e+03 6.385000000000000000e+03 1.085100000000000000e+04 1.900400000000000000e+04 4.042100000000000000e+04 5.272700000000000000e+04 7.521300000000000000e+04 1.469200000000000000e+05 2.064240000000000000e+05 3.686300000000000000e+05 9.396010000000000000e+05 1.537646000000000000e+06 3.204449000000000000e+06 9.260436000000000000e+06 1.451587000000000000e+07
2.402000000000000000e+03 1.205000000000000000e+03 1.743000000000000000e+03 1.107000000000000000e+03 1.933000000000000000e+03 7.858000000000000000e+03 1.113900000000000000e+04 2.199300000000000000e+04 4.732900000000000000e+04 6.224100000000000000e+04 8.230200000000000000e+04 1.622090000000000000e+05 2.649060000000000000e+05 4.189450000000000000e+05 9.831770000000000000e+05 1.709419000000000000e+06 3.334933000000000000e+06 9.713267000000000000e+06 1.513932300000000000e+07
