# {'chrom': '5', 'window_id': '2', 'statistic': 'H2', 'bounds': [31000000, 47000000], 'span': 16000000, 'n_sites': 8955920, 'coverage': 55.97, 'right_discontinuous': True, 'rows': "{0: 'Altai', 1: 'Chagyrskaya', 2: 'Denisova', 3: 'French-1', 4: 'Han-1', 5: 'Khomani_San-2', 6: 'Papuan-2', 7: 'Vindija', 8: 'Yoruba-1', 9: 'Yoruba-3'}"}
3.400000000000000000e+02 2.500000000000000000e+02 3.740000000000000000e+02 5.170000000000000000e+02 6.810000000000000000e+02 1.680000000000000000e+03 1.591000000000000000e+03 4.377000000000000000e+03 8.988000000000000000e+03 1.035300000000000000e+04 1.124800000000000000e+04 1.632400000000000000e+04 1.006700000000000000e+04 3.501500000000000000e+04 6.854400000000000000e+04 1.427220000000000000e+05 1.866770000000000000e+05 2.781420000000000000e+05 2.471440000000000000e+05
1.000000000000000000e+00 1.000000000000000000e+00 2.000000000000000000e+01 2.800000000000000000e+01 8.800000000000000000e+01 2.070000000000000000e+02 4.050000000000000000e+02 6.880000000000000000e+02 1.541000000000000000e+03 2.226000000000000000e+03 3.409000000000000000e+03 7.854000000000000000e+03 6.208000000000000000e+03 4.980000000000000000e+03 1.535900000000000000e+04 1.615100000000000000e+04 4.364100000000000000e+04 5.324900000000000000e+04 1.260570000000000000e+05
1.080000000000000000e+02 1.960000000000000000e+02 4.410000000000000000e+02 5.500000000000000000e+02 7.110000000000000000e+02 1.792000000000000000e+03 3.156000000000000000e+03 4.970000000000000000e+03 1.225500000000000000e+04 1.801200000000000000e+04 2.410500000000000000e+04 4.456600000000000000e+04 1.548800000000000000e+04 1.808100000000000000e+04 5.134800000000000000e+04 9.717300000000000000e+04 1.886390000000000000e+05 5.783670000000000000e+05 5.225870000000000000e+05
2.347000000000000000e+03 1.757000000000000000e+03 3.174000000000000000e+03 3.211000000000000000e+03 4.258000000000000000e+03 1.079400000000000000e+04 1.448900000000000000e+04 2.767200000000000000e+04 5.537000000000000000e+04 7.576200000000000000e+04 1.157570000000000000e+05 2.463290000000000000e+05 3.156820000000000000e+05 6.193050000000000000e+05 1.546986000000000000e+06 2.468538000000000000e+06 3.302098000000000000e+06 6.325583000000000000e+06 8.450261000000000000e+06
1.579000000000000000e+03 1.051000000000000000e+03 1.680000000000000000e+03 1.730000000000000000e+03 2.715000000000000000e+03 6.815000000000000000e+03 8.981000000000000000e+03 1.748400000000000000e+04 3.647300000000000000e+04 4.387300000000000000e+04 6.675000000000000000e+04 1.455990000000000000e+05 1.366080000000000000e+05 2.620100000000000000e+05 7.136270000000000000e+05 1.035251000000000000e+06 1.863563000000000000e+06 4.255118000000000000e+06 5.530637000000000000e+06
6.295000000000000000e+03 3.053000000000000000e+03 4.070000000000000000e+03 4.049000000000000000e+03 5.677000000000000000e+03 1.527900000000000000e+04 2.096100000000000000e+04 3.969100000000000000e+04 8.681300000000000000e+04 1.148970000000000000e+05 1.787480000000000000e+05 4.756200000000000000e+05 5.987010000000000000e+05 9.657270000000000000e+05 2.613636000000000000e+06 4.055100000000000000e+06 4.993180000000000000e+06 1.117107500000000000e+07 1.590719400000000000e+07
1.137000000000000000e+03 8.610000000000000000e+02 1.275000000000000000e+03 1.321000000000000000e+03 1.912000000000000000e+03 4.802000000000000000e+03 6.810000000000000000e+03 1.299500000000000000e+04 2.932500000000000000e+04 4.034500000000000000e+04 6.124000000000000000e+04 1.001020000000000000e+05 1.059940000000000000e+05 1.754900000000000000e+05 4.201760000000000000e+05 5.495620000000000000e+05 1.146126000000000000e+06 2.783614000000000000e+06 3.312655000000000000e+06
8.200000000000000000e+01 6.400000000000000000e+01 1.540000000000000000e+02 1.900000000000000000e+02 3.060000000000000000e+02 6.490000000000000000e+02 8.900000000000000000e+02 2.037000000000000000e+03 3.912000000000000000e+03 4.606000000000000000e+03 7.905000000000000000e+03 1.270700000000000000e+04 1.608900000000000000e+04 2.413500000000000000e+04 6.915800000000000000e+04 6.361400000000000000e+04 1.062370000000000000e+05 2.210350000000000000e+05 2.967790000000000000e+05
3.098000000000000000e+03 2.203000000000000000e+03 3.387000000000000000e+03 3.140000000000000000e+03 4.793000000000000000e+03 1.185400000000000000e+04 1.702000000000000000e+04 3.054600000000000000e+04 6.497800000000000000e+04 7.882800000000000000e+04 1.421970000000000000e+05 3.254440000000000000e+05 4.327210000000000000e+05 6.951370000000000000e+05 1.955682000000000000e+06 2.587089000000000000e+06 3.649216000000000000e+06 9.398600000000000000e+06 1.260286500000000000e+07
5.291000000000000000e+03 2.364000000000000000e+03 3.365000000000000000e+03 3.197000000000000000e+03 4.598000000000000000e+03 1.235700000000000000e+04 1.783600000000000000e+04 3.247700000000000000e+04 6.881600000000000000e+04 8.947200000000000000e+04 1.386380000000000000e+05 3.713540000000000000e+05 4.346120000000000000e+05 6.545640000000000000e+05 1.859867000000000000e+06 2.703476000000000000e+06 4.304423000000000000e+06 9.951500000000000000e+06 1.252723600000000000e+07
