# 'name' : 'rogers_a02_b02_d00_g06'
# 'source' : 'rogers_a02_b02_d00_g06.yaml'
# 'sample_pops' : ['X', 'Y', 'D', 'N']
# 'sample_size' : 1
# 'n_reps' : 100
# 'n_windows' : 200
# 'seq_length' : 100000000.0
# 'window_length' : 500000.0
# 'recomb_rate' : 1e-08
# 'mut_rate' : 1e-08
# 'created' : None
0.000000000000000000e+00 0.000000000000000000e+00 0.000000000000000000e+00 0.000000000000000000e+00 4.556692076148058379e-01 0.000000000000000000e+00 0.000000000000000000e+00 0.000000000000000000e+00 3.970603705098804670e-01 4.071476756070455671e-01 0.000000000000000000e+00 0.000000000000000000e+00 4.464989120781331922e-01 4.548379828195388552e-01 7.614491432514487734e-02 0.000000000000000000e+00
0.000000000000000000e+00 0.000000000000000000e+00 0.000000000000000000e+00 0.000000000000000000e+00 4.601439539791733480e-01 0.000000000000000000e+00 0.000000000000000000e+00 0.000000000000000000e+00 3.985563515598224971e-01 4.049361012992744868e-01 0.000000000000000000e+00 0.000000000000000000e+00 4.594662938222807691e-01 4.658996430053828353e-01 8.187653002320813278e-02 0.000000000000000000e+00
0.000000000000000000e+00 0.000000000000000000e+00 0.000000000000000000e+00 0.000000000000000000e+00 4.498749497155269395e-01 0.000000000000000000e+00 0.000000000000000000e+00 0.000000000000000000e+00 3.958446697058296548e-01 4.060018674840469299e-01 0.000000000000000000e+00 0.000000000000000000e+00 4.438910535993905726e-01 4.543400325059914202e-01 6.989815650157198135e-02 0.000000000000000000e+00
0.000000000000000000e+00 0.000000000000000000e+00 0.000000000000000000e+00 0.000000000000000000e+00 4.435750868333648289e-01 0.000000000000000000e+00 0.000000000000000000e+00 0.000000000000000000e+00 3.917654784700024262e-01 3.989396742891020975e-01 0.000000000000000000e+00 0.000000000000000000e+00 4.496913488445759000e-01 4.582653288912612033e-01 7.040165815315618802e-02 0.000000000000000000e+00
0.000000000000000000e+00 0.000000000000000000e+00 0.000000000000000000e+00 0.000000000000000000e+00 4.527495286528319118e-01 0.000000000000000000e+00 0.000000000000000000e+00 0.000000000000000000e+00 3.865319619056102329e-01 3.943160748348137346e-01 0.000000000000000000e+00 0.000000000000000000e+00 4.553538121584071452e-01 4.648469311436498885e-01 7.744208382552944525e-02 0.000000000000000000e+00
0.000000000000000000e+00 0.000000000000000000e+00 0.000000000000000000e+00 0.000000000000000000e+00 4.598991410303212013e-01 0.000000000000000000e+00 0.000000000000000000e+00 0.000000000000000000e+00 3.956809565121001682e-01 4.032476607456168538e-01 0.000000000000000000e+00 0.000000000000000000e+00 4.672295173096974175e-01 4.742953988946236876e-01 8.553175865136443401e-02 0.000000000000000000e+00
0.000000000000000000e+00 0.000000000000000000e+00 0.000000000000000000e+00 0.000000000000000000e+00 4.601276953873061348e-01 0.000000000000000000e+00 0.000000000000000000e+00 0.000000000000000000e+00 3.944658330999162854e-01 4.046624137375093855e-01 0.000000000000000000e+00 0.000000000000000000e+00 4.527933503375515256e-01 4.650084984733082183e-01 7.242147327992957961e-02 0.000000000000000000e+00
0.000000000000000000e+00 0.000000000000000000e+00 0.000000000000000000e+00 0.000000000000000000e+00 4.538230423083162712e-01 0.000000000000000000e+00 0.000000000000000000e+00 0.000000000000000000e+00 3.920118974910132281e-01 4.026220882515229027e-01 0.000000000000000000e+00 0.000000000000000000e+00 4.494829780358342020e-01 4.621820651368260258e-01 7.499758667004169377e-02 0.000000000000000000e+00
0.000000000000000000e+00 0.000000000000000000e+00 0.000000000000000000e+00 0.000000000000000000e+00 4.442797351527677518e-01 0.000000000000000000e+00 0.000000000000000000e+00 0.000000000000000000e+00 3.854541199556945075e-01 3.977806145377530966e-01 0.000000000000000000e+00 0.000000000000000000e+00 4.646010707723569610e-01 4.797946883027823795e-01 8.253407056371080130e-02 0.000000000000000000e+00
0.000000000000000000e+00 0.000000000000000000e+00 0.000000000000000000e+00 0.000000000000000000e+00 4.563302158884702253e-01 0.000000000000000000e+00 0.000000000000000000e+00 0.000000000000000000e+00 3.951440845450108208e-01 3.991585511586959734e-01 0.000000000000000000e+00 0.000000000000000000e+00 4.467591358747536878e-01 4.516275669471047638e-01 6.785636811501422061e-02 0.000000000000000000e+00
0.000000000000000000e+00 0.000000000000000000e+00 0.000000000000000000e+00 0.000000000000000000e+00 4.656433200694740093e-01 0.000000000000000000e+00 0.000000000000000000e+00 0.000000000000000000e+00 3.939940711700031795e-01 3.977089780508634709e-01 0.000000000000000000e+00 0.000000000000000000e+00 4.563045101915389479e-01 4.611972957064195966e-01 7.143532101491471831e-02 0.000000000000000000e+00
0.000000000000000000e+00 0.000000000000000000e+00 0.000000000000000000e+00 0.000000000000000000e+00 4.599919506662189517e-01 0.000000000000000000e+00 0.000000000000000000e+00 0.000000000000000000e+00 4.014244158315287136e-01 3.953123678630677262e-01 0.000000000000000000e+00 0.000000000000000000e+00 4.742632376002641204e-01 4.660623817148211723e-01 8.514386665618596528e-02 0.000000000000000000e+00
0.000000000000000000e+00 0.000000000000000000e+00 0.000000000000000000e+00 0.000000000000000000e+00 4.509279235618229853e-01 0.000000000000000000e+00 0.000000000000000000e+00 0.000000000000000000e+00 3.863282143882020292e-01 3.953606881300769649e-01 0.000000000000000000e+00 0.000000000000000000e+00 4.541354239648975888e-01 4.655310838948955032e-01 6.876663140030993271e-02 0.000000000000000000e+00
0.000000000000000000e+00 0.000000000000000000e+00 0.000000000000000000e+00 0.000000000000000000e+00 4.482089059400616304e-01 0.000000000000000000e+00 0.000000000000000000e+00 0.000000000000000000e+00 3.953748574000144900e-01 4.022740253627158924e-01 0.000000000000000000e+00 0.000000000000000000e+00 4.541753566770563300e-01 4.602579772806579816e-01 8.275793624471869392e-02 0.000000000000000000e+00
0.000000000000000000e+00 0.000000000000000000e+00 0.000000000000000000e+00 0.000000000000000000e+00 4.583345355473066873e-01 0.000000000000000000e+00 0.000000000000000000e+00 0.000000000000000000e+00 3.969441525176612973e-01 4.082198537447231379e-01 0.000000000000000000e+00 0.000000000000000000e+00 4.494859104741413813e-01 4.611009646156354891e-01 7.455726743956923863e-02 0.000000000000000000e+00
0.000000000000000000e+00 0.000000000000000000e+00 0.000000000000000000e+00 0.000000000000000000e+00 4.461343540196892610e-01 0.000000000000000000e+00 0.000000000000000000e+00 0.000000000000000000e+00 3.955260322795677852e-01 4.047901914412331825e-01 0.000000000000000000e+00 0.000000000000000000e+00 4.446955755959086654e-01 4.534988013679971397e-01 6.920302894758718903e-02 0.000000000000000000e+00
0.000000000000000000e+00 0.000000000000000000e+00 0.000000000000000000e+00 0.000000000000000000e+00 4.481910676626645329e-01 0.000000000000000000e+00 0.000000000000000000e+00 0.000000000000000000e+00 3.893474510184541382e-01 3.944598315447278569e-01 0.000000000000000000e+00 0.000000000000000000e+00 4.600182702296878312e-01 4.649102828092919748e-01 8.136850348152853407e-02 0.000000000000000000e+00
0.000000000000000000e+00 0.000000000000000000e+00 0.000000000000000000e+00 0.000000000000000000e+00 4.531532962190294445e-01 0.000000000000000000e+00 0.000000000000000000e+00 0.000000000000000000e+00 3.963708611709471641e-01 4.020155226146356897e-01 0.000000000000000000e+00 0.000000000000000000e+00 4.538540678631182712e-01 4.595945601143698878e-01 7.162051161760023266e-02 0.000000000000000000e+00
0.000000000000000000e+00 0.000000000000000000e+00 0.000000000000000000e+00 0.000000000000000000e+00 4.478867589491817292e-01 0.000000000000000000e+00 0.000000000000000000e+00 0.000000000000000000e+00 3.936442019294592032e-01 4.048051839095450632e-01 0.000000000000000000e+00 0.000000000000000000e+00 4.496461499884651936e-01 4.611721897773131684e-01 7.150206968688613274e-02 0.000000000000000000e+00
0.000000000000000000e+00 0.000000000000000000e+00 0.000000000000000000e+00 0.000000000000000000e+00 4.535509868477963225e-01 0.000000000000000000e+00 0.000000000000000000e+00 0.000000000000000000e+00 3.924525369245130957e-01 4.043089839506549543e-01 0.000000000000000000e+00 0.000000000000000000e+00 4.560460237362983227e-01 4.693273528607401213e-01 7.807305711647562207e-02 0.000000000000000000e+00
0.000000000000000000e+00 0.000000000000000000e+00 0.000000000000000000e+00 0.000000000000000000e+00 4.690881209593281698e-01 0.000000000000000000e+00 0.000000000000000000e+00 0.000000000000000000e+00 3.880329028582549800e-01 3.972678688867864460e-01 0.000000000000000000e+00 0.000000000000000000e+00 4.442174352446043861e-01 4.536687911842816057e-01 6.163464975307161864e-02 0.000000000000000000e+00
0.000000000000000000e+00 0.000000000000000000e+00 0.000000000000000000e+00 0.000000000000000000e+00 4.535964499858398113e-01 0.000000000000000000e+00 0.000000000000000000e+00 0.000000000000000000e+00 3.918518192280360246e-01 3.987398797362770031e-01 0.000000000000000000e+00 0.000000000000000000e+00 4.462432693321931598e-01 4.517929336273996399e-01 6.592885608883264359e-02 0.000000000000000000e+00
0.000000000000000000e+00 0.000000000000000000e+00 0.000000000000000000e+00 0.000000000000000000e+00 4.591791488310054126e-01 0.000000000000000000e+00 0.000000000000000000e+00 0.000000000000000000e+00 3.961193703072071748e-01 4.055428584933714053e-01 0.000000000000000000e+00 0.000000000000000000e+00 4.574172067386785834e-01 4.662004328001062570e-01 7.530953781004709469e-02 0.000000000000000000e+00
0.000000000000000000e+00 0.000000000000000000e+00 0.000000000000000000e+00 0.000000000000000000e+00 4.496643044422837243e-01 0.000000000000000000e+00 0.000000000000000000e+00 0.000000000000000000e+00 3.891398790451829903e-01 4.053689661490158525e-01 0.000000000000000000e+00 0.000000000000000000e+00 4.505158015165224850e-01 4.681042835670640168e-01 7.170773381163839111e-02 0.000000000000000000e+00
0.000000000000000000e+00 0.000000000000000000e+00 0.000000000000000000e+00 0.000000000000000000e+00 4.535368724548418107e-01 0.000000000000000000e+00 0.000000000000000000e+00 0.000000000000000000e+00 3.941723017846092136e-01 4.056520637867644941e-01 0.000000000000000000e+00 0.000000000000000000e+00 4.495094769321859585e-01 4.597587086116849964e-01 7.266154200707519717e-02 0.000000000000000000e+00
0.000000000000000000e+00 0.000000000000000000e+00 0.000000000000000000e+00 0.000000000000000000e+00 4.448588464117979591e-01 0.000000000000000000e+00 0.000000000000000000e+00 0.000000000000000000e+00 3.843457474592358869e-01 3.866169756758457976e-01 0.000000000000000000e+00 0.000000000000000000e+00 4.574714656385261424e-01 4.597795317724885922e-01 7.225312336121697543e-02 0.000000000000000000e+00
0.000000000000000000e+00 0.000000000000000000e+00 0.000000000000000000e+00 0.000000000000000000e+00 4.492304181458710022e-01 0.000000000000000000e+00 0.000000000000000000e+00 0.000000000000000000e+00 3.871275802939420640e-01 3.943839209068256690e-01 0.000000000000000000e+00 0.000000000000000000e+00 4.489594360660014161e-01 4.565920363461568043e-01 6.708546790211142308e-02 0.000000000000000000e+00
0.000000000000000000e+00 0.000000000000000000e+00 0.000000000000000000e+00 0.000000000000000000e+00 4.472845525855972948e-01 0.000000000000000000e+00 0.000000000000000000e+00 0.000000000000000000e+00 3.875554568598527649e-01 3.964359367430436154e-01 0.000000000000000000e+00 0.000000000000000000e+00 4.524841090223573059e-01 4.605404824049763035e-01 6.944428621950794744e-02 0.000000000000000000e+00
0.000000000000000000e+00 0.000000000000000000e+00 0.000000000000000000e+00 0.000000000000000000e+00 4.582953794150918525e-01 0.000000000000000000e+00 0.000000000000000000e+00 0.000000000000000000e+00 3.935430648511342167e-01 4.004985799557490567e-01 0.000000000000000000e+00 0.000000000000000000e+00 4.621491464579443043e-01 4.704272846401936214e-01 7.843157814522376536e-02 0.000000000000000000e+00
0.000000000000000000e+00 0.000000000000000000e+00 0.000000000000000000e+00 0.000000000000000000e+00 4.502205761558821240e-01 0.000000000000000000e+00 0.000000000000000000e+00 0.000000000000000000e+00 3.858749627807422922e-01 3.942850527123302196e-01 0.000000000000000000e+00 0.000000000000000000e+00 4.423979247644420632e-01 4.505973183881670230e-01 6.925437360552259836e-02 0.000000000000000000e+00
0.000000000000000000e+00 0.000000000000000000e+00 0.000000000000000000e+00 0.000000000000000000e+00 4.494621166856787586e-01 0.000000000000000000e+00 0.000000000000000000e+00 0.000000000000000000e+00 3.943981697470808623e-01 3.985807185259885310e-01 0.000000000000000000e+00 0.000000000000000000e+00 4.549493739580223184e-01 4.589523449777845876e-01 7.514117040556043958e-02 0.000000000000000000e+00
0.000000000000000000e+00 0.000000000000000000e+00 0.000000000000000000e+00 0.000000000000000000e+00 4.512610883686022367e-01 0.000000000000000000e+00 0.000000000000000000e+00 0.000000000000000000e+00 3.842338975700749226e-01 3.969291347299436779e-01 0.000000000000000000e+00 0.000000000000000000e+00 4.511329190033482872e-01 4.642177072212022026e-01 7.329434276352229938e-02 0.000000000000000000e+00
0.000000000000000000e+00 0.000000000000000000e+00 0.000000000000000000e+00 0.000000000000000000e+00 4.460927881604847545e-01 0.000000000000000000e+00 0.000000000000000000e+00 0.000000000000000000e+00 3.842239636850913187e-01 3.979253707276902974e-01 0.000000000000000000e+00 0.000000000000000000e+00 4.556777844563282276e-01 4.695331142702851013e-01 7.797722863306148777e-02 0.000000000000000000e+00
0.000000000000000000e+00 0.000000000000000000e+00 0.000000000000000000e+00 0.000000000000000000e+00 4.496525606937701869e-01 0.000000000000000000e+00 0.000000000000000000e+00 0.000000000000000000e+00 3.972833455817854076e-01 4.030502190961023357e-01 0.000000000000000000e+00 0.000000000000000000e+00 4.529504688296545067e-01 4.582955778203953168e-01 7.896775141701686818e-02 0.000000000000000000e+00
0.000000000000000000e+00 0.000000000000000000e+00 0.000000000000000000e+00 0.000000000000000000e+00 4.508932837130769644e-01 0.000000000000000000e+00 0.000000000000000000e+00 0.000000000000000000e+00 3.964041332226363457e-01 3.992520923796704091e-01 0.000000000000000000e+00 0.000000000000000000e+00 4.706656490733791554e-01 4.739449319736251942e-01 8.110056033698725964e-02 0.000000000000000000e+00
0.000000000000000000e+00 0.000000000000000000e+00 0.000000000000000000e+00 0.000000000000000000e+00 4.558865473379315469e-01 0.000000000000000000e+00 0.000000000000000000e+00 0.000000000000000000e+00 4.057242023856831303e-01 4.177080557134392746e-01 0.000000000000000000e+00 0.000000000000000000e+00 4.652920592398611666e-01 4.785322578023413209e-01 9.239062242657541946e-02 0.000000000000000000e+00
0.000000000000000000e+00 0.000000000000000000e+00 0.000000000000000000e+00 0.000000000000000000e+00 4.497129522219657227e-01 0.000000000000000000e+00 0.000000000000000000e+00 0.000000000000000000e+00 4.002850044202188595e-01 4.091527583103454213e-01 0.000000000000000000e+00 0.000000000000000000e+00 4.488674635815826930e-01 4.558843725278973746e-01 8.169510203590657493e-02 0.000000000000000000e+00
0.000000000000000000e+00 0.000000000000000000e+00 0.000000000000000000e+00 0.000000000000000000e+00 4.472714714980617901e-01 0.000000000000000000e+00 0.000000000000000000e+00 0.000000000000000000e+00 3.973605509171217465e-01 4.106060209544981632e-01 0.000000000000000000e+00 0.000000000000000000e+00 4.593848286442233086e-01 4.741806031634419050e-01 8.560824593814757300e-02 0.000000000000000000e+00
0.000000000000000000e+00 0.000000000000000000e+00 0.000000000000000000e+00 0.000000000000000000e+00 4.510353714378992906e-01 0.000000000000000000e+00 0.000000000000000000e+00 0.000000000000000000e+00 3.967498000946095837e-01 3.996289486143309033e-01 0.000000000000000000e+00 0.000000000000000000e+00 4.560297742355421957e-01 4.595383192324595800e-01 7.239470656540812621e-02 0.000000000000000000e+00
0.000000000000000000e+00 0.000000000000000000e+00 0.000000000000000000e+00 0.000000000000000000e+00 4.547270299634321722e-01 0.000000000000000000e+00 0.000000000000000000e+00 0.000000000000000000e+00 3.950060352738336000e-01 4.031367773084870709e-01 0.000000000000000000e+00 0.000000000000000000e+00 4.648680128880727236e-01 4.737999653939269917e-01 7.674078092967595577e-02 0.000000000000000000e+00
0.000000000000000000e+00 0.000000000000000000e+00 0.000000000000000000e+00 0.000000000000000000e+00 4.606147503965104528e-01 0.000000000000000000e+00 0.000000000000000000e+00 0.000000000000000000e+00 3.962940962024907865e-01 4.059855237134377126e-01 0.000000000000000000e+00 0.000000000000000000e+00 4.503078074935624175e-01 4.598966258888125269e-01 6.481847195263941430e-02 0.000000000000000000e+00
0.000000000000000000e+00 0.000000000000000000e+00 0.000000000000000000e+00 0.000000000000000000e+00 4.662363904774310952e-01 0.000000000000000000e+00 0.000000000000000000e+00 0.000000000000000000e+00 3.912407208303679274e-01 3.948728734292309417e-01 0.000000000000000000e+00 0.000000000000000000e+00 4.609012698055927615e-01 4.643083521469502095e-01 7.183282784067379634e-02 0.000000000000000000e+00
0.000000000000000000e+00 0.000000000000000000e+00 0.000000000000000000e+00 0.000000000000000000e+00 4.573520459103875280e-01 0.000000000000000000e+00 0.000000000000000000e+00 0.000000000000000000e+00 3.902221843861071182e-01 4.035545045028326450e-01 0.000000000000000000e+00 0.000000000000000000e+00 4.490568303293507313e-01 4.641259549682585361e-01 7.694880917859633906e-02 0.000000000000000000e+00
0.000000000000000000e+00 0.000000000000000000e+00 0.000000000000000000e+00 0.000000000000000000e+00 4.498938533171569776e-01 0.000000000000000000e+00 0.000000000000000000e+00 0.000000000000000000e+00 4.019354126169180086e-01 4.131596531511291248e-01 0.000000000000000000e+00 0.000000000000000000e+00 4.465747261098209075e-01 4.577897860220961901e-01 7.821860574981286118e-02 0.000000000000000000e+00
0.000000000000000000e+00 0.000000000000000000e+00 0.000000000000000000e+00 0.000000000000000000e+00 4.510686364498089906e-01 0.000000000000000000e+00 0.000000000000000000e+00 0.000000000000000000e+00 3.941580707463683830e-01 3.964717003469712120e-01 0.000000000000000000e+00 0.000000000000000000e+00 4.474386368590383412e-01 4.510179278983409423e-01 7.095818844578810625e-02 0.000000000000000000e+00
0.000000000000000000e+00 0.000000000000000000e+00 0.000000000000000000e+00 0.000000000000000000e+00 4.666341204995287373e-01 0.000000000000000000e+00 0.000000000000000000e+00 0.000000000000000000e+00 3.959657368890618923e-01 4.007767926108058987e-01 0.000000000000000000e+00 0.000000000000000000e+00 4.551001502056520320e-01 4.596832072981079098e-01 7.123801641304650101e-02 0.000000000000000000e+00
0.000000000000000000e+00 0.000000000000000000e+00 0.000000000000000000e+00 0.000000000000000000e+00 4.426362116228093613e-01 0.000000000000000000e+00 0.000000000000000000e+00 0.000000000000000000e+00 3.946752183512293177e-01 4.060565398009298721e-01 0.000000000000000000e+00 0.000000000000000000e+00 4.571125776818716901e-01 4.689455639209864080e-01 7.827035909924501267e-02 0.000000000000000000e+00
0.000000000000000000e+00 0.000000000000000000e+00 0.000000000000000000e+00 0.000000000000000000e+00 4.566259362850487169e-01 0.000000000000000000e+00 0.000000000000000000e+00 0.000000000000000000e+00 3.908740427219087321e-01 4.048635875827498176e-01 0.000000000000000000e+00 0.000000000000000000e+00 4.545261173227455043e-01 4.706348615301646499e-01 8.044342234174201023e-02 0.000000000000000000e+00
0.000000000000000000e+00 0.000000000000000000e+00 0.000000000000000000e+00 0.000000000000000000e+00 4.380669143457853743e-01 0.000000000000000000e+00 0.000000000000000000e+00 0.000000000000000000e+00 3.929241204176279201e-01 4.034664648966076461e-01 0.000000000000000000e+00 0.000000000000000000e+00 4.499790078706865648e-01 4.605499439843864229e-01 7.737898799909681546e-02 0.000000000000000000e+00
0.000000000000000000e+00 0.000000000000000000e+00 0.000000000000000000e+00 0.000000000000000000e+00 4.719431733143978902e-01 0.000000000000000000e+00 0.000000000000000000e+00 0.000000000000000000e+00 3.877719343147759123e-01 3.910899797065352512e-01 0.000000000000000000e+00 0.000000000000000000e+00 4.662859557597511806e-01 4.704536957962034971e-01 7.651317597296916628e-02 0.000000000000000000e+00
0.000000000000000000e+00 0.000000000000000000e+00 0.000000000000000000e+00 0.000000000000000000e+00 4.439009389552222573e-01 0.000000000000000000e+00 0.000000000000000000e+00 0.000000000000000000e+00 3.912573227152180699e-01 4.006218944490321232e-01 0.000000000000000000e+00 0.000000000000000000e+00 4.584300476976654326e-01 4.682970040914162246e-01 7.993162457082077232e-02 0.000000000000000000e+00
0.000000000000000000e+00 0.000000000000000000e+00 0.000000000000000000e+00 0.000000000000000000e+00 4.605650728895964163e-01 0.000000000000000000e+00 0.000000000000000000e+00 0.000000000000000000e+00 4.038868869963952446e-01 4.121746107851902430e-01 0.000000000000000000e+00 0.000000000000000000e+00 4.559275558150317487e-01 4.656062600441409072e-01 8.307903802838068064e-02 0.000000000000000000e+00
0.000000000000000000e+00 0.000000000000000000e+00 0.000000000000000000e+00 0.000000000000000000e+00 4.394165129451611529e-01 0.000000000000000000e+00 0.000000000000000000e+00 0.000000000000000000e+00 3.890962219832050373e-01 3.996407589351538281e-01 0.000000000000000000e+00 0.000000000000000000e+00 4.413744194396709286e-01 4.505116124663893218e-01 7.236209928730252816e-02 0.000000000000000000e+00
0.000000000000000000e+00 0.000000000000000000e+00 0.000000000000000000e+00 0.000000000000000000e+00 4.624148300922300558e-01 0.000000000000000000e+00 0.000000000000000000e+00 0.000000000000000000e+00 3.921962957176292064e-01 4.044185674972397559e-01 0.000000000000000000e+00 0.000000000000000000e+00 4.475108359423490834e-01 4.596065775291229283e-01 6.951614787954195351e-02 0.000000000000000000e+00
0.000000000000000000e+00 0.000000000000000000e+00 0.000000000000000000e+00 0.000000000000000000e+00 4.534430022533291749e-01 0.000000000000000000e+00 0.000000000000000000e+00 0.000000000000000000e+00 3.870181936504735187e-01 3.977273850049805048e-01 0.000000000000000000e+00 0.000000000000000000e+00 4.506082459648176330e-01 4.603098036854902930e-01 6.926814644756280892e-02 0.000000000000000000e+00
0.000000000000000000e+00 0.000000000000000000e+00 0.000000000000000000e+00 0.000000000000000000e+00 4.504458064748936841e-01 0.000000000000000000e+00 0.000000000000000000e+00 0.000000000000000000e+00 3.923450652834818975e-01 4.039626697370098385e-01 0.000000000000000000e+00 0.000000000000000000e+00 4.584229680811871543e-01 4.707698606304317468e-01 7.197442026223917211e-02 0.000000000000000000e+00
0.000000000000000000e+00 0.000000000000000000e+00 0.000000000000000000e+00 0.000000000000000000e+00 4.567677188542008659e-01 0.000000000000000000e+00 0.000000000000000000e+00 0.000000000000000000e+00 3.929924729935156957e-01 3.958715055411184403e-01 0.000000000000000000e+00 0.000000000000000000e+00 4.532579476442993860e-01 4.551129585929504784e-01 7.516050603710389133e-02 0.000000000000000000e+00
0.000000000000000000e+00 0.000000000000000000e+00 0.000000000000000000e+00 0.000000000000000000e+00 4.536073564859337548e-01 0.000000000000000000e+00 0.000000000000000000e+00 0.000000000000000000e+00 3.967160312757783691e-01 4.020027414751114470e-01 0.000000000000000000e+00 0.000000000000000000e+00 4.578404126531816498e-01 4.621618518767879880e-01 7.947667106120760716e-02 0.000000000000000000e+00
0.000000000000000000e+00 0.000000000000000000e+00 0.000000000000000000e+00 0.000000000000000000e+00 4.566522623549951199e-01 0.000000000000000000e+00 0.000000000000000000e+00 0.000000000000000000e+00 3.991616797633989466e-01 4.085227677388424405e-01 0.000000000000000000e+00 0.000000000000000000e+00 4.529647375529889941e-01 4.623029528894642137e-01 7.274439427111462075e-02 0.000000000000000000e+00
0.000000000000000000e+00 0.000000000000000000e+00 0.000000000000000000e+00 0.000000000000000000e+00 4.554462662249241789e-01 0.000000000000000000e+00 0.000000000000000000e+00 0.000000000000000000e+00 3.921972844323825536e-01 3.992454801510425533e-01 0.000000000000000000e+00 0.000000000000000000e+00 4.517284325342276752e-01 4.601172743259220321e-01 6.893918440165675010e-02 0.000000000000000000e+00
0.000000000000000000e+00 0.000000000000000000e+00 0.000000000000000000e+00 0.000000000000000000e+00 4.645930971778011731e-01 0.000000000000000000e+00 0.000000000000000000e+00 0.000000000000000000e+00 3.953555248458831550e-01 4.022496070585181438e-01 0.000000000000000000e+00 0.000000000000000000e+00 4.589253957944944284e-01 4.655946138011713975e-01 7.305347679199757083e-02 0.000000000000000000e+00
0.000000000000000000e+00 0.000000000000000000e+00 0.000000000000000000e+00 0.000000000000000000e+00 4.496595555417194912e-01 0.000000000000000000e+00 0.000000000000000000e+00 0.000000000000000000e+00 3.893410555017310926e-01 4.004728034875337794e-01 0.000000000000000000e+00 0.000000000000000000e+00 4.479912223473966337e-01 4.595966505747679509e-01 7.396304317559415642e-02 0.000000000000000000e+00
0.000000000000000000e+00 0.000000000000000000e+00 0.000000000000000000e+00 0.000000000000000000e+00 4.432454755096164600e-01 0.000000000000000000e+00 0.000000000000000000e+00 0.000000000000000000e+00 3.892376961869661867e-01 3.947236500093619926e-01 0.000000000000000000e+00 0.000000000000000000e+00 4.561283772253952873e-01 4.630508962075475798e-01 7.159063212533987863e-02 0.000000000000000000e+00
0.000000000000000000e+00 0.000000000000000000e+00 0.000000000000000000e+00 0.000000000000000000e+00 4.524020001522841561e-01 0.000000000000000000e+00 0.000000000000000000e+00 0.000000000000000000e+00 3.898828143636394739e-01 4.040997756502568983e-01 0.000000000000000000e+00 0.000000000000000000e+00 4.559828647421943493e-01 4.707387852190693667e-01 7.959942744764175737e-02 0.000000000000000000e+00
0.000000000000000000e+00 0.000000000000000000e+00 0.000000000000000000e+00 0.000000000000000000e+00 4.520808721774000061e-01 0.000000000000000000e+00 0.000000000000000000e+00 0.000000000000000000e+00 3.916255135378492458e-01 3.994318296722776940e-01 0.000000000000000000e+00 0.000000000000000000e+00 4.580634094195966122e-01 4.670408477133458636e-01 7.480256288579555102e-02 0.000000000000000000e+00
0.000000000000000000e+00 0.000000000000000000e+00 0.000000000000000000e+00 0.000000000000000000e+00 4.573879098246149688e-01 0.000000000000000000e+00 0.000000000000000000e+00 0.000000000000000000e+00 3.942563271727494434e-01 4.023741209355612969e-01 0.000000000000000000e+00 0.000000000000000000e+00 4.382482626916073820e-01 4.456802434471525687e-01 6.819027974183111684e-02 0.000000000000000000e+00
0.000000000000000000e+00 0.000000000000000000e+00 0.000000000000000000e+00 0.000000000000000000e+00 4.409261025944048451e-01 0.000000000000000000e+00 0.000000000000000000e+00 0.000000000000000000e+00 3.847857287408851801e-01 3.978674110344608827e-01 0.000000000000000000e+00 0.000000000000000000e+00 4.361288268870353591e-01 4.496774517222582035e-01 6.352373047633261272e-02 0.000000000000000000e+00
0.000000000000000000e+00 0.000000000000000000e+00 0.000000000000000000e+00 0.000000000000000000e+00 4.516263289213484633e-01 0.000000000000000000e+00 0.000000000000000000e+00 0.000000000000000000e+00 4.000518172033944997e-01 4.087301220375270661e-01 0.000000000000000000e+00 0.000000000000000000e+00 4.529906034744582977e-01 4.606235138996743195e-01 8.323667621510902337e-02 0.000000000000000000e+00
0.000000000000000000e+00 0.000000000000000000e+00 0.000000000000000000e+00 0.000000000000000000e+00 4.595952567064008343e-01 0.000000000000000000e+00 0.000000000000000000e+00 0.000000000000000000e+00 3.889178540893476477e-01 3.957318812336044767e-01 0.000000000000000000e+00 0.000000000000000000e+00 4.581409087744228725e-01 4.684460495949158143e-01 7.448262994826676531e-02 0.000000000000000000e+00
0.000000000000000000e+00 0.000000000000000000e+00 0.000000000000000000e+00 0.000000000000000000e+00 4.733701454283199550e-01 0.000000000000000000e+00 0.000000000000000000e+00 0.000000000000000000e+00 3.920918397383728604e-01 4.054608297646184467e-01 0.000000000000000000e+00 0.000000000000000000e+00 4.674475597196993681e-01 4.832002995102784859e-01 8.094837518462602577e-02 0.000000000000000000e+00
0.000000000000000000e+00 0.000000000000000000e+00 0.000000000000000000e+00 0.000000000000000000e+00 4.516484737118242609e-01 0.000000000000000000e+00 0.000000000000000000e+00 0.000000000000000000e+00 3.946504739733374123e-01 3.977859517923972299e-01 0.000000000000000000e+00 0.000000000000000000e+00 4.526775279155757503e-01 4.562210547076253619e-01 6.992154585558837954e-02 0.000000000000000000e+00
0.000000000000000000e+00 0.000000000000000000e+00 0.000000000000000000e+00 0.000000000000000000e+00 4.462192801994486202e-01 0.000000000000000000e+00 0.000000000000000000e+00 0.000000000000000000e+00 3.941330078536932069e-01 4.060681038070982907e-01 0.000000000000000000e+00 0.000000000000000000e+00 4.527499283995164436e-01 4.657886984279219211e-01 7.631466636644425316e-02 0.000000000000000000e+00
0.000000000000000000e+00 0.000000000000000000e+00 0.000000000000000000e+00 0.000000000000000000e+00 4.614706863101494805e-01 0.000000000000000000e+00 0.000000000000000000e+00 0.000000000000000000e+00 3.884755279384345394e-01 3.969545322599106196e-01 0.000000000000000000e+00 0.000000000000000000e+00 4.570770239999831230e-01 4.643550098209267563e-01 7.422395902642352217e-02 0.000000000000000000e+00
0.000000000000000000e+00 0.000000000000000000e+00 0.000000000000000000e+00 0.000000000000000000e+00 4.493656512103476053e-01 0.000000000000000000e+00 0.000000000000000000e+00 0.000000000000000000e+00 3.997170415194098991e-01 4.100253432334159398e-01 0.000000000000000000e+00 0.000000000000000000e+00 4.626379086143364017e-01 4.738143580819484391e-01 8.517252619637663558e-02 0.000000000000000000e+00
0.000000000000000000e+00 0.000000000000000000e+00 0.000000000000000000e+00 0.000000000000000000e+00 4.495265307313631165e-01 0.000000000000000000e+00 0.000000000000000000e+00 0.000000000000000000e+00 3.899012269610473980e-01 3.970362737287061461e-01 0.000000000000000000e+00 0.000000000000000000e+00 4.530589628599405172e-01 4.601151856957255704e-01 6.827643742238359570e-02 0.000000000000000000e+00
0.000000000000000000e+00 0.000000000000000000e+00 0.000000000000000000e+00 0.000000000000000000e+00 4.506532189003617517e-01 0.000000000000000000e+00 0.000000000000000000e+00 0.000000000000000000e+00 3.885361686312329699e-01 3.970660422397111478e-01 0.000000000000000000e+00 0.000000000000000000e+00 4.546383936668206838e-01 4.645959914319760520e-01 7.474126999660404835e-02 0.000000000000000000e+00
0.000000000000000000e+00 0.000000000000000000e+00 0.000000000000000000e+00 0.000000000000000000e+00 4.722106575685536267e-01 0.000000000000000000e+00 0.000000000000000000e+00 0.000000000000000000e+00 3.930486951040363386e-01 3.988683810603629865e-01 0.000000000000000000e+00 0.000000000000000000e+00 4.742786732822937279e-01 4.790289232512179307e-01 8.309877760567696559e-02 0.000000000000000000e+00
0.000000000000000000e+00 0.000000000000000000e+00 0.000000000000000000e+00 0.000000000000000000e+00 4.724707472359970795e-01 0.000000000000000000e+00 0.000000000000000000e+00 0.000000000000000000e+00 3.911252272791928553e-01 4.005745357760372993e-01 0.000000000000000000e+00 0.000000000000000000e+00 4.444419814177841266e-01 4.553317250748475931e-01 6.033609070837139127e-02 0.000000000000000000e+00
0.000000000000000000e+00 0.000000000000000000e+00 0.000000000000000000e+00 0.000000000000000000e+00 4.486402045837634689e-01 0.000000000000000000e+00 0.000000000000000000e+00 0.000000000000000000e+00 3.898037777085101574e-01 3.972796742548790894e-01 0.000000000000000000e+00 0.000000000000000000e+00 4.480225722550653655e-01 4.559333022572479299e-01 7.412026123824468071e-02 0.000000000000000000e+00
0.000000000000000000e+00 0.000000000000000000e+00 0.000000000000000000e+00 0.000000000000000000e+00 4.603932825591357525e-01 0.000000000000000000e+00 0.000000000000000000e+00 0.000000000000000000e+00 3.981681114205565808e-01 4.063580998898635999e-01 0.000000000000000000e+00 0.000000000000000000e+00 4.601980326876900507e-01 4.689061629182688096e-01 7.250315611352614598e-02 0.000000000000000000e+00
0.000000000000000000e+00 0.000000000000000000e+00 0.000000000000000000e+00 0.000000000000000000e+00 4.498346901343013848e-01 0.000000000000000000e+00 0.000000000000000000e+00 0.000000000000000000e+00 3.932077253144484752e-01 3.970452975723640643e-01 0.000000000000000000e+00 0.000000000000000000e+00 4.440044186008376692e-01 4.453866082021989414e-01 7.188804691385228263e-02 0.000000000000000000e+00
0.000000000000000000e+00 0.000000000000000000e+00 0.000000000000000000e+00 0.000000000000000000e+00 4.564849489465466759e-01 0.000000000000000000e+00 0.000000000000000000e+00 0.000000000000000000e+00 3.961805041358982260e-01 4.021625135665051753e-01 0.000000000000000000e+00 0.000000000000000000e+00 4.551970942545668364e-01 4.599371644013076077e-01 7.735977955697738440e-02 0.000000000000000000e+00
0.000000000000000000e+00 0.000000000000000000e+00 0.000000000000000000e+00 0.000000000000000000e+00 4.566801405046554962e-01 0.000000000000000000e+00 0.000000000000000000e+00 0.000000000000000000e+00 3.900384069683872079e-01 3.972627299828188630e-01 0.000000000000000000e+00 0.000000000000000000e+00 4.484826254235930731e-01 4.545513125467428028e-01 6.179048843874366398e-02 0.000000000000000000e+00
0.000000000000000000e+00 0.000000000000000000e+00 0.000000000000000000e+00 0.000000000000000000e+00 4.610195619319930049e-01 0.000000000000000000e+00 0.000000000000000000e+00 0.000000000000000000e+00 3.922453114963322385e-01 4.025879869795551125e-01 0.000000000000000000e+00 0.000000000000000000e+00 4.494055955485927178e-01 4.604415736610089627e-01 7.259505186137898969e-02 0.000000000000000000e+00
0.000000000000000000e+00 0.000000000000000000e+00 0.000000000000000000e+00 0.000000000000000000e+00 4.553097406882822273e-01 0.000000000000000000e+00 0.000000000000000000e+00 0.000000000000000000e+00 3.957877371119911669e-01 4.039691489641923927e-01 0.000000000000000000e+00 0.000000000000000000e+00 4.685832894449790675e-01 4.784124174509228888e-01 8.648764716409801379e-02 0.000000000000000000e+00
0.000000000000000000e+00 0.000000000000000000e+00 0.000000000000000000e+00 0.000000000000000000e+00 4.590975326663733758e-01 0.000000000000000000e+00 0.000000000000000000e+00 0.000000000000000000e+00 3.860112148537180321e-01 3.993308356474096210e-01 0.000000000000000000e+00 0.000000000000000000e+00 4.381961787443535150e-01 4.536185217326667019e-01 6.359667647480722608e-02 0.000000000000000000e+00
0.000000000000000000e+00 0.000000000000000000e+00 0.000000000000000000e+00 0.000000000000000000e+00 4.555025943514622866e-01 0.000000000000000000e+00 0.000000000000000000e+00 0.000000000000000000e+00 3.886623300901265177e-01 3.942556220322285254e-01 0.000000000000000000e+00 0.000000000000000000e+00 4.535510728651820367e-01 4.602047957460511651e-01 7.077483616315170811e-02 0.000000000000000000e+00
0.000000000000000000e+00 0.000000000000000000e+00 0.000000000000000000e+00 0.000000000000000000e+00 4.550704412265071386e-01 0.000000000000000000e+00 0.000000000000000000e+00 0.000000000000000000e+00 3.892585705531037554e-01 4.035554586049247550e-01 0.000000000000000000e+00 0.000000000000000000e+00 4.646616138924796746e-01 4.809650279546462959e-01 7.816043269703955298e-02 0.000000000000000000e+00
0.000000000000000000e+00 0.000000000000000000e+00 0.000000000000000000e+00 0.000000000000000000e+00 4.493169032145504227e-01 0.000000000000000000e+00 0.000000000000000000e+00 0.000000000000000000e+00 3.956610185970213522e-01 4.022538557137782522e-01 0.000000000000000000e+00 0.000000000000000000e+00 4.491965506798867858e-01 4.557053376884890872e-01 7.047604828446785152e-02 0.000000000000000000e+00
0.000000000000000000e+00 0.000000000000000000e+00 0.000000000000000000e+00 0.000000000000000000e+00 4.397169247480307019e-01 0.000000000000000000e+00 0.000000000000000000e+00 0.000000000000000000e+00 3.922817719253104962e-01 4.030137496798600893e-01 0.000000000000000000e+00 0.000000000000000000e+00 4.584419393415137267e-01 4.708184036326653610e-01 7.673650801632110607e-02 0.000000000000000000e+00
0.000000000000000000e+00 0.000000000000000000e+00 0.000000000000000000e+00 0.000000000000000000e+00 4.505600750724529924e-01 0.000000000000000000e+00 0.000000000000000000e+00 0.000000000000000000e+00 3.938548049081444513e-01 4.014377103574271466e-01 0.000000000000000000e+00 0.000000000000000000e+00 4.604142800387561740e-01 4.690458249738381213e-01 7.941185437715976569e-02 0.000000000000000000e+00
0.000000000000000000e+00 0.000000000000000000e+00 0.000000000000000000e+00 0.000000000000000000e+00 4.513581833776815211e-01 0.000000000000000000e+00 0.000000000000000000e+00 0.000000000000000000e+00 3.847577131885643875e-01 3.946237816313115099e-01 0.000000000000000000e+00 0.000000000000000000e+00 4.539624543044679661e-01 4.629856060966118236e-01 7.186896796013879374e-02 0.000000000000000000e+00
0.000000000000000000e+00 0.000000000000000000e+00 0.000000000000000000e+00 0.000000000000000000e+00 4.539731854209708706e-01 0.000000000000000000e+00 0.000000000000000000e+00 0.000000000000000000e+00 3.975088220430162966e-01 4.088893766225891735e-01 0.000000000000000000e+00 0.000000000000000000e+00 4.447210870104456037e-01 4.560443902674443661e-01 7.907204330479844501e-02 0.000000000000000000e+00
0.000000000000000000e+00 0.000000000000000000e+00 0.000000000000000000e+00 0.000000000000000000e+00 4.636750684352399787e-01 0.000000000000000000e+00 0.000000000000000000e+00 0.000000000000000000e+00 3.921319670242213729e-01 4.021677204299521913e-01 0.000000000000000000e+00 0.000000000000000000e+00 4.470030763556364639e-01 4.568677705326775196e-01 6.624681204911114785e-02 0.000000000000000000e+00
0.000000000000000000e+00 0.000000000000000000e+00 0.000000000000000000e+00 0.000000000000000000e+00 4.513486154991385724e-01 0.000000000000000000e+00 0.000000000000000000e+00 0.000000000000000000e+00 3.938576999701969283e-01 3.962471894186735955e-01 0.000000000000000000e+00 0.000000000000000000e+00 4.468171693857227456e-01 4.486845193669296572e-01 6.476521947076024910e-02 0.000000000000000000e+00
0.000000000000000000e+00 0.000000000000000000e+00 0.000000000000000000e+00 0.000000000000000000e+00 4.624859435511193273e-01 0.000000000000000000e+00 0.000000000000000000e+00 0.000000000000000000e+00 3.920456556433842277e-01 4.000900891794517134e-01 0.000000000000000000e+00 0.000000000000000000e+00 4.518195980723989646e-01 4.598177332637942705e-01 6.851445958366830791e-02 0.000000000000000000e+00
0.000000000000000000e+00 0.000000000000000000e+00 0.000000000000000000e+00 0.000000000000000000e+00 4.710709270061299025e-01 0.000000000000000000e+00 0.000000000000000000e+00 0.000000000000000000e+00 3.995901762570733262e-01 4.093261239732488566e-01 0.000000000000000000e+00 0.000000000000000000e+00 4.485416953705841925e-01 4.579733259156298364e-01 7.563391249733450450e-02 0.000000000000000000e+00
0.000000000000000000e+00 0.000000000000000000e+00 0.000000000000000000e+00 0.000000000000000000e+00 4.608846472719920762e-01 0.000000000000000000e+00 0.000000000000000000e+00 0.000000000000000000e+00 4.024424466004456469e-01 4.103059873206932884e-01 0.000000000000000000e+00 0.000000000000000000e+00 4.615305415319376214e-01 4.698617283544768708e-01 8.953616007111640795e-02 0.000000000000000000e+00
0.000000000000000000e+00 0.000000000000000000e+00 0.000000000000000000e+00 0.000000000000000000e+00 4.420358538060206177e-01 0.000000000000000000e+00 0.000000000000000000e+00 0.000000000000000000e+00 3.957396042372074985e-01 4.064280412670286946e-01 0.000000000000000000e+00 0.000000000000000000e+00 4.424475946533293902e-01 4.540360600265458402e-01 6.786301858428242517e-02 0.000000000000000000e+00
0.000000000000000000e+00 0.000000000000000000e+00 0.000000000000000000e+00 0.000000000000000000e+00 4.468138909543715176e-01 0.000000000000000000e+00 0.000000000000000000e+00 0.000000000000000000e+00 3.920896403886612314e-01 3.968666758721576815e-01 0.000000000000000000e+00 0.000000000000000000e+00 4.571715793752199053e-01 4.623167360322465447e-01 7.318993774513199435e-02 0.000000000000000000e+00
