# 'name' : 'rogers_a02_b00_d05_g03'
# 'source' : 'rogers_a02_b00_d05_g03.yaml'
# 'sample_pops' : ['X', 'D', 'Y', 'N']
# 'sample_size' : 1
# 'n_reps' : 100
# 'n_windows' : 200
# 'seq_length' : 100000000.0
# 'window_length' : 500000.0
# 'recomb_rate' : 1e-08
# 'mut_rate' : 1e-08
# 'created' : None
0.000000000000000000e+00 0.000000000000000000e+00 0.000000000000000000e+00 0.000000000000000000e+00 4.810575108100719754e-01 0.000000000000000000e+00 0.000000000000000000e+00 0.000000000000000000e+00 4.202711638549965212e-01 4.272039210320911495e-01 0.000000000000000000e+00 0.000000000000000000e+00 4.815127963474990502e-01 4.877449110589492931e-01 8.331524592771560878e-02 0.000000000000000000e+00
0.000000000000000000e+00 0.000000000000000000e+00 0.000000000000000000e+00 0.000000000000000000e+00 4.689707919178222606e-01 0.000000000000000000e+00 0.000000000000000000e+00 0.000000000000000000e+00 4.107935191304911138e-01 4.148785469615319799e-01 0.000000000000000000e+00 0.000000000000000000e+00 4.743909796170751592e-01 4.760170159533194667e-01 7.653925530595956372e-02 0.000000000000000000e+00
0.000000000000000000e+00 0.000000000000000000e+00 0.000000000000000000e+00 0.000000000000000000e+00 4.722715465023782366e-01 0.000000000000000000e+00 0.000000000000000000e+00 0.000000000000000000e+00 4.131108544519864756e-01 4.203930492080442116e-01 0.000000000000000000e+00 0.000000000000000000e+00 4.564926008737718033e-01 4.609407517730668702e-01 7.073865073570993756e-02 0.000000000000000000e+00
0.000000000000000000e+00 0.000000000000000000e+00 0.000000000000000000e+00 0.000000000000000000e+00 4.815148155942703956e-01 0.000000000000000000e+00 0.000000000000000000e+00 0.000000000000000000e+00 4.112202042321528861e-01 4.254609128140942609e-01 0.000000000000000000e+00 0.000000000000000000e+00 4.943564453320852259e-01 5.087150666124943266e-01 8.510963593968376428e-02 0.000000000000000000e+00
0.000000000000000000e+00 0.000000000000000000e+00 0.000000000000000000e+00 0.000000000000000000e+00 4.765744011271279001e-01 0.000000000000000000e+00 0.000000000000000000e+00 0.000000000000000000e+00 4.112889948857688660e-01 4.245943424179431935e-01 0.000000000000000000e+00 0.000000000000000000e+00 4.682222553655325248e-01 4.810983202664794178e-01 6.667142468784156839e-02 0.000000000000000000e+00
0.000000000000000000e+00 0.000000000000000000e+00 0.000000000000000000e+00 0.000000000000000000e+00 4.756361561915584679e-01 0.000000000000000000e+00 0.000000000000000000e+00 0.000000000000000000e+00 4.101029002614120511e-01 4.201509504201850764e-01 0.000000000000000000e+00 0.000000000000000000e+00 4.684690954968484533e-01 4.779174758190560257e-01 6.900295901015726652e-02 0.000000000000000000e+00
0.000000000000000000e+00 0.000000000000000000e+00 0.000000000000000000e+00 0.000000000000000000e+00 4.814879413038926081e-01 0.000000000000000000e+00 0.000000000000000000e+00 0.000000000000000000e+00 4.089239472116928953e-01 4.176904946459808476e-01 0.000000000000000000e+00 0.000000000000000000e+00 4.747574848932769043e-01 4.818451784428486873e-01 7.173866258558485309e-02 0.000000000000000000e+00
0.000000000000000000e+00 0.000000000000000000e+00 0.000000000000000000e+00 0.000000000000000000e+00 4.672900366464662891e-01 0.000000000000000000e+00 0.000000000000000000e+00 0.000000000000000000e+00 4.105829660161519068e-01 4.201907303986816000e-01 0.000000000000000000e+00 0.000000000000000000e+00 4.784096022452455910e-01 4.882229477347166391e-01 7.976781831937668210e-02 0.000000000000000000e+00
0.000000000000000000e+00 0.000000000000000000e+00 0.000000000000000000e+00 0.000000000000000000e+00 4.895012082728392722e-01 0.000000000000000000e+00 0.000000000000000000e+00 0.000000000000000000e+00 4.136002848531167286e-01 4.230112314038821375e-01 0.000000000000000000e+00 0.000000000000000000e+00 4.787681351701087440e-01 4.876607470580273662e-01 7.522333091341021349e-02 0.000000000000000000e+00
0.000000000000000000e+00 0.000000000000000000e+00 0.000000000000000000e+00 0.000000000000000000e+00 4.688884188765342631e-01 0.000000000000000000e+00 0.000000000000000000e+00 0.000000000000000000e+00 4.080187832829526018e-01 4.157136155891055784e-01 0.000000000000000000e+00 0.000000000000000000e+00 4.753754905725793289e-01 4.827835772786795432e-01 7.113479970711981959e-02 0.000000000000000000e+00
0.000000000000000000e+00 0.000000000000000000e+00 0.000000000000000000e+00 0.000000000000000000e+00 4.646471729094668879e-01 0.000000000000000000e+00 0.000000000000000000e+00 0.000000000000000000e+00 4.078579567985907706e-01 4.142917610745968648e-01 0.000000000000000000e+00 0.000000000000000000e+00 4.734529563923062234e-01 4.800025386712248321e-01 7.354867017293273412e-02 0.000000000000000000e+00
0.000000000000000000e+00 0.000000000000000000e+00 0.000000000000000000e+00 0.000000000000000000e+00 4.770178940445430893e-01 0.000000000000000000e+00 0.000000000000000000e+00 0.000000000000000000e+00 4.126130283075389316e-01 4.247332223133121754e-01 0.000000000000000000e+00 0.000000000000000000e+00 4.748972972925356029e-01 4.848705552501790250e-01 7.192704114727550835e-02 0.000000000000000000e+00
0.000000000000000000e+00 0.000000000000000000e+00 0.000000000000000000e+00 0.000000000000000000e+00 4.755989934619844761e-01 0.000000000000000000e+00 0.000000000000000000e+00 0.000000000000000000e+00 4.107834648042607006e-01 4.169401925944746790e-01 0.000000000000000000e+00 0.000000000000000000e+00 4.782938664678067497e-01 4.828860912454937537e-01 7.931918627538088462e-02 0.000000000000000000e+00
0.000000000000000000e+00 0.000000000000000000e+00 0.000000000000000000e+00 0.000000000000000000e+00 4.732464344160163816e-01 0.000000000000000000e+00 0.000000000000000000e+00 0.000000000000000000e+00 4.134560690608330980e-01 4.177876089480715427e-01 0.000000000000000000e+00 0.000000000000000000e+00 4.681310083458514182e-01 4.708955013435426884e-01 7.360322544017965096e-02 0.000000000000000000e+00
0.000000000000000000e+00 0.000000000000000000e+00 0.000000000000000000e+00 0.000000000000000000e+00 4.838385482890087963e-01 0.000000000000000000e+00 0.000000000000000000e+00 0.000000000000000000e+00 4.223190815335127746e-01 4.280128519695571288e-01 0.000000000000000000e+00 0.000000000000000000e+00 4.714334684622986660e-01 4.756387984202022912e-01 7.723781968521188646e-02 0.000000000000000000e+00
0.000000000000000000e+00 0.000000000000000000e+00 0.000000000000000000e+00 0.000000000000000000e+00 4.680229944717047563e-01 0.000000000000000000e+00 0.000000000000000000e+00 0.000000000000000000e+00 4.021244477650285365e-01 4.142815318691522308e-01 0.000000000000000000e+00 0.000000000000000000e+00 4.657591855397281155e-01 4.761665591640910078e-01 6.174006802733903593e-02 0.000000000000000000e+00
0.000000000000000000e+00 0.000000000000000000e+00 0.000000000000000000e+00 0.000000000000000000e+00 4.715580810202325002e-01 0.000000000000000000e+00 0.000000000000000000e+00 0.000000000000000000e+00 4.179903584889445023e-01 4.274453227926846011e-01 0.000000000000000000e+00 0.000000000000000000e+00 4.757347613386823104e-01 4.843945521676774058e-01 7.868815315625229956e-02 0.000000000000000000e+00
0.000000000000000000e+00 0.000000000000000000e+00 0.000000000000000000e+00 0.000000000000000000e+00 4.711664863103406931e-01 0.000000000000000000e+00 0.000000000000000000e+00 0.000000000000000000e+00 4.055525044418550884e-01 4.131465471423493852e-01 0.000000000000000000e+00 0.000000000000000000e+00 4.742672666999240283e-01 4.810304846413322455e-01 7.836005972143123000e-02 0.000000000000000000e+00
0.000000000000000000e+00 0.000000000000000000e+00 0.000000000000000000e+00 0.000000000000000000e+00 4.871651173178455640e-01 0.000000000000000000e+00 0.000000000000000000e+00 0.000000000000000000e+00 4.163320279798669588e-01 4.205794989162569553e-01 0.000000000000000000e+00 0.000000000000000000e+00 4.629530434512950099e-01 4.655957139460380478e-01 6.295542215428770461e-02 0.000000000000000000e+00
0.000000000000000000e+00 0.000000000000000000e+00 0.000000000000000000e+00 0.000000000000000000e+00 4.760731587975756685e-01 0.000000000000000000e+00 0.000000000000000000e+00 0.000000000000000000e+00 4.199193107114689294e-01 4.255858641324760105e-01 0.000000000000000000e+00 0.000000000000000000e+00 4.828460426553099483e-01 4.879041211444155590e-01 7.955086810395695096e-02 0.000000000000000000e+00
0.000000000000000000e+00 0.000000000000000000e+00 0.000000000000000000e+00 0.000000000000000000e+00 4.761475461813046151e-01 0.000000000000000000e+00 0.000000000000000000e+00 0.000000000000000000e+00 4.080693763382843287e-01 4.197547871302444999e-01 0.000000000000000000e+00 0.000000000000000000e+00 4.620425044047099528e-01 4.738053902902515935e-01 6.267570557098153805e-02 0.000000000000000000e+00
0.000000000000000000e+00 0.000000000000000000e+00 0.000000000000000000e+00 0.000000000000000000e+00 4.730493852625166085e-01 0.000000000000000000e+00 0.000000000000000000e+00 0.000000000000000000e+00 4.120387390163623431e-01 4.160550275330288650e-01 0.000000000000000000e+00 0.000000000000000000e+00 4.800764676898077732e-01 4.830116506593480352e-01 6.725254101157104869e-02 0.000000000000000000e+00
0.000000000000000000e+00 0.000000000000000000e+00 0.000000000000000000e+00 0.000000000000000000e+00 4.835337187443933260e-01 0.000000000000000000e+00 0.000000000000000000e+00 0.000000000000000000e+00 4.218650536800874762e-01 4.261578126067658290e-01 0.000000000000000000e+00 0.000000000000000000e+00 4.780966317762191942e-01 4.816730538345137536e-01 7.328048929296694658e-02 0.000000000000000000e+00
0.000000000000000000e+00 0.000000000000000000e+00 0.000000000000000000e+00 0.000000000000000000e+00 4.676743841740727547e-01 0.000000000000000000e+00 0.000000000000000000e+00 0.000000000000000000e+00 4.063791814260991342e-01 4.182962471194136556e-01 0.000000000000000000e+00 0.000000000000000000e+00 4.736479602217468776e-01 4.837517531971238793e-01 7.316460591682603931e-02 0.000000000000000000e+00
0.000000000000000000e+00 0.000000000000000000e+00 0.000000000000000000e+00 0.000000000000000000e+00 4.781891717801555197e-01 0.000000000000000000e+00 0.000000000000000000e+00 0.000000000000000000e+00 4.057735586188431220e-01 4.151847147691125617e-01 0.000000000000000000e+00 0.000000000000000000e+00 4.754744872380773923e-01 4.858146010349305155e-01 7.128950103945054517e-02 0.000000000000000000e+00
0.000000000000000000e+00 0.000000000000000000e+00 0.000000000000000000e+00 0.000000000000000000e+00 4.692382471938384425e-01 0.000000000000000000e+00 0.000000000000000000e+00 0.000000000000000000e+00 4.168491294716749618e-01 4.255001818187570950e-01 0.000000000000000000e+00 0.000000000000000000e+00 4.672762621240821868e-01 4.752191813120725250e-01 6.817414045073980078e-02 0.000000000000000000e+00
0.000000000000000000e+00 0.000000000000000000e+00 0.000000000000000000e+00 0.000000000000000000e+00 4.671239265298536281e-01 0.000000000000000000e+00 0.000000000000000000e+00 0.000000000000000000e+00 4.129426019267516956e-01 4.240785107399679399e-01 0.000000000000000000e+00 0.000000000000000000e+00 4.874368695930070827e-01 4.989843521490633371e-01 8.016324199430135966e-02 0.000000000000000000e+00
0.000000000000000000e+00 0.000000000000000000e+00 0.000000000000000000e+00 0.000000000000000000e+00 4.939926710179435299e-01 0.000000000000000000e+00 0.000000000000000000e+00 0.000000000000000000e+00 4.125133678047286923e-01 4.214540851536519583e-01 0.000000000000000000e+00 0.000000000000000000e+00 4.767309217907224062e-01 4.851763073710347873e-01 7.058013826178187455e-02 0.000000000000000000e+00
0.000000000000000000e+00 0.000000000000000000e+00 0.000000000000000000e+00 0.000000000000000000e+00 4.880133480909993327e-01 0.000000000000000000e+00 0.000000000000000000e+00 0.000000000000000000e+00 4.143817011209662837e-01 4.252168508704501360e-01 0.000000000000000000e+00 0.000000000000000000e+00 4.734346805520347479e-01 4.841786299344943978e-01 6.978156693748582828e-02 0.000000000000000000e+00
0.000000000000000000e+00 0.000000000000000000e+00 0.000000000000000000e+00 0.000000000000000000e+00 4.892783579017839779e-01 0.000000000000000000e+00 0.000000000000000000e+00 0.000000000000000000e+00 4.206445803913714809e-01 4.277304079908866297e-01 0.000000000000000000e+00 0.000000000000000000e+00 4.678044683530439563e-01 4.736189419778021881e-01 6.889285715975469737e-02 0.000000000000000000e+00
0.000000000000000000e+00 0.000000000000000000e+00 0.000000000000000000e+00 0.000000000000000000e+00 4.723381660047514252e-01 0.000000000000000000e+00 0.000000000000000000e+00 0.000000000000000000e+00 4.128068999164390962e-01 4.151110883019641928e-01 0.000000000000000000e+00 0.000000000000000000e+00 4.772231583236196673e-01 4.778526770733343421e-01 7.132320876884191974e-02 0.000000000000000000e+00
0.000000000000000000e+00 0.000000000000000000e+00 0.000000000000000000e+00 0.000000000000000000e+00 4.708556507101790967e-01 0.000000000000000000e+00 0.000000000000000000e+00 0.000000000000000000e+00 4.145705570824967379e-01 4.178723418294296166e-01 0.000000000000000000e+00 0.000000000000000000e+00 4.810776342536325356e-01 4.834016272281496662e-01 7.551474802986722634e-02 0.000000000000000000e+00
0.000000000000000000e+00 0.000000000000000000e+00 0.000000000000000000e+00 0.000000000000000000e+00 4.707013232832737426e-01 0.000000000000000000e+00 0.000000000000000000e+00 0.000000000000000000e+00 4.095993632986351107e-01 4.153490628121499495e-01 0.000000000000000000e+00 0.000000000000000000e+00 4.744454058188332102e-01 4.783743783923128934e-01 7.596750828476990514e-02 0.000000000000000000e+00
0.000000000000000000e+00 0.000000000000000000e+00 0.000000000000000000e+00 0.000000000000000000e+00 4.702729944813202057e-01 0.000000000000000000e+00 0.000000000000000000e+00 0.000000000000000000e+00 4.093647378663682890e-01 4.203544889711880450e-01 0.000000000000000000e+00 0.000000000000000000e+00 4.688183466259021603e-01 4.794212351978216491e-01 8.042144040242722725e-02 0.000000000000000000e+00
0.000000000000000000e+00 0.000000000000000000e+00 0.000000000000000000e+00 0.000000000000000000e+00 4.631298061135909472e-01 0.000000000000000000e+00 0.000000000000000000e+00 0.000000000000000000e+00 4.167945573259462799e-01 4.230954899933987434e-01 0.000000000000000000e+00 0.000000000000000000e+00 4.796898848602388354e-01 4.873515889925731370e-01 7.441259398514334100e-02 0.000000000000000000e+00
0.000000000000000000e+00 0.000000000000000000e+00 0.000000000000000000e+00 0.000000000000000000e+00 4.686415979325250225e-01 0.000000000000000000e+00 0.000000000000000000e+00 0.000000000000000000e+00 4.116598979935491842e-01 4.269617103013951254e-01 0.000000000000000000e+00 0.000000000000000000e+00 4.718031876882631259e-01 4.863929067753816060e-01 7.882932357408389823e-02 0.000000000000000000e+00
0.000000000000000000e+00 0.000000000000000000e+00 0.000000000000000000e+00 0.000000000000000000e+00 4.770658425589011653e-01 0.000000000000000000e+00 0.000000000000000000e+00 0.000000000000000000e+00 4.144130357573079793e-01 4.258000390259827905e-01 0.000000000000000000e+00 0.000000000000000000e+00 4.683837975114385488e-01 4.796794392307370258e-01 6.707016212630610708e-02 0.000000000000000000e+00
0.000000000000000000e+00 0.000000000000000000e+00 0.000000000000000000e+00 0.000000000000000000e+00 4.606322945901932808e-01 0.000000000000000000e+00 0.000000000000000000e+00 0.000000000000000000e+00 4.077769260582120858e-01 4.132042815004720038e-01 0.000000000000000000e+00 0.000000000000000000e+00 4.756413210707655104e-01 4.801924672895899193e-01 7.076155577954768017e-02 0.000000000000000000e+00
0.000000000000000000e+00 0.000000000000000000e+00 0.000000000000000000e+00 0.000000000000000000e+00 4.645376212454594422e-01 0.000000000000000000e+00 0.000000000000000000e+00 0.000000000000000000e+00 4.120186939652122349e-01 4.174355182081422311e-01 0.000000000000000000e+00 0.000000000000000000e+00 4.699955612103938751e-01 4.742948799827957362e-01 7.367256703066343837e-02 0.000000000000000000e+00
0.000000000000000000e+00 0.000000000000000000e+00 0.000000000000000000e+00 0.000000000000000000e+00 4.764606153979812353e-01 0.000000000000000000e+00 0.000000000000000000e+00 0.000000000000000000e+00 4.112211832691138325e-01 4.198767017371370924e-01 0.000000000000000000e+00 0.000000000000000000e+00 4.710391313753950482e-01 4.783287046525038222e-01 7.060403506734977408e-02 0.000000000000000000e+00
0.000000000000000000e+00 0.000000000000000000e+00 0.000000000000000000e+00 0.000000000000000000e+00 4.691225655939898487e-01 0.000000000000000000e+00 0.000000000000000000e+00 0.000000000000000000e+00 4.164639349811406488e-01 4.217521930734892677e-01 0.000000000000000000e+00 0.000000000000000000e+00 4.674647096518117495e-01 4.709093972688508378e-01 6.863006472627718180e-02 0.000000000000000000e+00
0.000000000000000000e+00 0.000000000000000000e+00 0.000000000000000000e+00 0.000000000000000000e+00 4.726082744518261269e-01 0.000000000000000000e+00 0.000000000000000000e+00 0.000000000000000000e+00 4.180988493131366224e-01 4.272848909060300016e-01 0.000000000000000000e+00 0.000000000000000000e+00 4.768892095310297008e-01 4.861495227285148046e-01 7.508702328296104622e-02 0.000000000000000000e+00
0.000000000000000000e+00 0.000000000000000000e+00 0.000000000000000000e+00 0.000000000000000000e+00 4.788377349561086516e-01 0.000000000000000000e+00 0.000000000000000000e+00 0.000000000000000000e+00 4.133281825523449915e-01 4.213203978577735875e-01 0.000000000000000000e+00 0.000000000000000000e+00 4.728688430332931847e-01 4.795857238003102263e-01 8.080074853096204379e-02 0.000000000000000000e+00
0.000000000000000000e+00 0.000000000000000000e+00 0.000000000000000000e+00 0.000000000000000000e+00 4.805176093841443952e-01 0.000000000000000000e+00 0.000000000000000000e+00 0.000000000000000000e+00 4.167302991972253734e-01 4.267517380106825575e-01 0.000000000000000000e+00 0.000000000000000000e+00 4.756129838992730896e-01 4.864275549009534627e-01 7.077900493340717747e-02 0.000000000000000000e+00
0.000000000000000000e+00 0.000000000000000000e+00 0.000000000000000000e+00 0.000000000000000000e+00 4.811557004109622837e-01 0.000000000000000000e+00 0.000000000000000000e+00 0.000000000000000000e+00 4.192565032287491333e-01 4.224966953010443338e-01 0.000000000000000000e+00 0.000000000000000000e+00 4.856293796103439142e-01 4.881437380485285638e-01 7.294351459751496902e-02 0.000000000000000000e+00
0.000000000000000000e+00 0.000000000000000000e+00 0.000000000000000000e+00 0.000000000000000000e+00 4.680365685789419916e-01 0.000000000000000000e+00 0.000000000000000000e+00 0.000000000000000000e+00 4.135155857497844756e-01 4.232950202137408247e-01 0.000000000000000000e+00 0.000000000000000000e+00 4.818324218681552806e-01 4.902632874524565088e-01 7.937691601096574789e-02 0.000000000000000000e+00
0.000000000000000000e+00 0.000000000000000000e+00 0.000000000000000000e+00 0.000000000000000000e+00 4.807717043623662700e-01 0.000000000000000000e+00 0.000000000000000000e+00 0.000000000000000000e+00 4.176612383783466220e-01 4.248870048645761455e-01 0.000000000000000000e+00 0.000000000000000000e+00 4.863189209268795610e-01 4.923433626080258030e-01 7.896160540516800053e-02 0.000000000000000000e+00
0.000000000000000000e+00 0.000000000000000000e+00 0.000000000000000000e+00 0.000000000000000000e+00 4.747366926548254318e-01 0.000000000000000000e+00 0.000000000000000000e+00 0.000000000000000000e+00 4.070941119741035563e-01 4.201298613598500320e-01 0.000000000000000000e+00 0.000000000000000000e+00 4.622147777801929314e-01 4.745794704599978209e-01 7.083213123096296360e-02 0.000000000000000000e+00
0.000000000000000000e+00 0.000000000000000000e+00 0.000000000000000000e+00 0.000000000000000000e+00 4.827799355693867533e-01 0.000000000000000000e+00 0.000000000000000000e+00 0.000000000000000000e+00 4.185673476308305330e-01 4.257505976640834633e-01 0.000000000000000000e+00 0.000000000000000000e+00 4.694157618044730862e-01 4.761558453142850089e-01 7.191727362394371992e-02 0.000000000000000000e+00
0.000000000000000000e+00 0.000000000000000000e+00 0.000000000000000000e+00 0.000000000000000000e+00 4.827528531810123535e-01 0.000000000000000000e+00 0.000000000000000000e+00 0.000000000000000000e+00 4.126439167820406539e-01 4.188300573646863700e-01 0.000000000000000000e+00 0.000000000000000000e+00 4.669498898861978997e-01 4.721819535357571485e-01 6.968731528111223039e-02 0.000000000000000000e+00
0.000000000000000000e+00 0.000000000000000000e+00 0.000000000000000000e+00 0.000000000000000000e+00 4.835314009645887423e-01 0.000000000000000000e+00 0.000000000000000000e+00 0.000000000000000000e+00 4.139540024394743334e-01 4.226380375155976421e-01 0.000000000000000000e+00 0.000000000000000000e+00 4.788355921735851228e-01 4.857976649362658050e-01 7.417481056101797587e-02 0.000000000000000000e+00
0.000000000000000000e+00 0.000000000000000000e+00 0.000000000000000000e+00 0.000000000000000000e+00 4.695638288131392946e-01 0.000000000000000000e+00 0.000000000000000000e+00 0.000000000000000000e+00 4.100276337841024521e-01 4.220287664091662005e-01 0.000000000000000000e+00 0.000000000000000000e+00 4.761534560015391326e-01 4.890768357413845524e-01 7.263088670503042854e-02 0.000000000000000000e+00
0.000000000000000000e+00 0.000000000000000000e+00 0.000000000000000000e+00 0.000000000000000000e+00 4.931562630501574174e-01 0.000000000000000000e+00 0.000000000000000000e+00 0.000000000000000000e+00 4.131980058886881024e-01 4.191900011555230177e-01 0.000000000000000000e+00 0.000000000000000000e+00 4.723114331046258663e-01 4.782226296765438311e-01 6.758576251797439316e-02 0.000000000000000000e+00
0.000000000000000000e+00 0.000000000000000000e+00 0.000000000000000000e+00 0.000000000000000000e+00 4.718101168937917644e-01 0.000000000000000000e+00 0.000000000000000000e+00 0.000000000000000000e+00 4.116128401561893746e-01 4.213890021818681442e-01 0.000000000000000000e+00 0.000000000000000000e+00 4.712311815641516133e-01 4.794532485163510716e-01 7.405026710990637862e-02 0.000000000000000000e+00
0.000000000000000000e+00 0.000000000000000000e+00 0.000000000000000000e+00 0.000000000000000000e+00 4.751951258488940066e-01 0.000000000000000000e+00 0.000000000000000000e+00 0.000000000000000000e+00 4.102977421134922920e-01 4.169922323754257087e-01 0.000000000000000000e+00 0.000000000000000000e+00 4.638052004163125130e-01 4.702668682876076089e-01 6.553822053226755762e-02 0.000000000000000000e+00
0.000000000000000000e+00 0.000000000000000000e+00 0.000000000000000000e+00 0.000000000000000000e+00 4.674669350477660967e-01 0.000000000000000000e+00 0.000000000000000000e+00 0.000000000000000000e+00 4.099739074434887720e-01 4.182461414690461510e-01 0.000000000000000000e+00 0.000000000000000000e+00 4.661359868475828949e-01 4.722709558869646607e-01 7.366329690486489445e-02 0.000000000000000000e+00
0.000000000000000000e+00 0.000000000000000000e+00 0.000000000000000000e+00 0.000000000000000000e+00 4.817538634605976755e-01 0.000000000000000000e+00 0.000000000000000000e+00 0.000000000000000000e+00 4.162723177401512764e-01 4.263162968472065106e-01 0.000000000000000000e+00 0.000000000000000000e+00 4.634643890242541309e-01 4.713569624241049638e-01 6.947793042414229792e-02 0.000000000000000000e+00
0.000000000000000000e+00 0.000000000000000000e+00 0.000000000000000000e+00 0.000000000000000000e+00 4.828786965681237664e-01 0.000000000000000000e+00 0.000000000000000000e+00 0.000000000000000000e+00 4.187355731785553092e-01 4.254004341012347923e-01 0.000000000000000000e+00 0.000000000000000000e+00 4.766654598721668523e-01 4.817735265589785376e-01 7.826651243741741815e-02 0.000000000000000000e+00
0.000000000000000000e+00 0.000000000000000000e+00 0.000000000000000000e+00 0.000000000000000000e+00 4.803581607424679545e-01 0.000000000000000000e+00 0.000000000000000000e+00 0.000000000000000000e+00 4.205009398533123832e-01 4.338392714889069413e-01 0.000000000000000000e+00 0.000000000000000000e+00 4.705001668214519595e-01 4.826123017757673050e-01 7.349801528364657832e-02 0.000000000000000000e+00
0.000000000000000000e+00 0.000000000000000000e+00 0.000000000000000000e+00 0.000000000000000000e+00 4.682701956852218239e-01 0.000000000000000000e+00 0.000000000000000000e+00 0.000000000000000000e+00 4.077185897797901415e-01 4.178159038287508897e-01 0.000000000000000000e+00 0.000000000000000000e+00 4.697286199781233740e-01 4.792877410891216994e-01 6.866084912003282692e-02 0.000000000000000000e+00
0.000000000000000000e+00 0.000000000000000000e+00 0.000000000000000000e+00 0.000000000000000000e+00 4.812071913820931135e-01 0.000000000000000000e+00 0.000000000000000000e+00 0.000000000000000000e+00 4.092475769547824216e-01 4.207442429040095799e-01 0.000000000000000000e+00 0.000000000000000000e+00 4.742529721260501652e-01 4.851784349779867389e-01 7.058992561290650114e-02 0.000000000000000000e+00
0.000000000000000000e+00 0.000000000000000000e+00 0.000000000000000000e+00 0.000000000000000000e+00 4.672269179183969334e-01 0.000000000000000000e+00 0.000000000000000000e+00 0.000000000000000000e+00 4.135447825150915802e-01 4.186260619730131638e-01 0.000000000000000000e+00 0.000000000000000000e+00 4.682959506937169336e-01 4.727964895721827876e-01 6.783237126360731895e-02 0.000000000000000000e+00
0.000000000000000000e+00 0.000000000000000000e+00 0.000000000000000000e+00 0.000000000000000000e+00 4.734250413533714896e-01 0.000000000000000000e+00 0.000000000000000000e+00 0.000000000000000000e+00 4.260233641868830246e-01 4.319979972990732886e-01 0.000000000000000000e+00 0.000000000000000000e+00 4.777175162440684408e-01 4.821088780106758676e-01 7.590891713736336310e-02 0.000000000000000000e+00
0.000000000000000000e+00 0.000000000000000000e+00 0.000000000000000000e+00 0.000000000000000000e+00 4.657897704145817497e-01 0.000000000000000000e+00 0.000000000000000000e+00 0.000000000000000000e+00 4.127935491370247623e-01 4.224082684128155352e-01 0.000000000000000000e+00 0.000000000000000000e+00 4.727449421304524280e-01 4.804892267255521654e-01 7.423351768409786056e-02 0.000000000000000000e+00
0.000000000000000000e+00 0.000000000000000000e+00 0.000000000000000000e+00 0.000000000000000000e+00 4.749663799552119592e-01 0.000000000000000000e+00 0.000000000000000000e+00 0.000000000000000000e+00 4.126346895666503922e-01 4.208336993191634234e-01 0.000000000000000000e+00 0.000000000000000000e+00 4.733082282258615492e-01 4.797686548144599605e-01 7.652261934708233515e-02 0.000000000000000000e+00
0.000000000000000000e+00 0.000000000000000000e+00 0.000000000000000000e+00 0.000000000000000000e+00 4.772144991895281296e-01 0.000000000000000000e+00 0.000000000000000000e+00 0.000000000000000000e+00 4.200452150401314810e-01 4.301399377990758888e-01 0.000000000000000000e+00 0.000000000000000000e+00 4.785941950088235530e-01 4.877578247533986833e-01 7.978118245365470318e-02 0.000000000000000000e+00
0.000000000000000000e+00 0.000000000000000000e+00 0.000000000000000000e+00 0.000000000000000000e+00 4.826709212309152064e-01 0.000000000000000000e+00 0.000000000000000000e+00 0.000000000000000000e+00 4.130877730817922866e-01 4.229568375091366517e-01 0.000000000000000000e+00 0.000000000000000000e+00 4.777502852675530876e-01 4.864995165547483791e-01 7.207535070975548686e-02 0.000000000000000000e+00
0.000000000000000000e+00 0.000000000000000000e+00 0.000000000000000000e+00 0.000000000000000000e+00 4.798233114245846753e-01 0.000000000000000000e+00 0.000000000000000000e+00 0.000000000000000000e+00 4.038219411980633056e-01 4.153477525807030557e-01 0.000000000000000000e+00 0.000000000000000000e+00 4.709536007566957339e-01 4.825065645736713038e-01 6.914806848291311925e-02 0.000000000000000000e+00
0.000000000000000000e+00 0.000000000000000000e+00 0.000000000000000000e+00 0.000000000000000000e+00 4.830771457277445724e-01 0.000000000000000000e+00 0.000000000000000000e+00 0.000000000000000000e+00 4.159726475804487733e-01 4.193393525083563000e-01 0.000000000000000000e+00 0.000000000000000000e+00 4.829059000686897196e-01 4.854697295950172187e-01 7.623059242128744917e-02 0.000000000000000000e+00
0.000000000000000000e+00 0.000000000000000000e+00 0.000000000000000000e+00 0.000000000000000000e+00 4.784258028684915676e-01 0.000000000000000000e+00 0.000000000000000000e+00 0.000000000000000000e+00 4.081524280885918121e-01 4.123898725491970119e-01 0.000000000000000000e+00 0.000000000000000000e+00 4.658930175348885427e-01 4.675043320948917280e-01 6.716312465863505388e-02 0.000000000000000000e+00
0.000000000000000000e+00 0.000000000000000000e+00 0.000000000000000000e+00 0.000000000000000000e+00 4.632606630257420366e-01 0.000000000000000000e+00 0.000000000000000000e+00 0.000000000000000000e+00 4.128063401152047840e-01 4.213132368907325787e-01 0.000000000000000000e+00 0.000000000000000000e+00 4.842266778336722921e-01 4.919415061198093020e-01 8.002477922159463575e-02 0.000000000000000000e+00
0.000000000000000000e+00 0.000000000000000000e+00 0.000000000000000000e+00 0.000000000000000000e+00 4.825714134260791766e-01 0.000000000000000000e+00 0.000000000000000000e+00 0.000000000000000000e+00 4.152447983693912104e-01 4.201612120049474375e-01 0.000000000000000000e+00 0.000000000000000000e+00 4.730520890137047685e-01 4.773092110315322323e-01 7.336446726721862488e-02 0.000000000000000000e+00
0.000000000000000000e+00 0.000000000000000000e+00 0.000000000000000000e+00 0.000000000000000000e+00 4.665580619741833135e-01 0.000000000000000000e+00 0.000000000000000000e+00 0.000000000000000000e+00 4.069557332377579661e-01 4.201108124925578835e-01 0.000000000000000000e+00 0.000000000000000000e+00 4.582174061575049473e-01 4.684235913738967749e-01 6.974814297117298834e-02 0.000000000000000000e+00
0.000000000000000000e+00 0.000000000000000000e+00 0.000000000000000000e+00 0.000000000000000000e+00 4.803197711035598338e-01 0.000000000000000000e+00 0.000000000000000000e+00 0.000000000000000000e+00 4.184485794387299284e-01 4.241950203785476714e-01 0.000000000000000000e+00 0.000000000000000000e+00 4.850137772042436568e-01 4.902103804141379473e-01 8.101072718370228021e-02 0.000000000000000000e+00
0.000000000000000000e+00 0.000000000000000000e+00 0.000000000000000000e+00 0.000000000000000000e+00 4.659623160978100254e-01 0.000000000000000000e+00 0.000000000000000000e+00 0.000000000000000000e+00 4.160027273097726686e-01 4.220949662252382328e-01 0.000000000000000000e+00 0.000000000000000000e+00 4.691461820721686271e-01 4.743511980837161746e-01 8.027885182966257305e-02 0.000000000000000000e+00
0.000000000000000000e+00 0.000000000000000000e+00 0.000000000000000000e+00 0.000000000000000000e+00 4.715560690094797724e-01 0.000000000000000000e+00 0.000000000000000000e+00 0.000000000000000000e+00 4.226054345371714760e-01 4.337471509277123771e-01 0.000000000000000000e+00 0.000000000000000000e+00 4.922907747976906223e-01 5.028985472465544726e-01 8.986643038681954576e-02 0.000000000000000000e+00
0.000000000000000000e+00 0.000000000000000000e+00 0.000000000000000000e+00 0.000000000000000000e+00 4.698051784995688762e-01 0.000000000000000000e+00 0.000000000000000000e+00 0.000000000000000000e+00 4.164351441794969522e-01 4.233465630115503808e-01 0.000000000000000000e+00 0.000000000000000000e+00 4.768455759688164375e-01 4.832445434989199318e-01 7.906735415123877786e-02 0.000000000000000000e+00
0.000000000000000000e+00 0.000000000000000000e+00 0.000000000000000000e+00 0.000000000000000000e+00 4.732813120182737254e-01 0.000000000000000000e+00 0.000000000000000000e+00 0.000000000000000000e+00 4.113680332063199829e-01 4.194659649632488385e-01 0.000000000000000000e+00 0.000000000000000000e+00 4.666828412114497615e-01 4.749169858347201401e-01 6.930339523870529539e-02 0.000000000000000000e+00
0.000000000000000000e+00 0.000000000000000000e+00 0.000000000000000000e+00 0.000000000000000000e+00 4.867850694331919970e-01 0.000000000000000000e+00 0.000000000000000000e+00 0.000000000000000000e+00 4.146272926528835057e-01 4.247954367414334409e-01 0.000000000000000000e+00 0.000000000000000000e+00 4.654599608274571643e-01 4.740326198672312197e-01 6.453705007602150712e-02 0.000000000000000000e+00
0.000000000000000000e+00 0.000000000000000000e+00 0.000000000000000000e+00 0.000000000000000000e+00 4.715169270003273794e-01 0.000000000000000000e+00 0.000000000000000000e+00 0.000000000000000000e+00 4.112229803056977051e-01 4.184621855591831863e-01 0.000000000000000000e+00 0.000000000000000000e+00 4.722030101013997561e-01 4.785710119869580614e-01 6.936184656425377348e-02 0.000000000000000000e+00
0.000000000000000000e+00 0.000000000000000000e+00 0.000000000000000000e+00 0.000000000000000000e+00 4.790824910259077196e-01 0.000000000000000000e+00 0.000000000000000000e+00 0.000000000000000000e+00 4.122110941945254514e-01 4.228826171134125733e-01 0.000000000000000000e+00 0.000000000000000000e+00 4.841165723374812879e-01 4.941026050830172323e-01 7.868479807711795115e-02 0.000000000000000000e+00
0.000000000000000000e+00 0.000000000000000000e+00 0.000000000000000000e+00 0.000000000000000000e+00 4.701834052619122684e-01 0.000000000000000000e+00 0.000000000000000000e+00 0.000000000000000000e+00 4.207204560353575706e-01 4.226717359327848422e-01 0.000000000000000000e+00 0.000000000000000000e+00 4.864277027826270361e-01 4.884378282925080361e-01 8.189436563804511349e-02 0.000000000000000000e+00
0.000000000000000000e+00 0.000000000000000000e+00 0.000000000000000000e+00 0.000000000000000000e+00 4.817804105597057185e-01 0.000000000000000000e+00 0.000000000000000000e+00 0.000000000000000000e+00 4.114951340434121474e-01 4.237853239576795383e-01 0.000000000000000000e+00 0.000000000000000000e+00 4.826105577306687433e-01 4.952408954941296959e-01 7.519022327489893742e-02 0.000000000000000000e+00
0.000000000000000000e+00 0.000000000000000000e+00 0.000000000000000000e+00 0.000000000000000000e+00 4.614789353261443128e-01 0.000000000000000000e+00 0.000000000000000000e+00 0.000000000000000000e+00 4.104542784806284872e-01 4.147771307356155068e-01 0.000000000000000000e+00 0.000000000000000000e+00 4.659345193584995548e-01 4.679232103452036218e-01 6.941936573083784534e-02 0.000000000000000000e+00
0.000000000000000000e+00 0.000000000000000000e+00 0.000000000000000000e+00 0.000000000000000000e+00 4.755655344877069424e-01 0.000000000000000000e+00 0.000000000000000000e+00 0.000000000000000000e+00 4.109086587374931598e-01 4.163203028444510956e-01 0.000000000000000000e+00 0.000000000000000000e+00 4.694926192764992123e-01 4.748420304658138025e-01 6.888411227388957503e-02 0.000000000000000000e+00
0.000000000000000000e+00 0.000000000000000000e+00 0.000000000000000000e+00 0.000000000000000000e+00 4.751390222751751269e-01 0.000000000000000000e+00 0.000000000000000000e+00 0.000000000000000000e+00 4.048274197126622842e-01 4.115112333591922078e-01 0.000000000000000000e+00 0.000000000000000000e+00 4.623236133646734247e-01 4.671577958926896867e-01 6.360953288259349470e-02 0.000000000000000000e+00
0.000000000000000000e+00 0.000000000000000000e+00 0.000000000000000000e+00 0.000000000000000000e+00 4.807467697682195062e-01 0.000000000000000000e+00 0.000000000000000000e+00 0.000000000000000000e+00 4.189396098471091512e-01 4.265951967098037811e-01 0.000000000000000000e+00 0.000000000000000000e+00 4.778996607384964901e-01 4.835687870117769127e-01 7.669463927367542455e-02 0.000000000000000000e+00
0.000000000000000000e+00 0.000000000000000000e+00 0.000000000000000000e+00 0.000000000000000000e+00 4.775138692466026069e-01 0.000000000000000000e+00 0.000000000000000000e+00 0.000000000000000000e+00 4.162680074142604547e-01 4.258769931434944200e-01 0.000000000000000000e+00 0.000000000000000000e+00 4.652804528492345271e-01 4.742557056197373999e-01 7.397549958371263390e-02 0.000000000000000000e+00
0.000000000000000000e+00 0.000000000000000000e+00 0.000000000000000000e+00 0.000000000000000000e+00 4.715254483533904417e-01 0.000000000000000000e+00 0.000000000000000000e+00 0.000000000000000000e+00 4.159831316498621145e-01 4.190289797258424098e-01 0.000000000000000000e+00 0.000000000000000000e+00 4.905408496933810758e-01 4.920156732725164406e-01 7.220156909477189189e-02 0.000000000000000000e+00
0.000000000000000000e+00 0.000000000000000000e+00 0.000000000000000000e+00 0.000000000000000000e+00 4.723495637588325802e-01 0.000000000000000000e+00 0.000000000000000000e+00 0.000000000000000000e+00 4.115677805896560404e-01 4.204668816075116666e-01 0.000000000000000000e+00 0.000000000000000000e+00 4.657348402369024254e-01 4.746459405246016283e-01 6.771621334164998340e-02 0.000000000000000000e+00
0.000000000000000000e+00 0.000000000000000000e+00 0.000000000000000000e+00 0.000000000000000000e+00 4.741807728723834159e-01 0.000000000000000000e+00 0.000000000000000000e+00 0.000000000000000000e+00 4.138690083002349307e-01 4.240796676826457667e-01 0.000000000000000000e+00 0.000000000000000000e+00 4.761004345123778791e-01 4.864772964865610172e-01 7.452146260391886989e-02 0.000000000000000000e+00
0.000000000000000000e+00 0.000000000000000000e+00 0.000000000000000000e+00 0.000000000000000000e+00 4.691476070659167941e-01 0.000000000000000000e+00 0.000000000000000000e+00 0.000000000000000000e+00 4.137575789722787167e-01 4.249142385228916186e-01 0.000000000000000000e+00 0.000000000000000000e+00 4.710998923072937661e-01 4.811219604673594441e-01 7.886094036404062146e-02 0.000000000000000000e+00
0.000000000000000000e+00 0.000000000000000000e+00 0.000000000000000000e+00 0.000000000000000000e+00 4.724847836998945505e-01 0.000000000000000000e+00 0.000000000000000000e+00 0.000000000000000000e+00 4.060335142478638248e-01 4.178494763077149066e-01 0.000000000000000000e+00 0.000000000000000000e+00 4.680217864488637747e-01 4.783866599375971029e-01 7.511529514403235408e-02 0.000000000000000000e+00
0.000000000000000000e+00 0.000000000000000000e+00 0.000000000000000000e+00 0.000000000000000000e+00 4.810748202529622208e-01 0.000000000000000000e+00 0.000000000000000000e+00 0.000000000000000000e+00 4.198542050661361325e-01 4.334077028321721703e-01 0.000000000000000000e+00 0.000000000000000000e+00 4.776188848404930853e-01 4.892315361736727652e-01 7.578214349705003627e-02 0.000000000000000000e+00
0.000000000000000000e+00 0.000000000000000000e+00 0.000000000000000000e+00 0.000000000000000000e+00 4.861073487485321198e-01 0.000000000000000000e+00 0.000000000000000000e+00 0.000000000000000000e+00 4.191596465937175719e-01 4.253093764053729742e-01 0.000000000000000000e+00 0.000000000000000000e+00 4.752932657593845756e-01 4.799350146422771690e-01 7.787892645284938409e-02 0.000000000000000000e+00
0.000000000000000000e+00 0.000000000000000000e+00 0.000000000000000000e+00 0.000000000000000000e+00 4.707950721666021021e-01 0.000000000000000000e+00 0.000000000000000000e+00 0.000000000000000000e+00 4.041332434049618172e-01 4.105196881499788564e-01 0.000000000000000000e+00 0.000000000000000000e+00 4.716246545471679541e-01 4.769215190145942307e-01 6.696084191396324548e-02 0.000000000000000000e+00
0.000000000000000000e+00 0.000000000000000000e+00 0.000000000000000000e+00 0.000000000000000000e+00 4.774571435511060780e-01 0.000000000000000000e+00 0.000000000000000000e+00 0.000000000000000000e+00 4.160406470207347884e-01 4.248588594186877843e-01 0.000000000000000000e+00 0.000000000000000000e+00 4.674759654504393458e-01 4.752138492059935215e-01 7.058776569246692778e-02 0.000000000000000000e+00
0.000000000000000000e+00 0.000000000000000000e+00 0.000000000000000000e+00 0.000000000000000000e+00 4.865288764845234204e-01 0.000000000000000000e+00 0.000000000000000000e+00 0.000000000000000000e+00 4.132877682910710004e-01 4.208891817457064422e-01 0.000000000000000000e+00 0.000000000000000000e+00 4.669026554866006484e-01 4.743697873158143619e-01 6.718304276068015612e-02 0.000000000000000000e+00
0.000000000000000000e+00 0.000000000000000000e+00 0.000000000000000000e+00 0.000000000000000000e+00 4.851893198449459543e-01 0.000000000000000000e+00 0.000000000000000000e+00 0.000000000000000000e+00 4.209085285371060858e-01 4.236319533343712029e-01 0.000000000000000000e+00 0.000000000000000000e+00 4.696005883901083200e-01 4.697794015935088385e-01 6.678271283655984325e-02 0.000000000000000000e+00
0.000000000000000000e+00 0.000000000000000000e+00 0.000000000000000000e+00 0.000000000000000000e+00 4.773174364293999439e-01 0.000000000000000000e+00 0.000000000000000000e+00 0.000000000000000000e+00 4.094827634607020039e-01 4.193788383338358794e-01 0.000000000000000000e+00 0.000000000000000000e+00 4.638959460505157062e-01 4.723336599274737257e-01 6.791144327990630836e-02 0.000000000000000000e+00
