# 'name' : 'rogers_a02_b00_d05_g03'
# 'source' : 'rogers_a02_b00_d05_g03.yaml'
# 'sample_pops' : ['X', 'D', 'Y', 'N']
# 'sample_size' : 1
# 'n_reps' : 100
# 'n_windows' : 200
# 'seq_length' : 100000000.0
# 'window_length' : 500000.0
# 'recomb_rate' : 1e-08
# 'mut_rate' : 1e-08
# 'created' : None
1.763283787678684522e-04 1.502833988907892391e-04 9.156214320781520463e-04 7.506569052773466198e-04
1.764851676943388992e-04 1.572811816449429028e-04 9.257003529342433578e-04 7.661969892256425023e-04
1.792299864987821731e-04 1.556202960740822746e-04 9.152824294581836514e-04 7.905449307182029319e-04
1.880150937469155393e-04 1.479644714447354587e-04 9.329735184939503840e-04 7.223404199885418006e-04
1.901380879134792186e-04 1.492953889013451277e-04 9.233948532461107176e-04 7.712513292129863319e-04
1.818875481342795445e-04 1.504039781617448428e-04 9.176009683323317146e-04 7.655487551881232002e-04
1.785665093806487833e-04 1.517355792408953846e-04 9.317578510147243647e-04 7.590862591682426014e-04
1.831571074440321411e-04 1.518427051552441605e-04 9.233921309736371937e-04 7.476355034532195095e-04
1.776643749829399477e-04 1.474813840406503343e-04 9.365876052923021843e-04 7.585698532320571180e-04
1.874260013287589116e-04 1.621575170686240957e-04 9.281481676690890668e-04 7.501447217416343455e-04
1.823750486799912459e-04 1.589020497764573607e-04 9.317714074684338519e-04 7.588419873466317614e-04
1.854181539595609670e-04 1.490246033710282858e-04 9.272712399075694160e-04 7.565981238947534337e-04
1.791305597366892640e-04 1.552898459228053518e-04 9.260391261387107250e-04 7.503712248178412121e-04
1.762880717529022887e-04 1.587631159180473753e-04 9.185537564902419893e-04 7.705604531177156526e-04
1.798696239739471729e-04 1.567599794666903927e-04 9.077985009893305580e-04 7.696928231177801961e-04
1.850960639734415525e-04 1.484944715174294763e-04 9.419135828282583717e-04 7.736824236201535329e-04
1.868442943714468982e-04 1.571175836761933356e-04 9.097318471413565156e-04 7.565556699802339531e-04
1.820088992597264127e-04 1.564555392200400166e-04 9.326748894395436992e-04 7.497249846391968982e-04
1.797207160393676036e-04 1.601076621768431334e-04 9.192193364210098474e-04 7.892755996612205085e-04
1.805605070522114898e-04 1.572355239344131969e-04 9.084898841015888763e-04 7.451951651967407639e-04
1.848135654391003615e-04 1.480128549871694878e-04 9.350260790769260397e-04 7.847038362095093899e-04
1.774251774436446738e-04 1.613343804152732677e-04 9.433496928070309387e-04 7.632001786816981380e-04
1.825832395388009006e-04 1.627272446629044269e-04 9.184996786524299642e-04 7.688988074801319768e-04
1.884426245628477382e-04 1.566741520749293209e-04 9.270788207659959833e-04 7.494648471474414219e-04
1.821505011747954128e-04 1.501510885972000850e-04 9.410980727178445710e-04 7.557868433220896144e-04
1.837257342632659459e-04 1.568914652775742127e-04 9.215549902130279946e-04 7.893880345401048512e-04
1.877544455596230697e-04 1.533360229488890290e-04 9.205864812888405260e-04 7.310728537305264145e-04
1.758168318383416422e-04 1.467168427113766153e-04 9.332369457469053171e-04 7.693281430668639153e-04
1.858916170091633657e-04 1.470687457492680927e-04 9.340624521135369729e-04 7.716193466142510539e-04
1.769657842378996203e-04 1.508927570622091104e-04 9.091110158508288863e-04 7.828819122087332747e-04
1.787217312548403027e-04 1.662184166027881962e-04 9.314339878464430577e-04 7.564316739960047411e-04
1.810856129335886955e-04 1.637796913498317311e-04 9.213585536281584509e-04 7.483193887487587723e-04
1.856839342297076094e-04 1.601281226992473780e-04 9.324972297289992919e-04 7.529200645690956430e-04
1.861696564483581546e-04 1.518060889453281973e-04 9.073440375987276577e-04 7.533596996363780152e-04
1.875484459463655018e-04 1.643731593809411094e-04 9.213953491843942731e-04 7.489811321810445561e-04
1.933733856253355037e-04 1.484644089589184132e-04 9.130047960284124863e-04 7.540349475178234227e-04
1.841936026432403810e-04 1.517680856433648105e-04 9.221096986844504141e-04 7.783744034892857910e-04
1.830506159155733759e-04 1.652716239483055494e-04 9.303792118254510099e-04 7.565266476848128870e-04
1.837827853984157472e-04 1.638491324121898107e-04 9.173880429712468875e-04 7.625871319473723079e-04
1.809464334585848063e-04 1.514860571334290297e-04 9.230737305045151175e-04 7.670336090485866017e-04
1.832702822085227981e-04 1.613805984045126041e-04 9.220021145191300725e-04 7.768795651353229380e-04
1.801854294982874909e-04 1.524549741215302666e-04 9.120260251367629228e-04 7.645701243901392545e-04
1.850825304235771728e-04 1.570126969703640116e-04 9.170000990080244985e-04 7.546991949179740738e-04
1.797363561859729433e-04 1.464013824613624899e-04 9.132196399426077476e-04 7.634750680625725094e-04
1.807716607826378432e-04 1.621956553191933206e-04 9.248187772175214556e-04 7.553610439429960183e-04
1.848283703278348579e-04 1.547706227613077025e-04 9.211963993293107150e-04 7.409995416565689878e-04
1.789425934437353645e-04 1.557145255015202491e-04 9.273101463418882435e-04 7.528235510177238654e-04
1.898208428483693538e-04 1.479544340051714823e-04 9.304295250983923718e-04 7.758348997838676250e-04
1.809279275972748948e-04 1.548934639399316066e-04 9.156120799500466929e-04 7.738219302197467744e-04
1.797695044022098933e-04 1.553726417393387551e-04 9.244423395343756957e-04 7.786462325936601781e-04
1.812480536997170737e-04 1.511659143218873605e-04 9.318668236265389851e-04 7.521574578190791307e-04
1.865741176005743587e-04 1.483716047297673531e-04 9.330597388367803564e-04 7.592913052406550633e-04
1.733446992823412598e-04 1.494231513878431614e-04 9.270253478022466879e-04 7.724915299757641619e-04
1.818889329575946198e-04 1.513659051489320013e-04 9.167246734529092703e-04 7.605442302035690313e-04
1.828774949410261154e-04 1.581630320274368651e-04 9.256422540400295303e-04 7.829985958201921481e-04
1.797501208183138006e-04 1.546190447380892553e-04 9.235146818780262190e-04 7.634422666575067578e-04
1.840078716605722281e-04 1.496522385834789378e-04 9.098689092574382053e-04 7.812559958070557520e-04
1.781364130661146415e-04 1.531049816628700681e-04 9.142083780422882418e-04 7.600531510205328937e-04
1.825432838548628634e-04 1.483487588880064959e-04 9.061577923810638577e-04 7.749427209276266593e-04
1.846692365337714004e-04 1.553598898768482220e-04 9.241688541409891168e-04 7.662867308588596806e-04
1.851044911501647096e-04 1.492895255241396537e-04 9.346674764686046166e-04 7.624782596076736018e-04
1.812309022033175318e-04 1.599325033399602873e-04 9.256561581209785117e-04 7.767782204224292194e-04
1.756983555610653019e-04 1.552783904083761865e-04 9.086446431816213622e-04 7.651775580552480855e-04
1.858925855038830633e-04 1.555516633435628879e-04 9.234907137557438628e-04 7.592748705397252620e-04
1.828766465439942617e-04 1.565504990805840265e-04 9.224739039611053399e-04 7.632607618988985522e-04
1.814757307651924240e-04 1.515301970023111191e-04 8.970999681457326883e-04 7.473188243351342949e-04
1.814521890414980826e-04 1.490637052634540612e-04 9.280316055806771356e-04 7.603260140705310607e-04
1.843740849255168213e-04 1.472389002427910141e-04 9.367444679751821398e-04 7.620620088953496086e-04
1.720736268741816506e-04 1.570142042792939180e-04 9.175456390314058871e-04 7.482599597110242261e-04
1.768850722926868901e-04 1.579060309059829347e-04 9.351184734817474895e-04 7.777100504238104511e-04
1.808098528672044409e-04 1.518719835747006186e-04 9.230002428272149253e-04 7.449593061484105581e-04
1.805317751171616684e-04 1.564891877370743931e-04 9.253241616234029673e-04 7.642119406855444252e-04
1.862498986679756319e-04 1.506109110574692085e-04 9.247770604827849038e-04 7.834277562107852403e-04
1.787525276166575976e-04 1.602304772073112398e-04 9.122492241281371242e-04 7.445595508101031466e-04
1.821135568799772675e-04 1.609838764441269771e-04 9.121003376855131226e-04 7.649860401865467415e-04
1.823191917191877400e-04 1.516005547918975881e-04 9.006250664045997592e-04 7.235574736950380536e-04
1.816317018986074558e-04 1.548328827058240815e-04 9.106328896418727347e-04 7.491282090002937977e-04
1.816171485223532357e-04 1.548591929583722376e-04 9.165051036759806367e-04 7.669492780217884850e-04
1.819208755453967830e-04 1.491214179747771826e-04 9.259246309515842266e-04 7.904779006316492700e-04
1.793230191875967738e-04 1.563477824674456673e-04 9.240038916268433853e-04 7.606899742351623181e-04
1.809325197809699692e-04 1.509351420966291045e-04 9.215071910428342334e-04 7.404283770574094986e-04
1.842034964823499675e-04 1.690048242651805209e-04 9.125987667373538711e-04 7.415224278717158068e-04
1.847523111910040049e-04 1.476611146543567227e-04 9.298301521440711925e-04 7.489129873692319632e-04
1.816971264765616511e-04 1.658665547276155685e-04 9.226996400959488163e-04 7.758664321639925816e-04
1.838906136344287817e-04 1.585672058559065413e-04 9.366449238257274369e-04 7.760976336095596825e-04
1.804518996137837600e-04 1.612836439908347467e-04 9.392520708985593880e-04 7.872304239568039992e-04
1.815766014417807080e-04 1.568777217724559667e-04 9.192148002230514630e-04 7.572962823193153540e-04
1.848290286395285354e-04 1.524999196109915009e-04 9.155868653823145530e-04 7.773241620571135239e-04
1.801872375633122036e-04 1.658800045674976430e-04 9.315922301632074704e-04 7.396423095586382619e-04
1.809614628716895628e-04 1.531679603626129804e-04 9.246950176011822396e-04 7.813044618041538629e-04
1.872205064697259806e-04 1.524123364443285232e-04 9.232934799592772352e-04 7.605365353531420500e-04
1.856387419180323677e-04 1.518404925758809183e-04 9.228268257767918530e-04 7.655175523581601426e-04
1.853981595747821831e-04 1.520260894503454709e-04 9.291088648355129865e-04 7.648878255284738241e-04
1.892802340805176413e-04 1.508537084833880325e-04 9.135290819298698449e-04 7.597064297125767944e-04
1.791566049155403242e-04 1.557791323986846676e-04 9.092134560488535988e-04 7.571154126992208711e-04
1.811183545325731629e-04 1.610891865596527110e-04 9.465249808060239830e-04 7.644890158618095110e-04
1.810574699425138970e-04 1.514982051158795682e-04 9.174712763971798815e-04 7.771333848618476332e-04
1.793239584115463917e-04 1.535817148238778163e-04 9.254806787091260194e-04 7.774384664074729520e-04
1.772475234593448318e-04 1.642700196526665089e-04 9.237826491869179264e-04 7.863934919709214977e-04
1.858001535473143657e-04 1.521250189928603964e-04 9.247702591985254876e-04 7.757551131652004519e-04
