# 'name' : 'rogers_a02_b00_d05_g03'
# 'source' : 'rogers_a02_b00_d05_g03.yaml'
# 'sample_pops' : ['X', 'D', 'Y', 'N']
# 'sample_size' : 1
# 'n_reps' : 100
# 'n_windows' : 200
# 'seq_length' : 100000000.0
# 'window_length' : 500000.0
# 'recomb_rate' : 1e-08
# 'mut_rate' : 1e-08
# 'created' : None
0.000000000000000000e+00 0.000000000000000000e+00 0.000000000000000000e+00 0.000000000000000000e+00 4.670519967090804069e-04 0.000000000000000000e+00 0.000000000000000000e+00 0.000000000000000000e+00 1.341121006864782854e-03 1.331053592228373123e-03 0.000000000000000000e+00 0.000000000000000000e+00 1.322010804237991072e-03 1.307928552344917719e-03 9.767286747504860117e-04 0.000000000000000000e+00
0.000000000000000000e+00 0.000000000000000000e+00 0.000000000000000000e+00 0.000000000000000000e+00 4.665580086599470551e-04 0.000000000000000000e+00 0.000000000000000000e+00 0.000000000000000000e+00 1.324171587438971670e-03 1.313872233966849150e-03 0.000000000000000000e+00 0.000000000000000000e+00 1.317903918832624612e-03 1.300416169463927034e-03 9.784784823081667856e-04 0.000000000000000000e+00
0.000000000000000000e+00 0.000000000000000000e+00 0.000000000000000000e+00 0.000000000000000000e+00 4.692829295016565897e-04 0.000000000000000000e+00 0.000000000000000000e+00 0.000000000000000000e+00 1.318185848797302773e-03 1.312443883268480434e-03 0.000000000000000000e+00 0.000000000000000000e+00 1.295401134503187295e-03 1.280088644154287825e-03 9.761578063340537381e-04 0.000000000000000000e+00
0.000000000000000000e+00 0.000000000000000000e+00 0.000000000000000000e+00 0.000000000000000000e+00 4.892726572347025479e-04 0.000000000000000000e+00 0.000000000000000000e+00 0.000000000000000000e+00 1.349991554185441065e-03 1.348052060757702446e-03 0.000000000000000000e+00 0.000000000000000000e+00 1.338619955281331562e-03 1.331017810970554476e-03 9.722183462093174616e-04 0.000000000000000000e+00
0.000000000000000000e+00 0.000000000000000000e+00 0.000000000000000000e+00 0.000000000000000000e+00 4.799455760896983113e-04 0.000000000000000000e+00 0.000000000000000000e+00 0.000000000000000000e+00 1.342229942258205610e-03 1.333934713363023545e-03 0.000000000000000000e+00 0.000000000000000000e+00 1.324216644329099428e-03 1.309190644512483754e-03 9.616040594634687804e-04 0.000000000000000000e+00
0.000000000000000000e+00 0.000000000000000000e+00 0.000000000000000000e+00 0.000000000000000000e+00 4.716583954087611428e-04 0.000000000000000000e+00 0.000000000000000000e+00 0.000000000000000000e+00 1.318542929128794757e-03 1.311732084161840173e-03 0.000000000000000000e+00 0.000000000000000000e+00 1.308619942099649392e-03 1.297016886434223778e-03 9.615271150517461229e-04 0.000000000000000000e+00
0.000000000000000000e+00 0.000000000000000000e+00 0.000000000000000000e+00 0.000000000000000000e+00 4.758004685367879451e-04 0.000000000000000000e+00 0.000000000000000000e+00 0.000000000000000000e+00 1.327619985323877112e-03 1.323289428368956688e-03 0.000000000000000000e+00 0.000000000000000000e+00 1.312016401743360200e-03 1.299639031233674287e-03 9.675366571801860983e-04 0.000000000000000000e+00
0.000000000000000000e+00 0.000000000000000000e+00 0.000000000000000000e+00 0.000000000000000000e+00 4.621464832159453149e-04 0.000000000000000000e+00 0.000000000000000000e+00 0.000000000000000000e+00 1.327560777451211897e-03 1.319470242390598583e-03 0.000000000000000000e+00 0.000000000000000000e+00 1.311068776821636616e-03 1.298324894635767817e-03 9.717429173425572164e-04 0.000000000000000000e+00
0.000000000000000000e+00 0.000000000000000000e+00 0.000000000000000000e+00 0.000000000000000000e+00 4.851090596267360641e-04 0.000000000000000000e+00 0.000000000000000000e+00 0.000000000000000000e+00 1.350497138973186023e-03 1.343098800130709770e-03 0.000000000000000000e+00 0.000000000000000000e+00 1.328922660235465651e-03 1.316078713659409385e-03 9.798121084258872363e-04 0.000000000000000000e+00
0.000000000000000000e+00 0.000000000000000000e+00 0.000000000000000000e+00 0.000000000000000000e+00 4.844000839616979565e-04 0.000000000000000000e+00 0.000000000000000000e+00 0.000000000000000000e+00 1.330005127880439300e-03 1.323285261838450010e-03 0.000000000000000000e+00 0.000000000000000000e+00 1.308746957221859674e-03 1.298803734278586135e-03 9.597863107316335820e-04 0.000000000000000000e+00
0.000000000000000000e+00 0.000000000000000000e+00 0.000000000000000000e+00 0.000000000000000000e+00 4.671439636785433731e-04 0.000000000000000000e+00 0.000000000000000000e+00 0.000000000000000000e+00 1.327147327038703719e-03 1.318802818138126469e-03 0.000000000000000000e+00 0.000000000000000000e+00 1.310655469733119352e-03 1.298127876840012105e-03 9.721966728409433753e-04 0.000000000000000000e+00
0.000000000000000000e+00 0.000000000000000000e+00 0.000000000000000000e+00 0.000000000000000000e+00 4.743463451887938915e-04 0.000000000000000000e+00 0.000000000000000000e+00 0.000000000000000000e+00 1.347449470540970683e-03 1.341875163356456586e-03 0.000000000000000000e+00 0.000000000000000000e+00 1.321863808029933056e-03 1.306213878233777013e-03 9.668281057535553068e-04 0.000000000000000000e+00
0.000000000000000000e+00 0.000000000000000000e+00 0.000000000000000000e+00 0.000000000000000000e+00 4.708248936901716203e-04 0.000000000000000000e+00 0.000000000000000000e+00 0.000000000000000000e+00 1.325950990167098489e-03 1.316475645521345472e-03 0.000000000000000000e+00 0.000000000000000000e+00 1.308769398881633661e-03 1.293312457210483686e-03 9.765083478118790792e-04 0.000000000000000000e+00
0.000000000000000000e+00 0.000000000000000000e+00 0.000000000000000000e+00 0.000000000000000000e+00 4.714606747188855151e-04 0.000000000000000000e+00 0.000000000000000000e+00 0.000000000000000000e+00 1.323462211052681484e-03 1.314138011398274970e-03 0.000000000000000000e+00 0.000000000000000000e+00 1.302697091194655789e-03 1.287440532485938311e-03 9.700439137830369450e-04 0.000000000000000000e+00
0.000000000000000000e+00 0.000000000000000000e+00 0.000000000000000000e+00 0.000000000000000000e+00 4.876817052855839585e-04 0.000000000000000000e+00 0.000000000000000000e+00 0.000000000000000000e+00 1.339983688795791123e-03 1.326440596884599383e-03 0.000000000000000000e+00 0.000000000000000000e+00 1.321685743047504562e-03 1.302072465235593144e-03 9.722946241560413705e-04 0.000000000000000000e+00
0.000000000000000000e+00 0.000000000000000000e+00 0.000000000000000000e+00 0.000000000000000000e+00 4.636999357151662458e-04 0.000000000000000000e+00 0.000000000000000000e+00 0.000000000000000000e+00 1.324801474224195086e-03 1.319740568329589355e-03 0.000000000000000000e+00 0.000000000000000000e+00 1.309186730722811847e-03 1.295109457769128610e-03 9.662309281194446852e-04 0.000000000000000000e+00
0.000000000000000000e+00 0.000000000000000000e+00 0.000000000000000000e+00 0.000000000000000000e+00 4.802582452842664310e-04 0.000000000000000000e+00 0.000000000000000000e+00 0.000000000000000000e+00 1.342587072934184854e-03 1.335309484839532039e-03 0.000000000000000000e+00 0.000000000000000000e+00 1.324637336987215730e-03 1.310915853787761581e-03 9.691640250823547109e-04 0.000000000000000000e+00
0.000000000000000000e+00 0.000000000000000000e+00 0.000000000000000000e+00 0.000000000000000000e+00 4.750243355187441330e-04 0.000000000000000000e+00 0.000000000000000000e+00 0.000000000000000000e+00 1.319620750419345017e-03 1.311330650068593881e-03 0.000000000000000000e+00 0.000000000000000000e+00 1.300344722995403716e-03 1.285426420804077234e-03 9.771364739996708706e-04 0.000000000000000000e+00
0.000000000000000000e+00 0.000000000000000000e+00 0.000000000000000000e+00 0.000000000000000000e+00 5.013476737444480047e-04 0.000000000000000000e+00 0.000000000000000000e+00 0.000000000000000000e+00 1.337747982709318242e-03 1.328229159900141954e-03 0.000000000000000000e+00 0.000000000000000000e+00 1.320792050148255443e-03 1.303703284920341900e-03 9.606221036181593603e-04 0.000000000000000000e+00
0.000000000000000000e+00 0.000000000000000000e+00 0.000000000000000000e+00 0.000000000000000000e+00 4.834115606836413850e-04 0.000000000000000000e+00 0.000000000000000000e+00 0.000000000000000000e+00 1.341168177408133761e-03 1.328986074533786360e-03 0.000000000000000000e+00 0.000000000000000000e+00 1.326039683644809810e-03 1.309763658462241576e-03 9.622848833509958571e-04 0.000000000000000000e+00
0.000000000000000000e+00 0.000000000000000000e+00 0.000000000000000000e+00 0.000000000000000000e+00 4.728328259162708287e-04 0.000000000000000000e+00 0.000000000000000000e+00 0.000000000000000000e+00 1.334885728275274352e-03 1.328351240428700571e-03 0.000000000000000000e+00 0.000000000000000000e+00 1.314067091243101325e-03 1.302681349434820467e-03 9.647058505337148017e-04 0.000000000000000000e+00
0.000000000000000000e+00 0.000000000000000000e+00 0.000000000000000000e+00 0.000000000000000000e+00 4.790324944624426741e-04 0.000000000000000000e+00 0.000000000000000000e+00 0.000000000000000000e+00 1.356749755078970245e-03 1.347849037862684047e-03 0.000000000000000000e+00 0.000000000000000000e+00 1.340577586285529805e-03 1.327472365087564461e-03 9.697658158791562641e-04 0.000000000000000000e+00
0.000000000000000000e+00 0.000000000000000000e+00 0.000000000000000000e+00 0.000000000000000000e+00 4.975389336997627487e-04 0.000000000000000000e+00 0.000000000000000000e+00 0.000000000000000000e+00 1.362210440354560742e-03 1.349115915786669928e-03 0.000000000000000000e+00 0.000000000000000000e+00 1.346431461698253777e-03 1.329105963032283823e-03 9.704453728414475042e-04 0.000000000000000000e+00
0.000000000000000000e+00 0.000000000000000000e+00 0.000000000000000000e+00 0.000000000000000000e+00 4.819857431444006047e-04 0.000000000000000000e+00 0.000000000000000000e+00 0.000000000000000000e+00 1.323901410976891782e-03 1.325080174958934674e-03 0.000000000000000000e+00 0.000000000000000000e+00 1.305214983344687432e-03 1.298076512163557662e-03 9.654221924247407063e-04 0.000000000000000000e+00
0.000000000000000000e+00 0.000000000000000000e+00 0.000000000000000000e+00 0.000000000000000000e+00 4.768411612641900821e-04 0.000000000000000000e+00 0.000000000000000000e+00 0.000000000000000000e+00 1.332428749344658457e-03 1.324019827259752084e-03 0.000000000000000000e+00 0.000000000000000000e+00 1.315274705657948264e-03 1.302573522932685230e-03 9.719722080330135423e-04 0.000000000000000000e+00
0.000000000000000000e+00 0.000000000000000000e+00 0.000000000000000000e+00 0.000000000000000000e+00 4.752682026176252507e-04 0.000000000000000000e+00 0.000000000000000000e+00 0.000000000000000000e+00 1.347601659483254385e-03 1.342050769445321274e-03 0.000000000000000000e+00 0.000000000000000000e+00 1.336538933065614968e-03 1.325752298617982692e-03 9.740798746929256024e-04 0.000000000000000000e+00
0.000000000000000000e+00 0.000000000000000000e+00 0.000000000000000000e+00 0.000000000000000000e+00 4.738683789648335913e-04 0.000000000000000000e+00 0.000000000000000000e+00 0.000000000000000000e+00 1.344051181509165523e-03 1.336271362545296071e-03 0.000000000000000000e+00 0.000000000000000000e+00 1.330569100233824692e-03 1.316710866914267168e-03 9.612191524569902020e-04 0.000000000000000000e+00
0.000000000000000000e+00 0.000000000000000000e+00 0.000000000000000000e+00 0.000000000000000000e+00 4.774687641779203680e-04 0.000000000000000000e+00 0.000000000000000000e+00 0.000000000000000000e+00 1.340151663277973923e-03 1.334330800895817222e-03 0.000000000000000000e+00 0.000000000000000000e+00 1.335894120794766998e-03 1.325843380839272171e-03 9.736154365878497974e-04 0.000000000000000000e+00
0.000000000000000000e+00 0.000000000000000000e+00 0.000000000000000000e+00 0.000000000000000000e+00 4.882739349123371144e-04 0.000000000000000000e+00 0.000000000000000000e+00 0.000000000000000000e+00 1.362016138420807116e-03 1.348182038225177433e-03 0.000000000000000000e+00 0.000000000000000000e+00 1.343343245749172845e-03 1.323608419103711143e-03 9.741697693269785229e-04 0.000000000000000000e+00
0.000000000000000000e+00 0.000000000000000000e+00 0.000000000000000000e+00 0.000000000000000000e+00 4.790449112227984185e-04 0.000000000000000000e+00 0.000000000000000000e+00 0.000000000000000000e+00 1.334141086928246995e-03 1.324599212189570257e-03 0.000000000000000000e+00 0.000000000000000000e+00 1.317915716186487084e-03 1.302050660693128154e-03 9.650230370744485118e-04 0.000000000000000000e+00
0.000000000000000000e+00 0.000000000000000000e+00 0.000000000000000000e+00 0.000000000000000000e+00 4.840070358939920457e-04 0.000000000000000000e+00 0.000000000000000000e+00 0.000000000000000000e+00 1.344786564254207752e-03 1.335128353447846607e-03 0.000000000000000000e+00 0.000000000000000000e+00 1.323407781815084212e-03 1.306511501423546565e-03 9.662538627534387114e-04 0.000000000000000000e+00
0.000000000000000000e+00 0.000000000000000000e+00 0.000000000000000000e+00 0.000000000000000000e+00 4.840774713854916421e-04 0.000000000000000000e+00 0.000000000000000000e+00 0.000000000000000000e+00 1.337008421082242415e-03 1.325000330171379392e-03 0.000000000000000000e+00 0.000000000000000000e+00 1.325402988364414230e-03 1.307980204388418987e-03 9.639556341837544028e-04 0.000000000000000000e+00
0.000000000000000000e+00 0.000000000000000000e+00 0.000000000000000000e+00 0.000000000000000000e+00 4.868509143157399703e-04 0.000000000000000000e+00 0.000000000000000000e+00 0.000000000000000000e+00 1.338915799400278162e-03 1.327124331332086606e-03 0.000000000000000000e+00 0.000000000000000000e+00 1.315054167028976767e-03 1.294886309224375356e-03 9.735154248751416804e-04 0.000000000000000000e+00
0.000000000000000000e+00 0.000000000000000000e+00 0.000000000000000000e+00 0.000000000000000000e+00 4.702566067028020975e-04 0.000000000000000000e+00 0.000000000000000000e+00 0.000000000000000000e+00 1.308573590290156323e-03 1.299528486240618180e-03 0.000000000000000000e+00 0.000000000000000000e+00 1.295599585084688740e-03 1.280302920146592907e-03 9.695027634961093412e-04 0.000000000000000000e+00
0.000000000000000000e+00 0.000000000000000000e+00 0.000000000000000000e+00 0.000000000000000000e+00 4.813798904486183100e-04 0.000000000000000000e+00 0.000000000000000000e+00 0.000000000000000000e+00 1.356086861070353528e-03 1.345855926141339368e-03 0.000000000000000000e+00 0.000000000000000000e+00 1.332204250891629114e-03 1.320863813404067871e-03 9.639262879087861537e-04 0.000000000000000000e+00
0.000000000000000000e+00 0.000000000000000000e+00 0.000000000000000000e+00 0.000000000000000000e+00 4.783895817975785010e-04 0.000000000000000000e+00 0.000000000000000000e+00 0.000000000000000000e+00 1.332551893694105226e-03 1.325840522081110119e-03 0.000000000000000000e+00 0.000000000000000000e+00 1.315453136501971900e-03 1.302269599031967255e-03 9.691326418699139269e-04 0.000000000000000000e+00
0.000000000000000000e+00 0.000000000000000000e+00 0.000000000000000000e+00 0.000000000000000000e+00 4.777060248519752919e-04 0.000000000000000000e+00 0.000000000000000000e+00 0.000000000000000000e+00 1.342204453893742740e-03 1.337409919197017020e-03 0.000000000000000000e+00 0.000000000000000000e+00 1.330620628838965732e-03 1.321278081877392836e-03 9.660791519032642773e-04 0.000000000000000000e+00
0.000000000000000000e+00 0.000000000000000000e+00 0.000000000000000000e+00 0.000000000000000000e+00 4.735826772971495784e-04 0.000000000000000000e+00 0.000000000000000000e+00 0.000000000000000000e+00 1.329799230408903543e-03 1.321675514662599233e-03 0.000000000000000000e+00 0.000000000000000000e+00 1.320649604186566141e-03 1.305515330360651960e-03 9.654594490239612426e-04 0.000000000000000000e+00
0.000000000000000000e+00 0.000000000000000000e+00 0.000000000000000000e+00 0.000000000000000000e+00 4.780187838088893510e-04 0.000000000000000000e+00 0.000000000000000000e+00 0.000000000000000000e+00 1.323083601130581582e-03 1.314165626594229579e-03 0.000000000000000000e+00 0.000000000000000000e+00 1.306696143761445226e-03 1.292603234826283009e-03 9.658742929898222118e-04 0.000000000000000000e+00
0.000000000000000000e+00 0.000000000000000000e+00 0.000000000000000000e+00 0.000000000000000000e+00 4.703177496559997556e-04 0.000000000000000000e+00 0.000000000000000000e+00 0.000000000000000000e+00 1.330109282300807405e-03 1.320058283473956370e-03 0.000000000000000000e+00 0.000000000000000000e+00 1.318317941454744948e-03 1.302417579835461704e-03 9.658703872278431813e-04 0.000000000000000000e+00
0.000000000000000000e+00 0.000000000000000000e+00 0.000000000000000000e+00 0.000000000000000000e+00 4.812163511914311015e-04 0.000000000000000000e+00 0.000000000000000000e+00 0.000000000000000000e+00 1.350646108738693665e-03 1.340170228228588709e-03 0.000000000000000000e+00 0.000000000000000000e+00 1.324277148030427766e-03 1.305718310595873656e-03 9.685203042322668241e-04 0.000000000000000000e+00
0.000000000000000000e+00 0.000000000000000000e+00 0.000000000000000000e+00 0.000000000000000000e+00 4.679991442414441769e-04 0.000000000000000000e+00 0.000000000000000000e+00 0.000000000000000000e+00 1.336254895545282723e-03 1.332327700020069592e-03 0.000000000000000000e+00 0.000000000000000000e+00 1.329508550133621028e-03 1.324229760146777672e-03 9.676870688549701807e-04 0.000000000000000000e+00
0.000000000000000000e+00 0.000000000000000000e+00 0.000000000000000000e+00 0.000000000000000000e+00 4.919766129460842767e-04 0.000000000000000000e+00 0.000000000000000000e+00 0.000000000000000000e+00 1.328357324059547054e-03 1.319522821763763863e-03 0.000000000000000000e+00 0.000000000000000000e+00 1.313364094659915998e-03 1.296219256514805638e-03 9.756396477011579403e-04 0.000000000000000000e+00
0.000000000000000000e+00 0.000000000000000000e+00 0.000000000000000000e+00 0.000000000000000000e+00 4.730953073008093476e-04 0.000000000000000000e+00 0.000000000000000000e+00 0.000000000000000000e+00 1.330328773859000731e-03 1.320990205600671222e-03 0.000000000000000000e+00 0.000000000000000000e+00 1.321510495047837925e-03 1.310189577601368876e-03 9.581207138752726111e-04 0.000000000000000000e+00
0.000000000000000000e+00 0.000000000000000000e+00 0.000000000000000000e+00 0.000000000000000000e+00 4.929001174814543612e-04 0.000000000000000000e+00 0.000000000000000000e+00 0.000000000000000000e+00 1.361292193369629177e-03 1.349474949752625099e-03 0.000000000000000000e+00 0.000000000000000000e+00 1.347846631414687012e-03 1.331383496151115854e-03 9.647511645636636058e-04 0.000000000000000000e+00
0.000000000000000000e+00 0.000000000000000000e+00 0.000000000000000000e+00 0.000000000000000000e+00 4.695919536323285375e-04 0.000000000000000000e+00 0.000000000000000000e+00 0.000000000000000000e+00 1.339698955925476640e-03 1.333408543844672106e-03 0.000000000000000000e+00 0.000000000000000000e+00 1.322728135216073592e-03 1.306773497656782326e-03 9.676139675691532507e-04 0.000000000000000000e+00
0.000000000000000000e+00 0.000000000000000000e+00 0.000000000000000000e+00 0.000000000000000000e+00 4.820034626107988431e-04 0.000000000000000000e+00 0.000000000000000000e+00 0.000000000000000000e+00 1.351916190695639716e-03 1.346398662326996586e-03 0.000000000000000000e+00 0.000000000000000000e+00 1.337187523585195697e-03 1.325374506294664870e-03 9.744798608171614676e-04 0.000000000000000000e+00
0.000000000000000000e+00 0.000000000000000000e+00 0.000000000000000000e+00 0.000000000000000000e+00 4.813343625358512570e-04 0.000000000000000000e+00 0.000000000000000000e+00 0.000000000000000000e+00 1.332369111160001040e-03 1.324448168763197415e-03 0.000000000000000000e+00 0.000000000000000000e+00 1.311246997867920525e-03 1.296712123915985324e-03 9.762283939068317319e-04 0.000000000000000000e+00
0.000000000000000000e+00 0.000000000000000000e+00 0.000000000000000000e+00 0.000000000000000000e+00 4.890564324529193688e-04 0.000000000000000000e+00 0.000000000000000000e+00 0.000000000000000000e+00 1.348081286581001223e-03 1.337346453929899419e-03 0.000000000000000000e+00 0.000000000000000000e+00 1.325344568184780910e-03 1.310954104355461581e-03 9.683318915127150060e-04 0.000000000000000000e+00
0.000000000000000000e+00 0.000000000000000000e+00 0.000000000000000000e+00 0.000000000000000000e+00 4.844897929069013265e-04 0.000000000000000000e+00 0.000000000000000000e+00 0.000000000000000000e+00 1.333248980080407008e-03 1.321400374919848341e-03 0.000000000000000000e+00 0.000000000000000000e+00 1.315873266305829341e-03 1.299149240009779506e-03 9.735936639490509314e-04 0.000000000000000000e+00
0.000000000000000000e+00 0.000000000000000000e+00 0.000000000000000000e+00 0.000000000000000000e+00 4.794819179639810049e-04 0.000000000000000000e+00 0.000000000000000000e+00 0.000000000000000000e+00 1.348147796083133936e-03 1.337939565604316650e-03 0.000000000000000000e+00 0.000000000000000000e+00 1.323699188324191974e-03 1.305005368288105014e-03 9.709040010913781542e-04 0.000000000000000000e+00
0.000000000000000000e+00 0.000000000000000000e+00 0.000000000000000000e+00 0.000000000000000000e+00 4.684103540270454684e-04 0.000000000000000000e+00 0.000000000000000000e+00 0.000000000000000000e+00 1.344493326282554350e-03 1.335476442559761561e-03 0.000000000000000000e+00 0.000000000000000000e+00 1.327946078411868999e-03 1.315014538141689397e-03 9.704311520751403557e-04 0.000000000000000000e+00
0.000000000000000000e+00 0.000000000000000000e+00 0.000000000000000000e+00 0.000000000000000000e+00 4.780145258502091011e-04 0.000000000000000000e+00 0.000000000000000000e+00 0.000000000000000000e+00 1.327854191104820610e-03 1.317197468774139501e-03 0.000000000000000000e+00 0.000000000000000000e+00 1.313953026760001632e-03 1.298788395315362632e-03 9.665206931636103954e-04 0.000000000000000000e+00
0.000000000000000000e+00 0.000000000000000000e+00 0.000000000000000000e+00 0.000000000000000000e+00 4.632818702768668590e-04 0.000000000000000000e+00 0.000000000000000000e+00 0.000000000000000000e+00 1.323215584031862133e-03 1.316057116491180451e-03 0.000000000000000000e+00 0.000000000000000000e+00 1.306689091825034106e-03 1.292390498911873435e-03 9.649599820253883502e-04 0.000000000000000000e+00
0.000000000000000000e+00 0.000000000000000000e+00 0.000000000000000000e+00 0.000000000000000000e+00 4.833872225358755220e-04 0.000000000000000000e+00 0.000000000000000000e+00 0.000000000000000000e+00 1.334114362077158580e-03 1.325781450089540776e-03 0.000000000000000000e+00 0.000000000000000000e+00 1.319686949925757448e-03 1.306411647327279397e-03 9.691537803584279916e-04 0.000000000000000000e+00
0.000000000000000000e+00 0.000000000000000000e+00 0.000000000000000000e+00 0.000000000000000000e+00 4.618614976800911910e-04 0.000000000000000000e+00 0.000000000000000000e+00 0.000000000000000000e+00 1.323994521771828864e-03 1.321079059229598833e-03 0.000000000000000000e+00 0.000000000000000000e+00 1.296168241835271313e-03 1.286694557775095111e-03 9.726108557311355287e-04 0.000000000000000000e+00
0.000000000000000000e+00 0.000000000000000000e+00 0.000000000000000000e+00 0.000000000000000000e+00 4.821488017885355816e-04 0.000000000000000000e+00 0.000000000000000000e+00 0.000000000000000000e+00 1.333747659030345414e-03 1.321264319358315779e-03 0.000000000000000000e+00 0.000000000000000000e+00 1.315277188579561151e-03 1.294161971802548208e-03 9.646074223248657549e-04 0.000000000000000000e+00
0.000000000000000000e+00 0.000000000000000000e+00 0.000000000000000000e+00 0.000000000000000000e+00 4.778697724588187672e-04 0.000000000000000000e+00 0.000000000000000000e+00 0.000000000000000000e+00 1.337122389939037707e-03 1.327214137944466568e-03 0.000000000000000000e+00 0.000000000000000000e+00 1.320805458385142326e-03 1.304152717213380962e-03 9.699522618852447721e-04 0.000000000000000000e+00
0.000000000000000000e+00 0.000000000000000000e+00 0.000000000000000000e+00 0.000000000000000000e+00 4.709075841988262057e-04 0.000000000000000000e+00 0.000000000000000000e+00 0.000000000000000000e+00 1.338461092394362334e-03 1.340123513938501270e-03 0.000000000000000000e+00 0.000000000000000000e+00 1.326847301258416356e-03 1.322773308414960415e-03 9.656749485910640128e-04 0.000000000000000000e+00
0.000000000000000000e+00 0.000000000000000000e+00 0.000000000000000000e+00 0.000000000000000000e+00 4.711516787916640472e-04 0.000000000000000000e+00 0.000000000000000000e+00 0.000000000000000000e+00 1.320361299061579901e-03 1.316998366133106035e-03 0.000000000000000000e+00 0.000000000000000000e+00 1.310141275568345830e-03 1.301667256506207826e-03 9.621895327351786837e-04 0.000000000000000000e+00
0.000000000000000000e+00 0.000000000000000000e+00 0.000000000000000000e+00 0.000000000000000000e+00 4.799688557920384676e-04 0.000000000000000000e+00 0.000000000000000000e+00 0.000000000000000000e+00 1.343681909634997533e-03 1.337060054279496637e-03 0.000000000000000000e+00 0.000000000000000000e+00 1.326497420032556095e-03 1.312278051662260680e-03 9.710603704935379110e-04 0.000000000000000000e+00
0.000000000000000000e+00 0.000000000000000000e+00 0.000000000000000000e+00 0.000000000000000000e+00 4.712721662716839316e-04 0.000000000000000000e+00 0.000000000000000000e+00 0.000000000000000000e+00 1.340715283164432576e-03 1.331034022888530517e-03 0.000000000000000000e+00 0.000000000000000000e+00 1.325486906091206691e-03 1.311390937217427098e-03 9.694012826396773393e-04 0.000000000000000000e+00
0.000000000000000000e+00 0.000000000000000000e+00 0.000000000000000000e+00 0.000000000000000000e+00 4.658288103355328323e-04 0.000000000000000000e+00 0.000000000000000000e+00 0.000000000000000000e+00 1.351839561991848536e-03 1.346392592048597505e-03 0.000000000000000000e+00 0.000000000000000000e+00 1.331633474683088228e-03 1.319439571061812580e-03 9.663728039352055803e-04 0.000000000000000000e+00
0.000000000000000000e+00 0.000000000000000000e+00 0.000000000000000000e+00 0.000000000000000000e+00 4.699172840928708445e-04 0.000000000000000000e+00 0.000000000000000000e+00 0.000000000000000000e+00 1.339109220277382491e-03 1.333323774795909262e-03 0.000000000000000000e+00 0.000000000000000000e+00 1.315578795221229551e-03 1.301362385552638995e-03 9.690636790353493674e-04 0.000000000000000000e+00
0.000000000000000000e+00 0.000000000000000000e+00 0.000000000000000000e+00 0.000000000000000000e+00 4.776031277647197577e-04 0.000000000000000000e+00 0.000000000000000000e+00 0.000000000000000000e+00 1.333294846473515255e-03 1.327053457786670464e-03 0.000000000000000000e+00 0.000000000000000000e+00 1.322892458738244648e-03 1.310675078781822290e-03 9.765579696612196672e-04 0.000000000000000000e+00
0.000000000000000000e+00 0.000000000000000000e+00 0.000000000000000000e+00 0.000000000000000000e+00 4.717377569024914347e-04 0.000000000000000000e+00 0.000000000000000000e+00 0.000000000000000000e+00 1.324044757329385100e-03 1.317050442614949197e-03 0.000000000000000000e+00 0.000000000000000000e+00 1.314913031928598239e-03 1.302687306066481476e-03 9.567923502421590972e-04 0.000000000000000000e+00
0.000000000000000000e+00 0.000000000000000000e+00 0.000000000000000000e+00 0.000000000000000000e+00 4.792322002338364646e-04 0.000000000000000000e+00 0.000000000000000000e+00 0.000000000000000000e+00 1.343986653881665315e-03 1.334779751353994993e-03 0.000000000000000000e+00 0.000000000000000000e+00 1.327944762447804935e-03 1.313061386621072095e-03 9.689569491697292347e-04 0.000000000000000000e+00
0.000000000000000000e+00 0.000000000000000000e+00 0.000000000000000000e+00 0.000000000000000000e+00 4.758136144546697144e-04 0.000000000000000000e+00 0.000000000000000000e+00 0.000000000000000000e+00 1.325969795395113898e-03 1.317328195273273234e-03 0.000000000000000000e+00 0.000000000000000000e+00 1.311303748476668222e-03 1.296804913162802244e-03 9.693192913577157932e-04 0.000000000000000000e+00
0.000000000000000000e+00 0.000000000000000000e+00 0.000000000000000000e+00 0.000000000000000000e+00 4.741646388865360779e-04 0.000000000000000000e+00 0.000000000000000000e+00 0.000000000000000000e+00 1.322301129549193106e-03 1.314581739353332460e-03 0.000000000000000000e+00 0.000000000000000000e+00 1.309644122554316954e-03 1.297666743111780497e-03 9.627002990883998072e-04 0.000000000000000000e+00
0.000000000000000000e+00 0.000000000000000000e+00 0.000000000000000000e+00 0.000000000000000000e+00 4.725371076973867946e-04 0.000000000000000000e+00 0.000000000000000000e+00 0.000000000000000000e+00 1.324455397770215627e-03 1.315885490571189285e-03 0.000000000000000000e+00 0.000000000000000000e+00 1.305068459369449537e-03 1.288203171809562154e-03 9.733397738034610175e-04 0.000000000000000000e+00
0.000000000000000000e+00 0.000000000000000000e+00 0.000000000000000000e+00 0.000000000000000000e+00 4.528823764524620766e-04 0.000000000000000000e+00 0.000000000000000000e+00 0.000000000000000000e+00 1.331496732040044840e-03 1.325850424897792677e-03 0.000000000000000000e+00 0.000000000000000000e+00 1.315973103502504106e-03 1.303490709895037750e-03 9.700729557492463384e-04 0.000000000000000000e+00
0.000000000000000000e+00 0.000000000000000000e+00 0.000000000000000000e+00 0.000000000000000000e+00 4.914044597035464694e-04 0.000000000000000000e+00 0.000000000000000000e+00 0.000000000000000000e+00 1.340272885178082950e-03 1.326666515410163984e-03 0.000000000000000000e+00 0.000000000000000000e+00 1.316654375058749467e-03 1.298201483813854777e-03 9.736279260701648014e-04 0.000000000000000000e+00
0.000000000000000000e+00 0.000000000000000000e+00 0.000000000000000000e+00 0.000000000000000000e+00 4.639884541637105762e-04 0.000000000000000000e+00 0.000000000000000000e+00 0.000000000000000000e+00 1.323225058453923915e-03 1.320687704014583035e-03 0.000000000000000000e+00 0.000000000000000000e+00 1.306079504193776494e-03 1.295003085128762412e-03 9.777918464667753520e-04 0.000000000000000000e+00
0.000000000000000000e+00 0.000000000000000000e+00 0.000000000000000000e+00 0.000000000000000000e+00 4.898774239270743246e-04 0.000000000000000000e+00 0.000000000000000000e+00 0.000000000000000000e+00 1.332311167872448666e-03 1.326813156173037864e-03 0.000000000000000000e+00 0.000000000000000000e+00 1.322134330646215685e-03 1.312143370534416074e-03 9.664977537682591536e-04 0.000000000000000000e+00
0.000000000000000000e+00 0.000000000000000000e+00 0.000000000000000000e+00 0.000000000000000000e+00 4.721117688365472089e-04 0.000000000000000000e+00 0.000000000000000000e+00 0.000000000000000000e+00 1.325919570673492675e-03 1.319881260294700036e-03 0.000000000000000000e+00 0.000000000000000000e+00 1.304641315222712129e-03 1.292837384444055823e-03 9.757920563158894089e-04 0.000000000000000000e+00
0.000000000000000000e+00 0.000000000000000000e+00 0.000000000000000000e+00 0.000000000000000000e+00 4.711524161656530638e-04 0.000000000000000000e+00 0.000000000000000000e+00 0.000000000000000000e+00 1.338607013137071413e-03 1.335356161582872299e-03 0.000000000000000000e+00 0.000000000000000000e+00 1.322035687621213925e-03 1.312555242251497696e-03 9.643390907555096994e-04 0.000000000000000000e+00
0.000000000000000000e+00 0.000000000000000000e+00 0.000000000000000000e+00 0.000000000000000000e+00 4.719450096587540300e-04 0.000000000000000000e+00 0.000000000000000000e+00 0.000000000000000000e+00 1.330039698629469254e-03 1.317335184954691527e-03 0.000000000000000000e+00 0.000000000000000000e+00 1.313407097375028122e-03 1.296591697112316156e-03 9.658086860506429104e-04 0.000000000000000000e+00
0.000000000000000000e+00 0.000000000000000000e+00 0.000000000000000000e+00 0.000000000000000000e+00 4.749544147229738241e-04 0.000000000000000000e+00 0.000000000000000000e+00 0.000000000000000000e+00 1.318826658799681631e-03 1.312483936865612355e-03 0.000000000000000000e+00 0.000000000000000000e+00 1.298718864352194557e-03 1.288790830283028472e-03 9.621349320922240565e-04 0.000000000000000000e+00
0.000000000000000000e+00 0.000000000000000000e+00 0.000000000000000000e+00 0.000000000000000000e+00 4.857190396701338390e-04 0.000000000000000000e+00 0.000000000000000000e+00 0.000000000000000000e+00 1.340107433036046795e-03 1.332630195300290492e-03 0.000000000000000000e+00 0.000000000000000000e+00 1.325735326736637507e-03 1.310651601578707555e-03 9.701892958524513605e-04 0.000000000000000000e+00
0.000000000000000000e+00 0.000000000000000000e+00 0.000000000000000000e+00 0.000000000000000000e+00 4.689209461101111025e-04 0.000000000000000000e+00 0.000000000000000000e+00 0.000000000000000000e+00 1.328267433662844946e-03 1.323389757842174984e-03 0.000000000000000000e+00 0.000000000000000000e+00 1.305371393262142951e-03 1.295212471747674791e-03 9.625418887546924795e-04 0.000000000000000000e+00
0.000000000000000000e+00 0.000000000000000000e+00 0.000000000000000000e+00 0.000000000000000000e+00 4.756284208093274546e-04 0.000000000000000000e+00 0.000000000000000000e+00 0.000000000000000000e+00 1.327951596633400412e-03 1.324730696226241681e-03 0.000000000000000000e+00 0.000000000000000000e+00 1.316433657865774542e-03 1.307746609099006948e-03 9.637994522664254746e-04 0.000000000000000000e+00
0.000000000000000000e+00 0.000000000000000000e+00 0.000000000000000000e+00 0.000000000000000000e+00 4.968364778884256207e-04 0.000000000000000000e+00 0.000000000000000000e+00 0.000000000000000000e+00 1.348945481405149083e-03 1.337679757781037610e-03 0.000000000000000000e+00 0.000000000000000000e+00 1.334250727293040395e-03 1.319470089649620948e-03 9.671947037308761949e-04 0.000000000000000000e+00
0.000000000000000000e+00 0.000000000000000000e+00 0.000000000000000000e+00 0.000000000000000000e+00 4.785737863548111684e-04 0.000000000000000000e+00 0.000000000000000000e+00 0.000000000000000000e+00 1.343009003236124736e-03 1.336583495953388078e-03 0.000000000000000000e+00 0.000000000000000000e+00 1.333486513953559011e-03 1.321999015523368315e-03 9.672789945672713311e-04 0.000000000000000000e+00
0.000000000000000000e+00 0.000000000000000000e+00 0.000000000000000000e+00 0.000000000000000000e+00 4.712139693196543849e-04 0.000000000000000000e+00 0.000000000000000000e+00 0.000000000000000000e+00 1.321216246751317786e-03 1.316758576023534981e-03 0.000000000000000000e+00 0.000000000000000000e+00 1.306327815044787226e-03 1.295139445635645412e-03 9.685313439748238990e-04 0.000000000000000000e+00
0.000000000000000000e+00 0.000000000000000000e+00 0.000000000000000000e+00 0.000000000000000000e+00 4.859503286183077713e-04 0.000000000000000000e+00 0.000000000000000000e+00 0.000000000000000000e+00 1.346072227153664825e-03 1.332645301764339785e-03 0.000000000000000000e+00 0.000000000000000000e+00 1.323183446163206335e-03 1.305057656308845687e-03 9.750538446420293093e-04 0.000000000000000000e+00
0.000000000000000000e+00 0.000000000000000000e+00 0.000000000000000000e+00 0.000000000000000000e+00 4.864958279425716896e-04 0.000000000000000000e+00 0.000000000000000000e+00 0.000000000000000000e+00 1.325537386201558476e-03 1.323243325219643522e-03 0.000000000000000000e+00 0.000000000000000000e+00 1.309272529450786378e-03 1.300880358914826380e-03 9.744541174430083668e-04 0.000000000000000000e+00
0.000000000000000000e+00 0.000000000000000000e+00 0.000000000000000000e+00 0.000000000000000000e+00 4.864720439591093022e-04 0.000000000000000000e+00 0.000000000000000000e+00 0.000000000000000000e+00 1.346046183740923566e-03 1.340269699578766280e-03 0.000000000000000000e+00 0.000000000000000000e+00 1.325934035474880162e-03 1.311195555155404095e-03 9.699200949435537620e-04 0.000000000000000000e+00
0.000000000000000000e+00 0.000000000000000000e+00 0.000000000000000000e+00 0.000000000000000000e+00 4.797608644208027607e-04 0.000000000000000000e+00 0.000000000000000000e+00 0.000000000000000000e+00 1.339893767584982541e-03 1.331530284944310591e-03 0.000000000000000000e+00 0.000000000000000000e+00 1.319812694380782542e-03 1.306283405639965074e-03 9.754731451716100064e-04 0.000000000000000000e+00
0.000000000000000000e+00 0.000000000000000000e+00 0.000000000000000000e+00 0.000000000000000000e+00 4.902869552406705685e-04 0.000000000000000000e+00 0.000000000000000000e+00 0.000000000000000000e+00 1.354208086618015252e-03 1.346690809439888593e-03 0.000000000000000000e+00 0.000000000000000000e+00 1.338415880791268180e-03 1.323006055924037154e-03 9.581505588034546330e-04 0.000000000000000000e+00
0.000000000000000000e+00 0.000000000000000000e+00 0.000000000000000000e+00 0.000000000000000000e+00 4.710224847404403102e-04 0.000000000000000000e+00 0.000000000000000000e+00 0.000000000000000000e+00 1.332194998947189377e-03 1.325704127919403183e-03 0.000000000000000000e+00 0.000000000000000000e+00 1.319207517289972768e-03 1.309729274295879341e-03 9.691792176689374792e-04 0.000000000000000000e+00
0.000000000000000000e+00 0.000000000000000000e+00 0.000000000000000000e+00 0.000000000000000000e+00 4.810792988187282586e-04 0.000000000000000000e+00 0.000000000000000000e+00 0.000000000000000000e+00 1.345132983495268266e-03 1.335879609445944118e-03 0.000000000000000000e+00 0.000000000000000000e+00 1.332347207143560119e-03 1.318049954723286496e-03 9.715027650593214062e-04 0.000000000000000000e+00
0.000000000000000000e+00 0.000000000000000000e+00 0.000000000000000000e+00 0.000000000000000000e+00 4.702192123495199856e-04 0.000000000000000000e+00 0.000000000000000000e+00 0.000000000000000000e+00 1.340866531702039404e-03 1.334598490265717988e-03 0.000000000000000000e+00 0.000000000000000000e+00 1.318829281804775357e-03 1.304791781828991979e-03 9.817539399750131127e-04 0.000000000000000000e+00
0.000000000000000000e+00 0.000000000000000000e+00 0.000000000000000000e+00 0.000000000000000000e+00 4.743790342552908572e-04 0.000000000000000000e+00 0.000000000000000000e+00 0.000000000000000000e+00 1.319477945108368626e-03 1.316908925643822106e-03 0.000000000000000000e+00 0.000000000000000000e+00 1.304484720553689917e-03 1.295463237096481073e-03 9.768189587536820883e-04 0.000000000000000000e+00
0.000000000000000000e+00 0.000000000000000000e+00 0.000000000000000000e+00 0.000000000000000000e+00 4.969387984736515010e-04 0.000000000000000000e+00 0.000000000000000000e+00 0.000000000000000000e+00 1.358776905434790853e-03 1.353848844861467622e-03 0.000000000000000000e+00 0.000000000000000000e+00 1.339112646292105711e-03 1.326863214880745967e-03 9.656923481347150489e-04 0.000000000000000000e+00
0.000000000000000000e+00 0.000000000000000000e+00 0.000000000000000000e+00 0.000000000000000000e+00 4.863728591167843841e-04 0.000000000000000000e+00 0.000000000000000000e+00 0.000000000000000000e+00 1.327926662628655611e-03 1.321395648446405027e-03 0.000000000000000000e+00 0.000000000000000000e+00 1.310175808565917357e-03 1.298604359796318251e-03 9.651881154665246498e-04 0.000000000000000000e+00
0.000000000000000000e+00 0.000000000000000000e+00 0.000000000000000000e+00 0.000000000000000000e+00 4.800048985484000404e-04 0.000000000000000000e+00 0.000000000000000000e+00 0.000000000000000000e+00 1.329404608446436639e-03 1.326277152196789514e-03 0.000000000000000000e+00 0.000000000000000000e+00 1.308553055887409127e-03 1.299634794392286793e-03 9.699626336992509456e-04 0.000000000000000000e+00
0.000000000000000000e+00 0.000000000000000000e+00 0.000000000000000000e+00 0.000000000000000000e+00 4.724981667890937819e-04 0.000000000000000000e+00 0.000000000000000000e+00 0.000000000000000000e+00 1.338026266118199714e-03 1.328515903175408542e-03 0.000000000000000000e+00 0.000000000000000000e+00 1.319514630735309181e-03 1.305751467625883072e-03 9.689026009991990847e-04 0.000000000000000000e+00
0.000000000000000000e+00 0.000000000000000000e+00 0.000000000000000000e+00 0.000000000000000000e+00 4.851563418704800466e-04 0.000000000000000000e+00 0.000000000000000000e+00 0.000000000000000000e+00 1.335662655888779967e-03 1.327972095445139385e-03 0.000000000000000000e+00 0.000000000000000000e+00 1.315092007033757168e-03 1.302791025650913660e-03 9.692632643502241581e-04 0.000000000000000000e+00
0.000000000000000000e+00 0.000000000000000000e+00 0.000000000000000000e+00 0.000000000000000000e+00 4.968444259238254807e-04 0.000000000000000000e+00 0.000000000000000000e+00 0.000000000000000000e+00 1.358445284003107281e-03 1.348785481749207281e-03 0.000000000000000000e+00 0.000000000000000000e+00 1.336150758974043260e-03 1.317682517891437559e-03 9.704605332099358692e-04 0.000000000000000000e+00
0.000000000000000000e+00 0.000000000000000000e+00 0.000000000000000000e+00 0.000000000000000000e+00 4.842524609523693306e-04 0.000000000000000000e+00 0.000000000000000000e+00 0.000000000000000000e+00 1.329875539591800172e-03 1.322291758647766748e-03 0.000000000000000000e+00 0.000000000000000000e+00 1.312571153742735129e-03 1.296691510082888460e-03 9.643019244801525692e-04 0.000000000000000000e+00
