# {'chrom': '12', 'window_id': '5', 'statistic': 'H2', 'bounds': [94000000, 114000000], 'span': 20000000, 'n_sites': 12401619, 'coverage': 62.01, 'right_discontinuous': False, 'rows': "{0: 'Altai', 1: 'Chagyrskaya', 2: 'Denisova', 3: 'French-1', 4: 'Han-1', 5: 'Khomani_San-2', 6: 'Papuan-2', 7: 'Vindija', 8: 'Yoruba-1', 9: 'Yoruba-3'}"}
2.600000000000000000e+01 5.000000000000000000e+01 1.110000000000000000e+02 2.360000000000000000e+02 4.530000000000000000e+02 1.356000000000000000e+03 2.204000000000000000e+03 3.866000000000000000e+03 8.555000000000000000e+03 9.217000000000000000e+03 1.236000000000000000e+04 2.830900000000000000e+04 2.457800000000000000e+04 6.027300000000000000e+04 1.080170000000000000e+05 1.650850000000000000e+05 2.430120000000000000e+05 6.980020000000000000e+05 1.274750000000000000e+06
0.000000000000000000e+00 2.000000000000000000e+00 0.000000000000000000e+00 5.000000000000000000e+00 1.400000000000000000e+01 3.600000000000000000e+01 6.500000000000000000e+01 6.800000000000000000e+01 1.450000000000000000e+02 1.050000000000000000e+02 2.240000000000000000e+02 3.800000000000000000e+02 2.020000000000000000e+02 1.637000000000000000e+03 1.632000000000000000e+03 1.268000000000000000e+03 3.158000000000000000e+03 1.472000000000000000e+04 5.608400000000000000e+04
1.800000000000000000e+01 1.700000000000000000e+01 8.400000000000000000e+01 1.740000000000000000e+02 3.660000000000000000e+02 9.150000000000000000e+02 1.304000000000000000e+03 1.821000000000000000e+03 3.791000000000000000e+03 3.992000000000000000e+03 5.547000000000000000e+03 1.195900000000000000e+04 1.147100000000000000e+04 2.305700000000000000e+04 6.111000000000000000e+04 9.434000000000000000e+04 1.832820000000000000e+05 5.144980000000000000e+05 9.123700000000000000e+05
8.450000000000000000e+02 7.940000000000000000e+02 1.672000000000000000e+03 1.821000000000000000e+03 3.174000000000000000e+03 8.084000000000000000e+03 1.252700000000000000e+04 2.380200000000000000e+04 5.140400000000000000e+04 6.031500000000000000e+04 9.019300000000000000e+04 2.113640000000000000e+05 1.839180000000000000e+05 3.706520000000000000e+05 9.412370000000000000e+05 1.711222000000000000e+06 3.625806000000000000e+06 1.115308100000000000e+07 1.874932000000000000e+07
1.593000000000000000e+03 1.057000000000000000e+03 1.619000000000000000e+03 1.535000000000000000e+03 2.392000000000000000e+03 6.875000000000000000e+03 1.127100000000000000e+04 1.998300000000000000e+04 4.427700000000000000e+04 5.200300000000000000e+04 7.595000000000000000e+04 1.610430000000000000e+05 1.428700000000000000e+05 2.985470000000000000e+05 7.259730000000000000e+05 1.271632000000000000e+06 2.690494000000000000e+06 8.402939000000000000e+06 1.425381100000000000e+07
1.107000000000000000e+03 8.290000000000000000e+02 1.870000000000000000e+03 2.409000000000000000e+03 4.248000000000000000e+03 1.110700000000000000e+04 1.709600000000000000e+04 3.206900000000000000e+04 6.711100000000000000e+04 7.801300000000000000e+04 1.192290000000000000e+05 2.491460000000000000e+05 2.554460000000000000e+05 4.815250000000000000e+05 1.401724000000000000e+06 2.395265000000000000e+06 5.222119000000000000e+06 1.592353900000000000e+07 2.786070800000000000e+07
2.218000000000000000e+03 8.810000000000000000e+02 1.806000000000000000e+03 1.995000000000000000e+03 3.095000000000000000e+03 8.153000000000000000e+03 1.351600000000000000e+04 2.326000000000000000e+04 5.219500000000000000e+04 6.573800000000000000e+04 9.239000000000000000e+04 1.860650000000000000e+05 1.971340000000000000e+05 3.396020000000000000e+05 9.216030000000000000e+05 1.310267000000000000e+06 2.870083000000000000e+06 8.872512000000000000e+06 1.458111700000000000e+07
1.200000000000000000e+01 3.300000000000000000e+01 6.200000000000000000e+01 1.200000000000000000e+02 2.100000000000000000e+02 5.830000000000000000e+02 9.490000000000000000e+02 1.889000000000000000e+03 4.000000000000000000e+03 4.952000000000000000e+03 6.855000000000000000e+03 1.230000000000000000e+04 9.011000000000000000e+03 1.669300000000000000e+04 4.235100000000000000e+04 7.148000000000000000e+04 1.466400000000000000e+05 4.513980000000000000e+05 7.210350000000000000e+05
2.317000000000000000e+03 9.410000000000000000e+02 1.916000000000000000e+03 2.287000000000000000e+03 3.620000000000000000e+03 9.491000000000000000e+03 1.630000000000000000e+04 2.829000000000000000e+04 6.224500000000000000e+04 7.163700000000000000e+04 1.063280000000000000e+05 2.387130000000000000e+05 2.325510000000000000e+05 4.929530000000000000e+05 1.389509000000000000e+06 2.272292000000000000e+06 4.374761000000000000e+06 1.433488500000000000e+07 2.499855900000000000e+07
2.504000000000000000e+03 9.690000000000000000e+02 1.858000000000000000e+03 2.287000000000000000e+03 3.550000000000000000e+03 1.020600000000000000e+04 1.567500000000000000e+04 3.009800000000000000e+04 6.781000000000000000e+04 7.799100000000000000e+04 1.041180000000000000e+05 2.258400000000000000e+05 2.321820000000000000e+05 4.899860000000000000e+05 1.420675000000000000e+06 2.496368000000000000e+06 5.052181000000000000e+06 1.575280200000000000e+07 2.636996500000000000e+07
