# {'chrom': '12', 'window_id': '1', 'statistic': 'H2', 'bounds': [17000000, 35000000], 'span': 18000000, 'n_sites': 10409117, 'coverage': 57.83, 'right_discontinuous': True, 'rows': "{0: 'Altai', 1: 'Chagyrskaya', 2: 'Denisova', 3: 'French-1', 4: 'Han-1', 5: 'Khomani_San-2', 6: 'Papuan-2', 7: 'Vindija', 8: 'Yoruba-1', 9: 'Yoruba-3'}"}
9.500000000000000000e+01 1.540000000000000000e+02 3.470000000000000000e+02 2.650000000000000000e+02 4.670000000000000000e+02 1.103000000000000000e+03 1.714000000000000000e+03 2.835000000000000000e+03 7.191000000000000000e+03 6.405000000000000000e+03 8.463000000000000000e+03 7.490000000000000000e+03 1.901700000000000000e+04 2.318300000000000000e+04 5.266200000000000000e+04 7.032400000000000000e+04 1.357530000000000000e+05 3.116940000000000000e+05 4.541530000000000000e+05
5.000000000000000000e+00 2.100000000000000000e+01 4.400000000000000000e+01 4.700000000000000000e+01 1.130000000000000000e+02 4.460000000000000000e+02 6.760000000000000000e+02 1.344000000000000000e+03 2.626000000000000000e+03 3.065000000000000000e+03 4.483000000000000000e+03 7.599000000000000000e+03 6.957000000000000000e+03 1.186900000000000000e+04 3.315400000000000000e+04 6.096000000000000000e+04 1.210200000000000000e+05 3.361210000000000000e+05 4.772380000000000000e+05
1.770000000000000000e+02 1.660000000000000000e+02 1.620000000000000000e+02 1.490000000000000000e+02 2.540000000000000000e+02 9.330000000000000000e+02 1.042000000000000000e+03 2.063000000000000000e+03 3.432000000000000000e+03 3.932000000000000000e+03 4.766000000000000000e+03 8.163000000000000000e+03 1.173800000000000000e+04 1.896600000000000000e+04 4.327100000000000000e+04 7.741300000000000000e+04 1.641450000000000000e+05 4.959100000000000000e+05 6.138750000000000000e+05
1.529000000000000000e+03 1.186000000000000000e+03 2.128000000000000000e+03 2.225000000000000000e+03 3.076000000000000000e+03 7.488000000000000000e+03 1.239900000000000000e+04 2.220100000000000000e+04 4.834800000000000000e+04 5.972700000000000000e+04 8.614200000000000000e+04 1.831410000000000000e+05 2.407820000000000000e+05 4.304540000000000000e+05 1.057819000000000000e+06 1.475863000000000000e+06 2.630138000000000000e+06 6.869472000000000000e+06 1.047781700000000000e+07
1.554000000000000000e+03 7.480000000000000000e+02 1.238000000000000000e+03 1.207000000000000000e+03 2.254000000000000000e+03 6.583000000000000000e+03 9.244000000000000000e+03 1.681600000000000000e+04 4.009000000000000000e+04 4.955500000000000000e+04 7.707300000000000000e+04 1.403130000000000000e+05 1.451050000000000000e+05 2.595830000000000000e+05 6.398420000000000000e+05 1.061659000000000000e+06 2.429898000000000000e+06 6.413128000000000000e+06 8.299991000000000000e+06
3.048000000000000000e+03 1.642000000000000000e+03 2.774000000000000000e+03 3.055000000000000000e+03 4.922000000000000000e+03 1.235000000000000000e+04 2.049200000000000000e+04 3.815100000000000000e+04 7.500800000000000000e+04 8.659400000000000000e+04 1.249300000000000000e+05 2.634640000000000000e+05 3.155920000000000000e+05 6.282440000000000000e+05 1.850546000000000000e+06 2.711878000000000000e+06 4.820252000000000000e+06 1.482857800000000000e+07 1.920767000000000000e+07
1.732000000000000000e+03 1.127000000000000000e+03 1.664000000000000000e+03 1.600000000000000000e+03 2.326000000000000000e+03 6.563000000000000000e+03 1.110700000000000000e+04 1.926100000000000000e+04 4.412200000000000000e+04 5.434100000000000000e+04 7.765200000000000000e+04 1.662790000000000000e+05 1.530440000000000000e+05 2.281850000000000000e+05 7.298470000000000000e+05 1.221307000000000000e+06 2.396820000000000000e+06 6.881154000000000000e+06 9.109407000000000000e+06
5.100000000000000000e+01 1.010000000000000000e+02 2.250000000000000000e+02 1.650000000000000000e+02 2.020000000000000000e+02 5.830000000000000000e+02 6.940000000000000000e+02 1.747000000000000000e+03 4.504000000000000000e+03 4.664000000000000000e+03 4.894000000000000000e+03 6.696000000000000000e+03 7.285000000000000000e+03 1.601400000000000000e+04 3.702300000000000000e+04 5.232700000000000000e+04 8.426600000000000000e+04 1.766830000000000000e+05 1.593520000000000000e+05
4.333000000000000000e+03 1.542000000000000000e+03 2.633000000000000000e+03 2.841000000000000000e+03 4.500000000000000000e+03 1.242100000000000000e+04 2.087100000000000000e+04 3.561100000000000000e+04 7.805300000000000000e+04 9.222000000000000000e+04 1.311430000000000000e+05 2.818320000000000000e+05 3.590740000000000000e+05 6.029180000000000000e+05 1.762087000000000000e+06 2.737043000000000000e+06 4.974392000000000000e+06 1.463466200000000000e+07 1.885037000000000000e+07
2.370000000000000000e+03 1.613000000000000000e+03 3.271000000000000000e+03 3.498000000000000000e+03 5.214000000000000000e+03 1.230700000000000000e+04 1.947900000000000000e+04 3.361800000000000000e+04 7.496500000000000000e+04 8.795400000000000000e+04 1.149910000000000000e+05 2.397800000000000000e+05 2.573190000000000000e+05 5.969510000000000000e+05 1.470607000000000000e+06 2.465609000000000000e+06 4.775860000000000000e+06 1.395407200000000000e+07 1.860293400000000000e+07
