# {'chrom': '12', 'window_id': '3', 'statistic': 'H2', 'bounds': [56000000, 75000000], 'span': 19000000, 'n_sites': 11638687, 'coverage': 61.26, 'right_discontinuous': False, 'rows': "{0: 'Altai', 1: 'Chagyrskaya', 2: 'Denisova', 3: 'French-1', 4: 'Han-1', 5: 'Khomani_San-2', 6: 'Papuan-2', 7: 'Vindija', 8: 'Yoruba-1', 9: 'Yoruba-3'}"}
3.600000000000000000e+01 4.000000000000000000e+01 1.290000000000000000e+02 2.680000000000000000e+02 4.700000000000000000e+02 1.203000000000000000e+03 1.659000000000000000e+03 2.816000000000000000e+03 5.933000000000000000e+03 6.586000000000000000e+03 1.173300000000000000e+04 1.988000000000000000e+04 1.602600000000000000e+04 2.235700000000000000e+04 6.958000000000000000e+04 1.120080000000000000e+05 2.237160000000000000e+05 5.693220000000000000e+05 8.773520000000000000e+05
3.000000000000000000e+00 7.000000000000000000e+00 1.100000000000000000e+01 2.600000000000000000e+01 2.700000000000000000e+01 6.800000000000000000e+01 1.220000000000000000e+02 9.000000000000000000e+01 2.340000000000000000e+02 1.380000000000000000e+02 1.680000000000000000e+02 3.540000000000000000e+02 8.190000000000000000e+02 7.790000000000000000e+02 1.945000000000000000e+03 3.184000000000000000e+03 4.164000000000000000e+03 9.666000000000000000e+03 4.729500000000000000e+04
2.200000000000000000e+01 1.500000000000000000e+01 5.200000000000000000e+01 1.000000000000000000e+02 2.230000000000000000e+02 5.380000000000000000e+02 9.390000000000000000e+02 1.601000000000000000e+03 3.028000000000000000e+03 3.063000000000000000e+03 2.932000000000000000e+03 6.544000000000000000e+03 9.311000000000000000e+03 1.451500000000000000e+04 4.189100000000000000e+04 5.214200000000000000e+04 1.262500000000000000e+05 3.661600000000000000e+05 7.729930000000000000e+05
2.146000000000000000e+03 1.464000000000000000e+03 1.987000000000000000e+03 2.053000000000000000e+03 3.841000000000000000e+03 8.046000000000000000e+03 1.299700000000000000e+04 2.484300000000000000e+04 5.435500000000000000e+04 6.378100000000000000e+04 9.452700000000000000e+04 2.073720000000000000e+05 2.607940000000000000e+05 5.177860000000000000e+05 1.280221000000000000e+06 1.634008000000000000e+06 3.766509000000000000e+06 8.861451000000000000e+06 1.756568900000000000e+07
3.289000000000000000e+03 1.521000000000000000e+03 2.089000000000000000e+03 2.319000000000000000e+03 3.520000000000000000e+03 8.915000000000000000e+03 1.432000000000000000e+04 2.579500000000000000e+04 5.867600000000000000e+04 6.870500000000000000e+04 1.009060000000000000e+05 2.387540000000000000e+05 3.175850000000000000e+05 5.296820000000000000e+05 1.281139000000000000e+06 1.773545000000000000e+06 3.294403000000000000e+06 8.937665000000000000e+06 1.690499200000000000e+07
1.714000000000000000e+03 7.810000000000000000e+02 1.572000000000000000e+03 2.088000000000000000e+03 3.796000000000000000e+03 9.642000000000000000e+03 1.446700000000000000e+04 2.462800000000000000e+04 5.575300000000000000e+04 6.307200000000000000e+04 9.611200000000000000e+04 2.356950000000000000e+05 3.076820000000000000e+05 6.563440000000000000e+05 1.863381000000000000e+06 2.694779000000000000e+06 4.994112000000000000e+06 1.377560700000000000e+07 2.773532300000000000e+07
4.360000000000000000e+02 4.450000000000000000e+02 9.220000000000000000e+02 9.670000000000000000e+02 1.427000000000000000e+03 4.205000000000000000e+03 6.159000000000000000e+03 1.154000000000000000e+04 2.579200000000000000e+04 2.904800000000000000e+04 4.678400000000000000e+04 8.235300000000000000e+04 6.768000000000000000e+04 1.258130000000000000e+05 4.275570000000000000e+05 6.605480000000000000e+05 1.171174000000000000e+06 3.873444000000000000e+06 7.818830000000000000e+06
2.500000000000000000e+01 4.600000000000000000e+01 1.450000000000000000e+02 2.600000000000000000e+02 4.630000000000000000e+02 9.100000000000000000e+02 1.355000000000000000e+03 1.998000000000000000e+03 3.349000000000000000e+03 4.103000000000000000e+03 5.825000000000000000e+03 7.317000000000000000e+03 9.627000000000000000e+03 1.633300000000000000e+04 5.212000000000000000e+04 7.580000000000000000e+04 1.600860000000000000e+05 3.851490000000000000e+05 7.461400000000000000e+05
3.400000000000000000e+03 1.635000000000000000e+03 3.190000000000000000e+03 3.492000000000000000e+03 5.263000000000000000e+03 1.312900000000000000e+04 1.842300000000000000e+04 3.219700000000000000e+04 7.193800000000000000e+04 8.461400000000000000e+04 1.317510000000000000e+05 3.247460000000000000e+05 4.176780000000000000e+05 7.917890000000000000e+05 2.260513000000000000e+06 3.056784000000000000e+06 5.927520000000000000e+06 1.563950600000000000e+07 2.810711100000000000e+07
3.185000000000000000e+03 1.845000000000000000e+03 2.507000000000000000e+03 2.888000000000000000e+03 4.728000000000000000e+03 1.064600000000000000e+04 1.626300000000000000e+04 3.175900000000000000e+04 6.975200000000000000e+04 8.161100000000000000e+04 1.223640000000000000e+05 2.493930000000000000e+05 3.878380000000000000e+05 7.310700000000000000e+05 1.798097000000000000e+06 2.749108000000000000e+06 5.464456000000000000e+06 1.320371500000000000e+07 2.492357200000000000e+07
