# {'chrom': '12', 'window_id': '0', 'statistic': 'H2', 'bounds': [0, 17000000], 'span': 17000000, 'n_sites': 9881730, 'coverage': 58.13, 'right_discontinuous': False, 'rows': "{0: 'Altai', 1: 'Chagyrskaya', 2: 'Denisova', 3: 'French-1', 4: 'Han-1', 5: 'Khomani_San-2', 6: 'Papuan-2', 7: 'Vindija', 8: 'Yoruba-1', 9: 'Yoruba-3'}"}
1.220000000000000000e+02 8.600000000000000000e+01 7.000000000000000000e+01 5.300000000000000000e+01 1.290000000000000000e+02 4.590000000000000000e+02 7.690000000000000000e+02 1.077000000000000000e+03 2.071000000000000000e+03 2.747000000000000000e+03 3.656000000000000000e+03 7.386000000000000000e+03 1.108200000000000000e+04 1.511100000000000000e+04 3.039100000000000000e+04 5.244500000000000000e+04 8.463200000000000000e+04 3.180510000000000000e+05 5.883250000000000000e+05
1.200000000000000000e+01 6.000000000000000000e+00 1.200000000000000000e+01 2.900000000000000000e+01 9.600000000000000000e+01 5.270000000000000000e+02 9.170000000000000000e+02 1.610000000000000000e+03 3.146000000000000000e+03 3.193000000000000000e+03 3.818000000000000000e+03 5.831000000000000000e+03 6.548000000000000000e+03 8.233000000000000000e+03 2.912000000000000000e+04 4.446600000000000000e+04 8.850600000000000000e+04 2.284230000000000000e+05 3.755990000000000000e+05
1.000000000000000000e+01 7.000000000000000000e+00 1.300000000000000000e+01 3.300000000000000000e+01 1.120000000000000000e+02 3.490000000000000000e+02 5.020000000000000000e+02 7.620000000000000000e+02 1.792000000000000000e+03 1.944000000000000000e+03 2.419000000000000000e+03 3.748000000000000000e+03 4.304000000000000000e+03 8.515000000000000000e+03 2.455100000000000000e+04 3.964700000000000000e+04 7.822200000000000000e+04 2.528310000000000000e+05 5.275470000000000000e+05
1.037000000000000000e+03 5.260000000000000000e+02 9.420000000000000000e+02 9.900000000000000000e+02 1.739000000000000000e+03 4.880000000000000000e+03 7.735000000000000000e+03 1.570600000000000000e+04 2.914500000000000000e+04 3.129800000000000000e+04 4.210500000000000000e+04 8.453100000000000000e+04 9.872500000000000000e+04 1.844040000000000000e+05 5.575390000000000000e+05 8.682670000000000000e+05 1.913664000000000000e+06 5.840947000000000000e+06 9.823841000000000000e+06
1.970000000000000000e+02 2.350000000000000000e+02 4.750000000000000000e+02 7.370000000000000000e+02 1.435000000000000000e+03 3.642000000000000000e+03 5.858000000000000000e+03 1.120600000000000000e+04 2.494000000000000000e+04 2.716300000000000000e+04 3.423400000000000000e+04 6.153900000000000000e+04 7.270600000000000000e+04 1.281780000000000000e+05 3.688690000000000000e+05 6.207000000000000000e+05 1.311569000000000000e+06 3.762950000000000000e+06 7.667336000000000000e+06
1.045000000000000000e+03 6.800000000000000000e+02 1.254000000000000000e+03 1.140000000000000000e+03 2.042000000000000000e+03 5.669000000000000000e+03 1.058900000000000000e+04 1.846700000000000000e+04 4.157200000000000000e+04 4.718300000000000000e+04 6.007000000000000000e+04 1.110440000000000000e+05 1.680330000000000000e+05 3.048990000000000000e+05 9.311690000000000000e+05 1.595924000000000000e+06 3.424278000000000000e+06 1.070136100000000000e+07 1.616450700000000000e+07
3.810000000000000000e+02 1.660000000000000000e+02 3.500000000000000000e+02 6.360000000000000000e+02 1.276000000000000000e+03 4.007000000000000000e+03 6.847000000000000000e+03 1.210900000000000000e+04 2.522300000000000000e+04 2.758200000000000000e+04 3.269400000000000000e+04 6.707600000000000000e+04 8.060700000000000000e+04 1.420030000000000000e+05 3.910500000000000000e+05 5.993770000000000000e+05 1.279060000000000000e+06 4.023090000000000000e+06 8.423022000000000000e+06
4.810000000000000000e+02 8.700000000000000000e+01 9.100000000000000000e+01 9.000000000000000000e+01 2.190000000000000000e+02 7.110000000000000000e+02 1.434000000000000000e+03 2.930000000000000000e+03 6.272000000000000000e+03 4.106000000000000000e+03 6.344000000000000000e+03 9.337000000000000000e+03 1.157900000000000000e+04 1.358100000000000000e+04 3.688700000000000000e+04 6.333600000000000000e+04 1.309390000000000000e+05 4.128690000000000000e+05 7.404850000000000000e+05
2.126000000000000000e+03 1.442000000000000000e+03 2.268000000000000000e+03 2.426000000000000000e+03 3.445000000000000000e+03 9.219000000000000000e+03 1.358400000000000000e+04 2.594100000000000000e+04 4.924900000000000000e+04 5.432200000000000000e+04 8.184800000000000000e+04 1.463190000000000000e+05 2.167450000000000000e+05 3.956280000000000000e+05 1.173684000000000000e+06 1.979152000000000000e+06 4.120527000000000000e+06 1.262139700000000000e+07 2.550545300000000000e+07
2.502000000000000000e+03 1.380000000000000000e+03 2.304000000000000000e+03 2.235000000000000000e+03 3.040000000000000000e+03 7.370000000000000000e+03 1.226300000000000000e+04 2.363800000000000000e+04 4.435700000000000000e+04 4.741800000000000000e+04 6.911300000000000000e+04 1.214140000000000000e+05 1.874120000000000000e+05 3.290700000000000000e+05 9.590140000000000000e+05 1.627665000000000000e+06 3.370776000000000000e+06 1.005015600000000000e+07 1.991572200000000000e+07
