# {'chrom': '12', 'window_id': '4', 'statistic': 'H2', 'bounds': [75000000, 94000000], 'span': 19000000, 'n_sites': 12400398, 'coverage': 65.27, 'right_discontinuous': False, 'rows': "{0: 'Altai', 1: 'Chagyrskaya', 2: 'Denisova', 3: 'French-1', 4: 'Han-1', 5: 'Khomani_San-2', 6: 'Papuan-2', 7: 'Vindija', 8: 'Yoruba-1', 9: 'Yoruba-3'}"}
1.390000000000000000e+02 1.640000000000000000e+02 3.470000000000000000e+02 3.970000000000000000e+02 6.600000000000000000e+02 1.588000000000000000e+03 1.686000000000000000e+03 3.051000000000000000e+03 6.754000000000000000e+03 8.255000000000000000e+03 8.944000000000000000e+03 1.431700000000000000e+04 1.531400000000000000e+04 2.407500000000000000e+04 6.843200000000000000e+04 7.229100000000000000e+04 2.381960000000000000e+05 5.282490000000000000e+05 1.193737000000000000e+06
9.000000000000000000e+01 5.400000000000000000e+01 7.700000000000000000e+01 9.200000000000000000e+01 1.530000000000000000e+02 4.310000000000000000e+02 6.270000000000000000e+02 1.212000000000000000e+03 2.503000000000000000e+03 3.148000000000000000e+03 2.648000000000000000e+03 3.952000000000000000e+03 7.517000000000000000e+03 1.033400000000000000e+04 2.856700000000000000e+04 4.452700000000000000e+04 6.618500000000000000e+04 1.808510000000000000e+05 1.592040000000000000e+05
3.330000000000000000e+02 2.930000000000000000e+02 5.790000000000000000e+02 4.990000000000000000e+02 7.680000000000000000e+02 1.722000000000000000e+03 2.657000000000000000e+03 4.098000000000000000e+03 8.142000000000000000e+03 9.004000000000000000e+03 1.659800000000000000e+04 2.715200000000000000e+04 3.771700000000000000e+04 8.050500000000000000e+04 1.791120000000000000e+05 1.837830000000000000e+05 3.512910000000000000e+05 1.051458000000000000e+06 1.255686000000000000e+06
2.311000000000000000e+03 1.627000000000000000e+03 2.537000000000000000e+03 2.559000000000000000e+03 4.170000000000000000e+03 1.057100000000000000e+04 1.527200000000000000e+04 2.844500000000000000e+04 6.466100000000000000e+04 6.891000000000000000e+04 1.072660000000000000e+05 2.223270000000000000e+05 2.957180000000000000e+05 4.029150000000000000e+05 1.163648000000000000e+06 1.903990000000000000e+06 2.965193000000000000e+06 1.190316400000000000e+07 1.859951700000000000e+07
3.194000000000000000e+03 1.693000000000000000e+03 2.478000000000000000e+03 2.622000000000000000e+03 4.096000000000000000e+03 1.077300000000000000e+04 1.714500000000000000e+04 3.140400000000000000e+04 7.301800000000000000e+04 8.367400000000000000e+04 1.087390000000000000e+05 2.195030000000000000e+05 2.778150000000000000e+05 4.535400000000000000e+05 1.392438000000000000e+06 1.771895000000000000e+06 3.003272000000000000e+06 1.127113200000000000e+07 1.649564100000000000e+07
4.672000000000000000e+03 2.627000000000000000e+03 3.844000000000000000e+03 3.328000000000000000e+03 5.310000000000000000e+03 1.545600000000000000e+04 2.524500000000000000e+04 4.438800000000000000e+04 9.490500000000000000e+04 1.092760000000000000e+05 1.633110000000000000e+05 3.698300000000000000e+05 5.763470000000000000e+05 1.001958000000000000e+06 2.588839000000000000e+06 4.420882000000000000e+06 7.678922000000000000e+06 2.390519100000000000e+07 3.338217200000000000e+07
2.256000000000000000e+03 1.050000000000000000e+03 1.480000000000000000e+03 1.875000000000000000e+03 3.198000000000000000e+03 8.450000000000000000e+03 1.274100000000000000e+04 2.250400000000000000e+04 4.922800000000000000e+04 5.159800000000000000e+04 7.805200000000000000e+04 1.608230000000000000e+05 1.689460000000000000e+05 3.051130000000000000e+05 7.973860000000000000e+05 9.784930000000000000e+05 1.634956000000000000e+06 6.286828000000000000e+06 1.046526200000000000e+07
6.900000000000000000e+01 4.800000000000000000e+01 6.300000000000000000e+01 6.200000000000000000e+01 1.060000000000000000e+02 3.580000000000000000e+02 4.100000000000000000e+02 7.510000000000000000e+02 1.484000000000000000e+03 1.708000000000000000e+03 2.383000000000000000e+03 4.639000000000000000e+03 5.458000000000000000e+03 9.914000000000000000e+03 2.266000000000000000e+04 2.457500000000000000e+04 6.686700000000000000e+04 2.159760000000000000e+05 4.457210000000000000e+05
3.537000000000000000e+03 1.976000000000000000e+03 3.036000000000000000e+03 3.036000000000000000e+03 4.916000000000000000e+03 1.255200000000000000e+04 1.948100000000000000e+04 3.311700000000000000e+04 7.379500000000000000e+04 7.853800000000000000e+04 1.312620000000000000e+05 2.430050000000000000e+05 4.057500000000000000e+05 6.894840000000000000e+05 1.711967000000000000e+06 2.886387000000000000e+06 5.019817000000000000e+06 1.666811600000000000e+07 2.550178300000000000e+07
3.864000000000000000e+03 2.550000000000000000e+03 3.770000000000000000e+03 3.490000000000000000e+03 5.313000000000000000e+03 1.454800000000000000e+04 2.241700000000000000e+04 3.730600000000000000e+04 8.355900000000000000e+04 8.909900000000000000e+04 1.358350000000000000e+05 2.516820000000000000e+05 3.820040000000000000e+05 6.976020000000000000e+05 1.870774000000000000e+06 3.239431000000000000e+06 5.690698000000000000e+06 1.759796500000000000e+07 2.631719700000000000e+07
