# {'chrom': '12', 'window_id': '6', 'statistic': 'H2', 'bounds': [114000000, 134000000], 'span': 20000000, 'n_sites': 11861498, 'coverage': 59.31, 'right_discontinuous': True, 'rows': "{0: 'Altai', 1: 'Chagyrskaya', 2: 'Denisova', 3: 'French-1', 4: 'Han-1', 5: 'Khomani_San-2', 6: 'Papuan-2', 7: 'Vindija', 8: 'Yoruba-1', 9: 'Yoruba-3'}"}
3.000000000000000000e+00 1.000000000000000000e+00 4.000000000000000000e+00 1.600000000000000000e+01 4.100000000000000000e+01 2.060000000000000000e+02 2.340000000000000000e+02 4.260000000000000000e+02 7.220000000000000000e+02 1.167000000000000000e+03 1.409000000000000000e+03 3.441000000000000000e+03 5.376000000000000000e+03 5.711000000000000000e+03 1.798400000000000000e+04 2.414700000000000000e+04 1.039800000000000000e+04 1.142700000000000000e+04 1.474400000000000000e+04
7.000000000000000000e+00 6.000000000000000000e+00 4.900000000000000000e+01 1.500000000000000000e+02 2.610000000000000000e+02 7.590000000000000000e+02 1.205000000000000000e+03 1.974000000000000000e+03 4.769000000000000000e+03 5.137000000000000000e+03 6.818000000000000000e+03 1.055000000000000000e+04 1.473200000000000000e+04 2.234700000000000000e+04 5.133900000000000000e+04 6.730400000000000000e+04 1.209450000000000000e+05 3.894520000000000000e+05 5.712650000000000000e+05
1.000000000000000000e+00 5.000000000000000000e+00 4.300000000000000000e+01 1.080000000000000000e+02 2.320000000000000000e+02 6.910000000000000000e+02 1.082000000000000000e+03 1.936000000000000000e+03 4.166000000000000000e+03 4.718000000000000000e+03 6.303000000000000000e+03 1.002700000000000000e+04 1.230600000000000000e+04 2.153800000000000000e+04 5.606000000000000000e+04 9.331500000000000000e+04 1.380820000000000000e+05 4.199640000000000000e+05 6.705360000000000000e+05
7.370000000000000000e+02 5.830000000000000000e+02 7.270000000000000000e+02 9.310000000000000000e+02 1.784000000000000000e+03 5.944000000000000000e+03 9.740000000000000000e+03 1.921900000000000000e+04 4.230800000000000000e+04 4.843700000000000000e+04 6.528800000000000000e+04 1.194480000000000000e+05 1.485030000000000000e+05 3.155510000000000000e+05 7.162890000000000000e+05 1.005719000000000000e+06 2.077367000000000000e+06 6.301704000000000000e+06 9.721256000000000000e+06
3.860000000000000000e+02 2.940000000000000000e+02 6.910000000000000000e+02 1.070000000000000000e+03 1.762000000000000000e+03 5.053000000000000000e+03 8.943000000000000000e+03 1.537900000000000000e+04 3.425200000000000000e+04 3.826900000000000000e+04 4.950600000000000000e+04 8.607800000000000000e+04 9.353900000000000000e+04 1.781870000000000000e+05 5.580770000000000000e+05 8.943050000000000000e+05 1.808230000000000000e+06 5.279291000000000000e+06 8.529423000000000000e+06
1.369000000000000000e+03 6.920000000000000000e+02 1.219000000000000000e+03 1.730000000000000000e+03 3.094000000000000000e+03 1.022100000000000000e+04 1.660100000000000000e+04 2.828200000000000000e+04 6.218000000000000000e+04 7.144900000000000000e+04 9.526400000000000000e+04 1.735800000000000000e+05 2.474480000000000000e+05 5.144890000000000000e+05 1.405416000000000000e+06 2.250156000000000000e+06 4.294164000000000000e+06 1.294230400000000000e+07 2.087892000000000000e+07
3.820000000000000000e+02 2.690000000000000000e+02 5.170000000000000000e+02 8.200000000000000000e+02 1.391000000000000000e+03 4.810000000000000000e+03 7.595000000000000000e+03 1.495800000000000000e+04 3.210800000000000000e+04 3.744400000000000000e+04 4.875500000000000000e+04 7.855000000000000000e+04 7.366300000000000000e+04 1.748030000000000000e+05 4.005080000000000000e+05 6.188290000000000000e+05 1.240943000000000000e+06 3.856180000000000000e+06 5.927725000000000000e+06
8.000000000000000000e+00 2.400000000000000000e+01 2.000000000000000000e+01 4.800000000000000000e+01 8.100000000000000000e+01 2.380000000000000000e+02 4.690000000000000000e+02 6.790000000000000000e+02 1.422000000000000000e+03 1.873000000000000000e+03 2.285000000000000000e+03 3.376000000000000000e+03 3.484000000000000000e+03 5.941000000000000000e+03 1.919900000000000000e+04 2.973800000000000000e+04 5.921200000000000000e+04 1.704530000000000000e+05 2.310630000000000000e+05
1.266000000000000000e+03 6.610000000000000000e+02 1.235000000000000000e+03 1.734000000000000000e+03 3.041000000000000000e+03 9.375000000000000000e+03 1.505800000000000000e+04 2.586300000000000000e+04 5.955500000000000000e+04 6.241100000000000000e+04 8.806100000000000000e+04 1.580880000000000000e+05 2.306840000000000000e+05 4.530210000000000000e+05 1.332587000000000000e+06 2.077279000000000000e+06 4.011285000000000000e+06 1.221596900000000000e+07 1.934992200000000000e+07
3.260000000000000000e+02 3.840000000000000000e+02 1.079000000000000000e+03 1.643000000000000000e+03 2.988000000000000000e+03 8.430000000000000000e+03 1.444800000000000000e+04 2.528700000000000000e+04 5.571200000000000000e+04 6.083200000000000000e+04 8.760100000000000000e+04 1.599190000000000000e+05 2.056370000000000000e+05 4.589770000000000000e+05 1.179304000000000000e+06 1.838428000000000000e+06 3.574410000000000000e+06 1.095222100000000000e+07 1.736701800000000000e+07
