# {'chrom': '12', 'window_id': '2', 'statistic': 'H2', 'bounds': [37000000, 56000000], 'span': 19000000, 'n_sites': 10436551, 'coverage': 54.93, 'right_discontinuous': False, 'rows': "{0: 'Altai', 1: 'Chagyrskaya', 2: 'Denisova', 3: 'French-1', 4: 'Han-1', 5: 'Khomani_San-2', 6: 'Papuan-2', 7: 'Vindija', 8: 'Yoruba-1', 9: 'Yoruba-3'}"}
1.070000000000000000e+02 1.000000000000000000e+02 1.150000000000000000e+02 5.800000000000000000e+01 1.720000000000000000e+02 5.550000000000000000e+02 8.090000000000000000e+02 8.810000000000000000e+02 2.018000000000000000e+03 2.078000000000000000e+03 3.290000000000000000e+03 6.999000000000000000e+03 1.050300000000000000e+04 1.786700000000000000e+04 3.439800000000000000e+04 5.526600000000000000e+04 1.016900000000000000e+05 3.351640000000000000e+05 8.016340000000000000e+05
2.250000000000000000e+02 1.790000000000000000e+02 2.430000000000000000e+02 2.240000000000000000e+02 4.980000000000000000e+02 1.561000000000000000e+03 2.515000000000000000e+03 3.977000000000000000e+03 7.168000000000000000e+03 6.285000000000000000e+03 1.228000000000000000e+04 2.390000000000000000e+04 2.942600000000000000e+04 3.294100000000000000e+04 1.305190000000000000e+05 1.314940000000000000e+05 1.267350000000000000e+05 3.934420000000000000e+05 5.175760000000000000e+05
9.200000000000000000e+01 4.100000000000000000e+01 6.900000000000000000e+01 8.700000000000000000e+01 1.740000000000000000e+02 5.650000000000000000e+02 8.040000000000000000e+02 1.067000000000000000e+03 2.828000000000000000e+03 3.371000000000000000e+03 3.841000000000000000e+03 7.969000000000000000e+03 9.188000000000000000e+03 1.465800000000000000e+04 3.914400000000000000e+04 6.777200000000000000e+04 1.241770000000000000e+05 3.553010000000000000e+05 5.701910000000000000e+05
4.621000000000000000e+03 1.528000000000000000e+03 1.945000000000000000e+03 1.917000000000000000e+03 2.884000000000000000e+03 9.750000000000000000e+03 1.526000000000000000e+04 2.357000000000000000e+04 5.095000000000000000e+04 6.410400000000000000e+04 9.702700000000000000e+04 2.121980000000000000e+05 2.748550000000000000e+05 4.021670000000000000e+05 1.114528000000000000e+06 1.874117000000000000e+06 3.772297000000000000e+06 1.083400500000000000e+07 1.782318700000000000e+07
1.963000000000000000e+03 1.090000000000000000e+03 2.027000000000000000e+03 2.006000000000000000e+03 2.986000000000000000e+03 7.246000000000000000e+03 1.255300000000000000e+04 2.086600000000000000e+04 4.793400000000000000e+04 6.355700000000000000e+04 9.527900000000000000e+04 1.941380000000000000e+05 2.501900000000000000e+05 3.122580000000000000e+05 8.967100000000000000e+05 1.359405000000000000e+06 2.683953000000000000e+06 7.992590000000000000e+06 1.377751300000000000e+07
3.652000000000000000e+03 1.942000000000000000e+03 2.918000000000000000e+03 3.156000000000000000e+03 4.476000000000000000e+03 1.433100000000000000e+04 2.269300000000000000e+04 3.302000000000000000e+04 7.296000000000000000e+04 9.193500000000000000e+04 1.379810000000000000e+05 3.178720000000000000e+05 4.492200000000000000e+05 7.149890000000000000e+05 1.937545000000000000e+06 3.363151000000000000e+06 5.514114000000000000e+06 1.491131600000000000e+07 2.146653100000000000e+07
2.048000000000000000e+03 9.230000000000000000e+02 1.316000000000000000e+03 1.453000000000000000e+03 2.147000000000000000e+03 5.833000000000000000e+03 8.915000000000000000e+03 1.471300000000000000e+04 3.495300000000000000e+04 3.907800000000000000e+04 6.622800000000000000e+04 1.210610000000000000e+05 1.366660000000000000e+05 1.636010000000000000e+05 6.206710000000000000e+05 8.970850000000000000e+05 1.582335000000000000e+06 4.171980000000000000e+06 7.378605000000000000e+06
9.820000000000000000e+02 9.700000000000000000e+01 1.710000000000000000e+02 1.460000000000000000e+02 4.800000000000000000e+02 2.084000000000000000e+03 2.504000000000000000e+03 5.244000000000000000e+03 1.035100000000000000e+04 9.023000000000000000e+03 9.435000000000000000e+03 2.857300000000000000e+04 3.375400000000000000e+04 5.189900000000000000e+04 1.133590000000000000e+05 1.445290000000000000e+05 1.872820000000000000e+05 5.522890000000000000e+05 8.178980000000000000e+05
4.544000000000000000e+03 1.949000000000000000e+03 2.995000000000000000e+03 2.790000000000000000e+03 4.215000000000000000e+03 1.340100000000000000e+04 2.061900000000000000e+04 3.478000000000000000e+04 6.886500000000000000e+04 8.502900000000000000e+04 1.268510000000000000e+05 2.800990000000000000e+05 4.033640000000000000e+05 6.780600000000000000e+05 1.905658000000000000e+06 3.355341000000000000e+06 5.736625000000000000e+06 1.639459600000000000e+07 2.600787600000000000e+07
2.267000000000000000e+03 1.314000000000000000e+03 2.191000000000000000e+03 2.827000000000000000e+03 4.503000000000000000e+03 1.335700000000000000e+04 1.960200000000000000e+04 3.069200000000000000e+04 6.710200000000000000e+04 8.152800000000000000e+04 1.326410000000000000e+05 2.974080000000000000e+05 3.736790000000000000e+05 6.000360000000000000e+05 1.748045000000000000e+06 2.936566000000000000e+06 5.796541000000000000e+06 1.648564100000000000e+07 2.713414400000000000e+07
