# 'name' : 'rogers_a02_b00_d05_g00'
# 'source' : 'rogers_a02_b00_d05_g00.yaml'
# 'sample_pops' : ['X', 'D', 'Y', 'N']
# 'sample_size' : 1
# 'n_reps' : 100
# 'n_windows' : 200
# 'seq_length' : 100000000.0
# 'window_length' : 500000.0
# 'recomb_rate' : 1e-08
# 'mut_rate' : 1e-08
# 'created' : None
0.000000000000000000e+00 0.000000000000000000e+00 0.000000000000000000e+00 0.000000000000000000e+00 2.916864508688977032e-04 0.000000000000000000e+00 0.000000000000000000e+00 0.000000000000000000e+00 7.755531912328293828e-04 7.970176574797803795e-04 0.000000000000000000e+00 0.000000000000000000e+00 8.307707037124897453e-04 8.464111980800889364e-04 1.276654709066111278e-04 0.000000000000000000e+00
0.000000000000000000e+00 0.000000000000000000e+00 0.000000000000000000e+00 0.000000000000000000e+00 2.923930051903346570e-04 0.000000000000000000e+00 0.000000000000000000e+00 0.000000000000000000e+00 7.876162045314257475e-04 8.033533866047589799e-04 0.000000000000000000e+00 0.000000000000000000e+00 8.471427513624822702e-04 8.533940960599930171e-04 1.324349112946872126e-04 0.000000000000000000e+00
0.000000000000000000e+00 0.000000000000000000e+00 0.000000000000000000e+00 0.000000000000000000e+00 2.856872543078692143e-04 0.000000000000000000e+00 0.000000000000000000e+00 0.000000000000000000e+00 7.734470179206029590e-04 7.949753741897183385e-04 0.000000000000000000e+00 0.000000000000000000e+00 8.350933775295393911e-04 8.500417972051138278e-04 1.206547006740804563e-04 0.000000000000000000e+00
0.000000000000000000e+00 0.000000000000000000e+00 0.000000000000000000e+00 0.000000000000000000e+00 2.973957872149650297e-04 0.000000000000000000e+00 0.000000000000000000e+00 0.000000000000000000e+00 7.976860023942112729e-04 8.172531729826364513e-04 0.000000000000000000e+00 0.000000000000000000e+00 8.620760401169124277e-04 8.742499038840044392e-04 1.220701606768663451e-04 0.000000000000000000e+00
0.000000000000000000e+00 0.000000000000000000e+00 0.000000000000000000e+00 0.000000000000000000e+00 2.961755309654113166e-04 0.000000000000000000e+00 0.000000000000000000e+00 0.000000000000000000e+00 7.950306971285565514e-04 8.169482659465858920e-04 0.000000000000000000e+00 0.000000000000000000e+00 8.470851158926460912e-04 8.616676301295223342e-04 1.194543470386854255e-04 0.000000000000000000e+00
0.000000000000000000e+00 0.000000000000000000e+00 0.000000000000000000e+00 0.000000000000000000e+00 3.025010965624618528e-04 0.000000000000000000e+00 0.000000000000000000e+00 0.000000000000000000e+00 8.046349037873218183e-04 8.268773986137219504e-04 0.000000000000000000e+00 0.000000000000000000e+00 8.492953399387615128e-04 8.657134129326529660e-04 1.252815400884271964e-04 0.000000000000000000e+00
0.000000000000000000e+00 0.000000000000000000e+00 0.000000000000000000e+00 0.000000000000000000e+00 2.840360449321102133e-04 0.000000000000000000e+00 0.000000000000000000e+00 0.000000000000000000e+00 7.770184289246788488e-04 8.011991809247053908e-04 0.000000000000000000e+00 0.000000000000000000e+00 8.470871867326805905e-04 8.659207605827515686e-04 1.324531527951839087e-04 0.000000000000000000e+00
0.000000000000000000e+00 0.000000000000000000e+00 0.000000000000000000e+00 0.000000000000000000e+00 2.958564276040771953e-04 0.000000000000000000e+00 0.000000000000000000e+00 0.000000000000000000e+00 7.900090636678062071e-04 8.064319411102980131e-04 0.000000000000000000e+00 0.000000000000000000e+00 8.644520445425518673e-04 8.753250673330866287e-04 1.185561161781229839e-04 0.000000000000000000e+00
0.000000000000000000e+00 0.000000000000000000e+00 0.000000000000000000e+00 0.000000000000000000e+00 2.840726497344502836e-04 0.000000000000000000e+00 0.000000000000000000e+00 0.000000000000000000e+00 7.572809988014893648e-04 7.816767547061456971e-04 0.000000000000000000e+00 0.000000000000000000e+00 8.276041882231736056e-04 8.443553085652279232e-04 1.293278094670721376e-04 0.000000000000000000e+00
0.000000000000000000e+00 0.000000000000000000e+00 0.000000000000000000e+00 0.000000000000000000e+00 2.924911732097153173e-04 0.000000000000000000e+00 0.000000000000000000e+00 0.000000000000000000e+00 7.933937332775632201e-04 8.167271773994263682e-04 0.000000000000000000e+00 0.000000000000000000e+00 8.506193336443247828e-04 8.637678396920103535e-04 1.291212243638702011e-04 0.000000000000000000e+00
0.000000000000000000e+00 0.000000000000000000e+00 0.000000000000000000e+00 0.000000000000000000e+00 2.923235964786710206e-04 0.000000000000000000e+00 0.000000000000000000e+00 0.000000000000000000e+00 7.865303051525902823e-04 8.020242873978175981e-04 0.000000000000000000e+00 0.000000000000000000e+00 8.496170796104780343e-04 8.597295099014007737e-04 1.274607641905768965e-04 0.000000000000000000e+00
0.000000000000000000e+00 0.000000000000000000e+00 0.000000000000000000e+00 0.000000000000000000e+00 2.917726081468348495e-04 0.000000000000000000e+00 0.000000000000000000e+00 0.000000000000000000e+00 7.801138724211889239e-04 7.995726257030498323e-04 0.000000000000000000e+00 0.000000000000000000e+00 8.474824317599119906e-04 8.614522106186718814e-04 1.311535161579628433e-04 0.000000000000000000e+00
0.000000000000000000e+00 0.000000000000000000e+00 0.000000000000000000e+00 0.000000000000000000e+00 2.884430873125868374e-04 0.000000000000000000e+00 0.000000000000000000e+00 0.000000000000000000e+00 7.957101586497398668e-04 8.184496098322530111e-04 0.000000000000000000e+00 0.000000000000000000e+00 8.513380225105525445e-04 8.688113387116580457e-04 1.275287588373441876e-04 0.000000000000000000e+00
0.000000000000000000e+00 0.000000000000000000e+00 0.000000000000000000e+00 0.000000000000000000e+00 2.878991002994845273e-04 0.000000000000000000e+00 0.000000000000000000e+00 0.000000000000000000e+00 7.824420435684050152e-04 7.993983026853720931e-04 0.000000000000000000e+00 0.000000000000000000e+00 8.291057091637929130e-04 8.364727244935038150e-04 1.322531628282093397e-04 0.000000000000000000e+00
0.000000000000000000e+00 0.000000000000000000e+00 0.000000000000000000e+00 0.000000000000000000e+00 2.917274077175977280e-04 0.000000000000000000e+00 0.000000000000000000e+00 0.000000000000000000e+00 8.042707495684701686e-04 8.296006051811870632e-04 0.000000000000000000e+00 0.000000000000000000e+00 8.625667781423765378e-04 8.820348740134041502e-04 1.289953583038612928e-04 0.000000000000000000e+00
0.000000000000000000e+00 0.000000000000000000e+00 0.000000000000000000e+00 0.000000000000000000e+00 2.959848035841468740e-04 0.000000000000000000e+00 0.000000000000000000e+00 0.000000000000000000e+00 7.848219564899922441e-04 8.074958587906886070e-04 0.000000000000000000e+00 0.000000000000000000e+00 8.556347441282574672e-04 8.715681936863732288e-04 1.234463022557847559e-04 0.000000000000000000e+00
0.000000000000000000e+00 0.000000000000000000e+00 0.000000000000000000e+00 0.000000000000000000e+00 2.893185617623930564e-04 0.000000000000000000e+00 0.000000000000000000e+00 0.000000000000000000e+00 7.832023801045363744e-04 7.987210750170664099e-04 0.000000000000000000e+00 0.000000000000000000e+00 8.373724966781591773e-04 8.470000717765991923e-04 1.339538350676037397e-04 0.000000000000000000e+00
0.000000000000000000e+00 0.000000000000000000e+00 0.000000000000000000e+00 0.000000000000000000e+00 2.935553345787896180e-04 0.000000000000000000e+00 0.000000000000000000e+00 0.000000000000000000e+00 7.895870773020446627e-04 8.121161584609702449e-04 0.000000000000000000e+00 0.000000000000000000e+00 8.438480563189100546e-04 8.613295629594336063e-04 1.353463774977273334e-04 0.000000000000000000e+00
0.000000000000000000e+00 0.000000000000000000e+00 0.000000000000000000e+00 0.000000000000000000e+00 3.039994148623135573e-04 0.000000000000000000e+00 0.000000000000000000e+00 0.000000000000000000e+00 7.907587249915722224e-04 8.164380558321014799e-04 0.000000000000000000e+00 0.000000000000000000e+00 8.448410971222130878e-04 8.606713176512805234e-04 1.221278147469836701e-04 0.000000000000000000e+00
0.000000000000000000e+00 0.000000000000000000e+00 0.000000000000000000e+00 0.000000000000000000e+00 2.855466411103087417e-04 0.000000000000000000e+00 0.000000000000000000e+00 0.000000000000000000e+00 7.640693313926008937e-04 7.888260499063259922e-04 0.000000000000000000e+00 0.000000000000000000e+00 8.153570933024331148e-04 8.303897717834381100e-04 1.151956363462525309e-04 0.000000000000000000e+00
0.000000000000000000e+00 0.000000000000000000e+00 0.000000000000000000e+00 0.000000000000000000e+00 2.895082045043970934e-04 0.000000000000000000e+00 0.000000000000000000e+00 0.000000000000000000e+00 7.561758386593249188e-04 7.783555466289425202e-04 0.000000000000000000e+00 0.000000000000000000e+00 8.378509970346450673e-04 8.557402731084140469e-04 1.234082076642220897e-04 0.000000000000000000e+00
0.000000000000000000e+00 0.000000000000000000e+00 0.000000000000000000e+00 0.000000000000000000e+00 2.921772920127031531e-04 0.000000000000000000e+00 0.000000000000000000e+00 0.000000000000000000e+00 7.896983532028729012e-04 8.126434909482298154e-04 0.000000000000000000e+00 0.000000000000000000e+00 8.453568765413747637e-04 8.602801524444552220e-04 1.216902082802148613e-04 0.000000000000000000e+00
0.000000000000000000e+00 0.000000000000000000e+00 0.000000000000000000e+00 0.000000000000000000e+00 2.952546288904464491e-04 0.000000000000000000e+00 0.000000000000000000e+00 0.000000000000000000e+00 7.800708116260353722e-04 7.996161893575295032e-04 0.000000000000000000e+00 0.000000000000000000e+00 8.314441383695663238e-04 8.468156270358733135e-04 1.129849847599582172e-04 0.000000000000000000e+00
0.000000000000000000e+00 0.000000000000000000e+00 0.000000000000000000e+00 0.000000000000000000e+00 2.831316229705241761e-04 0.000000000000000000e+00 0.000000000000000000e+00 0.000000000000000000e+00 7.718537478385730476e-04 7.939730145128569630e-04 0.000000000000000000e+00 0.000000000000000000e+00 8.272789603370124707e-04 8.434790300593539378e-04 1.175562910581032618e-04 0.000000000000000000e+00
0.000000000000000000e+00 0.000000000000000000e+00 0.000000000000000000e+00 0.000000000000000000e+00 2.885956825102108884e-04 0.000000000000000000e+00 0.000000000000000000e+00 0.000000000000000000e+00 7.878296172880581072e-04 8.045746607365916996e-04 0.000000000000000000e+00 0.000000000000000000e+00 8.322162223732767908e-04 8.424796048361687072e-04 1.325770621175324326e-04 0.000000000000000000e+00
0.000000000000000000e+00 0.000000000000000000e+00 0.000000000000000000e+00 0.000000000000000000e+00 3.065026907092923878e-04 0.000000000000000000e+00 0.000000000000000000e+00 0.000000000000000000e+00 8.099659077872165469e-04 8.290087783828285718e-04 0.000000000000000000e+00 0.000000000000000000e+00 8.678133259193821338e-04 8.820810333167078453e-04 1.161815237432145873e-04 0.000000000000000000e+00
0.000000000000000000e+00 0.000000000000000000e+00 0.000000000000000000e+00 0.000000000000000000e+00 2.990960022664168692e-04 0.000000000000000000e+00 0.000000000000000000e+00 0.000000000000000000e+00 8.037643887844930952e-04 8.210528669552062588e-04 0.000000000000000000e+00 0.000000000000000000e+00 8.726715781759608777e-04 8.827279887831044735e-04 1.267906069804156338e-04 0.000000000000000000e+00
0.000000000000000000e+00 0.000000000000000000e+00 0.000000000000000000e+00 0.000000000000000000e+00 2.951726368349367937e-04 0.000000000000000000e+00 0.000000000000000000e+00 0.000000000000000000e+00 7.716912323476124175e-04 7.973058205929280237e-04 0.000000000000000000e+00 0.000000000000000000e+00 8.223586702689778287e-04 8.421311054757841174e-04 1.133953230568187308e-04 0.000000000000000000e+00
0.000000000000000000e+00 0.000000000000000000e+00 0.000000000000000000e+00 0.000000000000000000e+00 2.887576141761767677e-04 0.000000000000000000e+00 0.000000000000000000e+00 0.000000000000000000e+00 8.012473472336118126e-04 8.179624723621340939e-04 0.000000000000000000e+00 0.000000000000000000e+00 8.639832805023853418e-04 8.751517256476908178e-04 1.307300383811794097e-04 0.000000000000000000e+00
0.000000000000000000e+00 0.000000000000000000e+00 0.000000000000000000e+00 0.000000000000000000e+00 2.993102852811743947e-04 0.000000000000000000e+00 0.000000000000000000e+00 0.000000000000000000e+00 7.758865128104809735e-04 7.980508857295666404e-04 0.000000000000000000e+00 0.000000000000000000e+00 8.452961942568743047e-04 8.612941691925132684e-04 1.260423214395048797e-04 0.000000000000000000e+00
0.000000000000000000e+00 0.000000000000000000e+00 0.000000000000000000e+00 0.000000000000000000e+00 2.840226720561268262e-04 0.000000000000000000e+00 0.000000000000000000e+00 0.000000000000000000e+00 7.556964499718719745e-04 7.767302901743877719e-04 0.000000000000000000e+00 0.000000000000000000e+00 8.326067346509375810e-04 8.475123729772692134e-04 1.272052774329577641e-04 0.000000000000000000e+00
0.000000000000000000e+00 0.000000000000000000e+00 0.000000000000000000e+00 0.000000000000000000e+00 3.035912402141880328e-04 0.000000000000000000e+00 0.000000000000000000e+00 0.000000000000000000e+00 8.021942724038802659e-04 8.220659159589091677e-04 0.000000000000000000e+00 0.000000000000000000e+00 8.587589939137862819e-04 8.703587595547345422e-04 1.215334793124644237e-04 0.000000000000000000e+00
0.000000000000000000e+00 0.000000000000000000e+00 0.000000000000000000e+00 0.000000000000000000e+00 2.835096065556662478e-04 0.000000000000000000e+00 0.000000000000000000e+00 0.000000000000000000e+00 8.042751557714376527e-04 8.262579364229762167e-04 0.000000000000000000e+00 0.000000000000000000e+00 8.605754773481203747e-04 8.786918149441723868e-04 1.275260774590890409e-04 0.000000000000000000e+00
0.000000000000000000e+00 0.000000000000000000e+00 0.000000000000000000e+00 0.000000000000000000e+00 2.945639535079194499e-04 0.000000000000000000e+00 0.000000000000000000e+00 0.000000000000000000e+00 7.800222072876282584e-04 8.054227829372859410e-04 0.000000000000000000e+00 0.000000000000000000e+00 8.401294811999707179e-04 8.591359891048475257e-04 1.247979612448203994e-04 0.000000000000000000e+00
0.000000000000000000e+00 0.000000000000000000e+00 0.000000000000000000e+00 0.000000000000000000e+00 2.947542321521891186e-04 0.000000000000000000e+00 0.000000000000000000e+00 0.000000000000000000e+00 7.823605085782911993e-04 8.021054084267857784e-04 0.000000000000000000e+00 0.000000000000000000e+00 8.362842537927502344e-04 8.505551049466483944e-04 1.172883638439926060e-04 0.000000000000000000e+00
0.000000000000000000e+00 0.000000000000000000e+00 0.000000000000000000e+00 0.000000000000000000e+00 2.912692135171784718e-04 0.000000000000000000e+00 0.000000000000000000e+00 0.000000000000000000e+00 8.092609912800630394e-04 8.234201646049924515e-04 0.000000000000000000e+00 0.000000000000000000e+00 8.658293346917197942e-04 8.757367077170807998e-04 1.241075399124664700e-04 0.000000000000000000e+00
0.000000000000000000e+00 0.000000000000000000e+00 0.000000000000000000e+00 0.000000000000000000e+00 3.073367220666113771e-04 0.000000000000000000e+00 0.000000000000000000e+00 0.000000000000000000e+00 7.994475024110246804e-04 8.298347981702891910e-04 0.000000000000000000e+00 0.000000000000000000e+00 8.679843680945947652e-04 8.942636581397771190e-04 1.191391270576448404e-04 0.000000000000000000e+00
0.000000000000000000e+00 0.000000000000000000e+00 0.000000000000000000e+00 0.000000000000000000e+00 2.946459348595649864e-04 0.000000000000000000e+00 0.000000000000000000e+00 0.000000000000000000e+00 7.773424053828398034e-04 8.040925490635959794e-04 0.000000000000000000e+00 0.000000000000000000e+00 8.470519020320388306e-04 8.683896585589854578e-04 1.344984018190895699e-04 0.000000000000000000e+00
0.000000000000000000e+00 0.000000000000000000e+00 0.000000000000000000e+00 0.000000000000000000e+00 2.944615283405433380e-04 0.000000000000000000e+00 0.000000000000000000e+00 0.000000000000000000e+00 7.886721214787835487e-04 8.096709601386090993e-04 0.000000000000000000e+00 0.000000000000000000e+00 8.519533405937151438e-04 8.643331822566125864e-04 1.327714874550094148e-04 0.000000000000000000e+00
0.000000000000000000e+00 0.000000000000000000e+00 0.000000000000000000e+00 0.000000000000000000e+00 2.861786327588491117e-04 0.000000000000000000e+00 0.000000000000000000e+00 0.000000000000000000e+00 7.738067395203691336e-04 7.962730958134687153e-04 0.000000000000000000e+00 0.000000000000000000e+00 8.404543021409184318e-04 8.571311547240068442e-04 1.219474761160249725e-04 0.000000000000000000e+00
0.000000000000000000e+00 0.000000000000000000e+00 0.000000000000000000e+00 0.000000000000000000e+00 2.891558575998159019e-04 0.000000000000000000e+00 0.000000000000000000e+00 0.000000000000000000e+00 7.823202583926048160e-04 8.080880151693780071e-04 0.000000000000000000e+00 0.000000000000000000e+00 8.369180877738714762e-04 8.572045559686060877e-04 1.247408713278431308e-04 0.000000000000000000e+00
0.000000000000000000e+00 0.000000000000000000e+00 0.000000000000000000e+00 0.000000000000000000e+00 3.051966489842412758e-04 0.000000000000000000e+00 0.000000000000000000e+00 0.000000000000000000e+00 8.023040268006465491e-04 8.175682237074123658e-04 0.000000000000000000e+00 0.000000000000000000e+00 8.689370197577086716e-04 8.763372665905764733e-04 1.282160334341924605e-04 0.000000000000000000e+00
0.000000000000000000e+00 0.000000000000000000e+00 0.000000000000000000e+00 0.000000000000000000e+00 2.810206037726838027e-04 0.000000000000000000e+00 0.000000000000000000e+00 0.000000000000000000e+00 7.793795087677860044e-04 7.967744566608544066e-04 0.000000000000000000e+00 0.000000000000000000e+00 8.549988343789221169e-04 8.682748580111904592e-04 1.399140633106558604e-04 0.000000000000000000e+00
0.000000000000000000e+00 0.000000000000000000e+00 0.000000000000000000e+00 0.000000000000000000e+00 2.915315997123847170e-04 0.000000000000000000e+00 0.000000000000000000e+00 0.000000000000000000e+00 7.665967875443501856e-04 7.931233724136660564e-04 0.000000000000000000e+00 0.000000000000000000e+00 8.277416539860145417e-04 8.475322719926273304e-04 1.281496838001893325e-04 0.000000000000000000e+00
0.000000000000000000e+00 0.000000000000000000e+00 0.000000000000000000e+00 0.000000000000000000e+00 2.966620925844449933e-04 0.000000000000000000e+00 0.000000000000000000e+00 0.000000000000000000e+00 7.918981294074373210e-04 8.158263062418859811e-04 0.000000000000000000e+00 0.000000000000000000e+00 8.588754421765849986e-04 8.763499640825875335e-04 1.161153101365357786e-04 0.000000000000000000e+00
0.000000000000000000e+00 0.000000000000000000e+00 0.000000000000000000e+00 0.000000000000000000e+00 2.896760687828264357e-04 0.000000000000000000e+00 0.000000000000000000e+00 0.000000000000000000e+00 7.696603475136686934e-04 7.865672413607198822e-04 0.000000000000000000e+00 0.000000000000000000e+00 8.305938739386204946e-04 8.404613421577625471e-04 1.095236359224539791e-04 0.000000000000000000e+00
0.000000000000000000e+00 0.000000000000000000e+00 0.000000000000000000e+00 0.000000000000000000e+00 2.957437142633349511e-04 0.000000000000000000e+00 0.000000000000000000e+00 0.000000000000000000e+00 7.919494339212650386e-04 8.068416012059966436e-04 0.000000000000000000e+00 0.000000000000000000e+00 8.553751205779515018e-04 8.651926651001174296e-04 1.356658453079439045e-04 0.000000000000000000e+00
0.000000000000000000e+00 0.000000000000000000e+00 0.000000000000000000e+00 0.000000000000000000e+00 2.996007639194095190e-04 0.000000000000000000e+00 0.000000000000000000e+00 0.000000000000000000e+00 7.706890897832946973e-04 7.976570586169721803e-04 0.000000000000000000e+00 0.000000000000000000e+00 8.463278751250483990e-04 8.671803466562755724e-04 1.487644260790251850e-04 0.000000000000000000e+00
0.000000000000000000e+00 0.000000000000000000e+00 0.000000000000000000e+00 0.000000000000000000e+00 2.962187506653062843e-04 0.000000000000000000e+00 0.000000000000000000e+00 0.000000000000000000e+00 7.869902366854013114e-04 8.100244121144570437e-04 0.000000000000000000e+00 0.000000000000000000e+00 8.535066671115901140e-04 8.686084963995860300e-04 1.138919969647294651e-04 0.000000000000000000e+00
0.000000000000000000e+00 0.000000000000000000e+00 0.000000000000000000e+00 0.000000000000000000e+00 2.936899434878125891e-04 0.000000000000000000e+00 0.000000000000000000e+00 0.000000000000000000e+00 7.928265825267401170e-04 8.112038105562436848e-04 0.000000000000000000e+00 0.000000000000000000e+00 8.416354494432197030e-04 8.490215241437866836e-04 1.267332331608205063e-04 0.000000000000000000e+00
0.000000000000000000e+00 0.000000000000000000e+00 0.000000000000000000e+00 0.000000000000000000e+00 3.095213919381165036e-04 0.000000000000000000e+00 0.000000000000000000e+00 0.000000000000000000e+00 8.063069758151679423e-04 8.359242108916813303e-04 0.000000000000000000e+00 0.000000000000000000e+00 8.576087951619456662e-04 8.788207838066183428e-04 1.293940245566811123e-04 0.000000000000000000e+00
0.000000000000000000e+00 0.000000000000000000e+00 0.000000000000000000e+00 0.000000000000000000e+00 3.040539449820397057e-04 0.000000000000000000e+00 0.000000000000000000e+00 0.000000000000000000e+00 7.927408187808384884e-04 8.160657106881749091e-04 0.000000000000000000e+00 0.000000000000000000e+00 8.517251956093418834e-04 8.720596677355977244e-04 1.265852776674468373e-04 0.000000000000000000e+00
0.000000000000000000e+00 0.000000000000000000e+00 0.000000000000000000e+00 0.000000000000000000e+00 2.899965205174787216e-04 0.000000000000000000e+00 0.000000000000000000e+00 0.000000000000000000e+00 7.946667338378164388e-04 8.077532216401509240e-04 0.000000000000000000e+00 0.000000000000000000e+00 8.379543987103506720e-04 8.427259146410354422e-04 1.010394497901935545e-04 0.000000000000000000e+00
0.000000000000000000e+00 0.000000000000000000e+00 0.000000000000000000e+00 0.000000000000000000e+00 3.058623026396908753e-04 0.000000000000000000e+00 0.000000000000000000e+00 0.000000000000000000e+00 8.103831074606424045e-04 8.399598942183682292e-04 0.000000000000000000e+00 0.000000000000000000e+00 8.657167939431311722e-04 8.896385447167436036e-04 1.200027075813649000e-04 0.000000000000000000e+00
0.000000000000000000e+00 0.000000000000000000e+00 0.000000000000000000e+00 0.000000000000000000e+00 3.051485068801048782e-04 0.000000000000000000e+00 0.000000000000000000e+00 0.000000000000000000e+00 8.097545549882169359e-04 8.265232014590935625e-04 0.000000000000000000e+00 0.000000000000000000e+00 8.653712338371600090e-04 8.720352999121877037e-04 1.285437021023788727e-04 0.000000000000000000e+00
0.000000000000000000e+00 0.000000000000000000e+00 0.000000000000000000e+00 0.000000000000000000e+00 2.915830109582744794e-04 0.000000000000000000e+00 0.000000000000000000e+00 0.000000000000000000e+00 7.795669794965345368e-04 7.992092083337205529e-04 0.000000000000000000e+00 0.000000000000000000e+00 8.364336324325779117e-04 8.487546821639030143e-04 1.274131826252907255e-04 0.000000000000000000e+00
0.000000000000000000e+00 0.000000000000000000e+00 0.000000000000000000e+00 0.000000000000000000e+00 2.926050728390756808e-04 0.000000000000000000e+00 0.000000000000000000e+00 0.000000000000000000e+00 7.848802865981109730e-04 8.079342771252838278e-04 0.000000000000000000e+00 0.000000000000000000e+00 8.562162742631665695e-04 8.720409796742134220e-04 1.482429147565976263e-04 0.000000000000000000e+00
0.000000000000000000e+00 0.000000000000000000e+00 0.000000000000000000e+00 0.000000000000000000e+00 2.952548329789198380e-04 0.000000000000000000e+00 0.000000000000000000e+00 0.000000000000000000e+00 7.950982488528286936e-04 8.197345641662774109e-04 0.000000000000000000e+00 0.000000000000000000e+00 8.660844352617068148e-04 8.837579879546297694e-04 1.223279449223486286e-04 0.000000000000000000e+00
0.000000000000000000e+00 0.000000000000000000e+00 0.000000000000000000e+00 0.000000000000000000e+00 2.979844739199835504e-04 0.000000000000000000e+00 0.000000000000000000e+00 0.000000000000000000e+00 7.860145470363036520e-04 8.097571442336469775e-04 0.000000000000000000e+00 0.000000000000000000e+00 8.552402281505497262e-04 8.732444410469552675e-04 1.343791417881579108e-04 0.000000000000000000e+00
0.000000000000000000e+00 0.000000000000000000e+00 0.000000000000000000e+00 0.000000000000000000e+00 2.980492828327314567e-04 0.000000000000000000e+00 0.000000000000000000e+00 0.000000000000000000e+00 7.790786592466893536e-04 7.991218605175497624e-04 0.000000000000000000e+00 0.000000000000000000e+00 8.462754401288927067e-04 8.568285106457390349e-04 1.302155359137322952e-04 0.000000000000000000e+00
0.000000000000000000e+00 0.000000000000000000e+00 0.000000000000000000e+00 0.000000000000000000e+00 2.996713243081110169e-04 0.000000000000000000e+00 0.000000000000000000e+00 0.000000000000000000e+00 7.811594056286127498e-04 7.988536863362891019e-04 0.000000000000000000e+00 0.000000000000000000e+00 8.282081353946577074e-04 8.372489777390607936e-04 1.200373593324535927e-04 0.000000000000000000e+00
0.000000000000000000e+00 0.000000000000000000e+00 0.000000000000000000e+00 0.000000000000000000e+00 2.939105535836353494e-04 0.000000000000000000e+00 0.000000000000000000e+00 0.000000000000000000e+00 7.948621334840381882e-04 8.196634184004661719e-04 0.000000000000000000e+00 0.000000000000000000e+00 8.481911275870011695e-04 8.664896080620045201e-04 1.231774691536335615e-04 0.000000000000000000e+00
0.000000000000000000e+00 0.000000000000000000e+00 0.000000000000000000e+00 0.000000000000000000e+00 2.937134850906288779e-04 0.000000000000000000e+00 0.000000000000000000e+00 0.000000000000000000e+00 7.750283891302480778e-04 7.964968846843330057e-04 0.000000000000000000e+00 0.000000000000000000e+00 8.389526136947089967e-04 8.550830752436050465e-04 1.199599347199130914e-04 0.000000000000000000e+00
0.000000000000000000e+00 0.000000000000000000e+00 0.000000000000000000e+00 0.000000000000000000e+00 3.040494017496286026e-04 0.000000000000000000e+00 0.000000000000000000e+00 0.000000000000000000e+00 7.737211680580675715e-04 7.904514349082557420e-04 0.000000000000000000e+00 0.000000000000000000e+00 8.078798916898980885e-04 8.170470755875480469e-04 1.196151608636833078e-04 0.000000000000000000e+00
0.000000000000000000e+00 0.000000000000000000e+00 0.000000000000000000e+00 0.000000000000000000e+00 2.950969634541559822e-04 0.000000000000000000e+00 0.000000000000000000e+00 0.000000000000000000e+00 7.891132208586112712e-04 8.186904330178539514e-04 0.000000000000000000e+00 0.000000000000000000e+00 8.568851041507203215e-04 8.809085308952609291e-04 1.380554507655070795e-04 0.000000000000000000e+00
0.000000000000000000e+00 0.000000000000000000e+00 0.000000000000000000e+00 0.000000000000000000e+00 2.950995637507328379e-04 0.000000000000000000e+00 0.000000000000000000e+00 0.000000000000000000e+00 7.923456994055272720e-04 8.103494058225757697e-04 0.000000000000000000e+00 0.000000000000000000e+00 8.573458807022938874e-04 8.709020222907482445e-04 1.237144108414024312e-04 0.000000000000000000e+00
0.000000000000000000e+00 0.000000000000000000e+00 0.000000000000000000e+00 0.000000000000000000e+00 2.985574055477391298e-04 0.000000000000000000e+00 0.000000000000000000e+00 0.000000000000000000e+00 7.964893853070318828e-04 8.167216535245453140e-04 0.000000000000000000e+00 0.000000000000000000e+00 8.522642129028662732e-04 8.664178099113835872e-04 1.279763361891017538e-04 0.000000000000000000e+00
0.000000000000000000e+00 0.000000000000000000e+00 0.000000000000000000e+00 0.000000000000000000e+00 2.993525927834380751e-04 0.000000000000000000e+00 0.000000000000000000e+00 0.000000000000000000e+00 7.904350529918526902e-04 8.114516905124640822e-04 0.000000000000000000e+00 0.000000000000000000e+00 8.533106594092665842e-04 8.697986590517823007e-04 1.168648790157840955e-04 0.000000000000000000e+00
0.000000000000000000e+00 0.000000000000000000e+00 0.000000000000000000e+00 0.000000000000000000e+00 2.889885146118932515e-04 0.000000000000000000e+00 0.000000000000000000e+00 0.000000000000000000e+00 7.905438490170442738e-04 8.099108016257434896e-04 0.000000000000000000e+00 0.000000000000000000e+00 8.518790065801361147e-04 8.672407330387898496e-04 1.297490402244092195e-04 0.000000000000000000e+00
0.000000000000000000e+00 0.000000000000000000e+00 0.000000000000000000e+00 0.000000000000000000e+00 3.084710160008946687e-04 0.000000000000000000e+00 0.000000000000000000e+00 0.000000000000000000e+00 7.853787678250517910e-04 8.026099941961511042e-04 0.000000000000000000e+00 0.000000000000000000e+00 8.410096837664212885e-04 8.521260913900813002e-04 1.193580862280734601e-04 0.000000000000000000e+00
0.000000000000000000e+00 0.000000000000000000e+00 0.000000000000000000e+00 0.000000000000000000e+00 2.906739969115644485e-04 0.000000000000000000e+00 0.000000000000000000e+00 0.000000000000000000e+00 7.868831832363972411e-04 8.090927196404033373e-04 0.000000000000000000e+00 0.000000000000000000e+00 8.522929468144457930e-04 8.694943344870261371e-04 1.216410087780963424e-04 0.000000000000000000e+00
0.000000000000000000e+00 0.000000000000000000e+00 0.000000000000000000e+00 0.000000000000000000e+00 2.972595910825984156e-04 0.000000000000000000e+00 0.000000000000000000e+00 0.000000000000000000e+00 7.856585753018150353e-04 8.106132345212047150e-04 0.000000000000000000e+00 0.000000000000000000e+00 8.454704467144273520e-04 8.643756337500806434e-04 1.105719761648796376e-04 0.000000000000000000e+00
0.000000000000000000e+00 0.000000000000000000e+00 0.000000000000000000e+00 0.000000000000000000e+00 2.967741532766324090e-04 0.000000000000000000e+00 0.000000000000000000e+00 0.000000000000000000e+00 7.904484461097013902e-04 8.121688735396302185e-04 0.000000000000000000e+00 0.000000000000000000e+00 8.488714197393419821e-04 8.648777409043484051e-04 1.319894086266643247e-04 0.000000000000000000e+00
0.000000000000000000e+00 0.000000000000000000e+00 0.000000000000000000e+00 0.000000000000000000e+00 2.858272931727460619e-04 0.000000000000000000e+00 0.000000000000000000e+00 0.000000000000000000e+00 7.600813425309501260e-04 7.795616689948387055e-04 0.000000000000000000e+00 0.000000000000000000e+00 8.193465269958478785e-04 8.346969047429452816e-04 1.099054405214670139e-04 0.000000000000000000e+00
0.000000000000000000e+00 0.000000000000000000e+00 0.000000000000000000e+00 0.000000000000000000e+00 2.837366256195097925e-04 0.000000000000000000e+00 0.000000000000000000e+00 0.000000000000000000e+00 7.783341892818738039e-04 7.955478291014271260e-04 0.000000000000000000e+00 0.000000000000000000e+00 8.380121624297151442e-04 8.481505662863486400e-04 1.309125194947673631e-04 0.000000000000000000e+00
0.000000000000000000e+00 0.000000000000000000e+00 0.000000000000000000e+00 0.000000000000000000e+00 2.908724525636968206e-04 0.000000000000000000e+00 0.000000000000000000e+00 0.000000000000000000e+00 7.946398773193190596e-04 8.143348151819316139e-04 0.000000000000000000e+00 0.000000000000000000e+00 8.544631951745725431e-04 8.691778777453964969e-04 1.307857285568573560e-04 0.000000000000000000e+00
0.000000000000000000e+00 0.000000000000000000e+00 0.000000000000000000e+00 0.000000000000000000e+00 2.968970422168202227e-04 0.000000000000000000e+00 0.000000000000000000e+00 0.000000000000000000e+00 7.813176262673362897e-04 8.077516539111435478e-04 0.000000000000000000e+00 0.000000000000000000e+00 8.432650802216855746e-04 8.624915368644294920e-04 1.207411594012886924e-04 0.000000000000000000e+00
0.000000000000000000e+00 0.000000000000000000e+00 0.000000000000000000e+00 0.000000000000000000e+00 2.876740808916548355e-04 0.000000000000000000e+00 0.000000000000000000e+00 0.000000000000000000e+00 7.859477839924091346e-04 8.157925815360273121e-04 0.000000000000000000e+00 0.000000000000000000e+00 8.414226930071953391e-04 8.644209353360572711e-04 1.287380177376828364e-04 0.000000000000000000e+00
0.000000000000000000e+00 0.000000000000000000e+00 0.000000000000000000e+00 0.000000000000000000e+00 3.000828667085914158e-04 0.000000000000000000e+00 0.000000000000000000e+00 0.000000000000000000e+00 7.762311630355565742e-04 7.991899274854958029e-04 0.000000000000000000e+00 0.000000000000000000e+00 8.523678129840554351e-04 8.698004020192358268e-04 1.304380749981969164e-04 0.000000000000000000e+00
0.000000000000000000e+00 0.000000000000000000e+00 0.000000000000000000e+00 0.000000000000000000e+00 2.782833286700072718e-04 0.000000000000000000e+00 0.000000000000000000e+00 0.000000000000000000e+00 7.722475839108132499e-04 7.907173046756965900e-04 0.000000000000000000e+00 0.000000000000000000e+00 8.393411431382179254e-04 8.510223669188245318e-04 1.391656750790736560e-04 0.000000000000000000e+00
0.000000000000000000e+00 0.000000000000000000e+00 0.000000000000000000e+00 0.000000000000000000e+00 2.971062045263755968e-04 0.000000000000000000e+00 0.000000000000000000e+00 0.000000000000000000e+00 7.864016970628662445e-04 8.092837120496941062e-04 0.000000000000000000e+00 0.000000000000000000e+00 8.574838763512135234e-04 8.736741448336260603e-04 1.310500701981621031e-04 0.000000000000000000e+00
0.000000000000000000e+00 0.000000000000000000e+00 0.000000000000000000e+00 0.000000000000000000e+00 2.956890624530596179e-04 0.000000000000000000e+00 0.000000000000000000e+00 0.000000000000000000e+00 7.900875313481687786e-04 8.094259868817986221e-04 0.000000000000000000e+00 0.000000000000000000e+00 8.475212228491115114e-04 8.607289629478982350e-04 1.279162592542740001e-04 0.000000000000000000e+00
0.000000000000000000e+00 0.000000000000000000e+00 0.000000000000000000e+00 0.000000000000000000e+00 2.890989141871798439e-04 0.000000000000000000e+00 0.000000000000000000e+00 0.000000000000000000e+00 8.101516552166860858e-04 8.315323952548635137e-04 0.000000000000000000e+00 0.000000000000000000e+00 8.681314405869784267e-04 8.800744714625446810e-04 1.298231369932615904e-04 0.000000000000000000e+00
0.000000000000000000e+00 0.000000000000000000e+00 0.000000000000000000e+00 0.000000000000000000e+00 2.911285971855217180e-04 0.000000000000000000e+00 0.000000000000000000e+00 0.000000000000000000e+00 8.028877335043809989e-04 8.212006008537747325e-04 0.000000000000000000e+00 0.000000000000000000e+00 8.598936477707114483e-04 8.711409906096959001e-04 1.249945816194151626e-04 0.000000000000000000e+00
0.000000000000000000e+00 0.000000000000000000e+00 0.000000000000000000e+00 0.000000000000000000e+00 2.937649340599518500e-04 0.000000000000000000e+00 0.000000000000000000e+00 0.000000000000000000e+00 7.791127643415412217e-04 8.048182071187120513e-04 0.000000000000000000e+00 0.000000000000000000e+00 8.527441874435646909e-04 8.725213807873431890e-04 1.224340107838068313e-04 0.000000000000000000e+00
0.000000000000000000e+00 0.000000000000000000e+00 0.000000000000000000e+00 0.000000000000000000e+00 2.931638034373949407e-04 0.000000000000000000e+00 0.000000000000000000e+00 0.000000000000000000e+00 7.869249765774408113e-04 8.095577980881452952e-04 0.000000000000000000e+00 0.000000000000000000e+00 8.381392206503949886e-04 8.546051385534189897e-04 1.301986686327127169e-04 0.000000000000000000e+00
0.000000000000000000e+00 0.000000000000000000e+00 0.000000000000000000e+00 0.000000000000000000e+00 2.928291779381840283e-04 0.000000000000000000e+00 0.000000000000000000e+00 0.000000000000000000e+00 7.911610130495920837e-04 8.194568367490750668e-04 0.000000000000000000e+00 0.000000000000000000e+00 8.694420160063001278e-04 8.932364284635509319e-04 1.397318376740360737e-04 0.000000000000000000e+00
0.000000000000000000e+00 0.000000000000000000e+00 0.000000000000000000e+00 0.000000000000000000e+00 2.809583342830028517e-04 0.000000000000000000e+00 0.000000000000000000e+00 0.000000000000000000e+00 7.859870925157736148e-04 8.050730209139598083e-04 0.000000000000000000e+00 0.000000000000000000e+00 8.476541499835021660e-04 8.596883347639159689e-04 1.370733497360379887e-04 0.000000000000000000e+00
0.000000000000000000e+00 0.000000000000000000e+00 0.000000000000000000e+00 0.000000000000000000e+00 2.967064353887772653e-04 0.000000000000000000e+00 0.000000000000000000e+00 0.000000000000000000e+00 7.730453620820053112e-04 7.969124688714990159e-04 0.000000000000000000e+00 0.000000000000000000e+00 8.427791314200759826e-04 8.591819396430642975e-04 1.230831377126997918e-04 0.000000000000000000e+00
0.000000000000000000e+00 0.000000000000000000e+00 0.000000000000000000e+00 0.000000000000000000e+00 3.026458315169486529e-04 0.000000000000000000e+00 0.000000000000000000e+00 0.000000000000000000e+00 7.882808156764863506e-04 8.044546737738086841e-04 0.000000000000000000e+00 0.000000000000000000e+00 8.427479493098319428e-04 8.513395708936021423e-04 1.212835345012843217e-04 0.000000000000000000e+00
0.000000000000000000e+00 0.000000000000000000e+00 0.000000000000000000e+00 0.000000000000000000e+00 2.805059262077038611e-04 0.000000000000000000e+00 0.000000000000000000e+00 0.000000000000000000e+00 7.719701703092797778e-04 7.924769966866594944e-04 0.000000000000000000e+00 0.000000000000000000e+00 8.269556983739273590e-04 8.431311329618707906e-04 1.165252631914975401e-04 0.000000000000000000e+00
0.000000000000000000e+00 0.000000000000000000e+00 0.000000000000000000e+00 0.000000000000000000e+00 2.795324861986920174e-04 0.000000000000000000e+00 0.000000000000000000e+00 0.000000000000000000e+00 7.645646412683598315e-04 7.860746352956418269e-04 0.000000000000000000e+00 0.000000000000000000e+00 8.395066680045544039e-04 8.554840595719083842e-04 1.282851466198923162e-04 0.000000000000000000e+00
0.000000000000000000e+00 0.000000000000000000e+00 0.000000000000000000e+00 0.000000000000000000e+00 2.940193422687475966e-04 0.000000000000000000e+00 0.000000000000000000e+00 0.000000000000000000e+00 8.002199244401036939e-04 8.203793580565354711e-04 0.000000000000000000e+00 0.000000000000000000e+00 8.629335184081790957e-04 8.749466328868832354e-04 1.339826612921461431e-04 0.000000000000000000e+00
0.000000000000000000e+00 0.000000000000000000e+00 0.000000000000000000e+00 0.000000000000000000e+00 2.936749951927026679e-04 0.000000000000000000e+00 0.000000000000000000e+00 0.000000000000000000e+00 7.732516215308130091e-04 7.945716356222768100e-04 0.000000000000000000e+00 0.000000000000000000e+00 8.446656565242085645e-04 8.594619696407693188e-04 1.289619851338853296e-04 0.000000000000000000e+00
0.000000000000000000e+00 0.000000000000000000e+00 0.000000000000000000e+00 0.000000000000000000e+00 2.936414237227901749e-04 0.000000000000000000e+00 0.000000000000000000e+00 0.000000000000000000e+00 7.827398901518044412e-04 8.079652110247110587e-04 0.000000000000000000e+00 0.000000000000000000e+00 8.356179325286717738e-04 8.538287957278248297e-04 1.337447625339434440e-04 0.000000000000000000e+00
0.000000000000000000e+00 0.000000000000000000e+00 0.000000000000000000e+00 0.000000000000000000e+00 2.851964358318331188e-04 0.000000000000000000e+00 0.000000000000000000e+00 0.000000000000000000e+00 7.746244133481663659e-04 7.945379943480365258e-04 0.000000000000000000e+00 0.000000000000000000e+00 8.356836802621003812e-04 8.481503626258435130e-04 1.268811803030940903e-04 0.000000000000000000e+00
0.000000000000000000e+00 0.000000000000000000e+00 0.000000000000000000e+00 0.000000000000000000e+00 2.959127829463741922e-04 0.000000000000000000e+00 0.000000000000000000e+00 0.000000000000000000e+00 7.976422925339873675e-04 8.187574333623204564e-04 0.000000000000000000e+00 0.000000000000000000e+00 8.506380512116443237e-04 8.663943510949154419e-04 1.198848291049891244e-04 0.000000000000000000e+00
0.000000000000000000e+00 0.000000000000000000e+00 0.000000000000000000e+00 0.000000000000000000e+00 2.975571210257734389e-04 0.000000000000000000e+00 0.000000000000000000e+00 0.000000000000000000e+00 8.187677585515171479e-04 8.451201756553297856e-04 0.000000000000000000e+00 0.000000000000000000e+00 8.879762814728060652e-04 9.072095314632421968e-04 1.373250047924030371e-04 0.000000000000000000e+00
0.000000000000000000e+00 0.000000000000000000e+00 0.000000000000000000e+00 0.000000000000000000e+00 2.867942258391122145e-04 0.000000000000000000e+00 0.000000000000000000e+00 0.000000000000000000e+00 7.806544904239242190e-04 8.063444355727242274e-04 0.000000000000000000e+00 0.000000000000000000e+00 8.486493930287369826e-04 8.676234032994570734e-04 1.285102049632778508e-04 0.000000000000000000e+00
0.000000000000000000e+00 0.000000000000000000e+00 0.000000000000000000e+00 0.000000000000000000e+00 2.941040225882244241e-04 0.000000000000000000e+00 0.000000000000000000e+00 0.000000000000000000e+00 7.873174858938319486e-04 8.094732804082512044e-04 0.000000000000000000e+00 0.000000000000000000e+00 8.377134098020636152e-04 8.529438162670917832e-04 1.409140835800052347e-04 0.000000000000000000e+00
