# 'name' : 'rogers_a02_b00_d05_g00'
# 'source' : 'rogers_a02_b00_d05_g00.yaml'
# 'sample_pops' : ['X', 'D', 'Y', 'N']
# 'sample_size' : 1
# 'n_reps' : 100
# 'n_windows' : 200
# 'seq_length' : 100000000.0
# 'window_length' : 500000.0
# 'recomb_rate' : 1e-08
# 'mut_rate' : 1e-08
# 'created' : None
0.000000000000000000e+00 0.000000000000000000e+00 0.000000000000000000e+00 0.000000000000000000e+00 4.691087139117569582e-01 0.000000000000000000e+00 0.000000000000000000e+00 0.000000000000000000e+00 4.143047448131009225e-01 4.313595316542571112e-01 0.000000000000000000e+00 0.000000000000000000e+00 4.688467278517244319e-01 4.855588162222156390e-01 7.406371798783090155e-02 0.000000000000000000e+00
0.000000000000000000e+00 0.000000000000000000e+00 0.000000000000000000e+00 0.000000000000000000e+00 4.818739392286432999e-01 0.000000000000000000e+00 0.000000000000000000e+00 0.000000000000000000e+00 4.165126275219112051e-01 4.296645964378825733e-01 0.000000000000000000e+00 0.000000000000000000e+00 4.757078671400107317e-01 4.869368165360006828e-01 7.620887913464673147e-02 0.000000000000000000e+00
0.000000000000000000e+00 0.000000000000000000e+00 0.000000000000000000e+00 0.000000000000000000e+00 4.713910656207862537e-01 0.000000000000000000e+00 0.000000000000000000e+00 0.000000000000000000e+00 4.070389417229900442e-01 4.232179970969343064e-01 0.000000000000000000e+00 0.000000000000000000e+00 4.707206043722536593e-01 4.866119599893217185e-01 6.950084749372865967e-02 0.000000000000000000e+00
0.000000000000000000e+00 0.000000000000000000e+00 0.000000000000000000e+00 0.000000000000000000e+00 4.753726767469636516e-01 0.000000000000000000e+00 0.000000000000000000e+00 0.000000000000000000e+00 4.161011829071730728e-01 4.283142688179374380e-01 0.000000000000000000e+00 0.000000000000000000e+00 4.768069207015099842e-01 4.882570578172790721e-01 7.120418987065664507e-02 0.000000000000000000e+00
0.000000000000000000e+00 0.000000000000000000e+00 0.000000000000000000e+00 0.000000000000000000e+00 4.839062028162674500e-01 0.000000000000000000e+00 0.000000000000000000e+00 0.000000000000000000e+00 4.184932597374686480e-01 4.342070614874175005e-01 0.000000000000000000e+00 0.000000000000000000e+00 4.701558542221476733e-01 4.848000732350316588e-01 6.825303177536914956e-02 0.000000000000000000e+00
0.000000000000000000e+00 0.000000000000000000e+00 0.000000000000000000e+00 0.000000000000000000e+00 4.775164484457470326e-01 0.000000000000000000e+00 0.000000000000000000e+00 0.000000000000000000e+00 4.216132342302106872e-01 4.364249920357894386e-01 0.000000000000000000e+00 0.000000000000000000e+00 4.699986657826646930e-01 4.839175011363937018e-01 7.346768571223143141e-02 0.000000000000000000e+00
0.000000000000000000e+00 0.000000000000000000e+00 0.000000000000000000e+00 0.000000000000000000e+00 4.690625452790028738e-01 0.000000000000000000e+00 0.000000000000000000e+00 0.000000000000000000e+00 4.134493208806176989e-01 4.312213618699171080e-01 0.000000000000000000e+00 0.000000000000000000e+00 4.750568345819908833e-01 4.929044985219478425e-01 7.652434091022597418e-02 0.000000000000000000e+00
0.000000000000000000e+00 0.000000000000000000e+00 0.000000000000000000e+00 0.000000000000000000e+00 4.767895742836126272e-01 0.000000000000000000e+00 0.000000000000000000e+00 0.000000000000000000e+00 4.125854312962328185e-01 4.268584517630341080e-01 0.000000000000000000e+00 0.000000000000000000e+00 4.793243888438854516e-01 4.935467622388420295e-01 7.002555952914148174e-02 0.000000000000000000e+00
0.000000000000000000e+00 0.000000000000000000e+00 0.000000000000000000e+00 0.000000000000000000e+00 4.627745034349793340e-01 0.000000000000000000e+00 0.000000000000000000e+00 0.000000000000000000e+00 4.048806274172908060e-01 4.218623857529752441e-01 0.000000000000000000e+00 0.000000000000000000e+00 4.725780000009716098e-01 4.887316786311098338e-01 7.441378549655035257e-02 0.000000000000000000e+00
0.000000000000000000e+00 0.000000000000000000e+00 0.000000000000000000e+00 0.000000000000000000e+00 4.638373465004319574e-01 0.000000000000000000e+00 0.000000000000000000e+00 0.000000000000000000e+00 4.161270564499389701e-01 4.338945764423026707e-01 0.000000000000000000e+00 0.000000000000000000e+00 4.721390491531280986e-01 4.884651272960023327e-01 7.457392395058555501e-02 0.000000000000000000e+00
0.000000000000000000e+00 0.000000000000000000e+00 0.000000000000000000e+00 0.000000000000000000e+00 4.665483754204002298e-01 0.000000000000000000e+00 0.000000000000000000e+00 0.000000000000000000e+00 4.136509267649642885e-01 4.291258938163571290e-01 0.000000000000000000e+00 0.000000000000000000e+00 4.740790081247879817e-01 4.896292206084847942e-01 7.504263301389518803e-02 0.000000000000000000e+00
0.000000000000000000e+00 0.000000000000000000e+00 0.000000000000000000e+00 0.000000000000000000e+00 4.762721264747901140e-01 0.000000000000000000e+00 0.000000000000000000e+00 0.000000000000000000e+00 4.127156079833758096e-01 4.283367099148381318e-01 0.000000000000000000e+00 0.000000000000000000e+00 4.767804031066889547e-01 4.924120212015783427e-01 7.580010650231849834e-02 0.000000000000000000e+00
0.000000000000000000e+00 0.000000000000000000e+00 0.000000000000000000e+00 0.000000000000000000e+00 4.714341454338445980e-01 0.000000000000000000e+00 0.000000000000000000e+00 0.000000000000000000e+00 4.187943779500289398e-01 4.346995580801921721e-01 0.000000000000000000e+00 0.000000000000000000e+00 4.779650696089921547e-01 4.937600776602636965e-01 7.521939368197880227e-02 0.000000000000000000e+00
0.000000000000000000e+00 0.000000000000000000e+00 0.000000000000000000e+00 0.000000000000000000e+00 4.699526744871274642e-01 0.000000000000000000e+00 0.000000000000000000e+00 0.000000000000000000e+00 4.168494877071522442e-01 4.310656124884160167e-01 0.000000000000000000e+00 0.000000000000000000e+00 4.667071666797139584e-01 4.782083837892701639e-01 7.658692895748907270e-02 0.000000000000000000e+00
0.000000000000000000e+00 0.000000000000000000e+00 0.000000000000000000e+00 0.000000000000000000e+00 4.725927235577644381e-01 0.000000000000000000e+00 0.000000000000000000e+00 0.000000000000000000e+00 4.172273069376432053e-01 4.369985212276479292e-01 0.000000000000000000e+00 0.000000000000000000e+00 4.749469783103738019e-01 4.949468204931186111e-01 7.485918449253343987e-02 0.000000000000000000e+00
0.000000000000000000e+00 0.000000000000000000e+00 0.000000000000000000e+00 0.000000000000000000e+00 4.779490968808995932e-01 0.000000000000000000e+00 0.000000000000000000e+00 0.000000000000000000e+00 4.122049093180417123e-01 4.283147200564960677e-01 0.000000000000000000e+00 0.000000000000000000e+00 4.775965241008425233e-01 4.933670702854001111e-01 7.198353608333085685e-02 0.000000000000000000e+00
0.000000000000000000e+00 0.000000000000000000e+00 0.000000000000000000e+00 0.000000000000000000e+00 4.756746783951490976e-01 0.000000000000000000e+00 0.000000000000000000e+00 0.000000000000000000e+00 4.196266942275919676e-01 4.331029346258906676e-01 0.000000000000000000e+00 0.000000000000000000e+00 4.730971006030773029e-01 4.857097267508777572e-01 7.795546379402744364e-02 0.000000000000000000e+00
0.000000000000000000e+00 0.000000000000000000e+00 0.000000000000000000e+00 0.000000000000000000e+00 4.737442583196264101e-01 0.000000000000000000e+00 0.000000000000000000e+00 0.000000000000000000e+00 4.163185562562610742e-01 4.350106084071284074e-01 0.000000000000000000e+00 0.000000000000000000e+00 4.685227051971289081e-01 4.875827624659583304e-01 7.736104982004106401e-02 0.000000000000000000e+00
0.000000000000000000e+00 0.000000000000000000e+00 0.000000000000000000e+00 0.000000000000000000e+00 4.691009658187099696e-01 0.000000000000000000e+00 0.000000000000000000e+00 0.000000000000000000e+00 4.128883404159597870e-01 4.297299494567062284e-01 0.000000000000000000e+00 0.000000000000000000e+00 4.673986222660971857e-01 4.812416667099573275e-01 7.102919350092926076e-02 0.000000000000000000e+00
0.000000000000000000e+00 0.000000000000000000e+00 0.000000000000000000e+00 0.000000000000000000e+00 4.671996429767670267e-01 0.000000000000000000e+00 0.000000000000000000e+00 0.000000000000000000e+00 4.054307273083876395e-01 4.241968529218312356e-01 0.000000000000000000e+00 0.000000000000000000e+00 4.606427962275499999e-01 4.772139466548454001e-01 6.713957417246416148e-02 0.000000000000000000e+00
0.000000000000000000e+00 0.000000000000000000e+00 0.000000000000000000e+00 0.000000000000000000e+00 4.712794059636100097e-01 0.000000000000000000e+00 0.000000000000000000e+00 0.000000000000000000e+00 4.024086206483022954e-01 4.198428727639932356e-01 0.000000000000000000e+00 0.000000000000000000e+00 4.745267552374603515e-01 4.925709095980077001e-01 7.118360766715742249e-02 0.000000000000000000e+00
0.000000000000000000e+00 0.000000000000000000e+00 0.000000000000000000e+00 0.000000000000000000e+00 4.610821410917940177e-01 0.000000000000000000e+00 0.000000000000000000e+00 0.000000000000000000e+00 4.163689799400267511e-01 4.327623064790530050e-01 0.000000000000000000e+00 0.000000000000000000e+00 4.672905789278212763e-01 4.829638092224403101e-01 7.052572334773818397e-02 0.000000000000000000e+00
0.000000000000000000e+00 0.000000000000000000e+00 0.000000000000000000e+00 0.000000000000000000e+00 4.776554426192242686e-01 0.000000000000000000e+00 0.000000000000000000e+00 0.000000000000000000e+00 4.140695079937923295e-01 4.310328321036554500e-01 0.000000000000000000e+00 0.000000000000000000e+00 4.622823778344691270e-01 4.796946010604752897e-01 6.582185834022782900e-02 0.000000000000000000e+00
0.000000000000000000e+00 0.000000000000000000e+00 0.000000000000000000e+00 0.000000000000000000e+00 4.815343791021375885e-01 0.000000000000000000e+00 0.000000000000000000e+00 0.000000000000000000e+00 4.147258131509754531e-01 4.298876268092853836e-01 0.000000000000000000e+00 0.000000000000000000e+00 4.678173972285899485e-01 4.816109408778994627e-01 6.791542626957196294e-02 0.000000000000000000e+00
0.000000000000000000e+00 0.000000000000000000e+00 0.000000000000000000e+00 0.000000000000000000e+00 4.735988227842879983e-01 0.000000000000000000e+00 0.000000000000000000e+00 0.000000000000000000e+00 4.209717890869053014e-01 4.333438516889098202e-01 0.000000000000000000e+00 0.000000000000000000e+00 4.651981886003443423e-01 4.752675952416645644e-01 7.699228293533023904e-02 0.000000000000000000e+00
0.000000000000000000e+00 0.000000000000000000e+00 0.000000000000000000e+00 0.000000000000000000e+00 4.893259831740905397e-01 0.000000000000000000e+00 0.000000000000000000e+00 0.000000000000000000e+00 4.181752933516299509e-01 4.352729221837601248e-01 0.000000000000000000e+00 0.000000000000000000e+00 4.764965820053000400e-01 4.942310299763462700e-01 6.764091488646385708e-02 0.000000000000000000e+00
0.000000000000000000e+00 0.000000000000000000e+00 0.000000000000000000e+00 0.000000000000000000e+00 4.808635192106961442e-01 0.000000000000000000e+00 0.000000000000000000e+00 0.000000000000000000e+00 4.187423223766330027e-01 4.315380333383926348e-01 0.000000000000000000e+00 0.000000000000000000e+00 4.821576331560035733e-01 4.942762806950368182e-01 7.262559915651205233e-02 0.000000000000000000e+00
0.000000000000000000e+00 0.000000000000000000e+00 0.000000000000000000e+00 0.000000000000000000e+00 4.770004697420046069e-01 0.000000000000000000e+00 0.000000000000000000e+00 0.000000000000000000e+00 4.075974788820044270e-01 4.275442033866603819e-01 0.000000000000000000e+00 0.000000000000000000e+00 4.574516671651429056e-01 4.771968456927032087e-01 6.438451695644843709e-02 0.000000000000000000e+00
0.000000000000000000e+00 0.000000000000000000e+00 0.000000000000000000e+00 0.000000000000000000e+00 4.705895453393270644e-01 0.000000000000000000e+00 0.000000000000000000e+00 0.000000000000000000e+00 4.187724700035364012e-01 4.328447215077371180e-01 0.000000000000000000e+00 0.000000000000000000e+00 4.783091205690673253e-01 4.918533642994138422e-01 7.644138592250730724e-02 0.000000000000000000e+00
0.000000000000000000e+00 0.000000000000000000e+00 0.000000000000000000e+00 0.000000000000000000e+00 4.814366716941422264e-01 0.000000000000000000e+00 0.000000000000000000e+00 0.000000000000000000e+00 4.119342936992654303e-01 4.276289560938359990e-01 0.000000000000000000e+00 0.000000000000000000e+00 4.734031922348945209e-01 4.882998860316061229e-01 7.338484753560986507e-02 0.000000000000000000e+00
0.000000000000000000e+00 0.000000000000000000e+00 0.000000000000000000e+00 0.000000000000000000e+00 4.685267128136519910e-01 0.000000000000000000e+00 0.000000000000000000e+00 0.000000000000000000e+00 4.048571222814508763e-01 4.202917183453427907e-01 0.000000000000000000e+00 0.000000000000000000e+00 4.806447602746821701e-01 4.955621614971992828e-01 7.458699869060475551e-02 0.000000000000000000e+00
0.000000000000000000e+00 0.000000000000000000e+00 0.000000000000000000e+00 0.000000000000000000e+00 4.816596597498108978e-01 0.000000000000000000e+00 0.000000000000000000e+00 0.000000000000000000e+00 4.216528663055101322e-01 4.376700334643735535e-01 0.000000000000000000e+00 0.000000000000000000e+00 4.734138971139584262e-01 4.883931261567762139e-01 7.027211130977278897e-02 0.000000000000000000e+00
0.000000000000000000e+00 0.000000000000000000e+00 0.000000000000000000e+00 0.000000000000000000e+00 4.685759928367753124e-01 0.000000000000000000e+00 0.000000000000000000e+00 0.000000000000000000e+00 4.213198522429832393e-01 4.382989342099957719e-01 0.000000000000000000e+00 0.000000000000000000e+00 4.744482398641466370e-01 4.916051414291103816e-01 7.438580896044637292e-02 0.000000000000000000e+00
0.000000000000000000e+00 0.000000000000000000e+00 0.000000000000000000e+00 0.000000000000000000e+00 4.712113026024813411e-01 0.000000000000000000e+00 0.000000000000000000e+00 0.000000000000000000e+00 4.120988934264415149e-01 4.308324642148588790e-01 0.000000000000000000e+00 0.000000000000000000e+00 4.688579301903236241e-01 4.871031993491999890e-01 7.305321318940198594e-02 0.000000000000000000e+00
0.000000000000000000e+00 0.000000000000000000e+00 0.000000000000000000e+00 0.000000000000000000e+00 4.775959782735910708e-01 0.000000000000000000e+00 0.000000000000000000e+00 0.000000000000000000e+00 4.149665265196650910e-01 4.299010935159956470e-01 0.000000000000000000e+00 0.000000000000000000e+00 4.695832943233081980e-01 4.835412142532519164e-01 6.831435008234597317e-02 0.000000000000000000e+00
0.000000000000000000e+00 0.000000000000000000e+00 0.000000000000000000e+00 0.000000000000000000e+00 4.710354486688130282e-01 0.000000000000000000e+00 0.000000000000000000e+00 0.000000000000000000e+00 4.219758843677892668e-01 4.342696757535254859e-01 0.000000000000000000e+00 0.000000000000000000e+00 4.744139004675441140e-01 4.864358198711902781e-01 7.116933370174775841e-02 0.000000000000000000e+00
0.000000000000000000e+00 0.000000000000000000e+00 0.000000000000000000e+00 0.000000000000000000e+00 4.854193131915674475e-01 0.000000000000000000e+00 0.000000000000000000e+00 0.000000000000000000e+00 4.157138344949356523e-01 4.355810256691046156e-01 0.000000000000000000e+00 0.000000000000000000e+00 4.790040362480823544e-01 4.996456595903165931e-01 6.902337492749770209e-02 0.000000000000000000e+00
0.000000000000000000e+00 0.000000000000000000e+00 0.000000000000000000e+00 0.000000000000000000e+00 4.809185558044467013e-01 0.000000000000000000e+00 0.000000000000000000e+00 0.000000000000000000e+00 4.103674415160474265e-01 4.292659238383770282e-01 0.000000000000000000e+00 0.000000000000000000e+00 4.766727429995626375e-01 4.950759104841923608e-01 7.845661880954496459e-02 0.000000000000000000e+00
0.000000000000000000e+00 0.000000000000000000e+00 0.000000000000000000e+00 0.000000000000000000e+00 4.735179363721755408e-01 0.000000000000000000e+00 0.000000000000000000e+00 0.000000000000000000e+00 4.170664407595074952e-01 4.333863224601103292e-01 0.000000000000000000e+00 0.000000000000000000e+00 4.769313852522278352e-01 4.922204505770003680e-01 7.800516377687288783e-02 0.000000000000000000e+00
0.000000000000000000e+00 0.000000000000000000e+00 0.000000000000000000e+00 0.000000000000000000e+00 4.694366739808363831e-01 0.000000000000000000e+00 0.000000000000000000e+00 0.000000000000000000e+00 4.076358744760065766e-01 4.253455095683569276e-01 0.000000000000000000e+00 0.000000000000000000e+00 4.720182759628409053e-01 4.893144301225068049e-01 7.039165818790941997e-02 0.000000000000000000e+00
0.000000000000000000e+00 0.000000000000000000e+00 0.000000000000000000e+00 0.000000000000000000e+00 4.741143265900216175e-01 0.000000000000000000e+00 0.000000000000000000e+00 0.000000000000000000e+00 4.131307114180893802e-01 4.312261068346900372e-01 0.000000000000000000e+00 0.000000000000000000e+00 4.663279014061010308e-01 4.836017397013238073e-01 7.200677898880511463e-02 0.000000000000000000e+00
0.000000000000000000e+00 0.000000000000000000e+00 0.000000000000000000e+00 0.000000000000000000e+00 4.745548338052336668e-01 0.000000000000000000e+00 0.000000000000000000e+00 0.000000000000000000e+00 4.181348241834187962e-01 4.319681938180513492e-01 0.000000000000000000e+00 0.000000000000000000e+00 4.825095871925004776e-01 4.947448944321546915e-01 7.506870433034988632e-02 0.000000000000000000e+00
0.000000000000000000e+00 0.000000000000000000e+00 0.000000000000000000e+00 0.000000000000000000e+00 4.719357593351419800e-01 0.000000000000000000e+00 0.000000000000000000e+00 0.000000000000000000e+00 4.167922724327421391e-01 4.327546558212620464e-01 0.000000000000000000e+00 0.000000000000000000e+00 4.842264894593490965e-01 5.005156134131146795e-01 8.371158562347817689e-02 0.000000000000000000e+00
0.000000000000000000e+00 0.000000000000000000e+00 0.000000000000000000e+00 0.000000000000000000e+00 4.783487275430488017e-01 0.000000000000000000e+00 0.000000000000000000e+00 0.000000000000000000e+00 4.072918473667235251e-01 4.270720943839418915e-01 0.000000000000000000e+00 0.000000000000000000e+00 4.686613899427247709e-01 4.881636078587102689e-01 7.383037786895145504e-02 0.000000000000000000e+00
0.000000000000000000e+00 0.000000000000000000e+00 0.000000000000000000e+00 0.000000000000000000e+00 4.805496939057827266e-01 0.000000000000000000e+00 0.000000000000000000e+00 0.000000000000000000e+00 4.112743639788216665e-01 4.298873347955967650e-01 0.000000000000000000e+00 0.000000000000000000e+00 4.782049059747847664e-01 4.957939951690338853e-01 6.840572082156634592e-02 0.000000000000000000e+00
0.000000000000000000e+00 0.000000000000000000e+00 0.000000000000000000e+00 0.000000000000000000e+00 4.736844513104750964e-01 0.000000000000000000e+00 0.000000000000000000e+00 0.000000000000000000e+00 4.063909349437769825e-01 4.210234170673482490e-01 0.000000000000000000e+00 0.000000000000000000e+00 4.676437033509002195e-01 4.817071056948914465e-01 6.422948594485890228e-02 0.000000000000000000e+00
0.000000000000000000e+00 0.000000000000000000e+00 0.000000000000000000e+00 0.000000000000000000e+00 4.724843276542336490e-01 0.000000000000000000e+00 0.000000000000000000e+00 0.000000000000000000e+00 4.200169250284232492e-01 4.340547475561267188e-01 0.000000000000000000e+00 0.000000000000000000e+00 4.814401787026163504e-01 4.955136108213810120e-01 8.169930862786473069e-02 0.000000000000000000e+00
0.000000000000000000e+00 0.000000000000000000e+00 0.000000000000000000e+00 0.000000000000000000e+00 4.832801321445155951e-01 0.000000000000000000e+00 0.000000000000000000e+00 0.000000000000000000e+00 4.135343049158449746e-01 4.338236142363099401e-01 0.000000000000000000e+00 0.000000000000000000e+00 4.843618096674470186e-01 5.048749372569365512e-01 8.795835056060957724e-02 0.000000000000000000e+00
0.000000000000000000e+00 0.000000000000000000e+00 0.000000000000000000e+00 0.000000000000000000e+00 4.740145131847591231e-01 0.000000000000000000e+00 0.000000000000000000e+00 0.000000000000000000e+00 4.095913437495004028e-01 4.276384823657728429e-01 0.000000000000000000e+00 0.000000000000000000e+00 4.716124648595167446e-01 4.892709854130625757e-01 6.557802862772746377e-02 0.000000000000000000e+00
0.000000000000000000e+00 0.000000000000000000e+00 0.000000000000000000e+00 0.000000000000000000e+00 4.678297433811062223e-01 0.000000000000000000e+00 0.000000000000000000e+00 0.000000000000000000e+00 4.143181764159741820e-01 4.302691732046335926e-01 0.000000000000000000e+00 0.000000000000000000e+00 4.679618730435696206e-01 4.817738444511903140e-01 7.299569306185743622e-02 0.000000000000000000e+00
0.000000000000000000e+00 0.000000000000000000e+00 0.000000000000000000e+00 0.000000000000000000e+00 4.773193633834901806e-01 0.000000000000000000e+00 0.000000000000000000e+00 0.000000000000000000e+00 4.224385276562775959e-01 4.408113325317305486e-01 0.000000000000000000e+00 0.000000000000000000e+00 4.781181015703524495e-01 4.949744672852042782e-01 7.726107695529052521e-02 0.000000000000000000e+00
0.000000000000000000e+00 0.000000000000000000e+00 0.000000000000000000e+00 0.000000000000000000e+00 4.715215590343544427e-01 0.000000000000000000e+00 0.000000000000000000e+00 0.000000000000000000e+00 4.149090820132521618e-01 4.335143663775952172e-01 0.000000000000000000e+00 0.000000000000000000e+00 4.721521529085740965e-01 4.917932817500990095e-01 7.509971083216049337e-02 0.000000000000000000e+00
0.000000000000000000e+00 0.000000000000000000e+00 0.000000000000000000e+00 0.000000000000000000e+00 4.725285260219175276e-01 0.000000000000000000e+00 0.000000000000000000e+00 0.000000000000000000e+00 4.130688477287881022e-01 4.255176411483842513e-01 0.000000000000000000e+00 0.000000000000000000e+00 4.588182892280385783e-01 4.695108492894929375e-01 5.718284940356251067e-02 0.000000000000000000e+00
0.000000000000000000e+00 0.000000000000000000e+00 0.000000000000000000e+00 0.000000000000000000e+00 4.718088526963106766e-01 0.000000000000000000e+00 0.000000000000000000e+00 0.000000000000000000e+00 4.221127271290076033e-01 4.416490397027423853e-01 0.000000000000000000e+00 0.000000000000000000e+00 4.754877421690578143e-01 4.955516269765758430e-01 7.138089270100997363e-02 0.000000000000000000e+00
0.000000000000000000e+00 0.000000000000000000e+00 0.000000000000000000e+00 0.000000000000000000e+00 4.862344174358762539e-01 0.000000000000000000e+00 0.000000000000000000e+00 0.000000000000000000e+00 4.245410995590862546e-01 4.384280156562944120e-01 0.000000000000000000e+00 0.000000000000000000e+00 4.799607432148011443e-01 4.913070340798108560e-01 7.500962144882972193e-02 0.000000000000000000e+00
0.000000000000000000e+00 0.000000000000000000e+00 0.000000000000000000e+00 0.000000000000000000e+00 4.789784802016586185e-01 0.000000000000000000e+00 0.000000000000000000e+00 0.000000000000000000e+00 4.152386966746620112e-01 4.311186237375463914e-01 0.000000000000000000e+00 0.000000000000000000e+00 4.695015406803466629e-01 4.845838730582802123e-01 7.417102322767266109e-02 0.000000000000000000e+00
0.000000000000000000e+00 0.000000000000000000e+00 0.000000000000000000e+00 0.000000000000000000e+00 4.807829357160164352e-01 0.000000000000000000e+00 0.000000000000000000e+00 0.000000000000000000e+00 4.166554247536453648e-01 4.342857904446059680e-01 0.000000000000000000e+00 0.000000000000000000e+00 4.838966692127382729e-01 5.011569200342284036e-01 8.642374944656414093e-02 0.000000000000000000e+00
0.000000000000000000e+00 0.000000000000000000e+00 0.000000000000000000e+00 0.000000000000000000e+00 4.750530398223341555e-01 0.000000000000000000e+00 0.000000000000000000e+00 0.000000000000000000e+00 4.119455345395423573e-01 4.301217498464666167e-01 0.000000000000000000e+00 0.000000000000000000e+00 4.762406327224674163e-01 4.946091702780830435e-01 7.102341331605314945e-02 0.000000000000000000e+00
0.000000000000000000e+00 0.000000000000000000e+00 0.000000000000000000e+00 0.000000000000000000e+00 4.818933154580540279e-01 0.000000000000000000e+00 0.000000000000000000e+00 0.000000000000000000e+00 4.132170485621142753e-01 4.307940163221852248e-01 0.000000000000000000e+00 0.000000000000000000e+00 4.787217601989802729e-01 4.969442582889482263e-01 7.795597822030121693e-02 0.000000000000000000e+00
0.000000000000000000e+00 0.000000000000000000e+00 0.000000000000000000e+00 0.000000000000000000e+00 4.860622114368190472e-01 0.000000000000000000e+00 0.000000000000000000e+00 0.000000000000000000e+00 4.141058447204234993e-01 4.298169563222020706e-01 0.000000000000000000e+00 0.000000000000000000e+00 4.770790126349117588e-01 4.912693510496406457e-01 7.530505413703891815e-02 0.000000000000000000e+00
0.000000000000000000e+00 0.000000000000000000e+00 0.000000000000000000e+00 0.000000000000000000e+00 4.866043783459009786e-01 0.000000000000000000e+00 0.000000000000000000e+00 0.000000000000000000e+00 4.147863158339663570e-01 4.305347976792044951e-01 0.000000000000000000e+00 0.000000000000000000e+00 4.656567881065912240e-01 4.801615683916926058e-01 6.993328725486808173e-02 0.000000000000000000e+00
0.000000000000000000e+00 0.000000000000000000e+00 0.000000000000000000e+00 0.000000000000000000e+00 4.744754087728472181e-01 0.000000000000000000e+00 0.000000000000000000e+00 0.000000000000000000e+00 4.140498637531312975e-01 4.316735921882517424e-01 0.000000000000000000e+00 0.000000000000000000e+00 4.723381319670016398e-01 4.889539107586287070e-01 7.152559552248166641e-02 0.000000000000000000e+00
0.000000000000000000e+00 0.000000000000000000e+00 0.000000000000000000e+00 0.000000000000000000e+00 4.733575782587628455e-01 0.000000000000000000e+00 0.000000000000000000e+00 0.000000000000000000e+00 4.096550297977271660e-01 4.263383831460745288e-01 0.000000000000000000e+00 0.000000000000000000e+00 4.699501995452375347e-01 4.858034684665664127e-01 6.880962422105414700e-02 0.000000000000000000e+00
0.000000000000000000e+00 0.000000000000000000e+00 0.000000000000000000e+00 0.000000000000000000e+00 4.751084611335783525e-01 0.000000000000000000e+00 0.000000000000000000e+00 0.000000000000000000e+00 4.166773652609322420e-01 4.322945191307920321e-01 0.000000000000000000e+00 0.000000000000000000e+00 4.558277454617718494e-01 4.696497604706773021e-01 6.965605926369052014e-02 0.000000000000000000e+00
0.000000000000000000e+00 0.000000000000000000e+00 0.000000000000000000e+00 0.000000000000000000e+00 4.755185358936049878e-01 0.000000000000000000e+00 0.000000000000000000e+00 0.000000000000000000e+00 4.164251516958041299e-01 4.363656598077919613e-01 0.000000000000000000e+00 0.000000000000000000e+00 4.778897306811664136e-01 4.974331123915654018e-01 8.011040978905203946e-02 0.000000000000000000e+00
0.000000000000000000e+00 0.000000000000000000e+00 0.000000000000000000e+00 0.000000000000000000e+00 4.760436798965796412e-01 0.000000000000000000e+00 0.000000000000000000e+00 0.000000000000000000e+00 4.181256084587138266e-01 4.337259753144811492e-01 0.000000000000000000e+00 0.000000000000000000e+00 4.771547465957223233e-01 4.930282495298256018e-01 7.258642605227112743e-02 0.000000000000000000e+00
0.000000000000000000e+00 0.000000000000000000e+00 0.000000000000000000e+00 0.000000000000000000e+00 4.780066328781886198e-01 0.000000000000000000e+00 0.000000000000000000e+00 0.000000000000000000e+00 4.188270264356920847e-01 4.355460558319784181e-01 0.000000000000000000e+00 0.000000000000000000e+00 4.727741044571291962e-01 4.892014295443374849e-01 7.406000762750662714e-02 0.000000000000000000e+00
0.000000000000000000e+00 0.000000000000000000e+00 0.000000000000000000e+00 0.000000000000000000e+00 4.799843263820375849e-01 0.000000000000000000e+00 0.000000000000000000e+00 0.000000000000000000e+00 4.152518585922209682e-01 4.310059453686204689e-01 0.000000000000000000e+00 0.000000000000000000e+00 4.729708757386939522e-01 4.888376927600361910e-01 6.746586871383890294e-02 0.000000000000000000e+00
0.000000000000000000e+00 0.000000000000000000e+00 0.000000000000000000e+00 0.000000000000000000e+00 4.684526931486706625e-01 0.000000000000000000e+00 0.000000000000000000e+00 0.000000000000000000e+00 4.166904064430230759e-01 4.328294155804393029e-01 0.000000000000000000e+00 0.000000000000000000e+00 4.737425255620015263e-01 4.902211067976703918e-01 7.546464320439198736e-02 0.000000000000000000e+00
0.000000000000000000e+00 0.000000000000000000e+00 0.000000000000000000e+00 0.000000000000000000e+00 4.859723861578077453e-01 0.000000000000000000e+00 0.000000000000000000e+00 0.000000000000000000e+00 4.162960738451335074e-01 4.309528846231083787e-01 0.000000000000000000e+00 0.000000000000000000e+00 4.694913133195556809e-01 4.834289902513425607e-01 6.904317019195918559e-02 0.000000000000000000e+00
0.000000000000000000e+00 0.000000000000000000e+00 0.000000000000000000e+00 0.000000000000000000e+00 4.664691868029404165e-01 0.000000000000000000e+00 0.000000000000000000e+00 0.000000000000000000e+00 4.138589222584223570e-01 4.310759266923400168e-01 0.000000000000000000e+00 0.000000000000000000e+00 4.775285906956243109e-01 4.942415179253360491e-01 7.196426994146859490e-02 0.000000000000000000e+00
0.000000000000000000e+00 0.000000000000000000e+00 0.000000000000000000e+00 0.000000000000000000e+00 4.789101428225793211e-01 0.000000000000000000e+00 0.000000000000000000e+00 0.000000000000000000e+00 4.117977829896651287e-01 4.297918608670930340e-01 0.000000000000000000e+00 0.000000000000000000e+00 4.674613400085601556e-01 4.853751277972319644e-01 6.361000481708269094e-02 0.000000000000000000e+00
0.000000000000000000e+00 0.000000000000000000e+00 0.000000000000000000e+00 0.000000000000000000e+00 4.757268180096948518e-01 0.000000000000000000e+00 0.000000000000000000e+00 0.000000000000000000e+00 4.167453878977637749e-01 4.318389627789586682e-01 0.000000000000000000e+00 0.000000000000000000e+00 4.747926101815698741e-01 4.896985071160622760e-01 7.627436645649815494e-02 0.000000000000000000e+00
0.000000000000000000e+00 0.000000000000000000e+00 0.000000000000000000e+00 0.000000000000000000e+00 4.676855636945993488e-01 0.000000000000000000e+00 0.000000000000000000e+00 0.000000000000000000e+00 4.052102909495352012e-01 4.218377419674350648e-01 0.000000000000000000e+00 0.000000000000000000e+00 4.624401785536862430e-01 4.794998524463486844e-01 6.397822084300162915e-02 0.000000000000000000e+00
0.000000000000000000e+00 0.000000000000000000e+00 0.000000000000000000e+00 0.000000000000000000e+00 4.685853412733421153e-01 0.000000000000000000e+00 0.000000000000000000e+00 0.000000000000000000e+00 4.141160515285459143e-01 4.283376759440931658e-01 0.000000000000000000e+00 0.000000000000000000e+00 4.730551089910163265e-01 4.860293286790273726e-01 7.624881127706824302e-02 0.000000000000000000e+00
0.000000000000000000e+00 0.000000000000000000e+00 0.000000000000000000e+00 0.000000000000000000e+00 4.757934826943301942e-01 0.000000000000000000e+00 0.000000000000000000e+00 0.000000000000000000e+00 4.190237530646763742e-01 4.335846072637811743e-01 0.000000000000000000e+00 0.000000000000000000e+00 4.802724837114967227e-01 4.943762276202401384e-01 7.749831556351904904e-02 0.000000000000000000e+00
0.000000000000000000e+00 0.000000000000000000e+00 0.000000000000000000e+00 0.000000000000000000e+00 4.738449959902162889e-01 0.000000000000000000e+00 0.000000000000000000e+00 0.000000000000000000e+00 4.088086165476866318e-01 4.284113463301786329e-01 0.000000000000000000e+00 0.000000000000000000e+00 4.681936119115800987e-01 4.869554762169236439e-01 7.144451665880222069e-02 0.000000000000000000e+00
0.000000000000000000e+00 0.000000000000000000e+00 0.000000000000000000e+00 0.000000000000000000e+00 4.531997761221351340e-01 0.000000000000000000e+00 0.000000000000000000e+00 0.000000000000000000e+00 4.093403523001491462e-01 4.301821898156141244e-01 0.000000000000000000e+00 0.000000000000000000e+00 4.656210163170481087e-01 4.858929458055340489e-01 7.515121087508214170e-02 0.000000000000000000e+00
0.000000000000000000e+00 0.000000000000000000e+00 0.000000000000000000e+00 0.000000000000000000e+00 4.728236706719635141e-01 0.000000000000000000e+00 0.000000000000000000e+00 0.000000000000000000e+00 4.104203084537318968e-01 4.272011334142789551e-01 0.000000000000000000e+00 0.000000000000000000e+00 4.787483451108908161e-01 4.954137794291951780e-01 7.629843051306622881e-02 0.000000000000000000e+00
0.000000000000000000e+00 0.000000000000000000e+00 0.000000000000000000e+00 0.000000000000000000e+00 4.691540360169106361e-01 0.000000000000000000e+00 0.000000000000000000e+00 0.000000000000000000e+00 4.113463757112141850e-01 4.253943256201202505e-01 0.000000000000000000e+00 0.000000000000000000e+00 4.786160280334763040e-01 4.921036499850312551e-01 8.138088098614520982e-02 0.000000000000000000e+00
0.000000000000000000e+00 0.000000000000000000e+00 0.000000000000000000e+00 0.000000000000000000e+00 4.783676898507466246e-01 0.000000000000000000e+00 0.000000000000000000e+00 0.000000000000000000e+00 4.141535715793214778e-01 4.303902990198003597e-01 0.000000000000000000e+00 0.000000000000000000e+00 4.816652562129213888e-01 4.966665330130935474e-01 7.746608494054925409e-02 0.000000000000000000e+00
0.000000000000000000e+00 0.000000000000000000e+00 0.000000000000000000e+00 0.000000000000000000e+00 4.742134297426454093e-01 0.000000000000000000e+00 0.000000000000000000e+00 0.000000000000000000e+00 4.184678727813255783e-01 4.326664223151964750e-01 0.000000000000000000e+00 0.000000000000000000e+00 4.705634896250790455e-01 4.837270052999740333e-01 7.405184590817892598e-02 0.000000000000000000e+00
0.000000000000000000e+00 0.000000000000000000e+00 0.000000000000000000e+00 0.000000000000000000e+00 4.718821528081630912e-01 0.000000000000000000e+00 0.000000000000000000e+00 0.000000000000000000e+00 4.205218617943267123e-01 4.358352263713740071e-01 0.000000000000000000e+00 0.000000000000000000e+00 4.793907797415783989e-01 4.927889796280445767e-01 7.540998142953507510e-02 0.000000000000000000e+00
0.000000000000000000e+00 0.000000000000000000e+00 0.000000000000000000e+00 0.000000000000000000e+00 4.797110406062152221e-01 0.000000000000000000e+00 0.000000000000000000e+00 0.000000000000000000e+00 4.204218120303190864e-01 4.359170085799807248e-01 0.000000000000000000e+00 0.000000000000000000e+00 4.773192438345988942e-01 4.926070698442876483e-01 7.305035868827700063e-02 0.000000000000000000e+00
0.000000000000000000e+00 0.000000000000000000e+00 0.000000000000000000e+00 0.000000000000000000e+00 4.780189814565936612e-01 0.000000000000000000e+00 0.000000000000000000e+00 0.000000000000000000e+00 4.111299783354687709e-01 4.289776492406564556e-01 0.000000000000000000e+00 0.000000000000000000e+00 4.768041251824384763e-01 4.945424737104340274e-01 7.111041308188287280e-02 0.000000000000000000e+00
0.000000000000000000e+00 0.000000000000000000e+00 0.000000000000000000e+00 0.000000000000000000e+00 4.780104195404348277e-01 0.000000000000000000e+00 0.000000000000000000e+00 0.000000000000000000e+00 4.138225880305310689e-01 4.323176739698385562e-01 0.000000000000000000e+00 0.000000000000000000e+00 4.673912135934912282e-01 4.856233554400384844e-01 7.616691220877581936e-02 0.000000000000000000e+00
0.000000000000000000e+00 0.000000000000000000e+00 0.000000000000000000e+00 0.000000000000000000e+00 4.748437518804798363e-01 0.000000000000000000e+00 0.000000000000000000e+00 0.000000000000000000e+00 4.178034898799560248e-01 4.367410080624044566e-01 0.000000000000000000e+00 0.000000000000000000e+00 4.881647623443541306e-01 5.074640825873512062e-01 8.265754566448052509e-02 0.000000000000000000e+00
0.000000000000000000e+00 0.000000000000000000e+00 0.000000000000000000e+00 0.000000000000000000e+00 4.589237231274714279e-01 0.000000000000000000e+00 0.000000000000000000e+00 0.000000000000000000e+00 4.174999983437288065e-01 4.326425981142925647e-01 0.000000000000000000e+00 0.000000000000000000e+00 4.734865467520339988e-01 4.877096911837197069e-01 7.972793560926173806e-02 0.000000000000000000e+00
0.000000000000000000e+00 0.000000000000000000e+00 0.000000000000000000e+00 0.000000000000000000e+00 4.741078656965425075e-01 0.000000000000000000e+00 0.000000000000000000e+00 0.000000000000000000e+00 4.105108867929799232e-01 4.272337746380330814e-01 0.000000000000000000e+00 0.000000000000000000e+00 4.746246711308536037e-01 4.905495437480646426e-01 7.177535635977867756e-02 0.000000000000000000e+00
0.000000000000000000e+00 0.000000000000000000e+00 0.000000000000000000e+00 0.000000000000000000e+00 4.860876406137877859e-01 0.000000000000000000e+00 0.000000000000000000e+00 0.000000000000000000e+00 4.154913984866403509e-01 4.292940174225969296e-01 0.000000000000000000e+00 0.000000000000000000e+00 4.657698098503669781e-01 4.781521321006394487e-01 6.885768383229495804e-02 0.000000000000000000e+00
0.000000000000000000e+00 0.000000000000000000e+00 0.000000000000000000e+00 0.000000000000000000e+00 4.668839041953461999e-01 0.000000000000000000e+00 0.000000000000000000e+00 0.000000000000000000e+00 4.101378304496071658e-01 4.252123608405068977e-01 0.000000000000000000e+00 0.000000000000000000e+00 4.636013787367473937e-01 4.787085918194254885e-01 6.659053993089124324e-02 0.000000000000000000e+00
0.000000000000000000e+00 0.000000000000000000e+00 0.000000000000000000e+00 0.000000000000000000e+00 4.703142734357155241e-01 0.000000000000000000e+00 0.000000000000000000e+00 0.000000000000000000e+00 4.071400485466643571e-01 4.231582590058209359e-01 0.000000000000000000e+00 0.000000000000000000e+00 4.762020042445476720e-01 4.917157921539254128e-01 7.480211203758123373e-02 0.000000000000000000e+00
0.000000000000000000e+00 0.000000000000000000e+00 0.000000000000000000e+00 0.000000000000000000e+00 4.672885620775829030e-01 0.000000000000000000e+00 0.000000000000000000e+00 0.000000000000000000e+00 4.145374399389659681e-01 4.300760114998872230e-01 0.000000000000000000e+00 0.000000000000000000e+00 4.769015919618214139e-01 4.915897983806193361e-01 7.738942992983137426e-02 0.000000000000000000e+00
0.000000000000000000e+00 0.000000000000000000e+00 0.000000000000000000e+00 0.000000000000000000e+00 4.837751220207334168e-01 0.000000000000000000e+00 0.000000000000000000e+00 0.000000000000000000e+00 4.070199371145636902e-01 4.223224534298417598e-01 0.000000000000000000e+00 0.000000000000000000e+00 4.787284533822080412e-01 4.941015400258275680e-01 7.441402347116435334e-02 0.000000000000000000e+00
0.000000000000000000e+00 0.000000000000000000e+00 0.000000000000000000e+00 0.000000000000000000e+00 4.723873483718671329e-01 0.000000000000000000e+00 0.000000000000000000e+00 0.000000000000000000e+00 4.145990686625766752e-01 4.331132160868538250e-01 0.000000000000000000e+00 0.000000000000000000e+00 4.693879334687149907e-01 4.870676461217131048e-01 7.776895535251888980e-02 0.000000000000000000e+00
0.000000000000000000e+00 0.000000000000000000e+00 0.000000000000000000e+00 0.000000000000000000e+00 4.774801536350100628e-01 0.000000000000000000e+00 0.000000000000000000e+00 0.000000000000000000e+00 4.097396566239892013e-01 4.247464559354751645e-01 0.000000000000000000e+00 0.000000000000000000e+00 4.736532216196194800e-01 4.879426865222780685e-01 7.260788725602294880e-02 0.000000000000000000e+00
0.000000000000000000e+00 0.000000000000000000e+00 0.000000000000000000e+00 0.000000000000000000e+00 4.793889878256487047e-01 0.000000000000000000e+00 0.000000000000000000e+00 0.000000000000000000e+00 4.171921365634124745e-01 4.338768052480670989e-01 0.000000000000000000e+00 0.000000000000000000e+00 4.679587029330962711e-01 4.841275311406395554e-01 6.899227773696853250e-02 0.000000000000000000e+00
0.000000000000000000e+00 0.000000000000000000e+00 0.000000000000000000e+00 0.000000000000000000e+00 4.799210358944018262e-01 0.000000000000000000e+00 0.000000000000000000e+00 0.000000000000000000e+00 4.204797082852612666e-01 4.378200785576841225e-01 0.000000000000000000e+00 0.000000000000000000e+00 4.842888715811203837e-01 5.010733966621077062e-01 7.890092405750330495e-02 0.000000000000000000e+00
0.000000000000000000e+00 0.000000000000000000e+00 0.000000000000000000e+00 0.000000000000000000e+00 4.653682900709948389e-01 0.000000000000000000e+00 0.000000000000000000e+00 0.000000000000000000e+00 4.101443599410268259e-01 4.287838553843918987e-01 0.000000000000000000e+00 0.000000000000000000e+00 4.726502654687669280e-01 4.905120126772448130e-01 7.418955674678175127e-02 0.000000000000000000e+00
0.000000000000000000e+00 0.000000000000000000e+00 0.000000000000000000e+00 0.000000000000000000e+00 4.823623459207551645e-01 0.000000000000000000e+00 0.000000000000000000e+00 0.000000000000000000e+00 4.207465361132236570e-01 4.377176150586442605e-01 0.000000000000000000e+00 0.000000000000000000e+00 4.713887183589502983e-01 4.869950493934674385e-01 8.209741453672432521e-02 0.000000000000000000e+00
