# 'name' : 'rogers_a02_b00_d05_g00'
# 'source' : 'rogers_a02_b00_d05_g00.yaml'
# 'sample_pops' : ['X', 'D', 'Y', 'N']
# 'sample_size' : 1
# 'n_reps' : 100
# 'n_windows' : 200
# 'seq_length' : 100000000.0
# 'window_length' : 500000.0
# 'recomb_rate' : 1e-08
# 'mut_rate' : 1e-08
# 'created' : None
1.840196775289505064e-04 1.396360361258050411e-04 9.103356435095716565e-04 7.665312340630362972e-04
1.736677680887828055e-04 1.376181263090152178e-04 9.196000374076117485e-04 7.587731553971928562e-04
1.804926048284037296e-04 1.367142515593340114e-04 9.389989572445299774e-04 7.695302278408999415e-04
1.779347503353670889e-04 1.457512900859729099e-04 9.290944403926263296e-04 7.686407454772708559e-04
1.758369259336471267e-04 1.350544294427111127e-04 9.195899141621204130e-04 7.802765399837640779e-04
1.781314613433303653e-04 1.427824702010890997e-04 9.146246666021894123e-04 7.848150577551095191e-04
1.847308557449908479e-04 1.390621548761405491e-04 9.169571505653264110e-04 7.542294713528392789e-04
1.794975277115502181e-04 1.397491759409815305e-04 9.347924431843261965e-04 7.632181561029224414e-04
1.845779877095167195e-04 1.417336632096480949e-04 9.260990661740267594e-04 7.470995587900912220e-04
1.882605271185978110e-04 1.418615755670965496e-04 9.130510780953493164e-04 7.671787314356072647e-04
1.847389647516864625e-04 1.407894597525806207e-04 9.187265020757094842e-04 7.585677717363204951e-04
1.801259021685018243e-04 1.368857420973339971e-04 9.241766888763605463e-04 7.547559233600048502e-04
1.797136660519586685e-04 1.393892726977752935e-04 9.186300870496914893e-04 7.570892254590374680e-04
1.792821716374073937e-04 1.421050599411476762e-04 9.118628429074869101e-04 7.739705666633890820e-04
1.862992224983252244e-04 1.332813493826686432e-04 9.224407435483076255e-04 7.662818260547129721e-04
1.804315660056813372e-04 1.387566586354264692e-04 9.290472391060537608e-04 7.595412750123606196e-04
1.748223912408443154e-04 1.378461837539308890e-04 9.068440382160597316e-04 7.679511816008268311e-04
1.863361164346623940e-04 1.357858128674487822e-04 9.118327712225511063e-04 7.711912105661513847e-04
1.861976258974228722e-04 1.461063191267675059e-04 9.297837194832375262e-04 7.781028629650656430e-04
1.877687021524206471e-04 1.378629272298461696e-04 9.291634464383053717e-04 7.755721500793317548e-04
1.839498383995102546e-04 1.372764372435814886e-04 9.343151745694718490e-04 7.505097698402480883e-04
1.869403519582558027e-04 1.450489116998407554e-04 9.108869927564467849e-04 7.721268671766192901e-04
1.837219197437808902e-04 1.359458367661545218e-04 9.198852511360250134e-04 7.839362371563427922e-04
1.720401271510558648e-04 1.339959536174413404e-04 9.150706743202181859e-04 7.760498595086228130e-04
1.731540900199514160e-04 1.434348613747765016e-04 9.021407315552036274e-04 7.842419765186888023e-04
1.797030505608182517e-04 1.315616978368139246e-04 9.312611687539955460e-04 7.758981170621270448e-04
1.769938931892414994e-04 1.423861270949111895e-04 9.302647917873566909e-04 7.597407970919016658e-04
1.857267430859190947e-04 1.327701028606908488e-04 9.281566366998075367e-04 7.931289094540702527e-04
1.813328243571297907e-04 1.417833554174344776e-04 9.196985492418269757e-04 7.640473939168720063e-04
1.774281481611561235e-04 1.389191309424715629e-04 9.231811623179878501e-04 7.636441887635833864e-04
1.800343101012183357e-04 1.401468192089387317e-04 9.295841956086621982e-04 7.303386708516464501e-04
1.811467392289909848e-04 1.385131233074619449e-04 9.138441167090321149e-04 7.755756384542072815e-04
1.824097837250182813e-04 1.362055417500779590e-04 9.073632375121085114e-04 7.669148589229327203e-04
1.859065727765071374e-04 1.396859760264428422e-04 9.223617909474997843e-04 7.682988656896957589e-04
1.772075548594910076e-04 1.398102961961325671e-04 9.206012480402184141e-04 7.742739443847077149e-04
1.774090490135702834e-04 1.424250045077441189e-04 9.222194048523901658e-04 7.768885105856564296e-04
1.829207515289929173e-04 1.344197693170063820e-04 9.282180444410648374e-04 7.617659701909453452e-04
1.806255818745655791e-04 1.322284048714644474e-04 9.315579585329944717e-04 7.492070447439440079e-04
1.827250317563030820e-04 1.404137503921924334e-04 9.090674466214475639e-04 7.497652311681847481e-04
1.820990303545436052e-04 1.373014614063893793e-04 9.298254262015270962e-04 7.578025629323393263e-04
1.826156418784519869e-04 1.377991642474158253e-04 9.216333389187766597e-04 7.805472713964614357e-04
1.830417221283670839e-04 1.448527784418412079e-04 9.218155280397472180e-04 7.572009667897574908e-04
1.791945027445813771e-04 1.342148213380292044e-04 9.149856140341237811e-04 7.448669655391959663e-04
1.849732997732639436e-04 1.329189503543381026e-04 9.303197045543414988e-04 7.632927602398746842e-04
1.836133317992221902e-04 1.328252777970683515e-04 9.343483282666588570e-04 7.613515321288082029e-04
1.806810607244531354e-04 1.384521727645324251e-04 9.358891925670606831e-04 7.687392633504233370e-04
1.818940014727536041e-04 1.441482806098275051e-04 9.086598144380990220e-04 7.516466693209144677e-04
1.862354885712084009e-04 1.315909281109554452e-04 9.125871655140034046e-04 7.269955799274801980e-04
1.850362949490616158e-04 1.372143474641125270e-04 9.393085810127356711e-04 7.706270977565972706e-04
1.862495100844167471e-04 1.415995364219415178e-04 9.261745166150300379e-04 7.755340983588490927e-04
1.869261044935607960e-04 1.418242751473771073e-04 9.098346399298935707e-04 7.565393858132800613e-04
1.892725766074481353e-04 1.392797517520837796e-04 9.173665347338571001e-04 7.637587259183798924e-04
1.772694599860732652e-04 1.414158951623937415e-04 9.336596731094752620e-04 8.037463583823188694e-04
1.923158959583598081e-04 1.436791155614804063e-04 9.114851801622214774e-04 7.659809770409538743e-04
1.769831587766959970e-04 1.409175187571910185e-04 9.162293750108871024e-04 7.652494109267690301e-04
1.759797177040801843e-04 1.344961263021972786e-04 9.139500169467769516e-04 7.672466139804035934e-04
1.783097240987175400e-04 1.316174562319116217e-04 9.186138779263382714e-04 7.365511545077836316e-04
1.850121772877070809e-04 1.353554181601691235e-04 9.371535943660556445e-04 7.695929075180094579e-04
1.818231757430008647e-04 1.354922129388813135e-04 9.290156125599172273e-04 7.581912444728936083e-04
1.759363717996945923e-04 1.328628154401051995e-04 9.186049336545801377e-04 7.602965378757344439e-04
1.771661716214818143e-04 1.335079330017713490e-04 9.207665492716096949e-04 7.852758634072701509e-04
1.836086425289498128e-04 1.380333376096792245e-04 9.269598202299008044e-04 7.683502345770899583e-04
1.810427730411719746e-04 1.369465262273566791e-04 9.314044522703702859e-04 7.698336016704242441e-04
1.839993760155923450e-04 1.406004033919023492e-04 8.983363776936818985e-04 7.849116517128168578e-04
1.848047362913032919e-04 1.362490266268966946e-04 9.095150769120369152e-04 7.524726744610385747e-04
1.809766923259195583e-04 1.380343849542843646e-04 9.140027529514894826e-04 7.625175392740097700e-04
1.817340493028739767e-04 1.357307763860816756e-04 9.145223133635821226e-04 7.671471165417695403e-04
1.791941781612231934e-04 1.384004973189306958e-04 9.239690220186648484e-04 7.742273774042263048e-04
1.829867209896193791e-04 1.388359610811050753e-04 9.230646989732159196e-04 7.683710208659675972e-04
1.801037095597284986e-04 1.411202090181352150e-04 9.137843474601664920e-04 7.769955461783787255e-04
1.853942142373586957e-04 1.409259264626846965e-04 9.171223646873254013e-04 7.582760421791603402e-04
1.821098042837692918e-04 1.345277965111652734e-04 9.290649775201019261e-04 7.831242065452363775e-04
1.811973344251085300e-04 1.429154369768981031e-04 9.175064957214221434e-04 7.535723103244933033e-04
1.838647781149965624e-04 1.380213542750456050e-04 9.292773034088592891e-04 7.791861376328902905e-04
1.784494704953100419e-04 1.406448047237383468e-04 9.169760403762814305e-04 7.643206314646641686e-04
1.762855028707487146e-04 1.391625565432474889e-04 9.191223953771197972e-04 7.577491175439050007e-04
1.878590331089222251e-04 1.377955946715092106e-04 9.339014030664268082e-04 7.731176965677362487e-04
1.951550248842203871e-04 1.431644399921081097e-04 9.318577537783610375e-04 7.660270693885430507e-04
1.847941698594414330e-04 1.421083517782870034e-04 9.267006886124087676e-04 7.515433988398141727e-04
1.742226993411545935e-04 1.389365098692383954e-04 9.229830926035776338e-04 7.490297882791457484e-04
1.786653509246200356e-04 1.378261527820970778e-04 9.268492928065715127e-04 7.510333764361676280e-04
1.783617559939631048e-04 1.424237572835215912e-04 9.174012488141698772e-04 7.758453711826428321e-04
1.794907895125356478e-04 1.406316192880816744e-04 9.203981077850838157e-04 7.676939863490530626e-04
1.780165494676646707e-04 1.339795166765124729e-04 9.181750725907237122e-04 7.658145552535576203e-04
1.832607355847572803e-04 1.362325804513136345e-04 9.276654674738261854e-04 7.597163022122466712e-04
1.827313353205861266e-04 1.329522676247100826e-04 9.188169867585194378e-04 7.724821813426413237e-04
1.836496361336355980e-04 1.355661074595566299e-04 9.160203716037282860e-04 7.357262536011975737e-04
1.852360155221787570e-04 1.440391639991449606e-04 9.113506913617844523e-04 7.556599849807933223e-04
1.811406044603167511e-04 1.402775571569601476e-04 9.199259371172013693e-04 7.522779377318789982e-04
1.763597844447710862e-04 1.382985085234128824e-04 9.302179615545781493e-04 7.897959172122425006e-04
1.782171522912354134e-04 1.393569330813804836e-04 9.235604894773133096e-04 7.819933376436100439e-04
1.775687592564817062e-04 1.361414205945685283e-04 9.313399562037659018e-04 7.543852918542924644e-04
1.830758943864891502e-04 1.420693465031795948e-04 9.312044062694904180e-04 7.656393103534917454e-04
1.741271821496801538e-04 1.348840348039768034e-04 9.422549802688393083e-04 7.503460389277320656e-04
1.841533905523007287e-04 1.378491992316729356e-04 9.153623686675829750e-04 7.671558957784733665e-04
1.768236744355721390e-04 1.370403338389756176e-04 9.346101260680857647e-04 7.556571520314593268e-04
1.809325146776338128e-04 1.358320862018129232e-04 9.221027234330610167e-04 7.844058069926825938e-04
1.792282821742915001e-04 1.367652964229553640e-04 9.255645245033806458e-04 7.540170730878795538e-04
1.862358290518757969e-04 1.376046222018380315e-04 9.280940119158709268e-04 7.671832247126517557e-04
1.796687287965321718e-04 1.361853391356647122e-04 9.044057129449983379e-04 7.662559819505253148e-04
