# 'name' : 'rogers_a02_b00_d05_g00'
# 'source' : 'rogers_a02_b00_d05_g00.yaml'
# 'sample_pops' : ['X', 'D', 'Y', 'N']
# 'sample_size' : 1
# 'n_reps' : 100
# 'n_windows' : 200
# 'seq_length' : 100000000.0
# 'window_length' : 500000.0
# 'recomb_rate' : 1e-08
# 'mut_rate' : 1e-08
# 'created' : None
0.000000000000000000e+00 0.000000000000000000e+00 0.000000000000000000e+00 0.000000000000000000e+00 4.535143076962753822e-04 0.000000000000000000e+00 0.000000000000000000e+00 0.000000000000000000e+00 1.322730851752090342e-03 1.322003497297468593e-03 0.000000000000000000e+00 0.000000000000000000e+00 1.306046159508483621e-03 1.299494833174509633e-03 9.660989096929152673e-04 0.000000000000000000e+00
0.000000000000000000e+00 0.000000000000000000e+00 0.000000000000000000e+00 0.000000000000000000e+00 4.480359523892336144e-04 0.000000000000000000e+00 0.000000000000000000e+00 0.000000000000000000e+00 1.334250107279623485e-03 1.331962468463073574e-03 0.000000000000000000e+00 0.000000000000000000e+00 1.313363213105470453e-03 1.301589736913096648e-03 9.716215076970897589e-04 0.000000000000000000e+00
0.000000000000000000e+00 0.000000000000000000e+00 0.000000000000000000e+00 0.000000000000000000e+00 4.442906825017381390e-04 0.000000000000000000e+00 0.000000000000000000e+00 0.000000000000000000e+00 1.333192798957069745e-03 1.332831978591650672e-03 0.000000000000000000e+00 0.000000000000000000e+00 1.310104793864192135e-03 1.303164036905231360e-03 9.749192932167960934e-04 0.000000000000000000e+00
0.000000000000000000e+00 0.000000000000000000e+00 0.000000000000000000e+00 0.000000000000000000e+00 4.592388074256354628e-04 0.000000000000000000e+00 0.000000000000000000e+00 0.000000000000000000e+00 1.351200597758209134e-03 1.354676038221937738e-03 0.000000000000000000e+00 0.000000000000000000e+00 1.335363788023231739e-03 1.331445921665626309e-03 9.709377536118149379e-04 0.000000000000000000e+00
0.000000000000000000e+00 0.000000000000000000e+00 0.000000000000000000e+00 0.000000000000000000e+00 4.516212086535906396e-04 0.000000000000000000e+00 0.000000000000000000e+00 0.000000000000000000e+00 1.342744117176439224e-03 1.344270437749000950e-03 0.000000000000000000e+00 0.000000000000000000e+00 1.325141848851351355e-03 1.319333114842760959e-03 9.693875741116277523e-04 0.000000000000000000e+00
0.000000000000000000e+00 0.000000000000000000e+00 0.000000000000000000e+00 0.000000000000000000e+00 4.629580623346717344e-04 0.000000000000000000e+00 0.000000000000000000e+00 0.000000000000000000e+00 1.351012967760081883e-03 1.355580967015361559e-03 0.000000000000000000e+00 0.000000000000000000e+00 1.330768599487981143e-03 1.329512176910752031e-03 9.750014022670763910e-04 0.000000000000000000e+00
0.000000000000000000e+00 0.000000000000000000e+00 0.000000000000000000e+00 0.000000000000000000e+00 4.459325502426758170e-04 0.000000000000000000e+00 0.000000000000000000e+00 0.000000000000000000e+00 1.327862432079838020e-03 1.329208833645439698e-03 0.000000000000000000e+00 0.000000000000000000e+00 1.316567350281596304e-03 1.312566573697242526e-03 9.680464637542656424e-04 0.000000000000000000e+00
0.000000000000000000e+00 0.000000000000000000e+00 0.000000000000000000e+00 0.000000000000000000e+00 4.554797794303431916e-04 0.000000000000000000e+00 0.000000000000000000e+00 0.000000000000000000e+00 1.347154049115743737e-03 1.343702750672952188e-03 0.000000000000000000e+00 0.000000000000000000e+00 1.335809886449789092e-03 1.326808733355038438e-03 9.675614158217477230e-04 0.000000000000000000e+00
0.000000000000000000e+00 0.000000000000000000e+00 0.000000000000000000e+00 0.000000000000000000e+00 4.472284751940323790e-04 0.000000000000000000e+00 0.000000000000000000e+00 0.000000000000000000e+00 1.312619525743260454e-03 1.315593119397983138e-03 0.000000000000000000e+00 0.000000000000000000e+00 1.293442961472977522e-03 1.288771919565098734e-03 9.659271219491311284e-04 0.000000000000000000e+00
0.000000000000000000e+00 0.000000000000000000e+00 0.000000000000000000e+00 0.000000000000000000e+00 4.575522245525625925e-04 0.000000000000000000e+00 0.000000000000000000e+00 0.000000000000000000e+00 1.344049535884536770e-03 1.344183504230649084e-03 0.000000000000000000e+00 0.000000000000000000e+00 1.328338962921427361e-03 1.318287993193361556e-03 9.692361291293482206e-04 0.000000000000000000e+00
0.000000000000000000e+00 0.000000000000000000e+00 0.000000000000000000e+00 0.000000000000000000e+00 4.550878087308048332e-04 0.000000000000000000e+00 0.000000000000000000e+00 0.000000000000000000e+00 1.338263038566288093e-03 1.331782268311961729e-03 0.000000000000000000e+00 0.000000000000000000e+00 1.321270447854482055e-03 1.309408125645851548e-03 9.661079010965919946e-04 0.000000000000000000e+00
0.000000000000000000e+00 0.000000000000000000e+00 0.000000000000000000e+00 0.000000000000000000e+00 4.502784302797527738e-04 0.000000000000000000e+00 0.000000000000000000e+00 0.000000000000000000e+00 1.332265167943620177e-03 1.330103841189897483e-03 0.000000000000000000e+00 0.000000000000000000e+00 1.314923344524165016e-03 1.307273043347341630e-03 9.706198222761449994e-04 0.000000000000000000e+00
0.000000000000000000e+00 0.000000000000000000e+00 0.000000000000000000e+00 0.000000000000000000e+00 4.479945566874538997e-04 0.000000000000000000e+00 0.000000000000000000e+00 0.000000000000000000e+00 1.344882035200565054e-03 1.347459289705986484e-03 0.000000000000000000e+00 0.000000000000000000e+00 1.319739468266052131e-03 1.317050587790064833e-03 9.653884150917082596e-04 0.000000000000000000e+00
0.000000000000000000e+00 0.000000000000000000e+00 0.000000000000000000e+00 0.000000000000000000e+00 4.485927160887617912e-04 0.000000000000000000e+00 0.000000000000000000e+00 0.000000000000000000e+00 1.328014550840852723e-03 1.326382254109688451e-03 0.000000000000000000e+00 0.000000000000000000e+00 1.305732078314191056e-03 1.294510537795772126e-03 9.751698676136469563e-04 0.000000000000000000e+00
0.000000000000000000e+00 0.000000000000000000e+00 0.000000000000000000e+00 0.000000000000000000e+00 4.515176936580946889e-04 0.000000000000000000e+00 0.000000000000000000e+00 0.000000000000000000e+00 1.358640732591787298e-03 1.357461651646674466e-03 0.000000000000000000e+00 0.000000000000000000e+00 1.338857302418895636e-03 1.331816461732095907e-03 9.733566431053715644e-04 0.000000000000000000e+00
0.000000000000000000e+00 0.000000000000000000e+00 0.000000000000000000e+00 0.000000000000000000e+00 4.555789159047006552e-04 0.000000000000000000e+00 0.000000000000000000e+00 0.000000000000000000e+00 1.339561359045860715e-03 1.341397807661429738e-03 0.000000000000000000e+00 0.000000000000000000e+00 1.325621164637278120e-03 1.320717160510266651e-03 9.677405593149933285e-04 0.000000000000000000e+00
0.000000000000000000e+00 0.000000000000000000e+00 0.000000000000000000e+00 0.000000000000000000e+00 4.456528492597806044e-04 0.000000000000000000e+00 0.000000000000000000e+00 0.000000000000000000e+00 1.324035594832988303e-03 1.321066186002060839e-03 0.000000000000000000e+00 0.000000000000000000e+00 1.308759283098994601e-03 1.299898754453977226e-03 9.713514449760459911e-04 0.000000000000000000e+00
0.000000000000000000e+00 0.000000000000000000e+00 0.000000000000000000e+00 0.000000000000000000e+00 4.546162992298451925e-04 0.000000000000000000e+00 0.000000000000000000e+00 0.000000000000000000e+00 1.338671521130650396e-03 1.335925450505969512e-03 0.000000000000000000e+00 0.000000000000000000e+00 1.322611719819317879e-03 1.314818074676234530e-03 9.768583683920784976e-04 0.000000000000000000e+00
0.000000000000000000e+00 0.000000000000000000e+00 0.000000000000000000e+00 0.000000000000000000e+00 4.701513873744088412e-04 0.000000000000000000e+00 0.000000000000000000e+00 0.000000000000000000e+00 1.348749397681902598e-03 1.354383075137104240e-03 0.000000000000000000e+00 0.000000000000000000e+00 1.326991341553456979e-03 1.322775908697197775e-03 9.760711059711356342e-04 0.000000000000000000e+00
0.000000000000000000e+00 0.000000000000000000e+00 0.000000000000000000e+00 0.000000000000000000e+00 4.483624558014420009e-04 0.000000000000000000e+00 0.000000000000000000e+00 0.000000000000000000e+00 1.322535405687963808e-03 1.322339236740401654e-03 0.000000000000000000e+00 0.000000000000000000e+00 1.297027519418310088e-03 1.287107310438026422e-03 9.675634346050713923e-04 0.000000000000000000e+00
0.000000000000000000e+00 0.000000000000000000e+00 0.000000000000000000e+00 0.000000000000000000e+00 4.501213423259428159e-04 0.000000000000000000e+00 0.000000000000000000e+00 0.000000000000000000e+00 1.315308345143815279e-03 1.314151352535467780e-03 0.000000000000000000e+00 0.000000000000000000e+00 1.305080801154523493e-03 1.299633376650328456e-03 9.658206798690818686e-04 0.000000000000000000e+00
0.000000000000000000e+00 0.000000000000000000e+00 0.000000000000000000e+00 0.000000000000000000e+00 4.581719238417511476e-04 0.000000000000000000e+00 0.000000000000000000e+00 0.000000000000000000e+00 1.338612025560224168e-03 1.340611443176373437e-03 0.000000000000000000e+00 0.000000000000000000e+00 1.324890486108811849e-03 1.318868041882684987e-03 9.631971382467472212e-04 0.000000000000000000e+00
0.000000000000000000e+00 0.000000000000000000e+00 0.000000000000000000e+00 0.000000000000000000e+00 4.550885071454142364e-04 0.000000000000000000e+00 0.000000000000000000e+00 0.000000000000000000e+00 1.331874397065938107e-03 1.327531733308618973e-03 0.000000000000000000e+00 0.000000000000000000e+00 1.315273216819628490e-03 1.306756663997122323e-03 9.648957289061419439e-04 0.000000000000000000e+00
0.000000000000000000e+00 0.000000000000000000e+00 0.000000000000000000e+00 0.000000000000000000e+00 4.361496633547729549e-04 0.000000000000000000e+00 0.000000000000000000e+00 0.000000000000000000e+00 1.315409148574209815e-03 1.318506328481687051e-03 0.000000000000000000e+00 0.000000000000000000e+00 1.301323953666851715e-03 1.298501936622385635e-03 9.631165579725228668e-04 0.000000000000000000e+00
0.000000000000000000e+00 0.000000000000000000e+00 0.000000000000000000e+00 0.000000000000000000e+00 4.468901582075751589e-04 0.000000000000000000e+00 0.000000000000000000e+00 0.000000000000000000e+00 1.325477028075634951e-03 1.327362457201580097e-03 0.000000000000000000e+00 0.000000000000000000e+00 1.310914255642596981e-03 1.306318023782901102e-03 9.757684161544776446e-04 0.000000000000000000e+00
0.000000000000000000e+00 0.000000000000000000e+00 0.000000000000000000e+00 0.000000000000000000e+00 4.621350649081080422e-04 0.000000000000000000e+00 0.000000000000000000e+00 0.000000000000000000e+00 1.365448017444622361e-03 1.360420211678232873e-03 0.000000000000000000e+00 0.000000000000000000e+00 1.345613909730854945e-03 1.335810940766177408e-03 9.697611666512759776e-04 0.000000000000000000e+00
0.000000000000000000e+00 0.000000000000000000e+00 0.000000000000000000e+00 0.000000000000000000e+00 4.587860124084931594e-04 0.000000000000000000e+00 0.000000000000000000e+00 0.000000000000000000e+00 1.357393731272792028e-03 1.357378326396339874e-03 0.000000000000000000e+00 0.000000000000000000e+00 1.341038923316533382e-03 1.333791450876511443e-03 9.717934014200449748e-04 0.000000000000000000e+00
0.000000000000000000e+00 0.000000000000000000e+00 0.000000000000000000e+00 0.000000000000000000e+00 4.544210598082417383e-04 0.000000000000000000e+00 0.000000000000000000e+00 0.000000000000000000e+00 1.328632922240474690e-03 1.327769190373178070e-03 0.000000000000000000e+00 0.000000000000000000e+00 1.311786496538973031e-03 1.305080611633164167e-03 9.740380961337571919e-04 0.000000000000000000e+00
0.000000000000000000e+00 0.000000000000000000e+00 0.000000000000000000e+00 0.000000000000000000e+00 4.503157040634589697e-04 0.000000000000000000e+00 0.000000000000000000e+00 0.000000000000000000e+00 1.351763034033090331e-03 1.348703424691765620e-03 0.000000000000000000e+00 0.000000000000000000e+00 1.336673389639386755e-03 1.328067100314844588e-03 9.726030099605293073e-04 0.000000000000000000e+00
0.000000000000000000e+00 0.000000000000000000e+00 0.000000000000000000e+00 0.000000000000000000e+00 4.574839248329884683e-04 0.000000000000000000e+00 0.000000000000000000e+00 0.000000000000000000e+00 1.326191168050052608e-03 1.329101032359796767e-03 0.000000000000000000e+00 0.000000000000000000e+00 1.315832362719243599e-03 1.312575829045541055e-03 9.694549969802900100e-04 0.000000000000000000e+00
0.000000000000000000e+00 0.000000000000000000e+00 0.000000000000000000e+00 0.000000000000000000e+00 4.441132367112049940e-04 0.000000000000000000e+00 0.000000000000000000e+00 0.000000000000000000e+00 1.310505702826812811e-03 1.311595797583188332e-03 0.000000000000000000e+00 0.000000000000000000e+00 1.287793225127369188e-03 1.282755118007561194e-03 9.571667106631120883e-04 0.000000000000000000e+00
0.000000000000000000e+00 0.000000000000000000e+00 0.000000000000000000e+00 0.000000000000000000e+00 4.634211714824146332e-04 0.000000000000000000e+00 0.000000000000000000e+00 0.000000000000000000e+00 1.349689700372891030e-03 1.348244535967155818e-03 0.000000000000000000e+00 0.000000000000000000e+00 1.337120182755385280e-03 1.327403140435569426e-03 9.662433568940837153e-04 0.000000000000000000e+00
0.000000000000000000e+00 0.000000000000000000e+00 0.000000000000000000e+00 0.000000000000000000e+00 4.428172692932148152e-04 0.000000000000000000e+00 0.000000000000000000e+00 0.000000000000000000e+00 1.349161666390001537e-03 1.348042326054069628e-03 0.000000000000000000e+00 0.000000000000000000e+00 1.335237798672094791e-03 1.330252015280677415e-03 9.646651256766090605e-04 0.000000000000000000e+00
0.000000000000000000e+00 0.000000000000000000e+00 0.000000000000000000e+00 0.000000000000000000e+00 4.573602279093946159e-04 0.000000000000000000e+00 0.000000000000000000e+00 0.000000000000000000e+00 1.334156389149632844e-03 1.336446666424258474e-03 0.000000000000000000e+00 0.000000000000000000e+00 1.317232200433072261e-03 1.313128409962917775e-03 9.701282895634183879e-04 0.000000000000000000e+00
0.000000000000000000e+00 0.000000000000000000e+00 0.000000000000000000e+00 0.000000000000000000e+00 4.532631576800008112e-04 0.000000000000000000e+00 0.000000000000000000e+00 0.000000000000000000e+00 1.331264910028145693e-03 1.332311180544961445e-03 0.000000000000000000e+00 0.000000000000000000e+00 1.312025003414849433e-03 1.307597225237068549e-03 9.647259600564557112e-04 0.000000000000000000e+00
0.000000000000000000e+00 0.000000000000000000e+00 0.000000000000000000e+00 0.000000000000000000e+00 4.511862402778355646e-04 0.000000000000000000e+00 0.000000000000000000e+00 0.000000000000000000e+00 1.359075218213043942e-03 1.355742369285060272e-03 0.000000000000000000e+00 0.000000000000000000e+00 1.342978114491332094e-03 1.335393465263781101e-03 9.736614976314900659e-04 0.000000000000000000e+00
0.000000000000000000e+00 0.000000000000000000e+00 0.000000000000000000e+00 0.000000000000000000e+00 4.660069824896114605e-04 0.000000000000000000e+00 0.000000000000000000e+00 0.000000000000000000e+00 1.355016900396053842e-03 1.361153705049325058e-03 0.000000000000000000e+00 0.000000000000000000e+00 1.340327728954563910e-03 1.342356527893753078e-03 9.641311343736495929e-04 0.000000000000000000e+00
0.000000000000000000e+00 0.000000000000000000e+00 0.000000000000000000e+00 0.000000000000000000e+00 4.510729282325803792e-04 0.000000000000000000e+00 0.000000000000000000e+00 0.000000000000000000e+00 1.333434175586619124e-03 1.335985730765825059e-03 0.000000000000000000e+00 0.000000000000000000e+00 1.311968215341294871e-03 1.309107383366689414e-03 9.748809034575582405e-04 0.000000000000000000e+00
0.000000000000000000e+00 0.000000000000000000e+00 0.000000000000000000e+00 0.000000000000000000e+00 4.560309194147911635e-04 0.000000000000000000e+00 0.000000000000000000e+00 0.000000000000000000e+00 1.334568360667659319e-03 1.334411558645429803e-03 0.000000000000000000e+00 0.000000000000000000e+00 1.318198472055957717e-03 1.309422673036801177e-03 9.621878263498261129e-04 0.000000000000000000e+00
0.000000000000000000e+00 0.000000000000000000e+00 0.000000000000000000e+00 0.000000000000000000e+00 4.458788786393156310e-04 0.000000000000000000e+00 0.000000000000000000e+00 0.000000000000000000e+00 1.329768967798404620e-03 1.329836539617426736e-03 0.000000000000000000e+00 0.000000000000000000e+00 1.310405098784359979e-03 1.304683166893372010e-03 9.657614706829583057e-04 0.000000000000000000e+00
0.000000000000000000e+00 0.000000000000000000e+00 0.000000000000000000e+00 0.000000000000000000e+00 4.493632606627497267e-04 0.000000000000000000e+00 0.000000000000000000e+00 0.000000000000000000e+00 1.334444748791219302e-03 1.337804266752474873e-03 0.000000000000000000e+00 0.000000000000000000e+00 1.318499544411329489e-03 1.316377773790545179e-03 9.758311764854625580e-04 0.000000000000000000e+00
0.000000000000000000e+00 0.000000000000000000e+00 0.000000000000000000e+00 0.000000000000000000e+00 4.691438992693452320e-04 0.000000000000000000e+00 0.000000000000000000e+00 0.000000000000000000e+00 1.354732651884704188e-03 1.350902376948207853e-03 0.000000000000000000e+00 0.000000000000000000e+00 1.339058364216771067e-03 1.327364139206375308e-03 9.677242808489443541e-04 0.000000000000000000e+00
0.000000000000000000e+00 0.000000000000000000e+00 0.000000000000000000e+00 0.000000000000000000e+00 4.377252658139894458e-04 0.000000000000000000e+00 0.000000000000000000e+00 0.000000000000000000e+00 1.326469567157138353e-03 1.321374674346931536e-03 0.000000000000000000e+00 0.000000000000000000e+00 1.317029568520812184e-03 1.307815751449804007e-03 9.698403530973168183e-04 0.000000000000000000e+00
0.000000000000000000e+00 0.000000000000000000e+00 0.000000000000000000e+00 0.000000000000000000e+00 4.504777247761859705e-04 0.000000000000000000e+00 0.000000000000000000e+00 0.000000000000000000e+00 1.324243289708153205e-03 1.324742699868005410e-03 0.000000000000000000e+00 0.000000000000000000e+00 1.301874683992584316e-03 1.295638127289734090e-03 9.749559161972977221e-04 0.000000000000000000e+00
0.000000000000000000e+00 0.000000000000000000e+00 0.000000000000000000e+00 0.000000000000000000e+00 4.548813973825901829e-04 0.000000000000000000e+00 0.000000000000000000e+00 0.000000000000000000e+00 1.350878959440377424e-03 1.349413109273748732e-03 0.000000000000000000e+00 0.000000000000000000e+00 1.331357874140600426e-03 1.323438369045525391e-03 9.639652403342696338e-04 0.000000000000000000e+00
0.000000000000000000e+00 0.000000000000000000e+00 0.000000000000000000e+00 0.000000000000000000e+00 4.492426855273189178e-04 0.000000000000000000e+00 0.000000000000000000e+00 0.000000000000000000e+00 1.327945474159425779e-03 1.323737924026516504e-03 0.000000000000000000e+00 0.000000000000000000e+00 1.305304035976057823e-03 1.294057060215239845e-03 9.618378638811958536e-04 0.000000000000000000e+00
0.000000000000000000e+00 0.000000000000000000e+00 0.000000000000000000e+00 0.000000000000000000e+00 4.587648553046254785e-04 0.000000000000000000e+00 0.000000000000000000e+00 0.000000000000000000e+00 1.337226341876690755e-03 1.333245648729960422e-03 0.000000000000000000e+00 0.000000000000000000e+00 1.322145455974784670e-03 1.313090140065487901e-03 9.658190871874512999e-04 0.000000000000000000e+00
0.000000000000000000e+00 0.000000000000000000e+00 0.000000000000000000e+00 0.000000000000000000e+00 4.585139722604913743e-04 0.000000000000000000e+00 0.000000000000000000e+00 0.000000000000000000e+00 1.320100416825900017e-03 1.319746105429450657e-03 0.000000000000000000e+00 0.000000000000000000e+00 1.302943409374393525e-03 1.296473600675493746e-03 9.685557987997669592e-04 0.000000000000000000e+00
0.000000000000000000e+00 0.000000000000000000e+00 0.000000000000000000e+00 0.000000000000000000e+00 4.573440718718929762e-04 0.000000000000000000e+00 0.000000000000000000e+00 0.000000000000000000e+00 1.349162674666299928e-03 1.348285876352880086e-03 0.000000000000000000e+00 0.000000000000000000e+00 1.331338363464420289e-03 1.322529219009941932e-03 9.688598363493953125e-04 0.000000000000000000e+00
0.000000000000000000e+00 0.000000000000000000e+00 0.000000000000000000e+00 0.000000000000000000e+00 4.576144667409913014e-04 0.000000000000000000e+00 0.000000000000000000e+00 0.000000000000000000e+00 1.349038595876462425e-03 1.345090837074729151e-03 0.000000000000000000e+00 0.000000000000000000e+00 1.322527253664853002e-03 1.307588341534182599e-03 9.775875406477603155e-04 0.000000000000000000e+00
0.000000000000000000e+00 0.000000000000000000e+00 0.000000000000000000e+00 0.000000000000000000e+00 4.738965817585853875e-04 0.000000000000000000e+00 0.000000000000000000e+00 0.000000000000000000e+00 1.354687348026895315e-03 1.361753668430317225e-03 0.000000000000000000e+00 0.000000000000000000e+00 1.329341540315365743e-03 1.328002614286945531e-03 9.625810374282673049e-04 0.000000000000000000e+00
0.000000000000000000e+00 0.000000000000000000e+00 0.000000000000000000e+00 0.000000000000000000e+00 4.683301091618056089e-04 0.000000000000000000e+00 0.000000000000000000e+00 0.000000000000000000e+00 1.346060374451491567e-03 1.344388853931146243e-03 0.000000000000000000e+00 0.000000000000000000e+00 1.328240846872257280e-03 1.323578906570830509e-03 9.671479079935648999e-04 0.000000000000000000e+00
0.000000000000000000e+00 0.000000000000000000e+00 0.000000000000000000e+00 0.000000000000000000e+00 4.493391980917124011e-04 0.000000000000000000e+00 0.000000000000000000e+00 0.000000000000000000e+00 1.350131300385590174e-03 1.345291005776085751e-03 0.000000000000000000e+00 0.000000000000000000e+00 1.328462307894547403e-03 1.315307041413391531e-03 9.697424655360910133e-04 0.000000000000000000e+00
0.000000000000000000e+00 0.000000000000000000e+00 0.000000000000000000e+00 0.000000000000000000e+00 4.738598083996110638e-04 0.000000000000000000e+00 0.000000000000000000e+00 0.000000000000000000e+00 1.362283645520933305e-03 1.367542042080219537e-03 0.000000000000000000e+00 0.000000000000000000e+00 1.344865230442787891e-03 1.344468591017960839e-03 9.587357861829527792e-04 0.000000000000000000e+00
0.000000000000000000e+00 0.000000000000000000e+00 0.000000000000000000e+00 0.000000000000000000e+00 4.640988456470485080e-04 0.000000000000000000e+00 0.000000000000000000e+00 0.000000000000000000e+00 1.356360821882008445e-03 1.355096648343132515e-03 0.000000000000000000e+00 0.000000000000000000e+00 1.336487518688891886e-03 1.325118764754168541e-03 9.692830950712071287e-04 0.000000000000000000e+00
0.000000000000000000e+00 0.000000000000000000e+00 0.000000000000000000e+00 0.000000000000000000e+00 4.468209329614132651e-04 0.000000000000000000e+00 0.000000000000000000e+00 0.000000000000000000e+00 1.324531846821963782e-03 1.323432279958207695e-03 0.000000000000000000e+00 0.000000000000000000e+00 1.308046798274819719e-03 1.299626052305204128e-03 9.680114980888805372e-04 0.000000000000000000e+00
0.000000000000000000e+00 0.000000000000000000e+00 0.000000000000000000e+00 0.000000000000000000e+00 4.475686630043900719e-04 0.000000000000000000e+00 0.000000000000000000e+00 0.000000000000000000e+00 1.333342087610638309e-03 1.333049944204408883e-03 0.000000000000000000e+00 0.000000000000000000e+00 1.313646713566417020e-03 1.306125285044060181e-03 9.758254309736588217e-04 0.000000000000000000e+00
0.000000000000000000e+00 0.000000000000000000e+00 0.000000000000000000e+00 0.000000000000000000e+00 4.554386307028580622e-04 0.000000000000000000e+00 0.000000000000000000e+00 0.000000000000000000e+00 1.356181134679710016e-03 1.355989070429388385e-03 0.000000000000000000e+00 0.000000000000000000e+00 1.343386977664564989e-03 1.336232150793718789e-03 9.757011958643807461e-04 0.000000000000000000e+00
0.000000000000000000e+00 0.000000000000000000e+00 0.000000000000000000e+00 0.000000000000000000e+00 4.566421682609245040e-04 0.000000000000000000e+00 0.000000000000000000e+00 0.000000000000000000e+00 1.341433941187762874e-03 1.342011056983046045e-03 0.000000000000000000e+00 0.000000000000000000e+00 1.325247438258497302e-03 1.320086169752842688e-03 9.779825703045638436e-04 0.000000000000000000e+00
0.000000000000000000e+00 0.000000000000000000e+00 0.000000000000000000e+00 0.000000000000000000e+00 4.524488764526311086e-04 0.000000000000000000e+00 0.000000000000000000e+00 0.000000000000000000e+00 1.326349311973827952e-03 1.324855735064893285e-03 0.000000000000000000e+00 0.000000000000000000e+00 1.314391894966608024e-03 1.303408187303658951e-03 9.696662716788899926e-04 0.000000000000000000e+00
0.000000000000000000e+00 0.000000000000000000e+00 0.000000000000000000e+00 0.000000000000000000e+00 4.550083766197376392e-04 0.000000000000000000e+00 0.000000000000000000e+00 0.000000000000000000e+00 1.330125766075158965e-03 1.325990927472980559e-03 0.000000000000000000e+00 0.000000000000000000e+00 1.309429152909034801e-03 1.296640875943581286e-03 9.730585656718942610e-04 0.000000000000000000e+00
0.000000000000000000e+00 0.000000000000000000e+00 0.000000000000000000e+00 0.000000000000000000e+00 4.547315436529498545e-04 0.000000000000000000e+00 0.000000000000000000e+00 0.000000000000000000e+00 1.350146364863464296e-03 1.352159997320256024e-03 0.000000000000000000e+00 0.000000000000000000e+00 1.324170566140020011e-03 1.319681394155388298e-03 9.708324965571284550e-04 0.000000000000000000e+00
0.000000000000000000e+00 0.000000000000000000e+00 0.000000000000000000e+00 0.000000000000000000e+00 4.527081347248933674e-04 0.000000000000000000e+00 0.000000000000000000e+00 0.000000000000000000e+00 1.331252001786019466e-03 1.330672373933196231e-03 0.000000000000000000e+00 0.000000000000000000e+00 1.314390801050506442e-03 1.308473139192495522e-03 9.705789616903100041e-04 0.000000000000000000e+00
0.000000000000000000e+00 0.000000000000000000e+00 0.000000000000000000e+00 0.000000000000000000e+00 4.663492914533758820e-04 0.000000000000000000e+00 0.000000000000000000e+00 0.000000000000000000e+00 1.314889044912704490e-03 1.309919825451048760e-03 0.000000000000000000e+00 0.000000000000000000e+00 1.292335405554102161e-03 1.279803103139908003e-03 9.612391755669335127e-04 0.000000000000000000e+00
0.000000000000000000e+00 0.000000000000000000e+00 0.000000000000000000e+00 0.000000000000000000e+00 4.556238449132561652e-04 0.000000000000000000e+00 0.000000000000000000e+00 0.000000000000000000e+00 1.336273127460282147e-03 1.341572484787321258e-03 0.000000000000000000e+00 0.000000000000000000e+00 1.325523809526891377e-03 1.325269381439227439e-03 9.690493264520455563e-04 0.000000000000000000e+00
0.000000000000000000e+00 0.000000000000000000e+00 0.000000000000000000e+00 0.000000000000000000e+00 4.546051023908345961e-04 0.000000000000000000e+00 0.000000000000000000e+00 0.000000000000000000e+00 1.339835422044232185e-03 1.336367974775462802e-03 0.000000000000000000e+00 0.000000000000000000e+00 1.329092996502258782e-03 1.321177984404895041e-03 9.619745569541521659e-04 0.000000000000000000e+00
0.000000000000000000e+00 0.000000000000000000e+00 0.000000000000000000e+00 0.000000000000000000e+00 4.572898183922164002e-04 0.000000000000000000e+00 0.000000000000000000e+00 0.000000000000000000e+00 1.344617566640259878e-03 1.341848198399377308e-03 0.000000000000000000e+00 0.000000000000000000e+00 1.326704795825188465e-03 1.317856756375308802e-03 9.688110511417774226e-04 0.000000000000000000e+00
0.000000000000000000e+00 0.000000000000000000e+00 0.000000000000000000e+00 0.000000000000000000e+00 4.581499305235150468e-04 0.000000000000000000e+00 0.000000000000000000e+00 0.000000000000000000e+00 1.342016653081796670e-03 1.342636450181262844e-03 0.000000000000000000e+00 0.000000000000000000e+00 1.330021437191990967e-03 1.326112596413361140e-03 9.659630787272299431e-04 0.000000000000000000e+00
0.000000000000000000e+00 0.000000000000000000e+00 0.000000000000000000e+00 0.000000000000000000e+00 4.498998556472553838e-04 0.000000000000000000e+00 0.000000000000000000e+00 0.000000000000000000e+00 1.343569558998462289e-03 1.340861131652903906e-03 0.000000000000000000e+00 0.000000000000000000e+00 1.327557877507929644e-03 1.320844224012326972e-03 9.754669001440009236e-04 0.000000000000000000e+00
0.000000000000000000e+00 0.000000000000000000e+00 0.000000000000000000e+00 0.000000000000000000e+00 4.690829752898259563e-04 0.000000000000000000e+00 0.000000000000000000e+00 0.000000000000000000e+00 1.332322796334998961e-03 1.330062272435301226e-03 0.000000000000000000e+00 0.000000000000000000e+00 1.319559311635473383e-03 1.311183968988337322e-03 9.647480330473458656e-04 0.000000000000000000e+00
0.000000000000000000e+00 0.000000000000000000e+00 0.000000000000000000e+00 0.000000000000000000e+00 4.538340672615858058e-04 0.000000000000000000e+00 0.000000000000000000e+00 0.000000000000000000e+00 1.338141472698738598e-03 1.338116865215407871e-03 0.000000000000000000e+00 0.000000000000000000e+00 1.324128075022704349e-03 1.319095318807948954e-03 9.593402122113393621e-04 0.000000000000000000e+00
0.000000000000000000e+00 0.000000000000000000e+00 0.000000000000000000e+00 0.000000000000000000e+00 4.555783914800654814e-04 0.000000000000000000e+00 0.000000000000000000e+00 0.000000000000000000e+00 1.341245966203750712e-03 1.342409621536839277e-03 0.000000000000000000e+00 0.000000000000000000e+00 1.328087452128929929e-03 1.323201635278281564e-03 9.666665681975493722e-04 0.000000000000000000e+00
0.000000000000000000e+00 0.000000000000000000e+00 0.000000000000000000e+00 0.000000000000000000e+00 4.588305389776357120e-04 0.000000000000000000e+00 0.000000000000000000e+00 0.000000000000000000e+00 1.339800361182965629e-03 1.342379839888789258e-03 0.000000000000000000e+00 0.000000000000000000e+00 1.316256242114142777e-03 1.313121614555044434e-03 9.675288116496219126e-04 0.000000000000000000e+00
0.000000000000000000e+00 0.000000000000000000e+00 0.000000000000000000e+00 0.000000000000000000e+00 4.467703593677672404e-04 0.000000000000000000e+00 0.000000000000000000e+00 0.000000000000000000e+00 1.316652383292877225e-03 1.313210997836791261e-03 0.000000000000000000e+00 0.000000000000000000e+00 1.300871984869791291e-03 1.293300650696913284e-03 9.641371610423418986e-04 0.000000000000000000e+00
0.000000000000000000e+00 0.000000000000000000e+00 0.000000000000000000e+00 0.000000000000000000e+00 4.432837632290337294e-04 0.000000000000000000e+00 0.000000000000000000e+00 0.000000000000000000e+00 1.326046944717670191e-03 1.324358251651436757e-03 0.000000000000000000e+00 0.000000000000000000e+00 1.309397213409703442e-03 1.300633284380550616e-03 9.715608554152399459e-04 0.000000000000000000e+00
0.000000000000000000e+00 0.000000000000000000e+00 0.000000000000000000e+00 0.000000000000000000e+00 4.485964822706941905e-04 0.000000000000000000e+00 0.000000000000000000e+00 0.000000000000000000e+00 1.342343826443252557e-03 1.343477291142115230e-03 0.000000000000000000e+00 0.000000000000000000e+00 1.321480505381898533e-03 1.317633714788973365e-03 9.692214850173697278e-04 0.000000000000000000e+00
0.000000000000000000e+00 0.000000000000000000e+00 0.000000000000000000e+00 0.000000000000000000e+00 4.597243561070360625e-04 0.000000000000000000e+00 0.000000000000000000e+00 0.000000000000000000e+00 1.342197844355009790e-03 1.343600152780111395e-03 0.000000000000000000e+00 0.000000000000000000e+00 1.323753445060014662e-03 1.317948182484052167e-03 9.742507092183700854e-04 0.000000000000000000e+00
0.000000000000000000e+00 0.000000000000000000e+00 0.000000000000000000e+00 0.000000000000000000e+00 4.568338133298194769e-04 0.000000000000000000e+00 0.000000000000000000e+00 0.000000000000000000e+00 1.349454173323701676e-03 1.353303678421262455e-03 0.000000000000000000e+00 0.000000000000000000e+00 1.322013740143577207e-03 1.319016690026382716e-03 9.776804293211349348e-04 0.000000000000000000e+00
0.000000000000000000e+00 0.000000000000000000e+00 0.000000000000000000e+00 0.000000000000000000e+00 4.635341275274558644e-04 0.000000000000000000e+00 0.000000000000000000e+00 0.000000000000000000e+00 1.331978592271482230e-03 1.333594447680844447e-03 0.000000000000000000e+00 0.000000000000000000e+00 1.320536597333683360e-03 1.316626277328286632e-03 9.695601187243094166e-04 0.000000000000000000e+00
0.000000000000000000e+00 0.000000000000000000e+00 0.000000000000000000e+00 0.000000000000000000e+00 4.348629332752038611e-04 0.000000000000000000e+00 0.000000000000000000e+00 0.000000000000000000e+00 1.320850479883179133e-03 1.321677105912103575e-03 0.000000000000000000e+00 0.000000000000000000e+00 1.300967386948368625e-03 1.295005515993016224e-03 9.751721155204347508e-04 0.000000000000000000e+00
0.000000000000000000e+00 0.000000000000000000e+00 0.000000000000000000e+00 0.000000000000000000e+00 4.553519563797342484e-04 0.000000000000000000e+00 0.000000000000000000e+00 0.000000000000000000e+00 1.339159018928461802e-03 1.341621434844028279e-03 0.000000000000000000e+00 0.000000000000000000e+00 1.322333240031607626e-03 1.318103909442758237e-03 9.699914048195313210e-04 0.000000000000000000e+00
0.000000000000000000e+00 0.000000000000000000e+00 0.000000000000000000e+00 0.000000000000000000e+00 4.560818190918019253e-04 0.000000000000000000e+00 0.000000000000000000e+00 0.000000000000000000e+00 1.337969033752234782e-03 1.339338489930644045e-03 0.000000000000000000e+00 0.000000000000000000e+00 1.324624786437414914e-03 1.319863527180981273e-03 9.745395692526817371e-04 0.000000000000000000e+00
0.000000000000000000e+00 0.000000000000000000e+00 0.000000000000000000e+00 0.000000000000000000e+00 4.491601185874885592e-04 0.000000000000000000e+00 0.000000000000000000e+00 0.000000000000000000e+00 1.360096103865495072e-03 1.362047258791445432e-03 0.000000000000000000e+00 0.000000000000000000e+00 1.341723828517773012e-03 1.334237274281111548e-03 9.738691840603298398e-04 0.000000000000000000e+00
0.000000000000000000e+00 0.000000000000000000e+00 0.000000000000000000e+00 0.000000000000000000e+00 4.471266302576103711e-04 0.000000000000000000e+00 0.000000000000000000e+00 0.000000000000000000e+00 1.350983544533574960e-03 1.347277895487393462e-03 0.000000000000000000e+00 0.000000000000000000e+00 1.331809200131323827e-03 1.321038026574730987e-03 9.669893955415562355e-04 0.000000000000000000e+00
0.000000000000000000e+00 0.000000000000000000e+00 0.000000000000000000e+00 0.000000000000000000e+00 4.535115920779871990e-04 0.000000000000000000e+00 0.000000000000000000e+00 0.000000000000000000e+00 1.334575865870831803e-03 1.336767231081282788e-03 0.000000000000000000e+00 0.000000000000000000e+00 1.324232706342066707e-03 1.320495822119122000e-03 9.661248956268428259e-04 0.000000000000000000e+00
0.000000000000000000e+00 0.000000000000000000e+00 0.000000000000000000e+00 0.000000000000000000e+00 4.510056049100432621e-04 0.000000000000000000e+00 0.000000000000000000e+00 0.000000000000000000e+00 1.337699137616993241e-03 1.335442425279760896e-03 0.000000000000000000e+00 0.000000000000000000e+00 1.315745978982008632e-03 1.307322363037094828e-03 9.758482526832923387e-04 0.000000000000000000e+00
0.000000000000000000e+00 0.000000000000000000e+00 0.000000000000000000e+00 0.000000000000000000e+00 4.524370497347798034e-04 0.000000000000000000e+00 0.000000000000000000e+00 0.000000000000000000e+00 1.340996016918273538e-03 1.345250076280716427e-03 0.000000000000000000e+00 0.000000000000000000e+00 1.329129960873717256e-03 1.328882608993928833e-03 9.656051502764975399e-04 0.000000000000000000e+00
0.000000000000000000e+00 0.000000000000000000e+00 0.000000000000000000e+00 0.000000000000000000e+00 4.455959240436648460e-04 0.000000000000000000e+00 0.000000000000000000e+00 0.000000000000000000e+00 1.334280445957756155e-03 1.332767948594424474e-03 0.000000000000000000e+00 0.000000000000000000e+00 1.318102150234987027e-03 1.309537909253884365e-03 9.705786879073269573e-04 0.000000000000000000e+00
0.000000000000000000e+00 0.000000000000000000e+00 0.000000000000000000e+00 0.000000000000000000e+00 4.574155161974155655e-04 0.000000000000000000e+00 0.000000000000000000e+00 0.000000000000000000e+00 1.323578632870764642e-03 1.327014216008579571e-03 0.000000000000000000e+00 0.000000000000000000e+00 1.309488402516172881e-03 1.305459687087483396e-03 9.591850751372398400e-04 0.000000000000000000e+00
0.000000000000000000e+00 0.000000000000000000e+00 0.000000000000000000e+00 0.000000000000000000e+00 4.599749780010405965e-04 0.000000000000000000e+00 0.000000000000000000e+00 0.000000000000000000e+00 1.341569688676160724e-03 1.338712908812804457e-03 0.000000000000000000e+00 0.000000000000000000e+00 1.325825800138338059e-03 1.315386783761429441e-03 9.812904738846952701e-04 0.000000000000000000e+00
0.000000000000000000e+00 0.000000000000000000e+00 0.000000000000000000e+00 0.000000000000000000e+00 4.392929688940117147e-04 0.000000000000000000e+00 0.000000000000000000e+00 0.000000000000000000e+00 1.322858991193553340e-03 1.323935707966005740e-03 0.000000000000000000e+00 0.000000000000000000e+00 1.307060943341350860e-03 1.303806268324366000e-03 9.693021767519594337e-04 0.000000000000000000e+00
0.000000000000000000e+00 0.000000000000000000e+00 0.000000000000000000e+00 0.000000000000000000e+00 4.363875761242170127e-04 0.000000000000000000e+00 0.000000000000000000e+00 0.000000000000000000e+00 1.319018998998483690e-03 1.319815323694809679e-03 0.000000000000000000e+00 0.000000000000000000e+00 1.305483693559941760e-03 1.300747415796339734e-03 9.711477706489226105e-04 0.000000000000000000e+00
0.000000000000000000e+00 0.000000000000000000e+00 0.000000000000000000e+00 0.000000000000000000e+00 4.565919627135814948e-04 0.000000000000000000e+00 0.000000000000000000e+00 0.000000000000000000e+00 1.357360074768094440e-03 1.357016234442871318e-03 0.000000000000000000e+00 0.000000000000000000e+00 1.337291120778168934e-03 1.328800961315218174e-03 9.824045196036371164e-04 0.000000000000000000e+00
0.000000000000000000e+00 0.000000000000000000e+00 0.000000000000000000e+00 0.000000000000000000e+00 4.481806036695311466e-04 0.000000000000000000e+00 0.000000000000000000e+00 0.000000000000000000e+00 1.331442702740072903e-03 1.333141143158685354e-03 0.000000000000000000e+00 0.000000000000000000e+00 1.306902267062914295e-03 1.302077006506624241e-03 9.752624947321714231e-04 0.000000000000000000e+00
0.000000000000000000e+00 0.000000000000000000e+00 0.000000000000000000e+00 0.000000000000000000e+00 4.546427186147770070e-04 0.000000000000000000e+00 0.000000000000000000e+00 0.000000000000000000e+00 1.332497769761747594e-03 1.334570994974339014e-03 0.000000000000000000e+00 0.000000000000000000e+00 1.311272575694059743e-03 1.306331343232898469e-03 9.750038947569720756e-04 0.000000000000000000e+00
0.000000000000000000e+00 0.000000000000000000e+00 0.000000000000000000e+00 0.000000000000000000e+00 4.421284399691070106e-04 0.000000000000000000e+00 0.000000000000000000e+00 0.000000000000000000e+00 1.330341313599995223e-03 1.330363224301568410e-03 0.000000000000000000e+00 0.000000000000000000e+00 1.301924093495615640e-03 1.294499105561061148e-03 9.720148193528664734e-04 0.000000000000000000e+00
0.000000000000000000e+00 0.000000000000000000e+00 0.000000000000000000e+00 0.000000000000000000e+00 4.542950833860977906e-04 0.000000000000000000e+00 0.000000000000000000e+00 0.000000000000000000e+00 1.349159911589333698e-03 1.347724838179757169e-03 0.000000000000000000e+00 0.000000000000000000e+00 1.333307212046801497e-03 1.326513297692162238e-03 9.731390943178612821e-04 0.000000000000000000e+00
0.000000000000000000e+00 0.000000000000000000e+00 0.000000000000000000e+00 0.000000000000000000e+00 4.555539103243966812e-04 0.000000000000000000e+00 0.000000000000000000e+00 0.000000000000000000e+00 1.371164161890352489e-03 1.376285086118499796e-03 0.000000000000000000e+00 0.000000000000000000e+00 1.354598959103891186e-03 1.352600716218660144e-03 9.771158035880328930e-04 0.000000000000000000e+00
0.000000000000000000e+00 0.000000000000000000e+00 0.000000000000000000e+00 0.000000000000000000e+00 4.487144514659694404e-04 0.000000000000000000e+00 0.000000000000000000e+00 0.000000000000000000e+00 1.337819410907797879e-03 1.339193752631578829e-03 0.000000000000000000e+00 0.000000000000000000e+00 1.325358919911000461e-03 1.320017326756701493e-03 9.761488232775391649e-04 0.000000000000000000e+00
0.000000000000000000e+00 0.000000000000000000e+00 0.000000000000000000e+00 0.000000000000000000e+00 4.520310565543230017e-04 0.000000000000000000e+00 0.000000000000000000e+00 0.000000000000000000e+00 1.329354706764596756e-03 1.329768806448583746e-03 0.000000000000000000e+00 0.000000000000000000e+00 1.310675765175592670e-03 1.304164476810187705e-03 9.762449310277672779e-04 0.000000000000000000e+00
