# {'chrom': '8', 'window_id': '3', 'statistic': 'H2', 'bounds': [66000000, 86000000], 'span': 20000000, 'n_sites': 12598966, 'coverage': 62.99, 'right_discontinuous': False, 'rows': "{0: 'Altai', 1: 'Chagyrskaya', 2: 'Denisova', 3: 'French-1', 4: 'Han-1', 5: 'Khomani_San-2', 6: 'Papuan-2', 7: 'Vindija', 8: 'Yoruba-1', 9: 'Yoruba-3'}"}
2.243000000000000000e+03 9.360000000000000000e+02 1.748000000000000000e+03 1.970000000000000000e+03 2.693000000000000000e+03 6.492000000000000000e+03 1.039600000000000000e+04 1.490300000000000000e+04 2.584400000000000000e+04 3.205400000000000000e+04 4.599600000000000000e+04 7.303700000000000000e+04 1.087510000000000000e+05 1.277040000000000000e+05 3.487500000000000000e+05 4.827090000000000000e+05 8.721980000000000000e+05 2.512759000000000000e+06 3.834479000000000000e+06
1.536000000000000000e+03 5.960000000000000000e+02 1.011000000000000000e+03 1.210000000000000000e+03 1.698000000000000000e+03 3.690000000000000000e+03 6.250000000000000000e+03 8.349000000000000000e+03 1.445300000000000000e+04 1.617900000000000000e+04 2.073600000000000000e+04 2.959600000000000000e+04 8.602000000000000000e+04 8.982300000000000000e+04 1.211680000000000000e+05 2.289280000000000000e+05 1.798840000000000000e+05 6.740750000000000000e+05 9.991710000000000000e+05
2.128000000000000000e+03 9.370000000000000000e+02 1.160000000000000000e+03 8.360000000000000000e+02 1.095000000000000000e+03 3.888000000000000000e+03 6.024000000000000000e+03 7.387000000000000000e+03 1.049200000000000000e+04 1.242300000000000000e+04 1.666900000000000000e+04 2.849900000000000000e+04 3.920500000000000000e+04 5.670500000000000000e+04 1.214310000000000000e+05 2.611380000000000000e+05 4.912700000000000000e+05 1.621661000000000000e+06 2.389125000000000000e+06
9.477000000000000000e+03 3.670000000000000000e+03 4.462000000000000000e+03 3.777000000000000000e+03 4.987000000000000000e+03 1.237000000000000000e+04 1.992600000000000000e+04 3.032300000000000000e+04 6.066400000000000000e+04 8.079900000000000000e+04 1.070140000000000000e+05 2.695170000000000000e+05 3.483200000000000000e+05 6.408010000000000000e+05 1.542425000000000000e+06 2.344075000000000000e+06 5.135971000000000000e+06 1.783517000000000000e+07 3.124843900000000000e+07
6.817000000000000000e+03 3.069000000000000000e+03 3.832000000000000000e+03 2.829000000000000000e+03 4.077000000000000000e+03 9.983000000000000000e+03 1.692100000000000000e+04 2.502000000000000000e+04 5.456900000000000000e+04 6.843100000000000000e+04 8.843100000000000000e+04 2.306770000000000000e+05 2.722870000000000000e+05 3.957170000000000000e+05 1.172130000000000000e+06 2.059343000000000000e+06 3.621157000000000000e+06 1.250167100000000000e+07 2.097873700000000000e+07
6.783000000000000000e+03 3.751000000000000000e+03 5.026000000000000000e+03 4.942000000000000000e+03 6.696000000000000000e+03 1.801800000000000000e+04 2.488000000000000000e+04 3.428800000000000000e+04 7.648100000000000000e+04 9.393500000000000000e+04 1.400020000000000000e+05 2.988970000000000000e+05 4.009970000000000000e+05 7.406490000000000000e+05 1.978869000000000000e+06 3.292137000000000000e+06 6.502624000000000000e+06 1.935313100000000000e+07 4.232493100000000000e+07
6.694000000000000000e+03 3.114000000000000000e+03 4.021000000000000000e+03 3.084000000000000000e+03 4.101000000000000000e+03 1.094900000000000000e+04 1.784300000000000000e+04 3.149600000000000000e+04 5.760900000000000000e+04 6.509700000000000000e+04 1.055190000000000000e+05 2.279490000000000000e+05 2.625370000000000000e+05 5.054380000000000000e+05 1.258915000000000000e+06 2.438440000000000000e+06 3.912206000000000000e+06 1.100715600000000000e+07 1.912080300000000000e+07
3.490000000000000000e+02 2.970000000000000000e+02 7.330000000000000000e+02 9.840000000000000000e+02 1.284000000000000000e+03 2.722000000000000000e+03 4.653000000000000000e+03 5.787000000000000000e+03 8.455000000000000000e+03 4.512000000000000000e+03 5.034000000000000000e+03 1.218100000000000000e+04 1.825600000000000000e+04 4.927200000000000000e+04 7.391200000000000000e+04 1.165500000000000000e+05 2.007240000000000000e+05 8.340750000000000000e+05 1.187830000000000000e+06
1.175000000000000000e+04 4.626000000000000000e+03 6.467000000000000000e+03 5.319000000000000000e+03 7.946000000000000000e+03 1.988200000000000000e+04 3.210400000000000000e+04 4.924500000000000000e+04 1.016930000000000000e+05 1.200990000000000000e+05 1.773930000000000000e+05 4.231890000000000000e+05 5.995860000000000000e+05 1.144677000000000000e+06 2.906939000000000000e+06 5.364902000000000000e+06 1.015578900000000000e+07 3.075278600000000000e+07 5.074698500000000000e+07
8.902000000000000000e+03 3.618000000000000000e+03 5.300000000000000000e+03 4.888000000000000000e+03 6.814000000000000000e+03 1.742100000000000000e+04 2.845100000000000000e+04 4.344100000000000000e+04 8.751700000000000000e+04 1.034300000000000000e+05 1.466340000000000000e+05 3.705590000000000000e+05 4.405540000000000000e+05 9.328320000000000000e+05 2.057730000000000000e+06 4.286666000000000000e+06 7.746420000000000000e+06 2.640420800000000000e+07 4.418314200000000000e+07
