# {'chrom': '8', 'window_id': '5', 'statistic': 'H2', 'bounds': [106000000, 126000000], 'span': 20000000, 'n_sites': 13360788, 'coverage': 66.8, 'right_discontinuous': False, 'rows': "{0: 'Altai', 1: 'Chagyrskaya', 2: 'Denisova', 3: 'French-1', 4: 'Han-1', 5: 'Khomani_San-2', 6: 'Papuan-2', 7: 'Vindija', 8: 'Yoruba-1', 9: 'Yoruba-3'}"}
2.140000000000000000e+02 1.990000000000000000e+02 4.180000000000000000e+02 4.240000000000000000e+02 6.540000000000000000e+02 1.411000000000000000e+03 1.849000000000000000e+03 3.973000000000000000e+03 7.579000000000000000e+03 7.042000000000000000e+03 7.622000000000000000e+03 1.447300000000000000e+04 1.442800000000000000e+04 3.498100000000000000e+04 8.082800000000000000e+04 1.364530000000000000e+05 2.418850000000000000e+05 7.044340000000000000e+05 9.118870000000000000e+05
4.160000000000000000e+02 2.490000000000000000e+02 4.250000000000000000e+02 4.860000000000000000e+02 6.650000000000000000e+02 1.513000000000000000e+03 2.554000000000000000e+03 3.022000000000000000e+03 6.354000000000000000e+03 5.835000000000000000e+03 8.254000000000000000e+03 1.535800000000000000e+04 1.793500000000000000e+04 3.240600000000000000e+04 7.484000000000000000e+04 1.089530000000000000e+05 2.701600000000000000e+05 5.846970000000000000e+05 1.019782000000000000e+06
1.765000000000000000e+03 1.106000000000000000e+03 1.238000000000000000e+03 8.920000000000000000e+02 1.285000000000000000e+03 4.728000000000000000e+03 6.664000000000000000e+03 7.889000000000000000e+03 1.429900000000000000e+04 1.107800000000000000e+04 1.820400000000000000e+04 3.653600000000000000e+04 5.999200000000000000e+04 1.068360000000000000e+05 2.452190000000000000e+05 2.962570000000000000e+05 4.366660000000000000e+05 1.358118000000000000e+06 1.959648000000000000e+06
1.489100000000000000e+04 3.092000000000000000e+03 4.183000000000000000e+03 4.799000000000000000e+03 5.230000000000000000e+03 1.503200000000000000e+04 2.148500000000000000e+04 4.258000000000000000e+04 7.854100000000000000e+04 9.138900000000000000e+04 1.157540000000000000e+05 3.113430000000000000e+05 4.142610000000000000e+05 5.513100000000000000e+05 1.668200000000000000e+06 2.831811000000000000e+06 5.876480000000000000e+06 1.492107800000000000e+07 1.972419600000000000e+07
5.984000000000000000e+03 2.240000000000000000e+03 3.569000000000000000e+03 3.344000000000000000e+03 3.777000000000000000e+03 1.121000000000000000e+04 1.485300000000000000e+04 2.506700000000000000e+04 5.374900000000000000e+04 6.238200000000000000e+04 8.550600000000000000e+04 1.581030000000000000e+05 2.342500000000000000e+05 4.189480000000000000e+05 1.364755000000000000e+06 1.901608000000000000e+06 3.013326000000000000e+06 9.255094000000000000e+06 1.266008800000000000e+07
8.384000000000000000e+03 3.959000000000000000e+03 5.789000000000000000e+03 5.522000000000000000e+03 7.534000000000000000e+03 1.927200000000000000e+04 2.885500000000000000e+04 4.828700000000000000e+04 9.946500000000000000e+04 1.124570000000000000e+05 1.572120000000000000e+05 3.491580000000000000e+05 5.519770000000000000e+05 8.472930000000000000e+05 2.686112000000000000e+06 4.617126000000000000e+06 8.501003000000000000e+06 2.241694200000000000e+07 3.152297600000000000e+07
4.369000000000000000e+03 1.803000000000000000e+03 2.494000000000000000e+03 2.507000000000000000e+03 3.176000000000000000e+03 9.038000000000000000e+03 1.308500000000000000e+04 2.046300000000000000e+04 4.199200000000000000e+04 5.101900000000000000e+04 7.260900000000000000e+04 1.451860000000000000e+05 1.495350000000000000e+05 3.055970000000000000e+05 6.397500000000000000e+05 1.424128000000000000e+06 2.610834000000000000e+06 6.429375000000000000e+06 7.702371000000000000e+06
1.100000000000000000e+01 1.900000000000000000e+01 4.900000000000000000e+01 8.600000000000000000e+01 1.150000000000000000e+02 2.760000000000000000e+02 3.660000000000000000e+02 6.590000000000000000e+02 1.535000000000000000e+03 1.395000000000000000e+03 1.996000000000000000e+03 3.633000000000000000e+03 3.543000000000000000e+03 2.997000000000000000e+03 1.519200000000000000e+04 1.650300000000000000e+04 2.157600000000000000e+04 9.683000000000000000e+04 1.584530000000000000e+05
1.605600000000000000e+04 4.200000000000000000e+03 6.077000000000000000e+03 6.390000000000000000e+03 8.581000000000000000e+03 2.150300000000000000e+04 3.190100000000000000e+04 5.391500000000000000e+04 1.069070000000000000e+05 1.254970000000000000e+05 1.737150000000000000e+05 4.399990000000000000e+05 5.218970000000000000e+05 1.086137000000000000e+06 3.120582000000000000e+06 5.265178000000000000e+06 9.947690000000000000e+06 2.374004600000000000e+07 3.472542300000000000e+07
1.316400000000000000e+04 3.360000000000000000e+03 4.900000000000000000e+03 5.288000000000000000e+03 6.618000000000000000e+03 1.886600000000000000e+04 2.507700000000000000e+04 4.605900000000000000e+04 9.669600000000000000e+04 1.150940000000000000e+05 1.667670000000000000e+05 3.727190000000000000e+05 5.252760000000000000e+05 9.941550000000000000e+05 2.925972000000000000e+06 4.829603000000000000e+06 8.851599000000000000e+06 2.233632500000000000e+07 3.058035800000000000e+07
