# {'chrom': '8', 'window_id': '2', 'statistic': 'H2', 'bounds': [46000000, 66000000], 'span': 20000000, 'n_sites': 11776924, 'coverage': 58.88, 'right_discontinuous': False, 'rows': "{0: 'Altai', 1: 'Chagyrskaya', 2: 'Denisova', 3: 'French-1', 4: 'Han-1', 5: 'Khomani_San-2', 6: 'Papuan-2', 7: 'Vindija', 8: 'Yoruba-1', 9: 'Yoruba-3'}"}
6.480000000000000000e+02 3.770000000000000000e+02 1.035000000000000000e+03 6.900000000000000000e+02 5.020000000000000000e+02 1.467000000000000000e+03 2.024000000000000000e+03 3.046000000000000000e+03 6.765000000000000000e+03 8.034000000000000000e+03 1.456900000000000000e+04 3.189300000000000000e+04 2.983500000000000000e+04 6.297100000000000000e+04 1.267660000000000000e+05 8.049500000000000000e+04 1.357590000000000000e+05 5.184320000000000000e+05 1.200171000000000000e+06
5.490000000000000000e+02 3.240000000000000000e+02 8.530000000000000000e+02 4.600000000000000000e+02 4.280000000000000000e+02 1.119000000000000000e+03 1.703000000000000000e+03 2.800000000000000000e+03 4.823000000000000000e+03 5.952000000000000000e+03 8.299000000000000000e+03 1.896100000000000000e+04 2.277400000000000000e+04 4.378000000000000000e+04 9.358900000000000000e+04 1.115280000000000000e+05 1.819740000000000000e+05 4.685520000000000000e+05 8.616050000000000000e+05
1.765000000000000000e+03 7.470000000000000000e+02 1.294000000000000000e+03 9.320000000000000000e+02 1.491000000000000000e+03 3.589000000000000000e+03 4.074000000000000000e+03 8.402000000000000000e+03 1.421100000000000000e+04 1.592700000000000000e+04 2.209800000000000000e+04 5.244000000000000000e+04 9.480400000000000000e+04 1.187450000000000000e+05 2.412430000000000000e+05 4.457950000000000000e+05 5.594170000000000000e+05 1.976616000000000000e+06 3.099555000000000000e+06
1.165400000000000000e+04 3.382000000000000000e+03 4.912000000000000000e+03 3.483000000000000000e+03 4.370000000000000000e+03 1.122900000000000000e+04 2.077900000000000000e+04 3.964800000000000000e+04 6.181200000000000000e+04 8.913200000000000000e+04 1.343180000000000000e+05 2.135570000000000000e+05 2.191210000000000000e+05 3.626610000000000000e+05 1.369387000000000000e+06 1.898980000000000000e+06 3.550458000000000000e+06 1.089204700000000000e+07 1.581996900000000000e+07
7.153000000000000000e+03 2.350000000000000000e+03 4.090000000000000000e+03 3.033000000000000000e+03 3.409000000000000000e+03 8.389000000000000000e+03 1.380200000000000000e+04 2.552700000000000000e+04 4.519600000000000000e+04 4.922900000000000000e+04 6.888600000000000000e+04 1.704970000000000000e+05 2.198570000000000000e+05 3.761650000000000000e+05 9.299770000000000000e+05 1.742693000000000000e+06 3.419785000000000000e+06 1.019379800000000000e+07 1.486793100000000000e+07
1.008900000000000000e+04 5.818000000000000000e+03 8.572000000000000000e+03 7.040000000000000000e+03 8.785000000000000000e+03 2.202600000000000000e+04 3.352600000000000000e+04 5.881400000000000000e+04 1.276610000000000000e+05 1.524860000000000000e+05 2.347160000000000000e+05 5.643280000000000000e+05 7.921400000000000000e+05 1.502704000000000000e+06 3.967949000000000000e+06 5.296537000000000000e+06 8.179570000000000000e+06 2.639349000000000000e+07 4.267458900000000000e+07
7.720000000000000000e+03 2.934000000000000000e+03 4.605000000000000000e+03 3.257000000000000000e+03 3.933000000000000000e+03 9.918000000000000000e+03 1.763300000000000000e+04 3.215200000000000000e+04 5.232400000000000000e+04 8.179900000000000000e+04 1.187620000000000000e+05 2.400770000000000000e+05 3.299310000000000000e+05 5.367330000000000000e+05 1.287187000000000000e+06 1.347057000000000000e+06 1.691652000000000000e+06 6.448081000000000000e+06 1.014656900000000000e+07
3.240000000000000000e+02 2.290000000000000000e+02 5.140000000000000000e+02 3.270000000000000000e+02 3.040000000000000000e+02 9.230000000000000000e+02 1.149000000000000000e+03 1.702000000000000000e+03 4.641000000000000000e+03 5.192000000000000000e+03 6.368000000000000000e+03 1.268100000000000000e+04 1.382600000000000000e+04 2.275400000000000000e+04 6.280900000000000000e+04 5.669700000000000000e+04 1.498040000000000000e+05 4.725570000000000000e+05 6.366220000000000000e+05
1.275600000000000000e+04 4.931000000000000000e+03 7.169000000000000000e+03 5.725000000000000000e+03 7.706000000000000000e+03 1.904200000000000000e+04 2.979500000000000000e+04 5.754100000000000000e+04 1.195370000000000000e+05 1.546340000000000000e+05 2.130430000000000000e+05 4.721730000000000000e+05 7.321070000000000000e+05 1.250063000000000000e+06 3.719221000000000000e+06 4.766761000000000000e+06 8.358811000000000000e+06 2.734279200000000000e+07 4.019067600000000000e+07
1.251600000000000000e+04 5.873000000000000000e+03 8.984000000000000000e+03 7.167000000000000000e+03 9.025000000000000000e+03 2.229300000000000000e+04 3.618500000000000000e+04 6.826900000000000000e+04 1.327140000000000000e+05 1.671940000000000000e+05 2.392070000000000000e+05 6.068910000000000000e+05 8.519240000000000000e+05 1.489761000000000000e+06 4.200576000000000000e+06 5.519798000000000000e+06 8.331781000000000000e+06 2.433466700000000000e+07 4.027698200000000000e+07
