# {'chrom': '8', 'window_id': '6', 'statistic': 'H2', 'bounds': [126000000, 147000000], 'span': 21000000, 'n_sites': 13746657, 'coverage': 65.46, 'right_discontinuous': True, 'rows': "{0: 'Altai', 1: 'Chagyrskaya', 2: 'Denisova', 3: 'French-1', 4: 'Han-1', 5: 'Khomani_San-2', 6: 'Papuan-2', 7: 'Vindija', 8: 'Yoruba-1', 9: 'Yoruba-3'}"}
7.100000000000000000e+02 4.680000000000000000e+02 8.130000000000000000e+02 9.460000000000000000e+02 1.343000000000000000e+03 3.589000000000000000e+03 4.984000000000000000e+03 7.118000000000000000e+03 1.810500000000000000e+04 1.764800000000000000e+04 1.645100000000000000e+04 2.645500000000000000e+04 2.256300000000000000e+04 4.072600000000000000e+04 1.568820000000000000e+05 2.150720000000000000e+05 3.634400000000000000e+05 1.102628000000000000e+06 1.783490000000000000e+06
6.900000000000000000e+02 4.860000000000000000e+02 8.910000000000000000e+02 8.460000000000000000e+02 1.083000000000000000e+03 2.699000000000000000e+03 4.267000000000000000e+03 5.499000000000000000e+03 1.345300000000000000e+04 1.216200000000000000e+04 1.761100000000000000e+04 2.380000000000000000e+04 3.161000000000000000e+04 3.945300000000000000e+04 9.327700000000000000e+04 1.195620000000000000e+05 2.640230000000000000e+05 7.132500000000000000e+05 1.272829000000000000e+06
3.130000000000000000e+02 2.570000000000000000e+02 5.650000000000000000e+02 6.650000000000000000e+02 8.840000000000000000e+02 2.015000000000000000e+03 3.564000000000000000e+03 5.041000000000000000e+03 1.009200000000000000e+04 9.995000000000000000e+03 1.186800000000000000e+04 2.760400000000000000e+04 3.381200000000000000e+04 4.230500000000000000e+04 1.405700000000000000e+05 1.625130000000000000e+05 3.192640000000000000e+05 9.307300000000000000e+05 1.497095000000000000e+06
5.956000000000000000e+03 2.731000000000000000e+03 4.163000000000000000e+03 3.669000000000000000e+03 5.501000000000000000e+03 1.319600000000000000e+04 2.168400000000000000e+04 3.545000000000000000e+04 7.931700000000000000e+04 8.080200000000000000e+04 1.056870000000000000e+05 2.204590000000000000e+05 2.552200000000000000e+05 4.711960000000000000e+05 1.391629000000000000e+06 2.379324000000000000e+06 4.510585000000000000e+06 1.244609300000000000e+07 2.018178600000000000e+07
6.373000000000000000e+03 2.780000000000000000e+03 4.055000000000000000e+03 3.754000000000000000e+03 4.851000000000000000e+03 1.183500000000000000e+04 1.949400000000000000e+04 3.207100000000000000e+04 6.842800000000000000e+04 7.521600000000000000e+04 8.900300000000000000e+04 1.839750000000000000e+05 2.384730000000000000e+05 3.535650000000000000e+05 1.029789000000000000e+06 1.751267000000000000e+06 3.511325000000000000e+06 9.977494000000000000e+06 1.595152800000000000e+07
6.436000000000000000e+03 2.994000000000000000e+03 4.879000000000000000e+03 5.505000000000000000e+03 7.575000000000000000e+03 1.838800000000000000e+04 2.842900000000000000e+04 4.622900000000000000e+04 1.043840000000000000e+05 1.103140000000000000e+05 1.465580000000000000e+05 2.922670000000000000e+05 3.813730000000000000e+05 7.486410000000000000e+05 2.339642000000000000e+06 3.762229000000000000e+06 7.394918000000000000e+06 2.116518200000000000e+07 3.423182100000000000e+07
2.500000000000000000e+03 1.678000000000000000e+03 2.550000000000000000e+03 2.907000000000000000e+03 4.284000000000000000e+03 9.989000000000000000e+03 1.389900000000000000e+04 2.339500000000000000e+04 4.729900000000000000e+04 5.268400000000000000e+04 6.838100000000000000e+04 1.194960000000000000e+05 1.863190000000000000e+05 2.776940000000000000e+05 7.798440000000000000e+05 1.073258000000000000e+06 2.202014000000000000e+06 5.574610000000000000e+06 9.390628000000000000e+06
6.230000000000000000e+02 3.800000000000000000e+02 6.630000000000000000e+02 6.440000000000000000e+02 8.840000000000000000e+02 2.618000000000000000e+03 3.833000000000000000e+03 5.054000000000000000e+03 1.195700000000000000e+04 1.156700000000000000e+04 9.110000000000000000e+03 1.520500000000000000e+04 1.603600000000000000e+04 2.893500000000000000e+04 6.601200000000000000e+04 8.739800000000000000e+04 1.544630000000000000e+05 4.190190000000000000e+05 8.167180000000000000e+05
5.012000000000000000e+03 3.029000000000000000e+03 5.759000000000000000e+03 5.700000000000000000e+03 7.993000000000000000e+03 1.949300000000000000e+04 2.902100000000000000e+04 5.011500000000000000e+04 1.080260000000000000e+05 1.249310000000000000e+05 1.677300000000000000e+05 3.450950000000000000e+05 4.467440000000000000e+05 7.591620000000000000e+05 2.511098000000000000e+06 4.193095000000000000e+06 8.079083000000000000e+06 2.295017300000000000e+07 3.758945300000000000e+07
4.819000000000000000e+03 2.407000000000000000e+03 4.448000000000000000e+03 4.651000000000000000e+03 6.631000000000000000e+03 1.636900000000000000e+04 2.512000000000000000e+04 4.127500000000000000e+04 8.957200000000000000e+04 1.003760000000000000e+05 1.342350000000000000e+05 2.925060000000000000e+05 3.597540000000000000e+05 6.286500000000000000e+05 1.989036000000000000e+06 3.169714000000000000e+06 6.373194000000000000e+06 1.786211200000000000e+07 2.856357500000000000e+07
