# {'chrom': '8', 'window_id': '0', 'statistic': 'H2', 'bounds': [0, 22000000], 'span': 22000000, 'n_sites': 13102806, 'coverage': 59.56, 'right_discontinuous': False, 'rows': "{0: 'Altai', 1: 'Chagyrskaya', 2: 'Denisova', 3: 'French-1', 4: 'Han-1', 5: 'Khomani_San-2', 6: 'Papuan-2', 7: 'Vindija', 8: 'Yoruba-1', 9: 'Yoruba-3'}"}
5.300000000000000000e+01 8.300000000000000000e+01 2.830000000000000000e+02 4.540000000000000000e+02 9.180000000000000000e+02 2.463000000000000000e+03 3.672000000000000000e+03 6.644000000000000000e+03 1.570700000000000000e+04 1.941700000000000000e+04 2.761200000000000000e+04 4.868800000000000000e+04 4.254000000000000000e+04 6.437700000000000000e+04 2.329610000000000000e+05 3.255250000000000000e+05 5.445450000000000000e+05 1.151237000000000000e+06 2.356852000000000000e+06
2.500000000000000000e+01 2.100000000000000000e+01 6.700000000000000000e+01 2.190000000000000000e+02 4.550000000000000000e+02 1.329000000000000000e+03 1.840000000000000000e+03 3.393000000000000000e+03 7.972000000000000000e+03 1.065800000000000000e+04 1.377800000000000000e+04 2.978000000000000000e+04 2.452500000000000000e+04 3.519300000000000000e+04 7.229800000000000000e+04 1.187520000000000000e+05 2.344510000000000000e+05 7.021510000000000000e+05 1.347419000000000000e+06
3.000000000000000000e+00 6.400000000000000000e+01 2.670000000000000000e+02 4.910000000000000000e+02 1.310000000000000000e+03 3.551000000000000000e+03 5.376000000000000000e+03 7.808000000000000000e+03 1.098200000000000000e+04 1.229900000000000000e+04 1.859900000000000000e+04 3.490700000000000000e+04 3.069800000000000000e+04 3.772900000000000000e+04 1.232140000000000000e+05 2.160050000000000000e+05 3.713130000000000000e+05 1.224995000000000000e+06 2.056669000000000000e+06
3.520000000000000000e+02 4.870000000000000000e+02 1.319000000000000000e+03 2.596000000000000000e+03 5.267000000000000000e+03 1.395600000000000000e+04 2.098100000000000000e+04 3.818900000000000000e+04 9.411200000000000000e+04 1.212050000000000000e+05 1.928020000000000000e+05 4.131050000000000000e+05 5.170630000000000000e+05 8.856580000000000000e+05 2.580324000000000000e+06 4.103874000000000000e+06 8.341220000000000000e+06 2.087434700000000000e+07 4.344233300000000000e+07
1.131000000000000000e+03 7.250000000000000000e+02 1.849000000000000000e+03 2.891000000000000000e+03 6.042000000000000000e+03 1.530900000000000000e+04 2.155900000000000000e+04 3.682400000000000000e+04 9.406900000000000000e+04 1.143880000000000000e+05 1.750600000000000000e+05 3.600880000000000000e+05 4.235740000000000000e+05 6.733520000000000000e+05 1.879239000000000000e+06 3.356773000000000000e+06 6.495875000000000000e+06 1.675210500000000000e+07 3.198048200000000000e+07
9.130000000000000000e+02 6.730000000000000000e+02 2.191000000000000000e+03 3.925000000000000000e+03 8.443000000000000000e+03 2.163200000000000000e+04 3.145300000000000000e+04 5.674100000000000000e+04 1.370720000000000000e+05 1.742110000000000000e+05 2.798030000000000000e+05 6.115250000000000000e+05 8.325160000000000000e+05 1.453763000000000000e+06 4.463621000000000000e+06 7.164055000000000000e+06 1.370883200000000000e+07 3.656036000000000000e+07 6.933168600000000000e+07
1.490000000000000000e+02 2.600000000000000000e+02 9.650000000000000000e+02 1.648000000000000000e+03 3.452000000000000000e+03 9.261000000000000000e+03 1.327800000000000000e+04 2.355900000000000000e+04 5.806000000000000000e+04 7.538300000000000000e+04 1.256990000000000000e+05 2.393920000000000000e+05 2.583050000000000000e+05 4.951150000000000000e+05 1.117739000000000000e+06 1.479637000000000000e+06 3.260662000000000000e+06 7.157411000000000000e+06 1.383349300000000000e+07
3.300000000000000000e+01 9.200000000000000000e+01 2.200000000000000000e+02 3.660000000000000000e+02 6.100000000000000000e+02 1.749000000000000000e+03 2.793000000000000000e+03 5.244000000000000000e+03 1.164300000000000000e+04 1.554000000000000000e+04 2.370000000000000000e+04 4.622300000000000000e+04 3.881300000000000000e+04 4.936900000000000000e+04 1.044570000000000000e+05 2.014850000000000000e+05 3.717680000000000000e+05 1.126684000000000000e+06 2.038292000000000000e+06
5.990000000000000000e+02 6.800000000000000000e+02 2.055000000000000000e+03 3.730000000000000000e+03 7.576000000000000000e+03 2.041200000000000000e+04 2.976200000000000000e+04 5.390100000000000000e+04 1.280610000000000000e+05 1.724830000000000000e+05 2.622520000000000000e+05 5.670620000000000000e+05 7.950220000000000000e+05 1.400820000000000000e+06 4.078636000000000000e+06 6.679925000000000000e+06 1.282013000000000000e+07 3.381658500000000000e+07 6.618312000000000000e+07
7.430000000000000000e+02 6.870000000000000000e+02 2.027000000000000000e+03 3.765000000000000000e+03 7.845000000000000000e+03 2.011500000000000000e+04 2.930300000000000000e+04 5.107700000000000000e+04 1.233770000000000000e+05 1.622560000000000000e+05 2.623900000000000000e+05 5.613800000000000000e+05 7.185910000000000000e+05 1.213958000000000000e+06 3.783911000000000000e+06 6.072289000000000000e+06 1.236688000000000000e+07 3.291841000000000000e+07 6.406390400000000000e+07
