# {'chrom': '6', 'window_id': '4', 'statistic': 'H2', 'bounds': [80000000, 98000000], 'span': 18000000, 'n_sites': 11102251, 'coverage': 61.68, 'right_discontinuous': False, 'rows': "{0: 'Altai', 1: 'Chagyrskaya', 2: 'Denisova', 3: 'French-1', 4: 'Han-1', 5: 'Khomani_San-2', 6: 'Papuan-2', 7: 'Vindija', 8: 'Yoruba-1', 9: 'Yoruba-3'}"}
3.970000000000000000e+02 3.030000000000000000e+02 5.360000000000000000e+02 7.180000000000000000e+02 1.073000000000000000e+03 2.471000000000000000e+03 3.494000000000000000e+03 5.206000000000000000e+03 1.193600000000000000e+04 1.272900000000000000e+04 1.686900000000000000e+04 3.610800000000000000e+04 6.455800000000000000e+04 9.563000000000000000e+04 1.698710000000000000e+05 2.518810000000000000e+05 3.958180000000000000e+05 1.078761000000000000e+06 1.981832000000000000e+06
1.467000000000000000e+03 1.267000000000000000e+03 2.951000000000000000e+03 2.598000000000000000e+03 3.542000000000000000e+03 7.643000000000000000e+03 5.827000000000000000e+03 1.711100000000000000e+04 1.567800000000000000e+04 1.564900000000000000e+04 1.551900000000000000e+04 2.767100000000000000e+04 2.219500000000000000e+04 1.056430000000000000e+05 8.317500000000000000e+04 1.400530000000000000e+05 3.238090000000000000e+05 8.347090000000000000e+05 1.620772000000000000e+06
7.260000000000000000e+02 4.120000000000000000e+02 2.260000000000000000e+02 2.640000000000000000e+02 4.130000000000000000e+02 1.004000000000000000e+03 2.150000000000000000e+03 4.249000000000000000e+03 7.529000000000000000e+03 4.900000000000000000e+03 4.169000000000000000e+03 1.029200000000000000e+04 1.958000000000000000e+04 2.703300000000000000e+04 7.351400000000000000e+04 1.077100000000000000e+05 2.581610000000000000e+05 7.471130000000000000e+05 1.196429000000000000e+06
5.737000000000000000e+03 2.541000000000000000e+03 3.019000000000000000e+03 2.812000000000000000e+03 3.614000000000000000e+03 1.068200000000000000e+04 1.986700000000000000e+04 3.072200000000000000e+04 6.196200000000000000e+04 7.315400000000000000e+04 1.052160000000000000e+05 2.233490000000000000e+05 2.664210000000000000e+05 5.428140000000000000e+05 1.634564000000000000e+06 2.293435000000000000e+06 4.608721000000000000e+06 1.394722600000000000e+07 2.472443900000000000e+07
6.607000000000000000e+03 2.195000000000000000e+03 2.606000000000000000e+03 2.379000000000000000e+03 3.212000000000000000e+03 9.463000000000000000e+03 1.675700000000000000e+04 2.716300000000000000e+04 5.879300000000000000e+04 6.764300000000000000e+04 7.935600000000000000e+04 2.050630000000000000e+05 2.706070000000000000e+05 4.934840000000000000e+05 1.355793000000000000e+06 1.627527000000000000e+06 3.636033000000000000e+06 1.224871400000000000e+07 1.974586800000000000e+07
6.448000000000000000e+03 2.580000000000000000e+03 3.707000000000000000e+03 3.528000000000000000e+03 5.025000000000000000e+03 1.126100000000000000e+04 2.093300000000000000e+04 3.560100000000000000e+04 7.699800000000000000e+04 8.140800000000000000e+04 1.131210000000000000e+05 2.444100000000000000e+05 3.399650000000000000e+05 7.953050000000000000e+05 2.177231000000000000e+06 2.784830000000000000e+06 5.134167000000000000e+06 1.624823800000000000e+07 3.093569700000000000e+07
3.757000000000000000e+03 1.508000000000000000e+03 1.406000000000000000e+03 1.318000000000000000e+03 2.020000000000000000e+03 6.585000000000000000e+03 1.120000000000000000e+04 1.815300000000000000e+04 3.525300000000000000e+04 3.771500000000000000e+04 4.971500000000000000e+04 1.285140000000000000e+05 1.601180000000000000e+05 2.794330000000000000e+05 7.217750000000000000e+05 8.814970000000000000e+05 2.023901000000000000e+06 3.899450000000000000e+06 8.034259000000000000e+06
3.580000000000000000e+02 2.850000000000000000e+02 4.360000000000000000e+02 5.750000000000000000e+02 7.900000000000000000e+02 1.810000000000000000e+03 2.630000000000000000e+03 4.451000000000000000e+03 8.859000000000000000e+03 9.570000000000000000e+03 1.199300000000000000e+04 1.655900000000000000e+04 2.580400000000000000e+04 4.414200000000000000e+04 1.141250000000000000e+05 1.534690000000000000e+05 3.620340000000000000e+05 8.649010000000000000e+05 1.384585000000000000e+06
1.000200000000000000e+04 4.311000000000000000e+03 5.373000000000000000e+03 5.067000000000000000e+03 6.320000000000000000e+03 1.624500000000000000e+04 2.940700000000000000e+04 4.900600000000000000e+04 1.057540000000000000e+05 1.178930000000000000e+05 1.806650000000000000e+05 4.330260000000000000e+05 6.279390000000000000e+05 1.175813000000000000e+06 3.444412000000000000e+06 4.758364000000000000e+06 8.605479000000000000e+06 2.305739100000000000e+07 4.363932900000000000e+07
8.585000000000000000e+03 3.320000000000000000e+03 3.854000000000000000e+03 3.573000000000000000e+03 5.464000000000000000e+03 1.584400000000000000e+04 2.566000000000000000e+04 4.073900000000000000e+04 8.932800000000000000e+04 9.833000000000000000e+04 1.429500000000000000e+05 3.503390000000000000e+05 4.892620000000000000e+05 9.407490000000000000e+05 2.795151000000000000e+06 3.967139000000000000e+06 7.587105000000000000e+06 2.114996100000000000e+07 3.956503600000000000e+07
