# {'chrom': '6', 'window_id': '5', 'statistic': 'H2', 'bounds': [98000000, 116000000], 'span': 18000000, 'n_sites': 11395352, 'coverage': 63.31, 'right_discontinuous': False, 'rows': "{0: 'Altai', 1: 'Chagyrskaya', 2: 'Denisova', 3: 'French-1', 4: 'Han-1', 5: 'Khomani_San-2', 6: 'Papuan-2', 7: 'Vindija', 8: 'Yoruba-1', 9: 'Yoruba-3'}"}
2.610000000000000000e+02 3.150000000000000000e+02 6.840000000000000000e+02 6.490000000000000000e+02 9.730000000000000000e+02 1.954000000000000000e+03 3.348000000000000000e+03 4.831000000000000000e+03 8.225000000000000000e+03 1.167400000000000000e+04 1.971400000000000000e+04 3.277500000000000000e+04 2.427800000000000000e+04 3.473800000000000000e+04 1.441620000000000000e+05 1.733600000000000000e+05 2.420830000000000000e+05 1.069651000000000000e+06 1.682830000000000000e+06
1.110000000000000000e+02 6.000000000000000000e+01 6.500000000000000000e+01 1.280000000000000000e+02 1.960000000000000000e+02 6.120000000000000000e+02 9.700000000000000000e+02 1.836000000000000000e+03 3.388000000000000000e+03 3.746000000000000000e+03 4.118000000000000000e+03 7.958000000000000000e+03 9.591000000000000000e+03 2.178500000000000000e+04 6.483600000000000000e+04 8.522600000000000000e+04 1.649270000000000000e+05 3.355670000000000000e+05 3.133880000000000000e+05
4.300000000000000000e+01 5.200000000000000000e+01 1.900000000000000000e+02 2.910000000000000000e+02 5.260000000000000000e+02 1.230000000000000000e+03 1.670000000000000000e+03 2.958000000000000000e+03 6.647000000000000000e+03 6.790000000000000000e+03 8.807000000000000000e+03 1.786300000000000000e+04 1.724600000000000000e+04 2.705200000000000000e+04 1.042700000000000000e+05 1.179700000000000000e+05 2.993510000000000000e+05 5.047490000000000000e+05 7.465290000000000000e+05
5.208000000000000000e+03 1.898000000000000000e+03 2.660000000000000000e+03 2.445000000000000000e+03 3.595000000000000000e+03 1.006400000000000000e+04 1.811300000000000000e+04 3.085400000000000000e+04 6.597600000000000000e+04 7.867000000000000000e+04 1.215340000000000000e+05 2.572350000000000000e+05 2.958680000000000000e+05 3.938910000000000000e+05 1.387535000000000000e+06 1.862454000000000000e+06 4.615519000000000000e+06 1.195885400000000000e+07 1.786693300000000000e+07
3.247000000000000000e+03 1.233000000000000000e+03 2.497000000000000000e+03 2.455000000000000000e+03 3.442000000000000000e+03 8.396000000000000000e+03 1.560700000000000000e+04 2.529900000000000000e+04 5.518300000000000000e+04 6.322400000000000000e+04 8.769900000000000000e+04 2.253040000000000000e+05 3.132570000000000000e+05 3.926620000000000000e+05 1.122575000000000000e+06 1.611228000000000000e+06 3.806201000000000000e+06 1.071940900000000000e+07 1.807795200000000000e+07
2.484000000000000000e+03 1.921000000000000000e+03 3.161000000000000000e+03 3.842000000000000000e+03 5.772000000000000000e+03 1.404000000000000000e+04 2.233700000000000000e+04 3.873900000000000000e+04 8.529900000000000000e+04 9.912900000000000000e+04 1.541980000000000000e+05 3.208430000000000000e+05 4.490520000000000000e+05 6.686360000000000000e+05 2.357405000000000000e+06 3.693178000000000000e+06 8.019541000000000000e+06 2.528067500000000000e+07 3.896599800000000000e+07
2.337000000000000000e+03 1.428000000000000000e+03 2.250000000000000000e+03 2.139000000000000000e+03 2.627000000000000000e+03 6.707000000000000000e+03 1.204000000000000000e+04 1.983500000000000000e+04 4.160000000000000000e+04 5.029900000000000000e+04 7.156500000000000000e+04 1.232810000000000000e+05 1.155920000000000000e+05 2.385740000000000000e+05 9.622060000000000000e+05 1.284452000000000000e+06 2.464308000000000000e+06 8.186554000000000000e+06 1.254632500000000000e+07
4.800000000000000000e+01 2.900000000000000000e+01 5.300000000000000000e+01 9.400000000000000000e+01 1.330000000000000000e+02 2.960000000000000000e+02 5.250000000000000000e+02 1.025000000000000000e+03 2.090000000000000000e+03 2.588000000000000000e+03 3.439000000000000000e+03 6.770000000000000000e+03 9.284000000000000000e+03 1.031300000000000000e+04 4.040900000000000000e+04 5.148000000000000000e+04 1.079460000000000000e+05 3.640470000000000000e+05 6.996000000000000000e+05
5.687000000000000000e+03 1.444000000000000000e+03 2.814000000000000000e+03 2.987000000000000000e+03 4.739000000000000000e+03 1.180100000000000000e+04 2.121700000000000000e+04 3.271800000000000000e+04 6.890800000000000000e+04 8.013900000000000000e+04 1.221080000000000000e+05 2.481070000000000000e+05 3.093160000000000000e+05 5.422660000000000000e+05 1.887611000000000000e+06 3.229337000000000000e+06 6.225545000000000000e+06 2.006778000000000000e+07 3.350319700000000000e+07
4.771000000000000000e+03 1.897000000000000000e+03 3.036000000000000000e+03 3.165000000000000000e+03 4.891000000000000000e+03 1.291800000000000000e+04 2.130400000000000000e+04 3.725100000000000000e+04 7.997400000000000000e+04 9.113400000000000000e+04 1.427590000000000000e+05 2.689870000000000000e+05 3.777340000000000000e+05 6.086220000000000000e+05 2.227576000000000000e+06 3.365232000000000000e+06 7.459487000000000000e+06 2.224250300000000000e+07 3.366847100000000000e+07
