# {'chrom': '6', 'window_id': '0', 'statistic': 'H2', 'bounds': [0, 19000000], 'span': 19000000, 'n_sites': 12096523, 'coverage': 63.67, 'right_discontinuous': False, 'rows': "{0: 'Altai', 1: 'Chagyrskaya', 2: 'Denisova', 3: 'French-1', 4: 'Han-1', 5: 'Khomani_San-2', 6: 'Papuan-2', 7: 'Vindija', 8: 'Yoruba-1', 9: 'Yoruba-3'}"}
1.100000000000000000e+01 2.800000000000000000e+01 1.310000000000000000e+02 2.660000000000000000e+02 6.190000000000000000e+02 1.642000000000000000e+03 1.917000000000000000e+03 2.980000000000000000e+03 6.920000000000000000e+03 6.696000000000000000e+03 9.349000000000000000e+03 1.287500000000000000e+04 2.266600000000000000e+04 2.885600000000000000e+04 8.697400000000000000e+04 8.206600000000000000e+04 1.839090000000000000e+05 5.736890000000000000e+05 1.364707000000000000e+06
1.200000000000000000e+01 2.000000000000000000e+01 1.610000000000000000e+02 3.530000000000000000e+02 7.090000000000000000e+02 1.339000000000000000e+03 2.230000000000000000e+03 3.827000000000000000e+03 9.745000000000000000e+03 1.059100000000000000e+04 1.181000000000000000e+04 1.688900000000000000e+04 2.533000000000000000e+04 2.948900000000000000e+04 8.709800000000000000e+04 8.330800000000000000e+04 1.873430000000000000e+05 4.833280000000000000e+05 9.460940000000000000e+05
3.900000000000000000e+01 8.000000000000000000e+00 5.100000000000000000e+01 9.200000000000000000e+01 2.150000000000000000e+02 8.150000000000000000e+02 1.280000000000000000e+03 1.970000000000000000e+03 4.037000000000000000e+03 4.512000000000000000e+03 6.329000000000000000e+03 1.011800000000000000e+04 1.345300000000000000e+04 2.621500000000000000e+04 8.307000000000000000e+04 1.305890000000000000e+05 2.373550000000000000e+05 8.123570000000000000e+05 1.353056000000000000e+06
2.372000000000000000e+03 9.000000000000000000e+02 1.388000000000000000e+03 1.711000000000000000e+03 2.783000000000000000e+03 8.886000000000000000e+03 1.255200000000000000e+04 2.202400000000000000e+04 4.613900000000000000e+04 5.415300000000000000e+04 7.417400000000000000e+04 1.389220000000000000e+05 1.981450000000000000e+05 3.403820000000000000e+05 8.537890000000000000e+05 1.309191000000000000e+06 2.974236000000000000e+06 9.050088000000000000e+06 1.782578000000000000e+07
2.171000000000000000e+03 6.510000000000000000e+02 7.880000000000000000e+02 1.114000000000000000e+03 2.074000000000000000e+03 6.611000000000000000e+03 1.063900000000000000e+04 1.685100000000000000e+04 3.402000000000000000e+04 4.018800000000000000e+04 5.439600000000000000e+04 9.197700000000000000e+04 1.522380000000000000e+05 2.692570000000000000e+05 7.021580000000000000e+05 1.052768000000000000e+06 2.188157000000000000e+06 7.110600000000000000e+06 1.396508200000000000e+07
1.573000000000000000e+03 9.140000000000000000e+02 1.556000000000000000e+03 2.064000000000000000e+03 3.441000000000000000e+03 1.149700000000000000e+04 1.612000000000000000e+04 2.765800000000000000e+04 5.910800000000000000e+04 6.725800000000000000e+04 9.599300000000000000e+04 2.026810000000000000e+05 3.087060000000000000e+05 5.440810000000000000e+05 1.555130000000000000e+06 2.505204000000000000e+06 4.984942000000000000e+06 1.564186000000000000e+07 3.001803600000000000e+07
1.437000000000000000e+03 4.060000000000000000e+02 7.960000000000000000e+02 1.031000000000000000e+03 1.589000000000000000e+03 5.213000000000000000e+03 7.961000000000000000e+03 1.359400000000000000e+04 2.670000000000000000e+04 3.139100000000000000e+04 3.556200000000000000e+04 7.349400000000000000e+04 8.876400000000000000e+04 1.883950000000000000e+05 4.043860000000000000e+05 6.079190000000000000e+05 1.192154000000000000e+06 4.078690000000000000e+06 7.618930000000000000e+06
1.100000000000000000e+01 1.700000000000000000e+01 7.200000000000000000e+01 1.480000000000000000e+02 2.680000000000000000e+02 5.430000000000000000e+02 1.011000000000000000e+03 1.905000000000000000e+03 3.774000000000000000e+03 4.226000000000000000e+03 6.600000000000000000e+03 9.559000000000000000e+03 1.255300000000000000e+04 1.007000000000000000e+04 2.481500000000000000e+04 3.667600000000000000e+04 7.915900000000000000e+04 2.541150000000000000e+05 6.509620000000000000e+05
2.624000000000000000e+03 1.027000000000000000e+03 1.808000000000000000e+03 2.174000000000000000e+03 3.794000000000000000e+03 1.308200000000000000e+04 1.874000000000000000e+04 2.798600000000000000e+04 7.069500000000000000e+04 7.725500000000000000e+04 1.103800000000000000e+05 2.414780000000000000e+05 2.851760000000000000e+05 5.746670000000000000e+05 1.565039000000000000e+06 2.479857000000000000e+06 4.935812000000000000e+06 1.610970800000000000e+07 2.990301400000000000e+07
3.574000000000000000e+03 1.107000000000000000e+03 1.875000000000000000e+03 2.324000000000000000e+03 4.028000000000000000e+03 1.413600000000000000e+04 1.927100000000000000e+04 3.159300000000000000e+04 7.187900000000000000e+04 7.667200000000000000e+04 1.054050000000000000e+05 2.444390000000000000e+05 2.943100000000000000e+05 5.834390000000000000e+05 1.723998000000000000e+06 2.847099000000000000e+06 5.620507000000000000e+06 1.776498000000000000e+07 3.396791600000000000e+07
