# {'chrom': '6', 'window_id': '6', 'statistic': 'H2', 'bounds': [116000000, 134000000], 'span': 18000000, 'n_sites': 11808493, 'coverage': 65.6, 'right_discontinuous': False, 'rows': "{0: 'Altai', 1: 'Chagyrskaya', 2: 'Denisova', 3: 'French-1', 4: 'Han-1', 5: 'Khomani_San-2', 6: 'Papuan-2', 7: 'Vindija', 8: 'Yoruba-1', 9: 'Yoruba-3'}"}
1.390000000000000000e+02 2.060000000000000000e+02 3.430000000000000000e+02 3.630000000000000000e+02 5.700000000000000000e+02 1.600000000000000000e+03 2.037000000000000000e+03 3.866000000000000000e+03 8.475000000000000000e+03 8.190000000000000000e+03 1.072200000000000000e+04 2.156700000000000000e+04 2.226200000000000000e+04 3.250900000000000000e+04 1.057610000000000000e+05 1.405790000000000000e+05 2.719780000000000000e+05 8.912160000000000000e+05 1.595769000000000000e+06
1.500000000000000000e+01 2.700000000000000000e+01 6.600000000000000000e+01 1.240000000000000000e+02 2.760000000000000000e+02 7.840000000000000000e+02 1.103000000000000000e+03 1.708000000000000000e+03 3.828000000000000000e+03 4.374000000000000000e+03 5.543000000000000000e+03 1.168500000000000000e+04 1.379300000000000000e+04 2.240900000000000000e+04 3.511200000000000000e+04 5.003000000000000000e+04 7.854200000000000000e+04 2.871770000000000000e+05 6.974980000000000000e+05
1.850000000000000000e+02 1.240000000000000000e+02 2.510000000000000000e+02 3.070000000000000000e+02 3.320000000000000000e+02 9.430000000000000000e+02 1.178000000000000000e+03 2.294000000000000000e+03 4.926000000000000000e+03 6.460000000000000000e+03 9.165000000000000000e+03 2.070400000000000000e+04 2.077200000000000000e+04 2.198700000000000000e+04 3.834200000000000000e+04 6.334000000000000000e+04 1.277690000000000000e+05 4.307300000000000000e+05 8.790370000000000000e+05
3.013000000000000000e+03 1.637000000000000000e+03 2.289000000000000000e+03 2.314000000000000000e+03 3.199000000000000000e+03 7.850000000000000000e+03 1.185000000000000000e+04 2.332300000000000000e+04 4.891900000000000000e+04 6.274200000000000000e+04 8.610500000000000000e+04 1.782270000000000000e+05 1.979940000000000000e+05 3.882910000000000000e+05 9.332850000000000000e+05 1.300310000000000000e+06 2.740694000000000000e+06 7.463557000000000000e+06 1.413907100000000000e+07
4.556000000000000000e+03 1.393000000000000000e+03 2.073000000000000000e+03 2.094000000000000000e+03 3.198000000000000000e+03 8.092000000000000000e+03 1.327600000000000000e+04 2.725200000000000000e+04 5.145600000000000000e+04 6.578500000000000000e+04 9.120200000000000000e+04 1.706070000000000000e+05 2.250840000000000000e+05 3.709860000000000000e+05 9.950080000000000000e+05 1.552809000000000000e+06 2.908988000000000000e+06 7.762093000000000000e+06 1.324168200000000000e+07
7.896000000000000000e+03 2.771000000000000000e+03 4.892000000000000000e+03 4.771000000000000000e+03 6.638000000000000000e+03 1.602300000000000000e+04 2.441600000000000000e+04 4.559100000000000000e+04 9.524600000000000000e+04 1.041470000000000000e+05 1.644100000000000000e+05 3.743420000000000000e+05 5.204230000000000000e+05 1.031553000000000000e+06 2.725537000000000000e+06 4.465773000000000000e+06 8.111244000000000000e+06 2.007109200000000000e+07 3.748378400000000000e+07
5.911000000000000000e+03 1.897000000000000000e+03 3.056000000000000000e+03 2.956000000000000000e+03 4.419000000000000000e+03 1.078000000000000000e+04 1.779100000000000000e+04 3.294700000000000000e+04 6.407400000000000000e+04 8.808300000000000000e+04 1.241550000000000000e+05 2.596300000000000000e+05 2.675140000000000000e+05 4.923830000000000000e+05 1.133592000000000000e+06 1.689125000000000000e+06 3.490444000000000000e+06 8.897861000000000000e+06 1.732910200000000000e+07
1.110000000000000000e+02 6.800000000000000000e+01 1.570000000000000000e+02 2.150000000000000000e+02 1.870000000000000000e+02 5.060000000000000000e+02 9.580000000000000000e+02 1.784000000000000000e+03 3.370000000000000000e+03 3.423000000000000000e+03 5.437000000000000000e+03 1.228700000000000000e+04 1.623200000000000000e+04 2.901600000000000000e+04 8.237700000000000000e+04 1.114180000000000000e+05 1.376250000000000000e+05 2.777740000000000000e+05 3.783920000000000000e+05
5.714000000000000000e+03 1.814000000000000000e+03 3.476000000000000000e+03 3.688000000000000000e+03 5.789000000000000000e+03 1.501600000000000000e+04 2.280100000000000000e+04 3.973300000000000000e+04 7.860800000000000000e+04 1.011070000000000000e+05 1.629230000000000000e+05 3.675950000000000000e+05 4.420000000000000000e+05 8.404690000000000000e+05 2.565841000000000000e+06 3.785456000000000000e+06 7.139069000000000000e+06 1.879442100000000000e+07 3.536066900000000000e+07
5.739000000000000000e+03 2.265000000000000000e+03 3.685000000000000000e+03 3.370000000000000000e+03 4.875000000000000000e+03 1.237800000000000000e+04 1.958200000000000000e+04 3.794400000000000000e+04 7.193000000000000000e+04 9.550600000000000000e+04 1.484670000000000000e+05 3.298950000000000000e+05 4.245380000000000000e+05 8.682370000000000000e+05 2.189059000000000000e+06 3.636952000000000000e+06 7.031701000000000000e+06 1.627089500000000000e+07 3.012411800000000000e+07
