# {'chrom': '6', 'window_id': '2', 'statistic': 'H2', 'bounds': [39000000, 59000000], 'span': 20000000, 'n_sites': 12165908, 'coverage': 60.83, 'right_discontinuous': True, 'rows': "{0: 'Altai', 1: 'Chagyrskaya', 2: 'Denisova', 3: 'French-1', 4: 'Han-1', 5: 'Khomani_San-2', 6: 'Papuan-2', 7: 'Vindija', 8: 'Yoruba-1', 9: 'Yoruba-3'}"}
1.771000000000000000e+03 8.800000000000000000e+02 1.506000000000000000e+03 1.188000000000000000e+03 1.919000000000000000e+03 5.682000000000000000e+03 8.420000000000000000e+03 1.069800000000000000e+04 2.287600000000000000e+04 3.140900000000000000e+04 5.042100000000000000e+04 1.095150000000000000e+05 1.224930000000000000e+05 1.844100000000000000e+05 4.935670000000000000e+05 4.554890000000000000e+05 9.403860000000000000e+05 2.066150000000000000e+06 1.458198000000000000e+06
1.143000000000000000e+03 6.630000000000000000e+02 1.049000000000000000e+03 9.270000000000000000e+02 1.081000000000000000e+03 2.427000000000000000e+03 3.950000000000000000e+03 4.541000000000000000e+03 9.465000000000000000e+03 1.048600000000000000e+04 1.386900000000000000e+04 3.046000000000000000e+04 3.526500000000000000e+04 8.564100000000000000e+04 1.887920000000000000e+05 2.781020000000000000e+05 3.242810000000000000e+05 6.319270000000000000e+05 4.599780000000000000e+05
3.686000000000000000e+03 1.501000000000000000e+03 2.801000000000000000e+03 2.476000000000000000e+03 3.832000000000000000e+03 1.045900000000000000e+04 1.201200000000000000e+04 2.427700000000000000e+04 4.909100000000000000e+04 6.406800000000000000e+04 8.545900000000000000e+04 2.246850000000000000e+05 2.883990000000000000e+05 5.222920000000000000e+05 1.646196000000000000e+06 2.436526000000000000e+06 2.823804000000000000e+06 2.278084000000000000e+06 2.244497000000000000e+06
1.354400000000000000e+04 2.767000000000000000e+03 3.062000000000000000e+03 2.697000000000000000e+03 3.470000000000000000e+03 1.226900000000000000e+04 1.736700000000000000e+04 3.487700000000000000e+04 7.276900000000000000e+04 7.950300000000000000e+04 1.279470000000000000e+05 2.199940000000000000e+05 2.481380000000000000e+05 5.164480000000000000e+05 1.482248000000000000e+06 1.973532000000000000e+06 3.463291000000000000e+06 8.273761000000000000e+06 9.074219000000000000e+06
4.736000000000000000e+03 1.189000000000000000e+03 1.911000000000000000e+03 2.137000000000000000e+03 3.099000000000000000e+03 1.032200000000000000e+04 1.323000000000000000e+04 2.558400000000000000e+04 5.491300000000000000e+04 5.263500000000000000e+04 6.668400000000000000e+04 1.594910000000000000e+05 1.788880000000000000e+05 4.220800000000000000e+05 1.073362000000000000e+06 1.489067000000000000e+06 2.433250000000000000e+06 6.592633000000000000e+06 7.774152000000000000e+06
7.025000000000000000e+03 2.298000000000000000e+03 3.541000000000000000e+03 3.904000000000000000e+03 5.976000000000000000e+03 1.722800000000000000e+04 2.117800000000000000e+04 3.722000000000000000e+04 8.061300000000000000e+04 9.477600000000000000e+04 1.566290000000000000e+05 3.631380000000000000e+05 4.527250000000000000e+05 7.705830000000000000e+05 2.475935000000000000e+06 3.962068000000000000e+06 6.136083000000000000e+06 1.600155700000000000e+07 1.741442300000000000e+07
5.736000000000000000e+03 1.902000000000000000e+03 2.677000000000000000e+03 2.779000000000000000e+03 3.625000000000000000e+03 1.145200000000000000e+04 1.612400000000000000e+04 3.131700000000000000e+04 5.971000000000000000e+04 7.160700000000000000e+04 1.014780000000000000e+05 2.145510000000000000e+05 2.859280000000000000e+05 4.428770000000000000e+05 1.432462000000000000e+06 2.069471000000000000e+06 3.439117000000000000e+06 8.965788000000000000e+06 8.334078000000000000e+06
8.700000000000000000e+02 4.030000000000000000e+02 6.910000000000000000e+02 9.990000000000000000e+02 1.618000000000000000e+03 3.503000000000000000e+03 4.617000000000000000e+03 9.559000000000000000e+03 2.251600000000000000e+04 2.946100000000000000e+04 4.083300000000000000e+04 6.126900000000000000e+04 4.953400000000000000e+04 7.201100000000000000e+04 1.867310000000000000e+05 3.443070000000000000e+05 4.185810000000000000e+05 1.491044000000000000e+06 1.262451000000000000e+06
5.654000000000000000e+03 3.036000000000000000e+03 5.184000000000000000e+03 4.970000000000000000e+03 6.723000000000000000e+03 1.652800000000000000e+04 2.520900000000000000e+04 4.602700000000000000e+04 9.653700000000000000e+04 1.146180000000000000e+05 1.628720000000000000e+05 3.730230000000000000e+05 4.313840000000000000e+05 8.839800000000000000e+05 2.506964000000000000e+06 4.253459000000000000e+06 6.705786000000000000e+06 1.833026000000000000e+07 2.023256300000000000e+07
6.109000000000000000e+03 2.579000000000000000e+03 4.316000000000000000e+03 4.274000000000000000e+03 5.467000000000000000e+03 1.670000000000000000e+04 2.218900000000000000e+04 4.096000000000000000e+04 8.242600000000000000e+04 1.018100000000000000e+05 1.497470000000000000e+05 3.653220000000000000e+05 4.774700000000000000e+05 8.467710000000000000e+05 2.673211000000000000e+06 3.984858000000000000e+06 6.217619000000000000e+06 1.708284700000000000e+07 1.848137800000000000e+07
