# {'chrom': '6', 'window_id': '7', 'statistic': 'H2', 'bounds': [134000000, 152000000], 'span': 18000000, 'n_sites': 11549916, 'coverage': 64.17, 'right_discontinuous': False, 'rows': "{0: 'Altai', 1: 'Chagyrskaya', 2: 'Denisova', 3: 'French-1', 4: 'Han-1', 5: 'Khomani_San-2', 6: 'Papuan-2', 7: 'Vindija', 8: 'Yoruba-1', 9: 'Yoruba-3'}"}
1.880000000000000000e+02 1.690000000000000000e+02 3.310000000000000000e+02 4.820000000000000000e+02 6.600000000000000000e+02 1.384000000000000000e+03 2.453000000000000000e+03 4.224000000000000000e+03 1.154700000000000000e+04 1.330600000000000000e+04 1.952500000000000000e+04 3.133700000000000000e+04 3.903000000000000000e+04 1.781600000000000000e+04 7.504400000000000000e+04 7.944900000000000000e+04 1.284550000000000000e+05 4.744750000000000000e+05 7.018250000000000000e+05
1.480000000000000000e+02 1.860000000000000000e+02 3.840000000000000000e+02 3.020000000000000000e+02 4.670000000000000000e+02 1.282000000000000000e+03 1.745000000000000000e+03 3.307000000000000000e+03 7.670000000000000000e+03 1.096500000000000000e+04 1.253300000000000000e+04 2.598800000000000000e+04 3.701900000000000000e+04 5.394800000000000000e+04 4.806200000000000000e+04 4.750300000000000000e+04 7.399300000000000000e+04 3.057070000000000000e+05 5.352500000000000000e+05
9.400000000000000000e+01 7.600000000000000000e+01 1.850000000000000000e+02 1.740000000000000000e+02 3.840000000000000000e+02 1.072000000000000000e+03 1.197000000000000000e+03 1.929000000000000000e+03 4.322000000000000000e+03 5.055000000000000000e+03 6.951000000000000000e+03 1.889800000000000000e+04 2.332800000000000000e+04 3.751300000000000000e+04 6.920800000000000000e+04 8.041700000000000000e+04 2.232260000000000000e+05 6.494360000000000000e+05 1.044502000000000000e+06
5.443000000000000000e+03 2.042000000000000000e+03 2.083000000000000000e+03 1.469000000000000000e+03 2.305000000000000000e+03 8.354000000000000000e+03 1.412700000000000000e+04 2.484600000000000000e+04 5.058400000000000000e+04 6.781800000000000000e+04 9.668000000000000000e+04 1.749700000000000000e+05 2.254440000000000000e+05 3.149170000000000000e+05 8.502200000000000000e+05 1.355810000000000000e+06 2.672244000000000000e+06 8.913305000000000000e+06 1.463843300000000000e+07
2.175000000000000000e+03 1.341000000000000000e+03 1.994000000000000000e+03 1.890000000000000000e+03 2.759000000000000000e+03 7.783000000000000000e+03 1.273900000000000000e+04 2.147700000000000000e+04 4.839700000000000000e+04 6.210300000000000000e+04 8.043800000000000000e+04 1.463830000000000000e+05 1.952740000000000000e+05 4.421570000000000000e+05 9.022560000000000000e+05 1.166364000000000000e+06 2.559564000000000000e+06 8.554193000000000000e+06 1.428083500000000000e+07
4.828000000000000000e+03 1.882000000000000000e+03 2.661000000000000000e+03 2.846000000000000000e+03 4.649000000000000000e+03 1.385400000000000000e+04 2.093800000000000000e+04 3.412900000000000000e+04 7.753500000000000000e+04 1.024900000000000000e+05 1.418160000000000000e+05 3.333310000000000000e+05 4.473710000000000000e+05 7.680590000000000000e+05 2.006930000000000000e+06 3.058778000000000000e+06 5.808527000000000000e+06 1.900152100000000000e+07 3.118497400000000000e+07
1.548000000000000000e+03 9.910000000000000000e+02 1.869000000000000000e+03 1.721000000000000000e+03 2.956000000000000000e+03 7.992000000000000000e+03 1.266600000000000000e+04 1.916300000000000000e+04 4.724700000000000000e+04 5.968700000000000000e+04 7.563900000000000000e+04 1.526790000000000000e+05 2.190220000000000000e+05 3.707320000000000000e+05 1.025414000000000000e+06 1.401626000000000000e+06 2.334333000000000000e+06 8.187930000000000000e+06 1.512071900000000000e+07
1.120000000000000000e+02 1.660000000000000000e+02 2.400000000000000000e+02 1.670000000000000000e+02 2.040000000000000000e+02 6.370000000000000000e+02 9.190000000000000000e+02 2.191000000000000000e+03 4.462000000000000000e+03 7.169000000000000000e+03 8.011000000000000000e+03 8.764000000000000000e+03 9.862000000000000000e+03 1.154700000000000000e+04 3.737800000000000000e+04 4.599200000000000000e+04 9.992400000000000000e+04 2.416650000000000000e+05 1.938130000000000000e+05
4.997000000000000000e+03 2.332000000000000000e+03 3.177000000000000000e+03 2.589000000000000000e+03 3.879000000000000000e+03 1.231600000000000000e+04 2.040600000000000000e+04 3.572200000000000000e+04 8.315600000000000000e+04 1.046370000000000000e+05 1.512490000000000000e+05 3.205170000000000000e+05 3.543300000000000000e+05 7.073900000000000000e+05 1.877670000000000000e+06 2.694035000000000000e+06 5.088662000000000000e+06 1.768530200000000000e+07 2.977374300000000000e+07
3.731000000000000000e+03 1.657000000000000000e+03 2.697000000000000000e+03 2.445000000000000000e+03 3.858000000000000000e+03 1.019700000000000000e+04 1.728600000000000000e+04 2.824700000000000000e+04 6.770700000000000000e+04 8.977000000000000000e+04 1.361500000000000000e+05 2.688420000000000000e+05 3.315960000000000000e+05 6.051530000000000000e+05 1.699354000000000000e+06 2.455838000000000000e+06 4.879782000000000000e+06 1.532333200000000000e+07 2.590760200000000000e+07
