# {'chrom': '6', 'window_id': '3', 'statistic': 'H2', 'bounds': [61000000, 80000000], 'span': 19000000, 'n_sites': 10789960, 'coverage': 56.79, 'right_discontinuous': False, 'rows': "{0: 'Altai', 1: 'Chagyrskaya', 2: 'Denisova', 3: 'French-1', 4: 'Han-1', 5: 'Khomani_San-2', 6: 'Papuan-2', 7: 'Vindija', 8: 'Yoruba-1', 9: 'Yoruba-3'}"}
1.003000000000000000e+03 5.720000000000000000e+02 1.048000000000000000e+03 1.015000000000000000e+03 1.740000000000000000e+03 4.015000000000000000e+03 5.391000000000000000e+03 9.765000000000000000e+03 2.209800000000000000e+04 2.334600000000000000e+04 2.894100000000000000e+04 2.483000000000000000e+04 2.770400000000000000e+04 9.996700000000000000e+04 1.538730000000000000e+05 2.379260000000000000e+05 4.534850000000000000e+05 1.841191000000000000e+06 2.723100000000000000e+06
7.000000000000000000e+00 1.900000000000000000e+01 5.100000000000000000e+01 5.700000000000000000e+01 9.800000000000000000e+01 1.770000000000000000e+02 3.020000000000000000e+02 5.220000000000000000e+02 9.530000000000000000e+02 1.077000000000000000e+03 1.140000000000000000e+03 2.874000000000000000e+03 2.846000000000000000e+03 6.584000000000000000e+03 1.645300000000000000e+04 3.256600000000000000e+04 7.161700000000000000e+04 2.725430000000000000e+05 5.755140000000000000e+05
6.870000000000000000e+02 4.690000000000000000e+02 6.030000000000000000e+02 4.550000000000000000e+02 6.170000000000000000e+02 2.007000000000000000e+03 3.071000000000000000e+03 5.340000000000000000e+03 9.723000000000000000e+03 1.239700000000000000e+04 1.918800000000000000e+04 3.101100000000000000e+04 4.157100000000000000e+04 6.865300000000000000e+04 1.452300000000000000e+05 2.234710000000000000e+05 5.456980000000000000e+05 1.547847000000000000e+06 2.155474000000000000e+06
6.633000000000000000e+03 3.414000000000000000e+03 4.644000000000000000e+03 4.083000000000000000e+03 5.846000000000000000e+03 1.701800000000000000e+04 3.012200000000000000e+04 4.609700000000000000e+04 1.072690000000000000e+05 1.258080000000000000e+05 1.809900000000000000e+05 3.641020000000000000e+05 4.470040000000000000e+05 9.190550000000000000e+05 2.313447000000000000e+06 3.134540000000000000e+06 6.721785000000000000e+06 2.078946700000000000e+07 3.211417400000000000e+07
8.316000000000000000e+03 3.619000000000000000e+03 4.163000000000000000e+03 3.631000000000000000e+03 4.755000000000000000e+03 1.447700000000000000e+04 2.445400000000000000e+04 3.880000000000000000e+04 8.574200000000000000e+04 1.220990000000000000e+05 2.132150000000000000e+05 4.546110000000000000e+05 6.083520000000000000e+05 9.803990000000000000e+05 1.582703000000000000e+06 2.586988000000000000e+06 4.950899000000000000e+06 1.601780100000000000e+07 2.741633600000000000e+07
4.639000000000000000e+03 3.083000000000000000e+03 4.136000000000000000e+03 3.858000000000000000e+03 5.343000000000000000e+03 1.450600000000000000e+04 2.385900000000000000e+04 3.984800000000000000e+04 8.828600000000000000e+04 1.157980000000000000e+05 1.829720000000000000e+05 3.797410000000000000e+05 4.480370000000000000e+05 1.036445000000000000e+06 2.667005000000000000e+06 3.111443000000000000e+06 5.194407000000000000e+06 2.198783600000000000e+07 3.615829400000000000e+07
4.354000000000000000e+03 1.604000000000000000e+03 2.162000000000000000e+03 2.148000000000000000e+03 3.307000000000000000e+03 8.672000000000000000e+03 1.334800000000000000e+04 2.497800000000000000e+04 5.542500000000000000e+04 6.449400000000000000e+04 1.059660000000000000e+05 2.029130000000000000e+05 2.120780000000000000e+05 5.086550000000000000e+05 1.284179000000000000e+06 1.471001000000000000e+06 2.277482000000000000e+06 7.628733000000000000e+06 1.262982000000000000e+07
1.640000000000000000e+02 1.320000000000000000e+02 1.580000000000000000e+02 1.200000000000000000e+02 1.540000000000000000e+02 4.120000000000000000e+02 6.530000000000000000e+02 1.400000000000000000e+03 2.011000000000000000e+03 2.385000000000000000e+03 2.731000000000000000e+03 6.429000000000000000e+03 8.286000000000000000e+03 1.844200000000000000e+04 3.463500000000000000e+04 6.067100000000000000e+04 1.050620000000000000e+05 3.701920000000000000e+05 8.477140000000000000e+05
7.458000000000000000e+03 3.585000000000000000e+03 5.188000000000000000e+03 3.920000000000000000e+03 5.325000000000000000e+03 1.605900000000000000e+04 2.525900000000000000e+04 4.454600000000000000e+04 9.062600000000000000e+04 1.280130000000000000e+05 2.051700000000000000e+05 4.755090000000000000e+05 6.701620000000000000e+05 1.024220000000000000e+06 2.174471000000000000e+06 3.632412000000000000e+06 9.857587000000000000e+06 2.718220300000000000e+07 4.617865900000000000e+07
5.667000000000000000e+03 3.275000000000000000e+03 4.647000000000000000e+03 4.154000000000000000e+03 5.715000000000000000e+03 1.568500000000000000e+04 2.399400000000000000e+04 3.936000000000000000e+04 8.641400000000000000e+04 1.000020000000000000e+05 1.630400000000000000e+05 3.532590000000000000e+05 5.070440000000000000e+05 9.690040000000000000e+05 2.599253000000000000e+06 3.510596000000000000e+06 7.926034000000000000e+06 2.425079500000000000e+07 4.137531100000000000e+07
