# {'chrom': '6', 'window_id': '1', 'statistic': 'H2', 'bounds': [19000000, 39000000], 'span': 20000000, 'n_sites': 11488786, 'coverage': 57.44, 'right_discontinuous': False, 'rows': "{0: 'Altai', 1: 'Chagyrskaya', 2: 'Denisova', 3: 'French-1', 4: 'Han-1', 5: 'Khomani_San-2', 6: 'Papuan-2', 7: 'Vindija', 8: 'Yoruba-1', 9: 'Yoruba-3'}"}
4.874000000000000000e+03 2.972000000000000000e+03 2.650000000000000000e+03 1.776000000000000000e+03 2.264000000000000000e+03 6.870000000000000000e+03 1.288700000000000000e+04 2.441500000000000000e+04 5.336500000000000000e+04 5.327400000000000000e+04 8.449600000000000000e+04 1.719740000000000000e+05 2.414160000000000000e+05 3.555370000000000000e+05 1.185644000000000000e+06 1.714968000000000000e+06 2.889176000000000000e+06 5.020904000000000000e+06 7.205454000000000000e+06
3.182000000000000000e+03 1.727000000000000000e+03 2.230000000000000000e+03 1.524000000000000000e+03 1.884000000000000000e+03 5.770000000000000000e+03 1.167500000000000000e+04 2.132700000000000000e+04 4.539800000000000000e+04 4.807100000000000000e+04 7.535800000000000000e+04 1.491410000000000000e+05 2.366550000000000000e+05 4.333310000000000000e+05 1.331839000000000000e+06 1.870905000000000000e+06 2.911913000000000000e+06 3.016233000000000000e+06 5.149019000000000000e+06
4.586000000000000000e+03 2.368000000000000000e+03 2.388000000000000000e+03 1.938000000000000000e+03 3.273000000000000000e+03 1.038800000000000000e+04 1.654900000000000000e+04 3.497300000000000000e+04 6.996100000000000000e+04 8.028100000000000000e+04 1.132010000000000000e+05 2.564780000000000000e+05 4.127940000000000000e+05 5.706650000000000000e+05 1.866539000000000000e+06 2.855467000000000000e+06 5.215447000000000000e+06 1.151750600000000000e+07 9.508867000000000000e+06
1.294100000000000000e+04 1.402000000000000000e+04 1.991200000000000000e+04 8.322000000000000000e+03 7.140000000000000000e+03 1.726000000000000000e+04 3.305500000000000000e+04 5.611200000000000000e+04 1.358550000000000000e+05 1.657450000000000000e+05 1.934730000000000000e+05 5.601200000000000000e+05 5.997140000000000000e+05 1.226047000000000000e+06 3.916012000000000000e+06 5.165174000000000000e+06 9.196093000000000000e+06 2.355793000000000000e+07 3.440521100000000000e+07
4.761000000000000000e+03 3.166000000000000000e+03 3.380000000000000000e+03 2.638000000000000000e+03 3.869000000000000000e+03 1.092100000000000000e+04 1.854000000000000000e+04 3.421600000000000000e+04 8.173500000000000000e+04 1.024450000000000000e+05 1.462880000000000000e+05 3.340590000000000000e+05 3.559830000000000000e+05 5.848230000000000000e+05 1.820881000000000000e+06 2.863929000000000000e+06 5.654037000000000000e+06 1.468393800000000000e+07 2.426320800000000000e+07
3.602000000000000000e+03 1.994000000000000000e+03 2.316000000000000000e+03 2.165000000000000000e+03 3.619000000000000000e+03 1.083300000000000000e+04 1.847700000000000000e+04 3.608500000000000000e+04 7.344200000000000000e+04 9.193000000000000000e+04 1.469060000000000000e+05 3.120470000000000000e+05 3.961620000000000000e+05 8.067560000000000000e+05 2.001541000000000000e+06 3.808023000000000000e+06 7.567493000000000000e+06 2.213895200000000000e+07 3.680005100000000000e+07
2.995000000000000000e+03 1.856000000000000000e+03 1.695000000000000000e+03 1.130000000000000000e+03 1.696000000000000000e+03 4.920000000000000000e+03 9.690000000000000000e+03 2.084800000000000000e+04 4.556600000000000000e+04 4.929400000000000000e+04 6.763000000000000000e+04 1.261150000000000000e+05 1.409120000000000000e+05 2.323720000000000000e+05 7.149970000000000000e+05 9.344470000000000000e+05 1.895363000000000000e+06 5.679755000000000000e+06 9.015410000000000000e+06
4.019000000000000000e+03 1.978000000000000000e+03 2.456000000000000000e+03 1.463000000000000000e+03 2.407000000000000000e+03 7.260000000000000000e+03 1.257000000000000000e+04 2.178700000000000000e+04 4.775700000000000000e+04 5.375900000000000000e+04 8.247200000000000000e+04 1.613880000000000000e+05 2.346270000000000000e+05 4.594350000000000000e+05 1.344231000000000000e+06 1.984018000000000000e+06 3.236679000000000000e+06 5.087958000000000000e+06 6.548354000000000000e+06
1.499400000000000000e+04 1.461800000000000000e+04 2.082600000000000000e+04 9.052000000000000000e+03 9.544000000000000000e+03 2.307500000000000000e+04 3.768200000000000000e+04 6.336000000000000000e+04 1.512870000000000000e+05 1.971320000000000000e+05 2.356830000000000000e+05 5.863470000000000000e+05 8.267140000000000000e+05 1.643475000000000000e+06 4.988674000000000000e+06 6.587755000000000000e+06 1.092541100000000000e+07 2.590942400000000000e+07 4.428845700000000000e+07
4.181000000000000000e+03 2.771000000000000000e+03 4.197000000000000000e+03 3.200000000000000000e+03 4.895000000000000000e+03 1.170800000000000000e+04 2.078600000000000000e+04 3.914500000000000000e+04 9.130200000000000000e+04 1.150530000000000000e+05 1.674210000000000000e+05 3.901450000000000000e+05 5.837540000000000000e+05 9.588340000000000000e+05 3.047330000000000000e+06 4.662366000000000000e+06 8.384121000000000000e+06 2.479146300000000000e+07 3.892901000000000000e+07
