# {'chrom': '6', 'window_id': '8', 'statistic': 'H2', 'bounds': [152000000, 171000000], 'span': 19000000, 'n_sites': 12080243, 'coverage': 63.58, 'right_discontinuous': True, 'rows': "{0: 'Altai', 1: 'Chagyrskaya', 2: 'Denisova', 3: 'French-1', 4: 'Han-1', 5: 'Khomani_San-2', 6: 'Papuan-2', 7: 'Vindija', 8: 'Yoruba-1', 9: 'Yoruba-3'}"}
2.440000000000000000e+02 2.490000000000000000e+02 4.800000000000000000e+02 4.840000000000000000e+02 9.020000000000000000e+02 2.292000000000000000e+03 3.575000000000000000e+03 5.040000000000000000e+03 1.392000000000000000e+04 1.565600000000000000e+04 1.232900000000000000e+04 1.804300000000000000e+04 1.529500000000000000e+04 3.726200000000000000e+04 9.087900000000000000e+04 1.109940000000000000e+05 2.463080000000000000e+05 7.512280000000000000e+05 1.120431000000000000e+06
9.390000000000000000e+02 4.100000000000000000e+02 2.360000000000000000e+02 4.040000000000000000e+02 6.760000000000000000e+02 1.593000000000000000e+03 2.403000000000000000e+03 5.532000000000000000e+03 9.780000000000000000e+03 8.830000000000000000e+03 6.008000000000000000e+03 6.653000000000000000e+03 1.188000000000000000e+04 1.902900000000000000e+04 5.204600000000000000e+04 7.044900000000000000e+04 1.233440000000000000e+05 3.579820000000000000e+05 5.706890000000000000e+05
8.200000000000000000e+01 1.010000000000000000e+02 1.600000000000000000e+02 2.350000000000000000e+02 4.360000000000000000e+02 1.356000000000000000e+03 1.764000000000000000e+03 3.155000000000000000e+03 5.705000000000000000e+03 8.256000000000000000e+03 1.160900000000000000e+04 1.704200000000000000e+04 1.876000000000000000e+04 3.407800000000000000e+04 7.964300000000000000e+04 1.281920000000000000e+05 2.791690000000000000e+05 7.367370000000000000e+05 1.131371000000000000e+06
2.533000000000000000e+03 1.232000000000000000e+03 1.979000000000000000e+03 1.880000000000000000e+03 3.780000000000000000e+03 1.069300000000000000e+04 1.584800000000000000e+04 2.804000000000000000e+04 6.353400000000000000e+04 7.979600000000000000e+04 1.172490000000000000e+05 2.042930000000000000e+05 2.678960000000000000e+05 3.967640000000000000e+05 1.080665000000000000e+06 1.521365000000000000e+06 3.303981000000000000e+06 9.926864000000000000e+06 1.564326800000000000e+07
4.091000000000000000e+03 1.950000000000000000e+03 2.425000000000000000e+03 1.711000000000000000e+03 3.051000000000000000e+03 1.032000000000000000e+04 1.643700000000000000e+04 2.853900000000000000e+04 6.308700000000000000e+04 7.815200000000000000e+04 1.027830000000000000e+05 1.432400000000000000e+05 1.691770000000000000e+05 3.030330000000000000e+05 9.673170000000000000e+05 1.492599000000000000e+06 2.911669000000000000e+06 8.406497000000000000e+06 1.435141100000000000e+07
3.030000000000000000e+03 1.318000000000000000e+03 2.047000000000000000e+03 2.045000000000000000e+03 3.698000000000000000e+03 1.226500000000000000e+04 1.894000000000000000e+04 3.196100000000000000e+04 7.170200000000000000e+04 8.468600000000000000e+04 1.177190000000000000e+05 2.381400000000000000e+05 2.954140000000000000e+05 6.251190000000000000e+05 1.666915000000000000e+06 2.710184000000000000e+06 5.623483000000000000e+06 1.551890000000000000e+07 2.506259200000000000e+07
3.335000000000000000e+03 9.040000000000000000e+02 1.109000000000000000e+03 1.366000000000000000e+03 2.461000000000000000e+03 8.475000000000000000e+03 1.291800000000000000e+04 2.139700000000000000e+04 4.816600000000000000e+04 5.844700000000000000e+04 8.115100000000000000e+04 1.249460000000000000e+05 1.416940000000000000e+05 2.458930000000000000e+05 6.713020000000000000e+05 1.093910000000000000e+06 2.209945000000000000e+06 5.802054000000000000e+06 1.027543600000000000e+07
1.900000000000000000e+01 8.400000000000000000e+01 2.780000000000000000e+02 4.360000000000000000e+02 8.350000000000000000e+02 1.992000000000000000e+03 3.021000000000000000e+03 3.949000000000000000e+03 7.281000000000000000e+03 8.930000000000000000e+03 1.420700000000000000e+04 1.611300000000000000e+04 1.944800000000000000e+04 1.347100000000000000e+04 6.217000000000000000e+04 8.032500000000000000e+04 1.688630000000000000e+05 3.980790000000000000e+05 5.090470000000000000e+05
1.851000000000000000e+03 1.743000000000000000e+03 2.725000000000000000e+03 2.564000000000000000e+03 3.783000000000000000e+03 1.165300000000000000e+04 1.901700000000000000e+04 3.531500000000000000e+04 7.899200000000000000e+04 9.838000000000000000e+04 1.327870000000000000e+05 2.525450000000000000e+05 3.131050000000000000e+05 6.129030000000000000e+05 1.729431000000000000e+06 2.904611000000000000e+06 5.652479000000000000e+06 1.519807700000000000e+07 2.489728300000000000e+07
3.948000000000000000e+03 2.149000000000000000e+03 2.148000000000000000e+03 2.368000000000000000e+03 4.004000000000000000e+03 1.256000000000000000e+04 2.031900000000000000e+04 3.867000000000000000e+04 8.127600000000000000e+04 9.179000000000000000e+04 1.263960000000000000e+05 2.395050000000000000e+05 3.120400000000000000e+05 6.140680000000000000e+05 1.721796000000000000e+06 2.928936000000000000e+06 5.869400000000000000e+06 1.573026800000000000e+07 2.607086500000000000e+07
