# {'chrom': '7', 'window_id': '7', 'statistic': 'H2', 'bounds': [140000000, 160000000], 'span': 20000000, 'n_sites': 10761047, 'coverage': 53.81, 'right_discontinuous': True, 'rows': "{0: 'Altai', 1: 'Chagyrskaya', 2: 'Denisova', 3: 'French-1', 4: 'Han-1', 5: 'Khomani_San-2', 6: 'Papuan-2', 7: 'Vindija', 8: 'Yoruba-1', 9: 'Yoruba-3'}"}
3.000000000000000000e+02 2.020000000000000000e+02 3.820000000000000000e+02 5.830000000000000000e+02 1.067000000000000000e+03 2.863000000000000000e+03 4.148000000000000000e+03 5.982000000000000000e+03 1.212900000000000000e+04 1.478800000000000000e+04 1.780400000000000000e+04 3.270300000000000000e+04 4.012800000000000000e+04 4.026300000000000000e+04 1.004410000000000000e+05 2.197490000000000000e+05 2.873690000000000000e+05 4.983760000000000000e+05 6.105560000000000000e+05
4.480000000000000000e+02 2.240000000000000000e+02 3.910000000000000000e+02 4.270000000000000000e+02 7.520000000000000000e+02 1.906000000000000000e+03 2.516000000000000000e+03 4.521000000000000000e+03 1.084000000000000000e+04 6.084000000000000000e+03 2.889000000000000000e+03 3.889000000000000000e+03 3.810000000000000000e+03 5.228000000000000000e+03 2.140900000000000000e+04 3.286600000000000000e+04 3.887100000000000000e+04 1.250150000000000000e+05 2.137260000000000000e+05
2.717000000000000000e+03 2.800000000000000000e+01 3.700000000000000000e+01 1.570000000000000000e+02 4.160000000000000000e+02 1.277000000000000000e+03 2.090000000000000000e+03 3.063000000000000000e+03 7.951000000000000000e+03 8.493000000000000000e+03 8.953000000000000000e+03 1.561700000000000000e+04 1.287400000000000000e+04 3.112700000000000000e+04 5.889700000000000000e+04 9.449400000000000000e+04 2.091740000000000000e+05 5.770770000000000000e+05 6.869070000000000000e+05
1.671600000000000000e+04 9.370000000000000000e+02 1.932000000000000000e+03 1.911000000000000000e+03 2.716000000000000000e+03 9.438000000000000000e+03 1.286900000000000000e+04 2.264400000000000000e+04 4.976300000000000000e+04 5.113400000000000000e+04 8.687200000000000000e+04 1.405310000000000000e+05 1.367270000000000000e+05 3.068930000000000000e+05 8.878170000000000000e+05 1.140200000000000000e+06 2.458568000000000000e+06 6.571854000000000000e+06 9.232576000000000000e+06
1.408000000000000000e+04 8.420000000000000000e+02 1.127000000000000000e+03 1.434000000000000000e+03 2.346000000000000000e+03 7.697000000000000000e+03 1.081100000000000000e+04 1.916900000000000000e+04 4.106200000000000000e+04 4.103300000000000000e+04 6.542300000000000000e+04 1.051860000000000000e+05 1.175760000000000000e+05 2.171060000000000000e+05 6.618190000000000000e+05 1.025748000000000000e+06 1.816000000000000000e+06 5.465757000000000000e+06 7.027491000000000000e+06
1.943700000000000000e+04 1.130000000000000000e+03 2.329000000000000000e+03 2.800000000000000000e+03 4.755000000000000000e+03 1.308500000000000000e+04 1.954200000000000000e+04 3.321600000000000000e+04 7.150600000000000000e+04 8.387900000000000000e+04 1.234460000000000000e+05 2.463740000000000000e+05 3.369820000000000000e+05 6.125460000000000000e+05 1.631861000000000000e+06 2.545496000000000000e+06 4.655066000000000000e+06 1.384130400000000000e+07 1.872324200000000000e+07
1.458000000000000000e+03 6.510000000000000000e+02 6.990000000000000000e+02 1.081000000000000000e+03 1.532000000000000000e+03 4.462000000000000000e+03 7.757000000000000000e+03 1.346000000000000000e+04 2.989100000000000000e+04 3.748100000000000000e+04 6.066800000000000000e+04 1.268070000000000000e+05 1.713070000000000000e+05 1.813420000000000000e+05 3.952700000000000000e+05 7.025210000000000000e+05 1.054294000000000000e+06 2.878561000000000000e+06 3.628587000000000000e+06
2.160000000000000000e+02 1.310000000000000000e+02 2.290000000000000000e+02 3.380000000000000000e+02 4.690000000000000000e+02 1.425000000000000000e+03 2.231000000000000000e+03 3.525000000000000000e+03 8.244000000000000000e+03 8.712000000000000000e+03 1.274000000000000000e+04 2.596500000000000000e+04 1.318400000000000000e+04 1.488700000000000000e+04 4.798900000000000000e+04 9.354200000000000000e+04 1.727170000000000000e+05 4.122710000000000000e+05 6.723400000000000000e+05
1.127600000000000000e+04 1.951000000000000000e+03 2.605000000000000000e+03 2.787000000000000000e+03 4.684000000000000000e+03 1.502400000000000000e+04 2.197200000000000000e+04 3.881100000000000000e+04 8.600900000000000000e+04 9.102900000000000000e+04 1.361610000000000000e+05 2.620170000000000000e+05 3.253840000000000000e+05 6.214660000000000000e+05 1.757871000000000000e+06 2.662484000000000000e+06 5.013980000000000000e+06 1.435843500000000000e+07 1.717929500000000000e+07
1.515600000000000000e+04 1.880000000000000000e+03 2.468000000000000000e+03 2.719000000000000000e+03 4.709000000000000000e+03 1.317500000000000000e+04 2.037800000000000000e+04 3.454700000000000000e+04 8.147300000000000000e+04 8.259100000000000000e+04 1.210610000000000000e+05 2.354440000000000000e+05 2.897380000000000000e+05 5.000680000000000000e+05 1.541674000000000000e+06 2.403601000000000000e+06 4.776629000000000000e+06 1.303893100000000000e+07 1.666257800000000000e+07
