# {'chrom': '7', 'window_id': '4', 'statistic': 'H2', 'bounds': [81000000, 101000000], 'span': 20000000, 'n_sites': 12157117, 'coverage': 60.79, 'right_discontinuous': False, 'rows': "{0: 'Altai', 1: 'Chagyrskaya', 2: 'Denisova', 3: 'French-1', 4: 'Han-1', 5: 'Khomani_San-2', 6: 'Papuan-2', 7: 'Vindija', 8: 'Yoruba-1', 9: 'Yoruba-3'}"}
2.180000000000000000e+02 2.260000000000000000e+02 4.810000000000000000e+02 4.920000000000000000e+02 7.430000000000000000e+02 1.674000000000000000e+03 2.649000000000000000e+03 4.021000000000000000e+03 9.936000000000000000e+03 1.341500000000000000e+04 1.817400000000000000e+04 2.567100000000000000e+04 1.570200000000000000e+04 2.756500000000000000e+04 8.903700000000000000e+04 1.672510000000000000e+05 3.143580000000000000e+05 7.111180000000000000e+05 8.852280000000000000e+05
4.300000000000000000e+01 4.100000000000000000e+01 9.200000000000000000e+01 1.540000000000000000e+02 2.930000000000000000e+02 8.800000000000000000e+02 1.222000000000000000e+03 1.804000000000000000e+03 4.291000000000000000e+03 3.981000000000000000e+03 6.471000000000000000e+03 1.083000000000000000e+04 8.463000000000000000e+03 1.511400000000000000e+04 4.059500000000000000e+04 5.269600000000000000e+04 1.001000000000000000e+05 3.099170000000000000e+05 5.184150000000000000e+05
5.100000000000000000e+01 4.700000000000000000e+01 1.230000000000000000e+02 2.050000000000000000e+02 4.180000000000000000e+02 8.610000000000000000e+02 1.240000000000000000e+03 2.050000000000000000e+03 3.740000000000000000e+03 3.908000000000000000e+03 6.310000000000000000e+03 1.124700000000000000e+04 1.130800000000000000e+04 2.433600000000000000e+04 6.727200000000000000e+04 1.158530000000000000e+05 2.396180000000000000e+05 5.876490000000000000e+05 1.017852000000000000e+06
7.388000000000000000e+03 2.046000000000000000e+03 3.106000000000000000e+03 2.499000000000000000e+03 3.691000000000000000e+03 1.049000000000000000e+04 1.851000000000000000e+04 2.699700000000000000e+04 6.492000000000000000e+04 6.606500000000000000e+04 9.284000000000000000e+04 1.690780000000000000e+05 2.313480000000000000e+05 3.954650000000000000e+05 1.368051000000000000e+06 2.232488000000000000e+06 4.461091000000000000e+06 1.086336500000000000e+07 1.516748100000000000e+07
3.519000000000000000e+03 2.282000000000000000e+03 2.384000000000000000e+03 2.363000000000000000e+03 3.787000000000000000e+03 9.128000000000000000e+03 1.449100000000000000e+04 2.463700000000000000e+04 5.337700000000000000e+04 7.037400000000000000e+04 9.994700000000000000e+04 1.822770000000000000e+05 1.968570000000000000e+05 4.437050000000000000e+05 1.263353000000000000e+06 1.861089000000000000e+06 3.553653000000000000e+06 1.097256300000000000e+07 1.628041600000000000e+07
5.049000000000000000e+03 3.550000000000000000e+03 4.754000000000000000e+03 4.040000000000000000e+03 6.191000000000000000e+03 1.599600000000000000e+04 2.456200000000000000e+04 4.141300000000000000e+04 9.094500000000000000e+04 1.059630000000000000e+05 1.616750000000000000e+05 3.282660000000000000e+05 4.041340000000000000e+05 8.571940000000000000e+05 2.580520000000000000e+06 4.036403000000000000e+06 8.394816000000000000e+06 2.208959500000000000e+07 2.969540800000000000e+07
2.480000000000000000e+03 1.262000000000000000e+03 1.249000000000000000e+03 1.246000000000000000e+03 1.996000000000000000e+03 5.255000000000000000e+03 8.559000000000000000e+03 1.575300000000000000e+04 3.593800000000000000e+04 3.895900000000000000e+04 4.671500000000000000e+04 9.944200000000000000e+04 1.070000000000000000e+05 2.182070000000000000e+05 5.939490000000000000e+05 7.791160000000000000e+05 1.797190000000000000e+06 4.590278000000000000e+06 8.382766000000000000e+06
3.200000000000000000e+01 5.900000000000000000e+01 1.920000000000000000e+02 3.150000000000000000e+02 5.710000000000000000e+02 1.365000000000000000e+03 1.960000000000000000e+03 3.290000000000000000e+03 9.436000000000000000e+03 1.059800000000000000e+04 1.456600000000000000e+04 2.421300000000000000e+04 1.204500000000000000e+04 1.597200000000000000e+04 5.244900000000000000e+04 8.077600000000000000e+04 9.991900000000000000e+04 3.282060000000000000e+05 4.279070000000000000e+05
6.105000000000000000e+03 1.454000000000000000e+03 3.008000000000000000e+03 3.353000000000000000e+03 4.682000000000000000e+03 1.246700000000000000e+04 1.882800000000000000e+04 3.052100000000000000e+04 7.152800000000000000e+04 8.139000000000000000e+04 1.191450000000000000e+05 2.548810000000000000e+05 3.669760000000000000e+05 7.043690000000000000e+05 2.085763000000000000e+06 3.194398000000000000e+06 6.591019000000000000e+06 1.842569000000000000e+07 2.915507100000000000e+07
6.433000000000000000e+03 3.816000000000000000e+03 3.746000000000000000e+03 3.878000000000000000e+03 5.374000000000000000e+03 1.436000000000000000e+04 2.211400000000000000e+04 4.109100000000000000e+04 8.750800000000000000e+04 1.069400000000000000e+05 1.609580000000000000e+05 3.352920000000000000e+05 3.608310000000000000e+05 6.997160000000000000e+05 1.971368000000000000e+06 3.335579000000000000e+06 6.737834000000000000e+06 1.931979100000000000e+07 2.901977800000000000e+07
