# {'chrom': '7', 'window_id': '0', 'statistic': 'H2', 'bounds': [0, 19000000], 'span': 19000000, 'n_sites': 11462139, 'coverage': 60.33, 'right_discontinuous': False, 'rows': "{0: 'Altai', 1: 'Chagyrskaya', 2: 'Denisova', 3: 'French-1', 4: 'Han-1', 5: 'Khomani_San-2', 6: 'Papuan-2', 7: 'Vindija', 8: 'Yoruba-1', 9: 'Yoruba-3'}"}
1.130000000000000000e+02 1.510000000000000000e+02 3.150000000000000000e+02 2.590000000000000000e+02 5.440000000000000000e+02 1.896000000000000000e+03 3.093000000000000000e+03 5.658000000000000000e+03 1.551900000000000000e+04 1.843000000000000000e+04 2.641800000000000000e+04 5.195800000000000000e+04 7.000200000000000000e+04 1.001450000000000000e+05 2.063240000000000000e+05 3.050870000000000000e+05 3.063680000000000000e+05 8.453130000000000000e+05 1.957923000000000000e+06
1.000000000000000000e+01 3.400000000000000000e+01 2.700000000000000000e+01 2.000000000000000000e+01 5.600000000000000000e+01 3.080000000000000000e+02 5.960000000000000000e+02 1.370000000000000000e+03 3.043000000000000000e+03 3.406000000000000000e+03 5.100000000000000000e+03 8.124000000000000000e+03 5.707000000000000000e+03 8.331000000000000000e+03 2.424000000000000000e+04 4.115600000000000000e+04 4.148700000000000000e+04 8.902800000000000000e+04 2.385860000000000000e+05
2.000000000000000000e+00 7.000000000000000000e+00 4.100000000000000000e+01 8.500000000000000000e+01 2.290000000000000000e+02 9.100000000000000000e+02 1.427000000000000000e+03 3.056000000000000000e+03 6.439000000000000000e+03 7.541000000000000000e+03 1.007400000000000000e+04 2.236800000000000000e+04 1.815900000000000000e+04 2.694400000000000000e+04 8.045600000000000000e+04 1.056190000000000000e+05 1.695200000000000000e+05 5.816620000000000000e+05 1.140209000000000000e+06
5.930000000000000000e+02 7.060000000000000000e+02 1.192000000000000000e+03 1.754000000000000000e+03 3.509000000000000000e+03 1.034900000000000000e+04 1.679600000000000000e+04 3.344000000000000000e+04 7.713100000000000000e+04 9.249000000000000000e+04 1.452740000000000000e+05 3.077340000000000000e+05 3.290150000000000000e+05 4.626070000000000000e+05 1.515309000000000000e+06 2.281992000000000000e+06 4.513327000000000000e+06 1.465546600000000000e+07 2.271400500000000000e+07
9.300000000000000000e+02 7.500000000000000000e+02 8.920000000000000000e+02 9.780000000000000000e+02 2.514000000000000000e+03 9.423000000000000000e+03 1.415300000000000000e+04 2.701700000000000000e+04 6.649000000000000000e+04 8.704300000000000000e+04 1.293920000000000000e+05 2.716960000000000000e+05 3.163310000000000000e+05 5.152470000000000000e+05 1.550430000000000000e+06 2.235369000000000000e+06 4.721150000000000000e+06 1.347099700000000000e+07 2.406393700000000000e+07
5.740000000000000000e+02 5.920000000000000000e+02 1.220000000000000000e+03 1.564000000000000000e+03 4.139000000000000000e+03 1.390700000000000000e+04 2.153300000000000000e+04 4.094700000000000000e+04 9.735900000000000000e+04 1.201570000000000000e+05 1.835320000000000000e+05 4.006930000000000000e+05 5.097610000000000000e+05 9.681240000000000000e+05 2.574373000000000000e+06 3.689967000000000000e+06 8.025095000000000000e+06 2.407372900000000000e+07 4.588506800000000000e+07
3.400000000000000000e+02 3.900000000000000000e+02 7.620000000000000000e+02 1.166000000000000000e+03 2.487000000000000000e+03 8.091000000000000000e+03 1.224100000000000000e+04 2.364500000000000000e+04 5.161900000000000000e+04 5.886300000000000000e+04 8.969500000000000000e+04 1.910440000000000000e+05 2.528260000000000000e+05 3.953590000000000000e+05 9.764340000000000000e+05 1.403549000000000000e+06 2.963431000000000000e+06 8.901689000000000000e+06 1.715122200000000000e+07
1.700000000000000000e+01 4.500000000000000000e+01 4.700000000000000000e+01 1.800000000000000000e+01 1.020000000000000000e+02 6.030000000000000000e+02 1.018000000000000000e+03 2.243000000000000000e+03 4.825000000000000000e+03 5.960000000000000000e+03 9.189000000000000000e+03 1.596300000000000000e+04 1.164100000000000000e+04 1.802400000000000000e+04 6.040600000000000000e+04 7.251700000000000000e+04 1.464310000000000000e+05 4.720400000000000000e+05 8.084900000000000000e+05
8.540000000000000000e+02 6.980000000000000000e+02 9.380000000000000000e+02 1.536000000000000000e+03 3.820000000000000000e+03 1.255200000000000000e+04 2.073200000000000000e+04 3.899300000000000000e+04 9.571200000000000000e+04 1.235360000000000000e+05 1.919000000000000000e+05 4.068320000000000000e+05 5.115480000000000000e+05 8.539600000000000000e+05 2.306150000000000000e+06 3.619856000000000000e+06 7.437154000000000000e+06 2.260617700000000000e+07 3.919461900000000000e+07
1.298000000000000000e+03 1.009000000000000000e+03 1.452000000000000000e+03 2.106000000000000000e+03 4.291000000000000000e+03 1.538600000000000000e+04 2.342400000000000000e+04 4.444600000000000000e+04 1.068300000000000000e+05 1.354400000000000000e+05 2.053600000000000000e+05 4.287660000000000000e+05 5.329990000000000000e+05 9.412730000000000000e+05 2.845002000000000000e+06 4.183488000000000000e+06 8.765403000000000000e+06 2.608254700000000000e+07 4.646573700000000000e+07
