# {'chrom': '7', 'window_id': '6', 'statistic': 'H2', 'bounds': [121000000, 140000000], 'span': 19000000, 'n_sites': 11931742, 'coverage': 62.8, 'right_discontinuous': False, 'rows': "{0: 'Altai', 1: 'Chagyrskaya', 2: 'Denisova', 3: 'French-1', 4: 'Han-1', 5: 'Khomani_San-2', 6: 'Papuan-2', 7: 'Vindija', 8: 'Yoruba-1', 9: 'Yoruba-3'}"}
1.175000000000000000e+03 2.240000000000000000e+02 2.470000000000000000e+02 3.010000000000000000e+02 4.930000000000000000e+02 1.774000000000000000e+03 2.216000000000000000e+03 3.629000000000000000e+03 8.795000000000000000e+03 8.242000000000000000e+03 6.055000000000000000e+03 1.807400000000000000e+04 1.704600000000000000e+04 4.734800000000000000e+04 1.067510000000000000e+05 1.396430000000000000e+05 2.948400000000000000e+05 5.092650000000000000e+05 1.095677000000000000e+06
7.100000000000000000e+01 6.900000000000000000e+01 3.220000000000000000e+02 3.650000000000000000e+02 5.530000000000000000e+02 9.920000000000000000e+02 1.384000000000000000e+03 2.879000000000000000e+03 5.297000000000000000e+03 3.762000000000000000e+03 4.843000000000000000e+03 1.560200000000000000e+04 1.575200000000000000e+04 1.724400000000000000e+04 7.162200000000000000e+04 1.114990000000000000e+05 1.626310000000000000e+05 2.696910000000000000e+05 4.510590000000000000e+05
2.420000000000000000e+02 1.000000000000000000e+02 1.800000000000000000e+02 2.070000000000000000e+02 3.390000000000000000e+02 1.057000000000000000e+03 1.314000000000000000e+03 2.480000000000000000e+03 4.849000000000000000e+03 5.859000000000000000e+03 7.311000000000000000e+03 1.778900000000000000e+04 2.091800000000000000e+04 3.377800000000000000e+04 9.401700000000000000e+04 1.303650000000000000e+05 2.733710000000000000e+05 5.016380000000000000e+05 1.367748000000000000e+06
8.934000000000000000e+03 1.983000000000000000e+03 3.173000000000000000e+03 3.061000000000000000e+03 4.307000000000000000e+03 1.497100000000000000e+04 1.811100000000000000e+04 3.803500000000000000e+04 7.742500000000000000e+04 8.573800000000000000e+04 1.171030000000000000e+05 2.629910000000000000e+05 3.255600000000000000e+05 5.241220000000000000e+05 1.578819000000000000e+06 2.893203000000000000e+06 4.648876000000000000e+06 1.003533100000000000e+07 1.996822100000000000e+07
1.352600000000000000e+04 1.435000000000000000e+03 1.958000000000000000e+03 1.935000000000000000e+03 2.818000000000000000e+03 1.515400000000000000e+04 1.233000000000000000e+04 3.337100000000000000e+04 7.805600000000000000e+04 7.888100000000000000e+04 9.869900000000000000e+04 1.763080000000000000e+05 2.067550000000000000e+05 3.035950000000000000e+05 1.232454000000000000e+06 2.158809000000000000e+06 3.247710000000000000e+06 5.955793000000000000e+06 1.277510500000000000e+07
9.278000000000000000e+03 2.323000000000000000e+03 3.088000000000000000e+03 3.675000000000000000e+03 5.487000000000000000e+03 1.803300000000000000e+04 2.074800000000000000e+04 4.088300000000000000e+04 1.109480000000000000e+05 1.267640000000000000e+05 1.757980000000000000e+05 3.166130000000000000e+05 4.685830000000000000e+05 8.478900000000000000e+05 2.538335000000000000e+06 4.174173000000000000e+06 6.787257000000000000e+06 1.488005300000000000e+07 3.148343900000000000e+07
7.637000000000000000e+03 1.134000000000000000e+03 1.328000000000000000e+03 1.286000000000000000e+03 1.769000000000000000e+03 9.646000000000000000e+03 7.136000000000000000e+03 1.747400000000000000e+04 5.851300000000000000e+04 5.954600000000000000e+04 6.667500000000000000e+04 1.035590000000000000e+05 1.434630000000000000e+05 1.264090000000000000e+05 4.310220000000000000e+05 1.075654000000000000e+06 1.320561000000000000e+06 1.791702000000000000e+06 2.644476000000000000e+06
9.300000000000000000e+01 5.100000000000000000e+01 2.010000000000000000e+02 2.880000000000000000e+02 4.160000000000000000e+02 8.970000000000000000e+02 1.086000000000000000e+03 2.274000000000000000e+03 5.442000000000000000e+03 5.637000000000000000e+03 8.320000000000000000e+03 1.668700000000000000e+04 1.435400000000000000e+04 3.171900000000000000e+04 6.550800000000000000e+04 1.073070000000000000e+05 1.781240000000000000e+05 3.183490000000000000e+05 7.191420000000000000e+05
1.003900000000000000e+04 2.069000000000000000e+03 2.829000000000000000e+03 2.544000000000000000e+03 3.929000000000000000e+03 1.477400000000000000e+04 1.872600000000000000e+04 3.639600000000000000e+04 9.583700000000000000e+04 1.063050000000000000e+05 1.311010000000000000e+05 2.638550000000000000e+05 3.579520000000000000e+05 6.608440000000000000e+05 2.155041000000000000e+06 3.550220000000000000e+06 6.166606000000000000e+06 1.371763900000000000e+07 2.758501600000000000e+07
6.714000000000000000e+03 2.698000000000000000e+03 3.737000000000000000e+03 3.416000000000000000e+03 5.424000000000000000e+03 1.391500000000000000e+04 2.195900000000000000e+04 4.276000000000000000e+04 8.970500000000000000e+04 1.015960000000000000e+05 1.645620000000000000e+05 3.489290000000000000e+05 4.470040000000000000e+05 8.223170000000000000e+05 2.810721000000000000e+06 4.316410000000000000e+06 6.778745000000000000e+06 1.269410900000000000e+07 3.085691300000000000e+07
