# {'chrom': '7', 'window_id': '5', 'statistic': 'H2', 'bounds': [101000000, 121000000], 'span': 20000000, 'n_sites': 12493441, 'coverage': 62.47, 'right_discontinuous': False, 'rows': "{0: 'Altai', 1: 'Chagyrskaya', 2: 'Denisova', 3: 'French-1', 4: 'Han-1', 5: 'Khomani_San-2', 6: 'Papuan-2', 7: 'Vindija', 8: 'Yoruba-1', 9: 'Yoruba-3'}"}
2.020000000000000000e+02 2.300000000000000000e+02 4.240000000000000000e+02 3.430000000000000000e+02 5.780000000000000000e+02 1.473000000000000000e+03 2.519000000000000000e+03 2.621000000000000000e+03 5.871000000000000000e+03 7.453000000000000000e+03 1.014600000000000000e+04 1.339900000000000000e+04 1.901300000000000000e+04 2.810900000000000000e+04 1.243380000000000000e+05 1.696490000000000000e+05 4.051840000000000000e+05 1.257863000000000000e+06 1.444740000000000000e+06
1.670000000000000000e+02 1.500000000000000000e+02 2.070000000000000000e+02 2.180000000000000000e+02 3.700000000000000000e+02 1.026000000000000000e+03 1.324000000000000000e+03 2.100000000000000000e+03 4.717000000000000000e+03 6.581000000000000000e+03 1.020800000000000000e+04 2.054500000000000000e+04 1.972600000000000000e+04 2.492500000000000000e+04 9.051600000000000000e+04 1.252820000000000000e+05 2.138170000000000000e+05 7.506470000000000000e+05 6.952620000000000000e+05
2.230000000000000000e+02 2.570000000000000000e+02 4.920000000000000000e+02 6.290000000000000000e+02 1.045000000000000000e+03 2.387000000000000000e+03 3.603000000000000000e+03 5.747000000000000000e+03 1.218000000000000000e+04 1.260500000000000000e+04 1.985500000000000000e+04 3.399800000000000000e+04 3.213500000000000000e+04 4.410100000000000000e+04 1.726400000000000000e+05 2.241900000000000000e+05 4.895850000000000000e+05 1.429839000000000000e+06 2.254898000000000000e+06
2.814000000000000000e+03 2.451000000000000000e+03 3.156000000000000000e+03 2.719000000000000000e+03 3.947000000000000000e+03 9.870000000000000000e+03 1.672000000000000000e+04 2.984500000000000000e+04 6.844300000000000000e+04 7.131200000000000000e+04 1.024540000000000000e+05 1.978580000000000000e+05 2.556130000000000000e+05 3.918980000000000000e+05 1.411495000000000000e+06 2.230924000000000000e+06 4.752563000000000000e+06 1.604947900000000000e+07 2.614179800000000000e+07
1.208000000000000000e+03 9.980000000000000000e+02 1.652000000000000000e+03 1.935000000000000000e+03 3.099000000000000000e+03 8.077000000000000000e+03 1.246400000000000000e+04 2.212800000000000000e+04 4.722400000000000000e+04 5.006000000000000000e+04 8.062700000000000000e+04 1.381340000000000000e+05 1.575550000000000000e+05 2.549630000000000000e+05 7.943400000000000000e+05 1.407428000000000000e+06 2.901444000000000000e+06 1.145435400000000000e+07 1.797092400000000000e+07
2.757000000000000000e+03 2.089000000000000000e+03 4.042000000000000000e+03 4.996000000000000000e+03 7.474000000000000000e+03 1.771800000000000000e+04 2.629100000000000000e+04 4.046800000000000000e+04 9.383500000000000000e+04 1.202750000000000000e+05 1.907250000000000000e+05 3.257640000000000000e+05 5.804170000000000000e+05 7.240290000000000000e+05 2.321701000000000000e+06 3.724704000000000000e+06 8.106748000000000000e+06 2.778591800000000000e+07 4.618463200000000000e+07
2.974000000000000000e+03 1.476000000000000000e+03 1.373000000000000000e+03 1.289000000000000000e+03 1.943000000000000000e+03 6.029000000000000000e+03 9.843000000000000000e+03 1.733600000000000000e+04 3.580600000000000000e+04 4.694500000000000000e+04 5.455600000000000000e+04 7.841600000000000000e+04 1.095150000000000000e+05 1.283640000000000000e+05 4.884730000000000000e+05 8.572590000000000000e+05 1.738180000000000000e+06 6.050182000000000000e+06 8.708656000000000000e+06
1.760000000000000000e+02 1.450000000000000000e+02 1.700000000000000000e+02 1.820000000000000000e+02 2.690000000000000000e+02 8.420000000000000000e+02 1.151000000000000000e+03 1.734000000000000000e+03 4.349000000000000000e+03 4.812000000000000000e+03 7.366000000000000000e+03 1.061000000000000000e+04 1.564500000000000000e+04 2.707000000000000000e+04 7.890100000000000000e+04 9.717500000000000000e+04 2.464520000000000000e+05 8.921020000000000000e+05 1.332777000000000000e+06
5.926000000000000000e+03 4.104000000000000000e+03 4.437000000000000000e+03 4.239000000000000000e+03 6.381000000000000000e+03 1.613400000000000000e+04 2.593000000000000000e+04 4.824300000000000000e+04 1.049780000000000000e+05 1.271850000000000000e+05 1.745860000000000000e+05 2.889220000000000000e+05 4.650550000000000000e+05 8.071660000000000000e+05 2.729845000000000000e+06 3.983800000000000000e+06 8.036627000000000000e+06 2.848874900000000000e+07 4.605522100000000000e+07
1.948000000000000000e+03 1.968000000000000000e+03 4.027000000000000000e+03 4.596000000000000000e+03 6.717000000000000000e+03 1.564900000000000000e+04 2.386100000000000000e+04 3.971100000000000000e+04 8.991500000000000000e+04 1.063640000000000000e+05 1.794510000000000000e+05 2.863050000000000000e+05 4.185380000000000000e+05 5.575230000000000000e+05 2.248782000000000000e+06 3.222836000000000000e+06 6.703244000000000000e+06 2.536280000000000000e+07 3.849601900000000000e+07
