# {'chrom': '7', 'window_id': '2', 'statistic': 'H2', 'bounds': [39000000, 59000000], 'span': 20000000, 'n_sites': 11037634, 'coverage': 55.19, 'right_discontinuous': True, 'rows': "{0: 'Altai', 1: 'Chagyrskaya', 2: 'Denisova', 3: 'French-1', 4: 'Han-1', 5: 'Khomani_San-2', 6: 'Papuan-2', 7: 'Vindija', 8: 'Yoruba-1', 9: 'Yoruba-3'}"}
3.820000000000000000e+02 1.890000000000000000e+02 4.710000000000000000e+02 5.910000000000000000e+02 9.910000000000000000e+02 3.343000000000000000e+03 3.711000000000000000e+03 5.716000000000000000e+03 1.007000000000000000e+04 7.504000000000000000e+03 7.372000000000000000e+03 1.859200000000000000e+04 2.992200000000000000e+04 3.845400000000000000e+04 1.028130000000000000e+05 8.763300000000000000e+04 1.910680000000000000e+05 7.059580000000000000e+05 8.787070000000000000e+05
2.100000000000000000e+01 2.700000000000000000e+01 8.500000000000000000e+01 1.090000000000000000e+02 2.530000000000000000e+02 6.420000000000000000e+02 9.870000000000000000e+02 1.668000000000000000e+03 3.209000000000000000e+03 3.616000000000000000e+03 6.165000000000000000e+03 1.231500000000000000e+04 1.285100000000000000e+04 2.015900000000000000e+04 6.101100000000000000e+04 8.959000000000000000e+04 1.808640000000000000e+05 4.674740000000000000e+05 5.086300000000000000e+05
1.060000000000000000e+02 8.200000000000000000e+01 1.460000000000000000e+02 3.240000000000000000e+02 5.290000000000000000e+02 1.138000000000000000e+03 1.962000000000000000e+03 3.043000000000000000e+03 4.931000000000000000e+03 6.511000000000000000e+03 9.038000000000000000e+03 2.072300000000000000e+04 3.419100000000000000e+04 5.203100000000000000e+04 1.278720000000000000e+05 1.812290000000000000e+05 3.235490000000000000e+05 6.809380000000000000e+05 8.288350000000000000e+05
3.073000000000000000e+03 1.229000000000000000e+03 2.497000000000000000e+03 2.999000000000000000e+03 4.900000000000000000e+03 1.442900000000000000e+04 2.011300000000000000e+04 3.561100000000000000e+04 7.174500000000000000e+04 7.351400000000000000e+04 1.068830000000000000e+05 1.929050000000000000e+05 1.989280000000000000e+05 4.716620000000000000e+05 1.217768000000000000e+06 2.150351000000000000e+06 4.102939000000000000e+06 1.086505800000000000e+07 1.278639900000000000e+07
4.440000000000000000e+03 1.836000000000000000e+03 2.923000000000000000e+03 2.972000000000000000e+03 4.080000000000000000e+03 1.079900000000000000e+04 1.895800000000000000e+04 3.191000000000000000e+04 6.681400000000000000e+04 6.937900000000000000e+04 9.821600000000000000e+04 2.059090000000000000e+05 2.334930000000000000e+05 3.774250000000000000e+05 1.464525000000000000e+06 2.119263000000000000e+06 3.867268000000000000e+06 1.056113000000000000e+07 1.176917500000000000e+07
6.540000000000000000e+03 2.796000000000000000e+03 4.079000000000000000e+03 4.116000000000000000e+03 6.832000000000000000e+03 1.972400000000000000e+04 3.143900000000000000e+04 5.154700000000000000e+04 9.278600000000000000e+04 9.912700000000000000e+04 1.508100000000000000e+05 3.523300000000000000e+05 4.436290000000000000e+05 8.220820000000000000e+05 2.642232000000000000e+06 4.019904000000000000e+06 8.193461000000000000e+06 2.271506400000000000e+07 2.621994200000000000e+07
1.982000000000000000e+03 9.670000000000000000e+02 2.093000000000000000e+03 2.378000000000000000e+03 3.873000000000000000e+03 1.076500000000000000e+04 1.660400000000000000e+04 2.657200000000000000e+04 5.362500000000000000e+04 5.459400000000000000e+04 9.481300000000000000e+04 1.722200000000000000e+05 2.119230000000000000e+05 4.161350000000000000e+05 9.996740000000000000e+05 1.359065000000000000e+06 2.720893000000000000e+06 6.528064000000000000e+06 7.378268000000000000e+06
1.530000000000000000e+02 9.000000000000000000e+01 1.110000000000000000e+02 1.130000000000000000e+02 2.180000000000000000e+02 5.050000000000000000e+02 9.410000000000000000e+02 1.591000000000000000e+03 3.023000000000000000e+03 3.405000000000000000e+03 3.419000000000000000e+03 8.664000000000000000e+03 9.947000000000000000e+03 1.154300000000000000e+04 3.480700000000000000e+04 5.004000000000000000e+04 8.199800000000000000e+04 2.293960000000000000e+05 3.615030000000000000e+05
4.032000000000000000e+03 2.114000000000000000e+03 3.502000000000000000e+03 3.694000000000000000e+03 6.037000000000000000e+03 1.600600000000000000e+04 2.538100000000000000e+04 4.060100000000000000e+04 9.124400000000000000e+04 9.665600000000000000e+04 1.488480000000000000e+05 3.492750000000000000e+05 4.539530000000000000e+05 8.423050000000000000e+05 2.702084000000000000e+06 3.926394000000000000e+06 7.527685000000000000e+06 1.979131700000000000e+07 2.322191600000000000e+07
4.188000000000000000e+03 2.363000000000000000e+03 3.769000000000000000e+03 3.401000000000000000e+03 5.602000000000000000e+03 1.530300000000000000e+04 2.337000000000000000e+04 4.148000000000000000e+04 8.026000000000000000e+04 9.452500000000000000e+04 1.273080000000000000e+05 3.020800000000000000e+05 3.605940000000000000e+05 7.082420000000000000e+05 2.256314000000000000e+06 3.471885000000000000e+06 7.028054000000000000e+06 1.758707700000000000e+07 2.167225900000000000e+07
