# {'chrom': '18', 'window_id': '1', 'statistic': 'H2', 'bounds': [18000000, 38000000], 'span': 20000000, 'n_sites': 12999098, 'coverage': 65.0, 'right_discontinuous': False, 'rows': "{0: 'Altai', 1: 'Chagyrskaya', 2: 'Denisova', 3: 'French-1', 4: 'Han-1', 5: 'Khomani_San-2', 6: 'Papuan-2', 7: 'Vindija', 8: 'Yoruba-1', 9: 'Yoruba-3'}"}
3.190000000000000000e+02 2.480000000000000000e+02 5.050000000000000000e+02 8.510000000000000000e+02 1.328000000000000000e+03 2.839000000000000000e+03 3.637000000000000000e+03 5.666000000000000000e+03 9.968000000000000000e+03 1.301000000000000000e+04 9.913000000000000000e+03 2.507000000000000000e+04 2.955700000000000000e+04 4.695900000000000000e+04 1.217440000000000000e+05 2.050860000000000000e+05 4.443230000000000000e+05 1.555423000000000000e+06 2.380016000000000000e+06
3.520000000000000000e+02 1.870000000000000000e+02 1.900000000000000000e+02 2.230000000000000000e+02 3.350000000000000000e+02 9.600000000000000000e+02 2.026000000000000000e+03 2.941000000000000000e+03 5.863000000000000000e+03 5.645000000000000000e+03 7.932000000000000000e+03 1.893300000000000000e+04 2.605100000000000000e+04 3.585600000000000000e+04 9.966800000000000000e+04 1.642330000000000000e+05 3.163710000000000000e+05 8.662160000000000000e+05 5.908540000000000000e+05
2.260000000000000000e+02 1.690000000000000000e+02 2.670000000000000000e+02 4.550000000000000000e+02 5.770000000000000000e+02 1.676000000000000000e+03 2.208000000000000000e+03 3.247000000000000000e+03 6.855000000000000000e+03 7.320000000000000000e+03 1.067800000000000000e+04 2.078400000000000000e+04 2.586000000000000000e+04 4.536600000000000000e+04 9.912100000000000000e+04 1.830590000000000000e+05 3.780790000000000000e+05 1.259229000000000000e+06 2.209427000000000000e+06
5.110000000000000000e+03 2.016000000000000000e+03 2.952000000000000000e+03 2.622000000000000000e+03 3.805000000000000000e+03 1.069200000000000000e+04 1.647300000000000000e+04 2.914300000000000000e+04 6.005600000000000000e+04 7.471000000000000000e+04 1.180580000000000000e+05 2.165900000000000000e+05 2.884220000000000000e+05 5.313540000000000000e+05 1.345694000000000000e+06 2.244833000000000000e+06 4.653039000000000000e+06 1.512273000000000000e+07 2.557202000000000000e+07
1.320000000000000000e+03 9.970000000000000000e+02 1.660000000000000000e+03 1.445000000000000000e+03 2.260000000000000000e+03 5.815000000000000000e+03 9.355000000000000000e+03 1.595000000000000000e+04 3.320900000000000000e+04 3.995500000000000000e+04 5.483400000000000000e+04 1.233340000000000000e+05 1.430130000000000000e+05 2.673680000000000000e+05 8.010230000000000000e+05 1.359651000000000000e+06 2.945476000000000000e+06 9.133767000000000000e+06 1.641818300000000000e+07
5.447000000000000000e+03 3.012000000000000000e+03 4.198000000000000000e+03 4.423000000000000000e+03 6.415000000000000000e+03 1.596000000000000000e+04 2.242100000000000000e+04 3.712200000000000000e+04 8.203900000000000000e+04 8.710300000000000000e+04 1.362120000000000000e+05 3.053370000000000000e+05 4.594910000000000000e+05 8.050810000000000000e+05 2.412447000000000000e+06 4.092925000000000000e+06 7.968070000000000000e+06 2.723654800000000000e+07 4.492283800000000000e+07
1.853000000000000000e+03 1.368000000000000000e+03 2.174000000000000000e+03 2.220000000000000000e+03 3.281000000000000000e+03 9.050000000000000000e+03 1.456300000000000000e+04 2.665700000000000000e+04 5.097700000000000000e+04 5.235600000000000000e+04 8.055300000000000000e+04 1.584060000000000000e+05 1.860210000000000000e+05 3.323510000000000000e+05 1.114107000000000000e+06 1.811129000000000000e+06 3.383728000000000000e+06 1.073221000000000000e+07 1.855979700000000000e+07
3.660000000000000000e+02 1.270000000000000000e+02 3.450000000000000000e+02 5.860000000000000000e+02 9.630000000000000000e+02 2.312000000000000000e+03 2.600000000000000000e+03 4.594000000000000000e+03 9.353000000000000000e+03 1.177900000000000000e+04 1.188400000000000000e+04 2.324700000000000000e+04 3.380900000000000000e+04 5.121700000000000000e+04 1.465970000000000000e+05 2.008560000000000000e+05 4.426340000000000000e+05 1.482099000000000000e+06 2.146390000000000000e+06
7.538000000000000000e+03 2.398000000000000000e+03 3.351000000000000000e+03 3.230000000000000000e+03 4.647000000000000000e+03 1.422800000000000000e+04 2.231600000000000000e+04 3.872900000000000000e+04 7.882400000000000000e+04 9.020100000000000000e+04 1.453170000000000000e+05 2.850450000000000000e+05 3.444410000000000000e+05 6.546000000000000000e+05 1.899600000000000000e+06 3.487836000000000000e+06 7.106963000000000000e+06 2.347387100000000000e+07 4.174912500000000000e+07
3.821000000000000000e+03 2.348000000000000000e+03 3.577000000000000000e+03 3.064000000000000000e+03 4.807000000000000000e+03 1.357600000000000000e+04 2.053400000000000000e+04 3.534500000000000000e+04 7.418400000000000000e+04 9.041600000000000000e+04 1.338340000000000000e+05 2.654040000000000000e+05 3.744300000000000000e+05 7.495620000000000000e+05 2.160148000000000000e+06 3.601112000000000000e+06 7.696823000000000000e+06 2.417083600000000000e+07 4.232061100000000000e+07
