# {'chrom': '18', 'window_id': '3', 'statistic': 'H2', 'bounds': [58000000, 79000000], 'span': 21000000, 'n_sites': 13589560, 'coverage': 64.71, 'right_discontinuous': True, 'rows': "{0: 'Altai', 1: 'Chagyrskaya', 2: 'Denisova', 3: 'French-1', 4: 'Han-1', 5: 'Khomani_San-2', 6: 'Papuan-2', 7: 'Vindija', 8: 'Yoruba-1', 9: 'Yoruba-3'}"}
2.360000000000000000e+02 9.900000000000000000e+01 1.790000000000000000e+02 1.850000000000000000e+02 3.550000000000000000e+02 1.430000000000000000e+03 2.164000000000000000e+03 4.147000000000000000e+03 8.156000000000000000e+03 1.052800000000000000e+04 1.227000000000000000e+04 1.992000000000000000e+04 1.695300000000000000e+04 3.222900000000000000e+04 8.051600000000000000e+04 1.204780000000000000e+05 2.723830000000000000e+05 7.152430000000000000e+05 1.068058000000000000e+06
3.810000000000000000e+02 3.810000000000000000e+02 3.950000000000000000e+02 3.640000000000000000e+02 6.590000000000000000e+02 1.874000000000000000e+03 2.708000000000000000e+03 4.758000000000000000e+03 9.170000000000000000e+03 1.144900000000000000e+04 1.391500000000000000e+04 2.058300000000000000e+04 1.150500000000000000e+04 1.713000000000000000e+04 5.218000000000000000e+04 6.398400000000000000e+04 1.723920000000000000e+05 3.707120000000000000e+05 6.068510000000000000e+05
3.200000000000000000e+01 5.600000000000000000e+01 2.030000000000000000e+02 3.140000000000000000e+02 5.250000000000000000e+02 1.384000000000000000e+03 1.856000000000000000e+03 3.144000000000000000e+03 6.083000000000000000e+03 6.620000000000000000e+03 8.565000000000000000e+03 1.006300000000000000e+04 1.406900000000000000e+04 3.113700000000000000e+04 7.651900000000000000e+04 1.120670000000000000e+05 1.852240000000000000e+05 5.456130000000000000e+05 9.076510000000000000e+05
3.460000000000000000e+03 1.543000000000000000e+03 2.006000000000000000e+03 2.188000000000000000e+03 3.158000000000000000e+03 9.569000000000000000e+03 1.550300000000000000e+04 2.615500000000000000e+04 6.063900000000000000e+04 7.948600000000000000e+04 1.060520000000000000e+05 2.108880000000000000e+05 1.644410000000000000e+05 3.338970000000000000e+05 9.894800000000000000e+05 1.591931000000000000e+06 2.727565000000000000e+06 6.437257000000000000e+06 7.678005000000000000e+06
2.793000000000000000e+03 2.038000000000000000e+03 3.040000000000000000e+03 2.872000000000000000e+03 4.601000000000000000e+03 1.195000000000000000e+04 1.973600000000000000e+04 3.360300000000000000e+04 7.445600000000000000e+04 9.251500000000000000e+04 1.210890000000000000e+05 2.465380000000000000e+05 2.024190000000000000e+05 4.155140000000000000e+05 1.263002000000000000e+06 1.829931000000000000e+06 3.891429000000000000e+06 1.037617200000000000e+07 1.637545600000000000e+07
3.970000000000000000e+03 2.010000000000000000e+03 4.025000000000000000e+03 4.348000000000000000e+03 6.694000000000000000e+03 1.905700000000000000e+04 2.834600000000000000e+04 5.048400000000000000e+04 1.118970000000000000e+05 1.246910000000000000e+05 1.774230000000000000e+05 3.578800000000000000e+05 3.734960000000000000e+05 7.216310000000000000e+05 1.966961000000000000e+06 3.296131000000000000e+06 6.802646000000000000e+06 1.920703400000000000e+07 3.111392200000000000e+07
2.922000000000000000e+03 1.716000000000000000e+03 2.580000000000000000e+03 2.371000000000000000e+03 4.041000000000000000e+03 1.193700000000000000e+04 1.891100000000000000e+04 3.198500000000000000e+04 7.116800000000000000e+04 7.824500000000000000e+04 1.004180000000000000e+05 2.019660000000000000e+05 1.638730000000000000e+05 4.135800000000000000e+05 8.858030000000000000e+05 1.266020000000000000e+06 2.626916000000000000e+06 7.463693000000000000e+06 1.171821400000000000e+07
2.250000000000000000e+02 1.810000000000000000e+02 2.570000000000000000e+02 3.820000000000000000e+02 7.830000000000000000e+02 2.174000000000000000e+03 3.094000000000000000e+03 5.433000000000000000e+03 1.146800000000000000e+04 1.392200000000000000e+04 1.780900000000000000e+04 3.327500000000000000e+04 1.191200000000000000e+04 4.243100000000000000e+04 7.429300000000000000e+04 1.437390000000000000e+05 2.665110000000000000e+05 4.343310000000000000e+05 9.918030000000000000e+05
3.291000000000000000e+03 1.675000000000000000e+03 3.097000000000000000e+03 3.770000000000000000e+03 5.981000000000000000e+03 1.692200000000000000e+04 2.769600000000000000e+04 4.959700000000000000e+04 1.099940000000000000e+05 1.258160000000000000e+05 1.724410000000000000e+05 3.575930000000000000e+05 3.189430000000000000e+05 7.077420000000000000e+05 2.127527000000000000e+06 3.238988000000000000e+06 6.355971000000000000e+06 1.812790900000000000e+07 2.996231300000000000e+07
4.915000000000000000e+03 2.219000000000000000e+03 3.572000000000000000e+03 3.774000000000000000e+03 6.273000000000000000e+03 1.933900000000000000e+04 2.954400000000000000e+04 5.154500000000000000e+04 1.125560000000000000e+05 1.209550000000000000e+05 1.505300000000000000e+05 3.226380000000000000e+05 2.910050000000000000e+05 6.567920000000000000e+05 1.983381000000000000e+06 2.894920000000000000e+06 5.852414000000000000e+06 1.774961400000000000e+07 2.642696600000000000e+07
