# {'chrom': '18', 'window_id': '1', 'statistic': 'H2', 'bounds': [18000000, 38000000], 'span': 20000000, 'n_sites': 12999098, 'coverage': 65.0, 'right_discontinuous': False, 'rows': "{0: 'Altai', 1: 'Chagyrskaya', 2: 'Denisova', 3: 'French-1', 4: 'Han-1', 5: 'Khomani_San-2', 6: 'Papuan-2', 7: 'Vindija', 8: 'Yoruba-1', 9: 'Yoruba-3'}"}
4.810000000000000000e+02 4.080000000000000000e+02 7.650000000000000000e+02 9.910000000000000000e+02 1.428000000000000000e+03 2.902000000000000000e+03 3.670000000000000000e+03 5.681000000000000000e+03 9.981000000000000000e+03 1.301600000000000000e+04 9.913000000000000000e+03 2.507100000000000000e+04 2.955700000000000000e+04 4.695900000000000000e+04 1.217440000000000000e+05 2.050860000000000000e+05 4.443230000000000000e+05 1.555423000000000000e+06 2.380016000000000000e+06
4.680000000000000000e+02 2.160000000000000000e+02 2.670000000000000000e+02 3.270000000000000000e+02 3.970000000000000000e+02 1.006000000000000000e+03 2.059000000000000000e+03 2.954000000000000000e+03 5.872000000000000000e+03 5.648000000000000000e+03 7.934000000000000000e+03 1.893500000000000000e+04 2.605100000000000000e+04 3.585600000000000000e+04 9.966800000000000000e+04 1.642330000000000000e+05 3.163710000000000000e+05 8.662160000000000000e+05 5.908540000000000000e+05
3.150000000000000000e+02 2.070000000000000000e+02 3.500000000000000000e+02 5.460000000000000000e+02 6.780000000000000000e+02 1.747000000000000000e+03 2.237000000000000000e+03 3.267000000000000000e+03 6.857000000000000000e+03 7.324000000000000000e+03 1.068000000000000000e+04 2.078400000000000000e+04 2.586000000000000000e+04 4.536600000000000000e+04 9.912100000000000000e+04 1.830590000000000000e+05 3.780790000000000000e+05 1.259229000000000000e+06 2.209427000000000000e+06
6.103000000000000000e+03 2.346000000000000000e+03 3.554000000000000000e+03 3.056000000000000000e+03 4.282000000000000000e+03 1.115200000000000000e+04 1.666900000000000000e+04 2.928000000000000000e+04 6.018500000000000000e+04 7.474200000000000000e+04 1.180710000000000000e+05 2.165920000000000000e+05 2.884220000000000000e+05 5.313540000000000000e+05 1.345694000000000000e+06 2.244833000000000000e+06 4.653039000000000000e+06 1.512273000000000000e+07 2.557202000000000000e+07
1.750000000000000000e+03 1.196000000000000000e+03 2.094000000000000000e+03 1.845000000000000000e+03 2.709000000000000000e+03 6.130000000000000000e+03 9.519000000000000000e+03 1.605300000000000000e+04 3.328800000000000000e+04 3.997500000000000000e+04 5.484400000000000000e+04 1.233360000000000000e+05 1.430130000000000000e+05 2.673680000000000000e+05 8.010230000000000000e+05 1.359651000000000000e+06 2.945476000000000000e+06 9.133767000000000000e+06 1.641818300000000000e+07
6.701000000000000000e+03 3.534000000000000000e+03 5.095000000000000000e+03 5.102000000000000000e+03 7.029000000000000000e+03 1.651000000000000000e+04 2.267600000000000000e+04 3.725800000000000000e+04 8.212300000000000000e+04 8.713600000000000000e+04 1.362220000000000000e+05 3.053400000000000000e+05 4.594910000000000000e+05 8.050810000000000000e+05 2.412447000000000000e+06 4.092925000000000000e+06 7.968070000000000000e+06 2.723654800000000000e+07 4.492283800000000000e+07
2.519000000000000000e+03 1.698000000000000000e+03 2.791000000000000000e+03 2.764000000000000000e+03 3.829000000000000000e+03 9.591000000000000000e+03 1.479900000000000000e+04 2.676800000000000000e+04 5.106900000000000000e+04 5.239100000000000000e+04 8.056000000000000000e+04 1.584090000000000000e+05 1.860210000000000000e+05 3.323510000000000000e+05 1.114107000000000000e+06 1.811129000000000000e+06 3.383728000000000000e+06 1.073221000000000000e+07 1.855979700000000000e+07
4.530000000000000000e+02 2.430000000000000000e+02 5.290000000000000000e+02 6.740000000000000000e+02 1.050000000000000000e+03 2.398000000000000000e+03 2.639000000000000000e+03 4.629000000000000000e+03 9.373000000000000000e+03 1.178500000000000000e+04 1.188400000000000000e+04 2.324800000000000000e+04 3.380900000000000000e+04 5.121700000000000000e+04 1.465970000000000000e+05 2.008560000000000000e+05 4.426340000000000000e+05 1.482099000000000000e+06 2.146390000000000000e+06
8.680000000000000000e+03 2.815000000000000000e+03 4.040000000000000000e+03 3.923000000000000000e+03 5.291000000000000000e+03 1.478700000000000000e+04 2.259000000000000000e+04 3.887000000000000000e+04 7.890500000000000000e+04 9.023800000000000000e+04 1.453370000000000000e+05 2.850520000000000000e+05 3.444410000000000000e+05 6.546000000000000000e+05 1.899600000000000000e+06 3.487836000000000000e+06 7.106963000000000000e+06 2.347387100000000000e+07 4.174912500000000000e+07
4.824000000000000000e+03 2.754000000000000000e+03 4.383000000000000000e+03 3.762000000000000000e+03 5.446000000000000000e+03 1.418600000000000000e+04 2.082400000000000000e+04 3.547100000000000000e+04 7.425400000000000000e+04 9.044300000000000000e+04 1.338460000000000000e+05 2.654060000000000000e+05 3.744300000000000000e+05 7.495620000000000000e+05 2.160148000000000000e+06 3.601112000000000000e+06 7.696823000000000000e+06 2.417083600000000000e+07 4.232061100000000000e+07
