# {'chrom': '18', 'window_id': '2', 'statistic': 'H2', 'bounds': [38000000, 58000000], 'span': 20000000, 'n_sites': 13627100, 'coverage': 68.14, 'right_discontinuous': False, 'rows': "{0: 'Altai', 1: 'Chagyrskaya', 2: 'Denisova', 3: 'French-1', 4: 'Han-1', 5: 'Khomani_San-2', 6: 'Papuan-2', 7: 'Vindija', 8: 'Yoruba-1', 9: 'Yoruba-3'}"}
2.310000000000000000e+02 2.140000000000000000e+02 5.160000000000000000e+02 8.500000000000000000e+02 1.172000000000000000e+03 2.681000000000000000e+03 3.075000000000000000e+03 5.793000000000000000e+03 1.135700000000000000e+04 1.419800000000000000e+04 9.778000000000000000e+03 1.250900000000000000e+04 1.818200000000000000e+04 3.232100000000000000e+04 1.099370000000000000e+05 1.592090000000000000e+05 2.804000000000000000e+05 5.538450000000000000e+05 1.166930000000000000e+06
1.990000000000000000e+02 1.590000000000000000e+02 3.100000000000000000e+02 3.030000000000000000e+02 3.540000000000000000e+02 9.160000000000000000e+02 1.181000000000000000e+03 1.939000000000000000e+03 4.111000000000000000e+03 4.719000000000000000e+03 6.428000000000000000e+03 7.279000000000000000e+03 1.294900000000000000e+04 1.230700000000000000e+04 6.483900000000000000e+04 3.991700000000000000e+04 3.672500000000000000e+04 8.790700000000000000e+04 2.221500000000000000e+05
2.110000000000000000e+02 1.510000000000000000e+02 3.730000000000000000e+02 4.600000000000000000e+02 7.150000000000000000e+02 1.189000000000000000e+03 1.840000000000000000e+03 3.128000000000000000e+03 6.156000000000000000e+03 8.441000000000000000e+03 1.264800000000000000e+04 1.990100000000000000e+04 1.903500000000000000e+04 2.371400000000000000e+04 9.040100000000000000e+04 1.225450000000000000e+05 2.542340000000000000e+05 6.749710000000000000e+05 9.970400000000000000e+05
3.949000000000000000e+03 2.829000000000000000e+03 4.067000000000000000e+03 3.394000000000000000e+03 4.441000000000000000e+03 1.107300000000000000e+04 1.974300000000000000e+04 3.097700000000000000e+04 6.798000000000000000e+04 7.993300000000000000e+04 1.332540000000000000e+05 2.403930000000000000e+05 2.850690000000000000e+05 5.500680000000000000e+05 1.618376000000000000e+06 2.545308000000000000e+06 3.854528000000000000e+06 1.206042800000000000e+07 2.279615400000000000e+07
9.969000000000000000e+03 2.783000000000000000e+03 3.247000000000000000e+03 2.908000000000000000e+03 4.385000000000000000e+03 1.492200000000000000e+04 2.003700000000000000e+04 3.205600000000000000e+04 6.387900000000000000e+04 8.098600000000000000e+04 1.178490000000000000e+05 2.093840000000000000e+05 2.716560000000000000e+05 4.267550000000000000e+05 1.224229000000000000e+06 2.268640000000000000e+06 3.876829000000000000e+06 9.917911000000000000e+06 1.890756500000000000e+07
4.113000000000000000e+03 2.513000000000000000e+03 4.346000000000000000e+03 4.950000000000000000e+03 6.738000000000000000e+03 1.580800000000000000e+04 2.430500000000000000e+04 3.954700000000000000e+04 8.577800000000000000e+04 9.838400000000000000e+04 1.608960000000000000e+05 3.733670000000000000e+05 5.057870000000000000e+05 9.055870000000000000e+05 2.470722000000000000e+06 4.337974000000000000e+06 7.388197000000000000e+06 2.005739300000000000e+07 3.836140300000000000e+07
3.422000000000000000e+03 1.409000000000000000e+03 2.413000000000000000e+03 2.424000000000000000e+03 3.587000000000000000e+03 8.197000000000000000e+03 1.446100000000000000e+04 2.430400000000000000e+04 4.681200000000000000e+04 5.779000000000000000e+04 7.557700000000000000e+04 1.599350000000000000e+05 2.085800000000000000e+05 3.550460000000000000e+05 8.602370000000000000e+05 1.590727000000000000e+06 2.452422000000000000e+06 7.685922000000000000e+06 1.508408200000000000e+07
2.310000000000000000e+02 1.890000000000000000e+02 3.050000000000000000e+02 3.360000000000000000e+02 4.090000000000000000e+02 6.820000000000000000e+02 1.130000000000000000e+03 1.647000000000000000e+03 3.273000000000000000e+03 4.072000000000000000e+03 6.706000000000000000e+03 8.496000000000000000e+03 1.310700000000000000e+04 2.315100000000000000e+04 6.286100000000000000e+04 8.690000000000000000e+04 1.223190000000000000e+05 1.804760000000000000e+05 4.394620000000000000e+05
4.702000000000000000e+03 3.082000000000000000e+03 5.397000000000000000e+03 5.865000000000000000e+03 8.150000000000000000e+03 1.883100000000000000e+04 2.951100000000000000e+04 4.750400000000000000e+04 1.040940000000000000e+05 1.207820000000000000e+05 1.821780000000000000e+05 3.604190000000000000e+05 4.253970000000000000e+05 9.327590000000000000e+05 2.715569000000000000e+06 4.511100000000000000e+06 7.975393000000000000e+06 2.255641700000000000e+07 4.063270100000000000e+07
4.102000000000000000e+03 2.303000000000000000e+03 4.266000000000000000e+03 4.608000000000000000e+03 6.309000000000000000e+03 1.531900000000000000e+04 2.563300000000000000e+04 3.969200000000000000e+04 8.500700000000000000e+04 9.304400000000000000e+04 1.526070000000000000e+05 3.054600000000000000e+05 4.290260000000000000e+05 8.085840000000000000e+05 2.345004000000000000e+06 3.883635000000000000e+06 6.913146000000000000e+06 1.973024400000000000e+07 3.680494200000000000e+07
