# {'chrom': '18', 'window_id': '3', 'statistic': 'H2', 'bounds': [58000000, 79000000], 'span': 21000000, 'n_sites': 13589560, 'coverage': 64.71, 'right_discontinuous': True, 'rows': "{0: 'Altai', 1: 'Chagyrskaya', 2: 'Denisova', 3: 'French-1', 4: 'Han-1', 5: 'Khomani_San-2', 6: 'Papuan-2', 7: 'Vindija', 8: 'Yoruba-1', 9: 'Yoruba-3'}"}
3.800000000000000000e+02 1.410000000000000000e+02 3.150000000000000000e+02 3.620000000000000000e+02 6.220000000000000000e+02 1.824000000000000000e+03 2.333000000000000000e+03 4.250000000000000000e+03 8.200000000000000000e+03 1.054300000000000000e+04 1.227400000000000000e+04 1.992300000000000000e+04 1.695300000000000000e+04 3.222900000000000000e+04 8.051600000000000000e+04 1.204780000000000000e+05 2.723830000000000000e+05 7.152430000000000000e+05 1.068058000000000000e+06
6.290000000000000000e+02 4.480000000000000000e+02 5.590000000000000000e+02 5.010000000000000000e+02 8.110000000000000000e+02 2.021000000000000000e+03 2.781000000000000000e+03 4.799000000000000000e+03 9.203000000000000000e+03 1.146800000000000000e+04 1.392300000000000000e+04 2.058600000000000000e+04 1.150500000000000000e+04 1.713000000000000000e+04 5.218000000000000000e+04 6.398400000000000000e+04 1.723920000000000000e+05 3.707120000000000000e+05 6.068510000000000000e+05
9.500000000000000000e+01 1.060000000000000000e+02 3.480000000000000000e+02 4.720000000000000000e+02 6.740000000000000000e+02 1.502000000000000000e+03 1.917000000000000000e+03 3.173000000000000000e+03 6.103000000000000000e+03 6.628000000000000000e+03 8.572000000000000000e+03 1.006600000000000000e+04 1.406900000000000000e+04 3.113700000000000000e+04 7.651900000000000000e+04 1.120670000000000000e+05 1.852240000000000000e+05 5.456130000000000000e+05 9.076510000000000000e+05
4.517000000000000000e+03 1.880000000000000000e+03 2.705000000000000000e+03 2.810000000000000000e+03 3.814000000000000000e+03 1.032800000000000000e+04 1.584100000000000000e+04 2.632500000000000000e+04 6.073600000000000000e+04 7.952200000000000000e+04 1.060710000000000000e+05 2.108950000000000000e+05 1.644410000000000000e+05 3.338970000000000000e+05 9.894800000000000000e+05 1.591931000000000000e+06 2.727565000000000000e+06 6.437257000000000000e+06 7.678005000000000000e+06
4.136000000000000000e+03 2.493000000000000000e+03 3.984000000000000000e+03 3.839000000000000000e+03 5.554000000000000000e+03 1.309200000000000000e+04 2.037400000000000000e+04 3.396100000000000000e+04 7.467200000000000000e+04 9.260600000000000000e+04 1.211250000000000000e+05 2.465430000000000000e+05 2.024190000000000000e+05 4.155140000000000000e+05 1.263002000000000000e+06 1.829931000000000000e+06 3.891429000000000000e+06 1.037617200000000000e+07 1.637545600000000000e+07
5.450000000000000000e+03 2.670000000000000000e+03 5.470000000000000000e+03 5.813000000000000000e+03 8.252000000000000000e+03 2.089000000000000000e+04 2.911500000000000000e+04 5.092100000000000000e+04 1.122900000000000000e+05 1.248270000000000000e+05 1.775100000000000000e+05 3.579010000000000000e+05 3.734960000000000000e+05 7.216310000000000000e+05 1.966961000000000000e+06 3.296131000000000000e+06 6.802646000000000000e+06 1.920703400000000000e+07 3.111392200000000000e+07
4.029000000000000000e+03 2.118000000000000000e+03 3.461000000000000000e+03 3.274000000000000000e+03 5.098000000000000000e+03 1.327400000000000000e+04 1.950500000000000000e+04 3.226700000000000000e+04 7.131700000000000000e+04 7.833800000000000000e+04 1.004710000000000000e+05 2.019780000000000000e+05 1.638730000000000000e+05 4.135800000000000000e+05 8.858030000000000000e+05 1.266020000000000000e+06 2.626916000000000000e+06 7.463693000000000000e+06 1.171821400000000000e+07
3.160000000000000000e+02 2.510000000000000000e+02 4.450000000000000000e+02 5.200000000000000000e+02 9.590000000000000000e+02 2.313000000000000000e+03 3.160000000000000000e+03 5.468000000000000000e+03 1.148600000000000000e+04 1.393000000000000000e+04 1.781400000000000000e+04 3.327600000000000000e+04 1.191200000000000000e+04 4.243100000000000000e+04 7.429300000000000000e+04 1.437390000000000000e+05 2.665110000000000000e+05 4.343310000000000000e+05 9.918030000000000000e+05
4.782000000000000000e+03 2.400000000000000000e+03 4.498000000000000000e+03 5.194000000000000000e+03 7.479000000000000000e+03 1.874400000000000000e+04 2.856900000000000000e+04 5.012400000000000000e+04 1.104100000000000000e+05 1.259640000000000000e+05 1.724970000000000000e+05 3.576190000000000000e+05 3.189430000000000000e+05 7.077420000000000000e+05 2.127527000000000000e+06 3.238988000000000000e+06 6.355971000000000000e+06 1.812790900000000000e+07 2.996231300000000000e+07
6.602000000000000000e+03 2.920000000000000000e+03 4.895000000000000000e+03 5.085000000000000000e+03 7.683000000000000000e+03 2.106400000000000000e+04 3.034100000000000000e+04 5.194300000000000000e+04 1.128350000000000000e+05 1.210760000000000000e+05 1.505890000000000000e+05 3.226560000000000000e+05 2.910050000000000000e+05 6.567920000000000000e+05 1.983381000000000000e+06 2.894920000000000000e+06 5.852414000000000000e+06 1.774961400000000000e+07 2.642696600000000000e+07
