# {'chrom': '19', 'window_id': '0', 'statistic': 'H2', 'bounds': [0, 25000000], 'span': 25000000, 'n_sites': 9206011, 'coverage': 36.82, 'right_discontinuous': True, 'rows': "{0: 'Altai', 1: 'Chagyrskaya', 2: 'Denisova', 3: 'French-1', 4: 'Han-1', 5: 'Khomani_San-2', 6: 'Papuan-2', 7: 'Vindija', 8: 'Yoruba-1', 9: 'Yoruba-3'}"}
2.420000000000000000e+02 1.310000000000000000e+02 2.510000000000000000e+02 1.920000000000000000e+02 2.310000000000000000e+02 6.840000000000000000e+02 1.288000000000000000e+03 1.649000000000000000e+03 4.217000000000000000e+03 5.317000000000000000e+03 8.897000000000000000e+03 8.978000000000000000e+03 1.162300000000000000e+04 1.028400000000000000e+04 2.574400000000000000e+04 3.138700000000000000e+04 7.736100000000000000e+04 2.089290000000000000e+05 4.157410000000000000e+05
8.200000000000000000e+01 5.800000000000000000e+01 1.300000000000000000e+02 1.210000000000000000e+02 1.330000000000000000e+02 2.280000000000000000e+02 5.570000000000000000e+02 6.400000000000000000e+02 1.191000000000000000e+03 1.123000000000000000e+03 1.274000000000000000e+03 2.336000000000000000e+03 3.029000000000000000e+03 4.384000000000000000e+03 8.467000000000000000e+03 1.277000000000000000e+04 1.971300000000000000e+04 2.756200000000000000e+04 7.750800000000000000e+04
2.700000000000000000e+01 1.900000000000000000e+01 4.200000000000000000e+01 9.200000000000000000e+01 1.940000000000000000e+02 4.560000000000000000e+02 6.360000000000000000e+02 1.025000000000000000e+03 2.297000000000000000e+03 2.364000000000000000e+03 2.740000000000000000e+03 4.748000000000000000e+03 4.363000000000000000e+03 8.689000000000000000e+03 1.932500000000000000e+04 3.178600000000000000e+04 5.991000000000000000e+04 1.836360000000000000e+05 3.154960000000000000e+05
5.600000000000000000e+01 5.500000000000000000e+01 2.030000000000000000e+02 3.950000000000000000e+02 6.330000000000000000e+02 1.623000000000000000e+03 2.069000000000000000e+03 4.025000000000000000e+03 8.892000000000000000e+03 1.063600000000000000e+04 1.264600000000000000e+04 2.186100000000000000e+04 1.866700000000000000e+04 4.178900000000000000e+04 1.066550000000000000e+05 1.563990000000000000e+05 3.391290000000000000e+05 8.997740000000000000e+05 1.292760000000000000e+06
2.640000000000000000e+02 2.960000000000000000e+02 7.860000000000000000e+02 1.041000000000000000e+03 1.682000000000000000e+03 4.170000000000000000e+03 6.032000000000000000e+03 9.822000000000000000e+03 2.122800000000000000e+04 2.656600000000000000e+04 3.408200000000000000e+04 5.404800000000000000e+04 4.761300000000000000e+04 9.807800000000000000e+04 2.851200000000000000e+05 4.470990000000000000e+05 9.160270000000000000e+05 2.629990000000000000e+06 4.300566000000000000e+06
1.346000000000000000e+03 1.030000000000000000e+03 1.603000000000000000e+03 1.913000000000000000e+03 3.293000000000000000e+03 7.938000000000000000e+03 1.215800000000000000e+04 1.892100000000000000e+04 4.013200000000000000e+04 4.362000000000000000e+04 6.793000000000000000e+04 1.184780000000000000e+05 1.426930000000000000e+05 2.551100000000000000e+05 7.334690000000000000e+05 1.089699000000000000e+06 2.354513000000000000e+06 6.582247000000000000e+06 1.106694000000000000e+07
7.350000000000000000e+02 4.770000000000000000e+02 7.720000000000000000e+02 7.890000000000000000e+02 1.399000000000000000e+03 3.834000000000000000e+03 5.518000000000000000e+03 8.822000000000000000e+03 1.923900000000000000e+04 2.077700000000000000e+04 3.300800000000000000e+04 4.611800000000000000e+04 5.797500000000000000e+04 6.112400000000000000e+04 2.088110000000000000e+05 2.523500000000000000e+05 6.062590000000000000e+05 1.817211000000000000e+06 2.890129000000000000e+06
4.800000000000000000e+01 4.000000000000000000e+01 8.100000000000000000e+01 1.110000000000000000e+02 2.180000000000000000e+02 4.450000000000000000e+02 5.960000000000000000e+02 1.080000000000000000e+03 2.076000000000000000e+03 2.005000000000000000e+03 3.180000000000000000e+03 4.757000000000000000e+03 3.326000000000000000e+03 6.539000000000000000e+03 1.309200000000000000e+04 2.931800000000000000e+04 5.415400000000000000e+04 1.409210000000000000e+05 2.532540000000000000e+05
1.271000000000000000e+03 8.750000000000000000e+02 1.676000000000000000e+03 1.971000000000000000e+03 3.056000000000000000e+03 7.487000000000000000e+03 1.118200000000000000e+04 1.770800000000000000e+04 4.010900000000000000e+04 4.759000000000000000e+04 6.897900000000000000e+04 1.271780000000000000e+05 1.497380000000000000e+05 2.030090000000000000e+05 5.612640000000000000e+05 9.316530000000000000e+05 1.819039000000000000e+06 5.485030000000000000e+06 9.221255000000000000e+06
1.330000000000000000e+03 8.210000000000000000e+02 1.296000000000000000e+03 1.475000000000000000e+03 2.336000000000000000e+03 6.212000000000000000e+03 9.130000000000000000e+03 1.530700000000000000e+04 3.445100000000000000e+04 3.746100000000000000e+04 4.955700000000000000e+04 8.752900000000000000e+04 1.062820000000000000e+05 2.031350000000000000e+05 5.677820000000000000e+05 8.427640000000000000e+05 1.818029000000000000e+06 5.009462000000000000e+06 8.566309000000000000e+06
