# {'chrom': '19', 'window_id': '1', 'statistic': 'H2', 'bounds': [27000000, 43000000], 'span': 16000000, 'n_sites': 8029069, 'coverage': 50.18, 'right_discontinuous': False, 'rows': "{0: 'Altai', 1: 'Chagyrskaya', 2: 'Denisova', 3: 'French-1', 4: 'Han-1', 5: 'Khomani_San-2', 6: 'Papuan-2', 7: 'Vindija', 8: 'Yoruba-1', 9: 'Yoruba-3'}"}
5.000000000000000000e+00 2.200000000000000000e+01 6.400000000000000000e+01 1.050000000000000000e+02 2.080000000000000000e+02 4.860000000000000000e+02 6.890000000000000000e+02 1.033000000000000000e+03 1.940000000000000000e+03 2.245000000000000000e+03 3.767000000000000000e+03 7.367000000000000000e+03 3.728000000000000000e+03 3.295000000000000000e+03 8.347000000000000000e+03 1.706400000000000000e+04 3.452400000000000000e+04 9.772900000000000000e+04 6.731100000000000000e+04
1.080000000000000000e+02 1.130000000000000000e+02 2.160000000000000000e+02 2.750000000000000000e+02 4.450000000000000000e+02 1.006000000000000000e+03 1.660000000000000000e+03 1.873000000000000000e+03 4.093000000000000000e+03 3.988000000000000000e+03 4.802000000000000000e+03 7.759000000000000000e+03 1.278400000000000000e+04 1.686900000000000000e+04 4.189800000000000000e+04 5.231800000000000000e+04 1.073870000000000000e+05 3.190650000000000000e+05 4.639680000000000000e+05
2.340000000000000000e+02 1.280000000000000000e+02 1.440000000000000000e+02 1.040000000000000000e+02 2.600000000000000000e+02 4.770000000000000000e+02 6.400000000000000000e+02 8.470000000000000000e+02 2.900000000000000000e+03 1.541000000000000000e+03 2.259000000000000000e+03 4.619000000000000000e+03 5.921000000000000000e+03 1.169900000000000000e+04 3.134500000000000000e+04 4.027300000000000000e+04 9.042900000000000000e+04 2.194050000000000000e+05 3.417350000000000000e+05
0.000000000000000000e+00 0.000000000000000000e+00 0.000000000000000000e+00 0.000000000000000000e+00 0.000000000000000000e+00 2.000000000000000000e+00 1.000000000000000000e+00 0.000000000000000000e+00 0.000000000000000000e+00 2.000000000000000000e+00 0.000000000000000000e+00 5.000000000000000000e+00 6.000000000000000000e+00 1.000000000000000000e+00 1.300000000000000000e+01 1.120000000000000000e+02 1.694000000000000000e+03 4.023000000000000000e+03 1.693100000000000000e+04
5.636000000000000000e+03 1.261000000000000000e+03 2.060000000000000000e+03 1.956000000000000000e+03 3.086000000000000000e+03 9.452000000000000000e+03 1.244000000000000000e+04 2.016200000000000000e+04 3.663600000000000000e+04 4.471300000000000000e+04 5.969400000000000000e+04 9.577700000000000000e+04 7.551400000000000000e+04 2.085920000000000000e+05 6.531870000000000000e+05 1.012724000000000000e+06 1.659711000000000000e+06 4.671812000000000000e+06 6.692055000000000000e+06
2.268000000000000000e+03 1.609000000000000000e+03 3.144000000000000000e+03 3.613000000000000000e+03 6.169000000000000000e+03 1.414800000000000000e+04 1.851900000000000000e+04 2.745400000000000000e+04 5.721700000000000000e+04 7.118200000000000000e+04 9.122900000000000000e+04 1.811510000000000000e+05 2.240210000000000000e+05 4.573020000000000000e+05 1.552234000000000000e+06 2.101378000000000000e+06 3.483237000000000000e+06 1.044941400000000000e+07 1.542817900000000000e+07
1.505000000000000000e+03 1.098000000000000000e+03 1.864000000000000000e+03 1.825000000000000000e+03 2.976000000000000000e+03 7.322000000000000000e+03 1.063800000000000000e+04 1.536500000000000000e+04 3.410200000000000000e+04 4.331700000000000000e+04 6.252900000000000000e+04 1.181680000000000000e+05 1.327440000000000000e+05 1.637900000000000000e+05 4.449820000000000000e+05 7.019470000000000000e+05 1.255717000000000000e+06 3.419928000000000000e+06 5.882247000000000000e+06
9.100000000000000000e+01 1.550000000000000000e+02 4.820000000000000000e+02 4.290000000000000000e+02 8.860000000000000000e+02 9.760000000000000000e+02 1.233000000000000000e+03 1.442000000000000000e+03 3.726000000000000000e+03 5.295000000000000000e+03 5.708000000000000000e+03 9.311000000000000000e+03 6.629000000000000000e+03 1.123000000000000000e+04 2.588300000000000000e+04 3.759000000000000000e+04 1.216260000000000000e+05 2.873070000000000000e+05 4.442660000000000000e+05
1.596000000000000000e+03 1.119000000000000000e+03 2.347000000000000000e+03 2.673000000000000000e+03 4.238000000000000000e+03 7.972000000000000000e+03 1.209200000000000000e+04 1.902100000000000000e+04 3.940700000000000000e+04 4.529700000000000000e+04 7.149400000000000000e+04 1.243230000000000000e+05 1.518160000000000000e+05 2.986230000000000000e+05 9.354610000000000000e+05 1.364946000000000000e+06 2.520237000000000000e+06 7.556534000000000000e+06 1.157949800000000000e+07
6.214000000000000000e+03 1.839000000000000000e+03 3.041000000000000000e+03 2.870000000000000000e+03 4.519000000000000000e+03 1.137200000000000000e+04 1.804300000000000000e+04 2.424500000000000000e+04 4.817900000000000000e+04 6.198300000000000000e+04 7.527500000000000000e+04 1.470660000000000000e+05 1.652840000000000000e+05 3.521280000000000000e+05 1.133054000000000000e+06 1.756084000000000000e+06 2.790337000000000000e+06 8.495299000000000000e+06 1.216573200000000000e+07
