# {'chrom': '1', 'window_id': '9', 'statistic': 'H2', 'bounds': [207000000, 228000000], 'span': 21000000, 'n_sites': 13390397, 'coverage': 63.76, 'right_discontinuous': False, 'rows': "{0: 'Altai', 1: 'Chagyrskaya', 2: 'Denisova', 3: 'French-1', 4: 'Han-1', 5: 'Khomani_San-2', 6: 'Papuan-2', 7: 'Vindija', 8: 'Yoruba-1', 9: 'Yoruba-3'}"}
4.630000000000000000e+02 4.350000000000000000e+02 5.800000000000000000e+02 3.020000000000000000e+02 4.800000000000000000e+02 1.505000000000000000e+03 2.301000000000000000e+03 5.550000000000000000e+03 8.676000000000000000e+03 8.566000000000000000e+03 1.414700000000000000e+04 2.865900000000000000e+04 1.537400000000000000e+04 2.433900000000000000e+04 6.939100000000000000e+04 1.150430000000000000e+05 2.701370000000000000e+05 6.972450000000000000e+05 1.118140000000000000e+06
6.200000000000000000e+01 7.900000000000000000e+01 1.970000000000000000e+02 2.120000000000000000e+02 3.230000000000000000e+02 6.910000000000000000e+02 1.608000000000000000e+03 2.470000000000000000e+03 5.121000000000000000e+03 5.347000000000000000e+03 6.369000000000000000e+03 1.100400000000000000e+04 1.479600000000000000e+04 2.569600000000000000e+04 6.036800000000000000e+04 9.334500000000000000e+04 1.940860000000000000e+05 5.137060000000000000e+05 8.343420000000000000e+05
9.300000000000000000e+01 6.800000000000000000e+01 1.530000000000000000e+02 1.990000000000000000e+02 3.080000000000000000e+02 9.490000000000000000e+02 1.478000000000000000e+03 2.589000000000000000e+03 5.698000000000000000e+03 6.278000000000000000e+03 6.598000000000000000e+03 1.199500000000000000e+04 1.514000000000000000e+04 2.587600000000000000e+04 7.936400000000000000e+04 1.304120000000000000e+05 2.676660000000000000e+05 8.709750000000000000e+05 1.639686000000000000e+06
3.785000000000000000e+03 2.569000000000000000e+03 3.421000000000000000e+03 2.710000000000000000e+03 3.572000000000000000e+03 1.018100000000000000e+04 1.595000000000000000e+04 3.212800000000000000e+04 6.896400000000000000e+04 7.716500000000000000e+04 1.198160000000000000e+05 2.098480000000000000e+05 2.429410000000000000e+05 4.886850000000000000e+05 1.297360000000000000e+06 2.197812000000000000e+06 4.117303000000000000e+06 1.369854700000000000e+07 2.203646400000000000e+07
3.013000000000000000e+03 1.894000000000000000e+03 2.491000000000000000e+03 2.331000000000000000e+03 3.328000000000000000e+03 9.802000000000000000e+03 1.432100000000000000e+04 2.784600000000000000e+04 6.315400000000000000e+04 7.119700000000000000e+04 1.178980000000000000e+05 2.253220000000000000e+05 2.375450000000000000e+05 3.843610000000000000e+05 1.303286000000000000e+06 1.923641000000000000e+06 3.878869000000000000e+06 1.199288900000000000e+07 2.134171800000000000e+07
1.482000000000000000e+03 1.269000000000000000e+03 2.270000000000000000e+03 2.874000000000000000e+03 4.355000000000000000e+03 1.170600000000000000e+04 1.820400000000000000e+04 2.958800000000000000e+04 6.924900000000000000e+04 8.392700000000000000e+04 1.181020000000000000e+05 2.402150000000000000e+05 3.449550000000000000e+05 5.815890000000000000e+05 1.984618000000000000e+06 3.304749000000000000e+06 6.586348000000000000e+06 2.029648700000000000e+07 3.386756600000000000e+07
9.500000000000000000e+02 6.470000000000000000e+02 1.464000000000000000e+03 1.690000000000000000e+03 2.800000000000000000e+03 6.574000000000000000e+03 9.565000000000000000e+03 1.728100000000000000e+04 3.869800000000000000e+04 4.367200000000000000e+04 6.132500000000000000e+04 1.240600000000000000e+05 1.272960000000000000e+05 2.144850000000000000e+05 7.541690000000000000e+05 1.156297000000000000e+06 2.134220000000000000e+06 7.139909000000000000e+06 1.261453500000000000e+07
4.400000000000000000e+01 2.700000000000000000e+01 7.100000000000000000e+01 1.110000000000000000e+02 1.520000000000000000e+02 5.310000000000000000e+02 8.910000000000000000e+02 1.383000000000000000e+03 3.433000000000000000e+03 3.543000000000000000e+03 5.033000000000000000e+03 8.779000000000000000e+03 1.054600000000000000e+04 2.292200000000000000e+04 5.361000000000000000e+04 9.396000000000000000e+04 1.738160000000000000e+05 4.902310000000000000e+05 9.664040000000000000e+05
3.753000000000000000e+03 2.680000000000000000e+03 4.054000000000000000e+03 3.296000000000000000e+03 4.709000000000000000e+03 1.291300000000000000e+04 1.948400000000000000e+04 3.673100000000000000e+04 7.535100000000000000e+04 8.997200000000000000e+04 1.364440000000000000e+05 3.059830000000000000e+05 3.692050000000000000e+05 6.161150000000000000e+05 1.865228000000000000e+06 3.174356000000000000e+06 6.002094000000000000e+06 1.987389200000000000e+07 3.551094600000000000e+07
4.765000000000000000e+03 3.432000000000000000e+03 4.579000000000000000e+03 3.419000000000000000e+03 4.943000000000000000e+03 1.430400000000000000e+04 2.189300000000000000e+04 4.234900000000000000e+04 8.523700000000000000e+04 1.006480000000000000e+05 1.614170000000000000e+05 3.581500000000000000e+05 3.869920000000000000e+05 7.097410000000000000e+05 2.361882000000000000e+06 3.686496000000000000e+06 7.418197000000000000e+06 2.407432000000000000e+07 4.143135000000000000e+07
