# {'chrom': '1', 'window_id': '6', 'statistic': 'H2', 'bounds': [144000000, 165000000], 'span': 21000000, 'n_sites': 9493276, 'coverage': 45.21, 'right_discontinuous': False, 'rows': "{0: 'Altai', 1: 'Chagyrskaya', 2: 'Denisova', 3: 'French-1', 4: 'Han-1', 5: 'Khomani_San-2', 6: 'Papuan-2', 7: 'Vindija', 8: 'Yoruba-1', 9: 'Yoruba-3'}"}
2.290000000000000000e+02 1.390000000000000000e+02 3.070000000000000000e+02 2.630000000000000000e+02 3.670000000000000000e+02 8.650000000000000000e+02 1.399000000000000000e+03 1.879000000000000000e+03 4.535000000000000000e+03 3.939000000000000000e+03 5.805000000000000000e+03 9.108000000000000000e+03 7.988000000000000000e+03 1.378800000000000000e+04 5.041000000000000000e+04 4.125000000000000000e+04 7.473100000000000000e+04 3.137700000000000000e+05 5.195720000000000000e+05
2.080000000000000000e+02 1.280000000000000000e+02 3.270000000000000000e+02 3.510000000000000000e+02 6.790000000000000000e+02 2.047000000000000000e+03 2.205000000000000000e+03 4.147000000000000000e+03 6.889000000000000000e+03 7.073000000000000000e+03 1.261100000000000000e+04 1.515100000000000000e+04 1.355600000000000000e+04 2.106500000000000000e+04 6.996700000000000000e+04 6.346100000000000000e+04 1.399130000000000000e+05 3.995630000000000000e+05 8.169320000000000000e+05
1.130000000000000000e+02 1.010000000000000000e+02 1.520000000000000000e+02 1.420000000000000000e+02 2.480000000000000000e+02 6.140000000000000000e+02 8.460000000000000000e+02 1.307000000000000000e+03 2.878000000000000000e+03 3.145000000000000000e+03 4.346000000000000000e+03 6.700000000000000000e+03 9.400000000000000000e+03 1.658800000000000000e+04 4.312700000000000000e+04 6.273100000000000000e+04 1.434590000000000000e+05 3.579760000000000000e+05 7.569900000000000000e+05
3.237000000000000000e+03 1.326000000000000000e+03 1.742000000000000000e+03 1.449000000000000000e+03 1.932000000000000000e+03 5.784000000000000000e+03 9.729000000000000000e+03 1.517300000000000000e+04 2.421800000000000000e+04 3.315600000000000000e+04 4.249600000000000000e+04 9.514700000000000000e+04 9.266500000000000000e+04 1.572080000000000000e+05 3.937110000000000000e+05 5.673280000000000000e+05 1.195061000000000000e+06 3.785632000000000000e+06 8.032829000000000000e+06
3.633000000000000000e+03 1.095000000000000000e+03 1.499000000000000000e+03 1.558000000000000000e+03 2.250000000000000000e+03 6.984000000000000000e+03 1.262800000000000000e+04 1.744200000000000000e+04 3.146300000000000000e+04 3.550700000000000000e+04 4.696200000000000000e+04 8.444000000000000000e+04 1.191050000000000000e+05 1.957490000000000000e+05 4.738070000000000000e+05 7.224240000000000000e+05 1.759670000000000000e+06 4.958543000000000000e+06 9.747651000000000000e+06
2.477000000000000000e+03 1.648000000000000000e+03 2.464000000000000000e+03 2.805000000000000000e+03 4.099000000000000000e+03 1.094900000000000000e+04 1.749100000000000000e+04 2.546300000000000000e+04 4.236800000000000000e+04 4.869500000000000000e+04 7.734100000000000000e+04 1.687100000000000000e+05 2.292680000000000000e+05 3.001670000000000000e+05 8.540780000000000000e+05 1.433016000000000000e+06 3.016934000000000000e+06 9.393454000000000000e+06 1.891893000000000000e+07
1.557000000000000000e+03 9.290000000000000000e+02 1.209000000000000000e+03 1.111000000000000000e+03 1.944000000000000000e+03 5.197000000000000000e+03 7.005000000000000000e+03 1.411900000000000000e+04 2.978700000000000000e+04 3.330000000000000000e+04 4.651200000000000000e+04 8.524600000000000000e+04 9.199500000000000000e+04 1.534400000000000000e+05 4.101120000000000000e+05 4.856700000000000000e+05 8.474210000000000000e+05 3.198298000000000000e+06 6.688036000000000000e+06
1.120000000000000000e+02 1.400000000000000000e+01 4.400000000000000000e+01 9.600000000000000000e+01 2.160000000000000000e+02 8.790000000000000000e+02 1.201000000000000000e+03 1.892000000000000000e+03 4.224000000000000000e+03 3.819000000000000000e+03 5.465000000000000000e+03 1.110000000000000000e+04 1.068000000000000000e+04 1.975100000000000000e+04 3.401400000000000000e+04 4.606600000000000000e+04 1.071090000000000000e+05 3.815040000000000000e+05 6.351270000000000000e+05
4.001000000000000000e+03 1.628000000000000000e+03 2.538000000000000000e+03 2.475000000000000000e+03 3.956000000000000000e+03 1.150600000000000000e+04 1.916600000000000000e+04 2.745100000000000000e+04 5.310100000000000000e+04 6.038600000000000000e+04 9.092400000000000000e+04 1.677950000000000000e+05 2.573200000000000000e+05 4.105700000000000000e+05 1.184545000000000000e+06 1.687807000000000000e+06 3.334661000000000000e+06 1.047536500000000000e+07 2.081714400000000000e+07
3.317000000000000000e+03 1.413000000000000000e+03 2.278000000000000000e+03 2.545000000000000000e+03 3.266000000000000000e+03 9.301000000000000000e+03 1.607800000000000000e+04 2.296400000000000000e+04 4.296000000000000000e+04 5.088900000000000000e+04 7.797700000000000000e+04 1.843370000000000000e+05 2.777320000000000000e+05 3.561860000000000000e+05 9.919330000000000000e+05 1.613642000000000000e+06 2.778784000000000000e+06 8.375028000000000000e+06 1.737823500000000000e+07
