# {'chrom': '1', 'window_id': '10', 'statistic': 'H2', 'bounds': [228000000, 250000000], 'span': 22000000, 'n_sites': 12519740, 'coverage': 56.91, 'right_discontinuous': True, 'rows': "{0: 'Altai', 1: 'Chagyrskaya', 2: 'Denisova', 3: 'French-1', 4: 'Han-1', 5: 'Khomani_San-2', 6: 'Papuan-2', 7: 'Vindija', 8: 'Yoruba-1', 9: 'Yoruba-3'}"}
2.290000000000000000e+02 2.710000000000000000e+02 1.430000000000000000e+02 1.120000000000000000e+02 3.280000000000000000e+02 9.880000000000000000e+02 1.828000000000000000e+03 3.010000000000000000e+03 6.440000000000000000e+03 7.671000000000000000e+03 9.023000000000000000e+03 1.610200000000000000e+04 1.580900000000000000e+04 2.177600000000000000e+04 4.937800000000000000e+04 8.520500000000000000e+04 1.636870000000000000e+05 4.651570000000000000e+05 8.247490000000000000e+05
0.000000000000000000e+00 4.100000000000000000e+01 1.150000000000000000e+02 1.500000000000000000e+02 3.010000000000000000e+02 8.510000000000000000e+02 1.354000000000000000e+03 1.963000000000000000e+03 4.703000000000000000e+03 4.340000000000000000e+03 6.769000000000000000e+03 8.514000000000000000e+03 6.899000000000000000e+03 1.193500000000000000e+04 3.556500000000000000e+04 4.847900000000000000e+04 9.280000000000000000e+04 2.031630000000000000e+05 2.556690000000000000e+05
2.930000000000000000e+02 2.150000000000000000e+02 2.410000000000000000e+02 1.880000000000000000e+02 3.790000000000000000e+02 1.486000000000000000e+03 1.703000000000000000e+03 2.795000000000000000e+03 5.099000000000000000e+03 6.251000000000000000e+03 6.580000000000000000e+03 1.383700000000000000e+04 1.591200000000000000e+04 3.006900000000000000e+04 5.812100000000000000e+04 1.162610000000000000e+05 2.165350000000000000e+05 5.171360000000000000e+05 6.544180000000000000e+05
4.000000000000000000e+01 7.700000000000000000e+01 2.250000000000000000e+02 3.320000000000000000e+02 5.730000000000000000e+02 1.580000000000000000e+03 2.916000000000000000e+03 4.803000000000000000e+03 1.080300000000000000e+04 1.160900000000000000e+04 1.441000000000000000e+04 3.534900000000000000e+04 4.366800000000000000e+04 8.664900000000000000e+04 2.197070000000000000e+05 3.701720000000000000e+05 6.975360000000000000e+05 1.695604000000000000e+06 1.489602000000000000e+06
1.361000000000000000e+03 1.318000000000000000e+03 1.518000000000000000e+03 1.590000000000000000e+03 2.961000000000000000e+03 8.857000000000000000e+03 1.386200000000000000e+04 2.490000000000000000e+04 5.473500000000000000e+04 6.066100000000000000e+04 7.017700000000000000e+04 1.205100000000000000e+05 1.680960000000000000e+05 3.183840000000000000e+05 7.151880000000000000e+05 1.148553000000000000e+06 2.373692000000000000e+06 6.238851000000000000e+06 9.769736000000000000e+06
2.063000000000000000e+03 1.629000000000000000e+03 2.073000000000000000e+03 2.452000000000000000e+03 4.521000000000000000e+03 1.314400000000000000e+04 2.093400000000000000e+04 3.624500000000000000e+04 7.502300000000000000e+04 9.193700000000000000e+04 1.332540000000000000e+05 2.882010000000000000e+05 3.532760000000000000e+05 6.818710000000000000e+05 1.836582000000000000e+06 3.010186000000000000e+06 5.973534000000000000e+06 1.573415200000000000e+07 2.403122500000000000e+07
1.366000000000000000e+03 1.006000000000000000e+03 1.244000000000000000e+03 1.574000000000000000e+03 3.091000000000000000e+03 9.027000000000000000e+03 1.352700000000000000e+04 2.199600000000000000e+04 5.030600000000000000e+04 5.717700000000000000e+04 7.616100000000000000e+04 1.455530000000000000e+05 1.411080000000000000e+05 2.779790000000000000e+05 5.992980000000000000e+05 9.481960000000000000e+05 1.685290000000000000e+06 5.098498000000000000e+06 7.322425000000000000e+06
3.400000000000000000e+01 8.400000000000000000e+01 2.790000000000000000e+02 4.120000000000000000e+02 7.720000000000000000e+02 1.985000000000000000e+03 2.949000000000000000e+03 3.942000000000000000e+03 8.364000000000000000e+03 1.067600000000000000e+04 1.514200000000000000e+04 2.374800000000000000e+04 2.607800000000000000e+04 5.071700000000000000e+04 9.834800000000000000e+04 1.250570000000000000e+05 2.343860000000000000e+05 5.583810000000000000e+05 9.665540000000000000e+05
1.250000000000000000e+03 1.094000000000000000e+03 1.353000000000000000e+03 1.924000000000000000e+03 3.577000000000000000e+03 1.122100000000000000e+04 1.805300000000000000e+04 3.061800000000000000e+04 6.659600000000000000e+04 7.823900000000000000e+04 9.590600000000000000e+04 2.158850000000000000e+05 2.672330000000000000e+05 5.134630000000000000e+05 1.383195000000000000e+06 2.310310000000000000e+06 4.475546000000000000e+06 1.174671500000000000e+07 1.839837200000000000e+07
1.236000000000000000e+03 1.145000000000000000e+03 1.925000000000000000e+03 2.407000000000000000e+03 4.508000000000000000e+03 1.277800000000000000e+04 2.093500000000000000e+04 3.390000000000000000e+04 7.403500000000000000e+04 9.293500000000000000e+04 1.186610000000000000e+05 2.527240000000000000e+05 2.894710000000000000e+05 6.134350000000000000e+05 1.526551000000000000e+06 2.513007000000000000e+06 4.809753000000000000e+06 1.309123400000000000e+07 1.920479300000000000e+07
