# {'chrom': '1', 'window_id': '3', 'statistic': 'H2', 'bounds': [60000000, 80000000], 'span': 20000000, 'n_sites': 12975946, 'coverage': 64.88, 'right_discontinuous': False, 'rows': "{0: 'Altai', 1: 'Chagyrskaya', 2: 'Denisova', 3: 'French-1', 4: 'Han-1', 5: 'Khomani_San-2', 6: 'Papuan-2', 7: 'Vindija', 8: 'Yoruba-1', 9: 'Yoruba-3'}"}
3.790000000000000000e+02 2.470000000000000000e+02 3.630000000000000000e+02 3.640000000000000000e+02 6.730000000000000000e+02 2.621000000000000000e+03 2.919000000000000000e+03 4.135000000000000000e+03 9.806000000000000000e+03 9.194000000000000000e+03 1.106100000000000000e+04 2.927700000000000000e+04 2.463900000000000000e+04 3.708600000000000000e+04 9.357900000000000000e+04 1.012020000000000000e+05 9.555400000000000000e+04 7.119320000000000000e+05 1.259060000000000000e+06
1.600000000000000000e+01 1.800000000000000000e+01 8.200000000000000000e+01 1.330000000000000000e+02 2.670000000000000000e+02 7.800000000000000000e+02 1.148000000000000000e+03 1.864000000000000000e+03 4.152000000000000000e+03 3.984000000000000000e+03 6.651000000000000000e+03 9.985000000000000000e+03 9.617000000000000000e+03 1.523200000000000000e+04 3.056600000000000000e+04 4.703700000000000000e+04 9.449300000000000000e+04 2.754660000000000000e+05 5.709900000000000000e+05
2.760000000000000000e+02 2.130000000000000000e+02 4.380000000000000000e+02 4.390000000000000000e+02 5.690000000000000000e+02 1.268000000000000000e+03 1.989000000000000000e+03 3.256000000000000000e+03 7.659000000000000000e+03 6.905000000000000000e+03 8.065000000000000000e+03 1.866000000000000000e+04 2.330200000000000000e+04 4.824100000000000000e+04 1.011860000000000000e+05 1.616670000000000000e+05 2.905280000000000000e+05 9.233870000000000000e+05 1.720351000000000000e+06
2.281000000000000000e+03 1.825000000000000000e+03 2.902000000000000000e+03 2.498000000000000000e+03 3.730000000000000000e+03 9.359000000000000000e+03 1.556500000000000000e+04 2.849900000000000000e+04 6.327800000000000000e+04 7.237000000000000000e+04 9.155000000000000000e+04 1.524140000000000000e+05 1.351600000000000000e+05 3.763720000000000000e+05 1.184264000000000000e+06 1.879561000000000000e+06 3.464552000000000000e+06 1.179051300000000000e+07 2.177280000000000000e+07
2.470000000000000000e+03 2.148000000000000000e+03 3.039000000000000000e+03 2.995000000000000000e+03 4.460000000000000000e+03 1.197400000000000000e+04 1.745600000000000000e+04 2.996600000000000000e+04 6.822300000000000000e+04 7.578500000000000000e+04 1.022470000000000000e+05 1.949420000000000000e+05 2.049000000000000000e+05 3.766330000000000000e+05 1.335390000000000000e+06 2.184121000000000000e+06 3.959997000000000000e+06 1.215994800000000000e+07 2.274771000000000000e+07
3.296000000000000000e+03 2.199000000000000000e+03 3.542000000000000000e+03 3.779000000000000000e+03 5.587000000000000000e+03 1.469300000000000000e+04 2.319100000000000000e+04 3.519900000000000000e+04 8.201100000000000000e+04 8.594700000000000000e+04 1.191770000000000000e+05 2.745250000000000000e+05 3.557960000000000000e+05 7.884220000000000000e+05 2.080653000000000000e+06 3.514558000000000000e+06 7.233183000000000000e+06 2.315307000000000000e+07 4.175355700000000000e+07
6.530000000000000000e+02 5.710000000000000000e+02 1.492000000000000000e+03 1.770000000000000000e+03 2.539000000000000000e+03 6.805000000000000000e+03 9.392000000000000000e+03 1.616600000000000000e+04 3.334300000000000000e+04 3.296000000000000000e+04 4.967600000000000000e+04 9.610300000000000000e+04 1.008580000000000000e+05 2.501230000000000000e+05 5.720670000000000000e+05 1.030453000000000000e+06 2.130963000000000000e+06 6.726341000000000000e+06 1.407999200000000000e+07
2.750000000000000000e+02 3.060000000000000000e+02 4.210000000000000000e+02 2.520000000000000000e+02 3.930000000000000000e+02 1.019000000000000000e+03 1.410000000000000000e+03 2.609000000000000000e+03 5.330000000000000000e+03 6.104000000000000000e+03 5.708000000000000000e+03 8.593000000000000000e+03 1.106100000000000000e+04 2.425200000000000000e+04 6.443900000000000000e+04 9.674400000000000000e+04 1.860300000000000000e+05 6.762640000000000000e+05 1.073208000000000000e+06
2.795000000000000000e+03 1.957000000000000000e+03 3.679000000000000000e+03 3.743000000000000000e+03 5.482000000000000000e+03 1.509100000000000000e+04 2.322300000000000000e+04 3.932300000000000000e+04 9.265700000000000000e+04 1.003370000000000000e+05 1.323050000000000000e+05 2.739860000000000000e+05 3.619900000000000000e+05 7.123720000000000000e+05 2.128915000000000000e+06 3.653206000000000000e+06 6.964278000000000000e+06 2.212287400000000000e+07 3.963074200000000000e+07
3.433000000000000000e+03 2.682000000000000000e+03 4.140000000000000000e+03 3.911000000000000000e+03 5.854000000000000000e+03 1.394200000000000000e+04 2.142900000000000000e+04 3.450400000000000000e+04 7.587300000000000000e+04 7.927100000000000000e+04 1.122600000000000000e+05 2.494840000000000000e+05 3.326050000000000000e+05 6.797110000000000000e+05 1.872595000000000000e+06 3.450825000000000000e+06 6.859231000000000000e+06 2.255090700000000000e+07 4.187500200000000000e+07
