# {'chrom': '1', 'window_id': '7', 'statistic': 'H2', 'bounds': [165000000, 186000000], 'span': 21000000, 'n_sites': 13402275, 'coverage': 63.82, 'right_discontinuous': False, 'rows': "{0: 'Altai', 1: 'Chagyrskaya', 2: 'Denisova', 3: 'French-1', 4: 'Han-1', 5: 'Khomani_San-2', 6: 'Papuan-2', 7: 'Vindija', 8: 'Yoruba-1', 9: 'Yoruba-3'}"}
5.100000000000000000e+01 3.900000000000000000e+01 1.390000000000000000e+02 2.520000000000000000e+02 4.740000000000000000e+02 1.183000000000000000e+03 1.442000000000000000e+03 2.444000000000000000e+03 5.423000000000000000e+03 4.783000000000000000e+03 5.499000000000000000e+03 9.815000000000000000e+03 1.014000000000000000e+04 2.134000000000000000e+04 4.648800000000000000e+04 7.778300000000000000e+04 1.623190000000000000e+05 6.590920000000000000e+05 1.749088000000000000e+06
1.490000000000000000e+02 9.100000000000000000e+01 2.220000000000000000e+02 3.470000000000000000e+02 6.880000000000000000e+02 1.579000000000000000e+03 2.220000000000000000e+03 3.261000000000000000e+03 6.782000000000000000e+03 8.605000000000000000e+03 1.119400000000000000e+04 2.097300000000000000e+04 2.863000000000000000e+04 3.202500000000000000e+04 9.233200000000000000e+04 1.073390000000000000e+05 2.210590000000000000e+05 8.730570000000000000e+05 1.622911000000000000e+06
6.360000000000000000e+02 1.960000000000000000e+02 4.410000000000000000e+02 4.760000000000000000e+02 8.650000000000000000e+02 1.852000000000000000e+03 3.205000000000000000e+03 4.991000000000000000e+03 9.345000000000000000e+03 9.757000000000000000e+03 1.500100000000000000e+04 2.420900000000000000e+04 2.205800000000000000e+04 4.077500000000000000e+04 1.028720000000000000e+05 1.606860000000000000e+05 3.540660000000000000e+05 1.255444000000000000e+06 2.574536000000000000e+06
4.906000000000000000e+03 2.325000000000000000e+03 2.782000000000000000e+03 2.614000000000000000e+03 4.276000000000000000e+03 1.123000000000000000e+04 1.890700000000000000e+04 3.420900000000000000e+04 6.863500000000000000e+04 7.750900000000000000e+04 1.241000000000000000e+05 1.972010000000000000e+05 2.805810000000000000e+05 4.244850000000000000e+05 1.168620000000000000e+06 1.850622000000000000e+06 3.868238000000000000e+06 1.482468100000000000e+07 2.952213900000000000e+07
2.993000000000000000e+03 2.266000000000000000e+03 2.898000000000000000e+03 2.239000000000000000e+03 3.798000000000000000e+03 9.254000000000000000e+03 1.360100000000000000e+04 2.618500000000000000e+04 5.522500000000000000e+04 5.428800000000000000e+04 1.016570000000000000e+05 1.703980000000000000e+05 1.749170000000000000e+05 2.526040000000000000e+05 7.849010000000000000e+05 1.289374000000000000e+06 2.284860000000000000e+06 8.647024000000000000e+06 1.713451700000000000e+07
2.465000000000000000e+03 1.609000000000000000e+03 2.343000000000000000e+03 2.877000000000000000e+03 4.791000000000000000e+03 1.201700000000000000e+04 1.790400000000000000e+04 2.863400000000000000e+04 6.627200000000000000e+04 8.006300000000000000e+04 1.132530000000000000e+05 2.281510000000000000e+05 2.787040000000000000e+05 5.609030000000000000e+05 1.633498000000000000e+06 2.477666000000000000e+06 5.660075000000000000e+06 1.854814800000000000e+07 3.628184000000000000e+07
6.920000000000000000e+03 2.825000000000000000e+03 3.162000000000000000e+03 2.602000000000000000e+03 3.864000000000000000e+03 1.174800000000000000e+04 1.735800000000000000e+04 3.515800000000000000e+04 7.636600000000000000e+04 8.621200000000000000e+04 1.365720000000000000e+05 2.294100000000000000e+05 2.377470000000000000e+05 3.629450000000000000e+05 8.555010000000000000e+05 1.498141000000000000e+06 2.247405000000000000e+06 1.142287900000000000e+07 2.229723300000000000e+07
1.430000000000000000e+02 8.000000000000000000e+01 2.330000000000000000e+02 3.870000000000000000e+02 7.100000000000000000e+02 1.320000000000000000e+03 1.813000000000000000e+03 2.694000000000000000e+03 6.387000000000000000e+03 8.641000000000000000e+03 1.206900000000000000e+04 1.737400000000000000e+04 2.298700000000000000e+04 2.957600000000000000e+04 9.056100000000000000e+04 1.497900000000000000e+05 3.021220000000000000e+05 9.533690000000000000e+05 1.914074000000000000e+06
4.912000000000000000e+03 2.937000000000000000e+03 3.952000000000000000e+03 3.700000000000000000e+03 5.949000000000000000e+03 1.546100000000000000e+04 2.498900000000000000e+04 4.388900000000000000e+04 9.099700000000000000e+04 1.005940000000000000e+05 1.721250000000000000e+05 3.229540000000000000e+05 4.098050000000000000e+05 7.600210000000000000e+05 2.152517000000000000e+06 3.548820000000000000e+06 7.354144000000000000e+06 2.588849500000000000e+07 5.358924200000000000e+07
5.230000000000000000e+03 3.005000000000000000e+03 3.888000000000000000e+03 4.718000000000000000e+03 7.394000000000000000e+03 1.907500000000000000e+04 2.881700000000000000e+04 5.203500000000000000e+04 1.096940000000000000e+05 1.352110000000000000e+05 1.939720000000000000e+05 3.546660000000000000e+05 4.471910000000000000e+05 7.821190000000000000e+05 2.073578000000000000e+06 3.695092000000000000e+06 7.483708000000000000e+06 2.769930400000000000e+07 5.824437900000000000e+07
