# {'chrom': '1', 'window_id': '1', 'statistic': 'H2', 'bounds': [20000000, 40000000], 'span': 20000000, 'n_sites': 11718352, 'coverage': 58.59, 'right_discontinuous': False, 'rows': "{0: 'Altai', 1: 'Chagyrskaya', 2: 'Denisova', 3: 'French-1', 4: 'Han-1', 5: 'Khomani_San-2', 6: 'Papuan-2', 7: 'Vindija', 8: 'Yoruba-1', 9: 'Yoruba-3'}"}
1.410000000000000000e+02 1.240000000000000000e+02 2.340000000000000000e+02 3.610000000000000000e+02 7.110000000000000000e+02 1.875000000000000000e+03 3.031000000000000000e+03 4.064000000000000000e+03 1.000900000000000000e+04 1.198900000000000000e+04 1.255500000000000000e+04 1.849900000000000000e+04 3.302900000000000000e+04 4.672800000000000000e+04 1.286150000000000000e+05 1.492620000000000000e+05 2.502120000000000000e+05 1.016270000000000000e+06 1.568109000000000000e+06
1.580000000000000000e+02 1.240000000000000000e+02 2.220000000000000000e+02 3.120000000000000000e+02 6.080000000000000000e+02 1.526000000000000000e+03 2.484000000000000000e+03 3.210000000000000000e+03 8.261000000000000000e+03 9.187000000000000000e+03 7.406000000000000000e+03 1.185500000000000000e+04 1.161600000000000000e+04 2.207800000000000000e+04 6.616000000000000000e+04 1.108650000000000000e+05 1.747250000000000000e+05 5.949920000000000000e+05 8.960900000000000000e+05
1.300000000000000000e+02 1.290000000000000000e+02 1.610000000000000000e+02 2.830000000000000000e+02 7.020000000000000000e+02 2.100000000000000000e+03 2.523000000000000000e+03 3.010000000000000000e+03 5.608000000000000000e+03 7.224000000000000000e+03 8.337000000000000000e+03 1.322400000000000000e+04 1.605100000000000000e+04 2.453200000000000000e+04 5.852700000000000000e+04 9.124900000000000000e+04 2.580560000000000000e+05 6.722190000000000000e+05 1.211502000000000000e+06
7.100000000000000000e+02 5.700000000000000000e+02 1.036000000000000000e+03 1.225000000000000000e+03 2.169000000000000000e+03 5.811000000000000000e+03 9.331000000000000000e+03 1.523000000000000000e+04 3.420300000000000000e+04 3.653200000000000000e+04 4.448600000000000000e+04 9.659300000000000000e+04 1.192380000000000000e+05 2.344110000000000000e+05 6.298350000000000000e+05 1.038001000000000000e+06 2.323971000000000000e+06 7.122370000000000000e+06 1.332559800000000000e+07
1.567000000000000000e+03 1.246000000000000000e+03 1.390000000000000000e+03 1.040000000000000000e+03 1.736000000000000000e+03 5.204000000000000000e+03 8.011000000000000000e+03 1.365500000000000000e+04 3.401000000000000000e+04 3.936500000000000000e+04 5.014400000000000000e+04 8.661800000000000000e+04 1.183770000000000000e+05 2.054190000000000000e+05 5.144000000000000000e+05 9.367440000000000000e+05 1.908440000000000000e+06 6.352083000000000000e+06 1.256378000000000000e+07
8.540000000000000000e+02 7.310000000000000000e+02 1.423000000000000000e+03 1.768000000000000000e+03 3.266000000000000000e+03 8.041000000000000000e+03 1.257300000000000000e+04 2.033600000000000000e+04 4.539300000000000000e+04 5.168500000000000000e+04 6.893300000000000000e+04 1.458920000000000000e+05 1.939120000000000000e+05 3.744860000000000000e+05 1.158123000000000000e+06 1.897504000000000000e+06 3.845033000000000000e+06 1.310896200000000000e+07 2.571916500000000000e+07
9.140000000000000000e+02 7.460000000000000000e+02 1.175000000000000000e+03 1.292000000000000000e+03 2.354000000000000000e+03 6.387000000000000000e+03 9.828000000000000000e+03 1.738000000000000000e+04 3.867400000000000000e+04 4.862600000000000000e+04 5.798600000000000000e+04 1.032320000000000000e+05 9.557500000000000000e+04 1.930670000000000000e+05 5.220720000000000000e+05 8.997340000000000000e+05 1.943790000000000000e+06 5.832934000000000000e+06 1.142830700000000000e+07
2.020000000000000000e+02 1.250000000000000000e+02 3.130000000000000000e+02 3.950000000000000000e+02 6.300000000000000000e+02 8.760000000000000000e+02 1.218000000000000000e+03 1.616000000000000000e+03 4.019000000000000000e+03 3.061000000000000000e+03 4.288000000000000000e+03 6.247000000000000000e+03 8.630000000000000000e+03 1.329200000000000000e+04 3.917200000000000000e+04 6.181700000000000000e+04 1.311280000000000000e+05 4.334280000000000000e+05 8.717320000000000000e+05
5.500000000000000000e+02 5.050000000000000000e+02 1.139000000000000000e+03 1.566000000000000000e+03 2.825000000000000000e+03 8.014000000000000000e+03 1.153700000000000000e+04 1.980000000000000000e+04 4.241700000000000000e+04 4.627800000000000000e+04 6.150300000000000000e+04 1.326710000000000000e+05 1.657610000000000000e+05 3.309720000000000000e+05 9.972650000000000000e+05 1.753267000000000000e+06 3.485737000000000000e+06 1.130134400000000000e+07 2.223056000000000000e+07
2.048000000000000000e+03 1.511000000000000000e+03 1.624000000000000000e+03 1.729000000000000000e+03 3.664000000000000000e+03 1.071700000000000000e+04 1.520200000000000000e+04 2.410200000000000000e+04 5.501800000000000000e+04 6.276000000000000000e+04 8.171800000000000000e+04 1.824130000000000000e+05 2.361350000000000000e+05 4.502700000000000000e+05 1.286242000000000000e+06 2.197027000000000000e+06 4.701164000000000000e+06 1.503283100000000000e+07 2.893376500000000000e+07
