# {'chrom': '1', 'window_id': '5', 'statistic': 'H2', 'bounds': [100000000, 122000000], 'span': 22000000, 'n_sites': 12538510, 'coverage': 56.99, 'right_discontinuous': True, 'rows': "{0: 'Altai', 1: 'Chagyrskaya', 2: 'Denisova', 3: 'French-1', 4: 'Han-1', 5: 'Khomani_San-2', 6: 'Papuan-2', 7: 'Vindija', 8: 'Yoruba-1', 9: 'Yoruba-3'}"}
2.660000000000000000e+02 2.600000000000000000e+01 7.600000000000000000e+01 1.500000000000000000e+02 2.310000000000000000e+02 8.500000000000000000e+02 1.081000000000000000e+03 2.181000000000000000e+03 3.832000000000000000e+03 3.248000000000000000e+03 5.643000000000000000e+03 9.689000000000000000e+03 8.399000000000000000e+03 1.213900000000000000e+04 3.994800000000000000e+04 6.799900000000000000e+04 9.947100000000000000e+04 1.079880000000000000e+05 4.775100000000000000e+04
2.430000000000000000e+02 8.700000000000000000e+01 1.720000000000000000e+02 3.290000000000000000e+02 7.390000000000000000e+02 1.893000000000000000e+03 2.529000000000000000e+03 4.349000000000000000e+03 8.627000000000000000e+03 8.354000000000000000e+03 1.221900000000000000e+04 2.434900000000000000e+04 2.768700000000000000e+04 3.816700000000000000e+04 9.477200000000000000e+04 1.250700000000000000e+05 2.500720000000000000e+05 6.164600000000000000e+05 6.554020000000000000e+05
2.400000000000000000e+02 1.890000000000000000e+02 4.770000000000000000e+02 5.180000000000000000e+02 5.800000000000000000e+02 1.691000000000000000e+03 2.098000000000000000e+03 3.950000000000000000e+03 9.318000000000000000e+03 9.180000000000000000e+03 1.326900000000000000e+04 1.816300000000000000e+04 3.164200000000000000e+04 4.401800000000000000e+04 1.073880000000000000e+05 1.313740000000000000e+05 2.364780000000000000e+05 7.470400000000000000e+05 7.206210000000000000e+05
2.403000000000000000e+03 1.455000000000000000e+03 2.616000000000000000e+03 2.327000000000000000e+03 3.558000000000000000e+03 9.281000000000000000e+03 1.420300000000000000e+04 2.255200000000000000e+04 5.135900000000000000e+04 6.257100000000000000e+04 8.962900000000000000e+04 1.642190000000000000e+05 1.846840000000000000e+05 3.199420000000000000e+05 9.856540000000000000e+05 1.544824000000000000e+06 2.814787000000000000e+06 7.772996000000000000e+06 1.052300400000000000e+07
4.445000000000000000e+03 1.747000000000000000e+03 2.619000000000000000e+03 2.280000000000000000e+03 3.257000000000000000e+03 8.737000000000000000e+03 1.373300000000000000e+04 2.299700000000000000e+04 5.133500000000000000e+04 5.765400000000000000e+04 8.040300000000000000e+04 1.544590000000000000e+05 1.852260000000000000e+05 2.659270000000000000e+05 8.315890000000000000e+05 1.367451000000000000e+06 2.417618000000000000e+06 6.621664000000000000e+06 7.629748000000000000e+06
3.722000000000000000e+03 1.907000000000000000e+03 3.690000000000000000e+03 3.754000000000000000e+03 6.019000000000000000e+03 1.444400000000000000e+04 2.230500000000000000e+04 3.685300000000000000e+04 7.741600000000000000e+04 9.339000000000000000e+04 1.510340000000000000e+05 3.320780000000000000e+05 4.001590000000000000e+05 7.085140000000000000e+05 1.997808000000000000e+06 3.020627000000000000e+06 5.959487000000000000e+06 1.659180700000000000e+07 1.955039500000000000e+07
4.423000000000000000e+03 2.467000000000000000e+03 3.228000000000000000e+03 2.352000000000000000e+03 3.365000000000000000e+03 8.636000000000000000e+03 1.345500000000000000e+04 2.290400000000000000e+04 5.263200000000000000e+04 6.194300000000000000e+04 8.864000000000000000e+04 1.522800000000000000e+05 1.825140000000000000e+05 2.796050000000000000e+05 7.812470000000000000e+05 1.227016000000000000e+06 2.033631000000000000e+06 6.004317000000000000e+06 7.007291000000000000e+06
1.740000000000000000e+02 6.800000000000000000e+01 1.480000000000000000e+02 2.070000000000000000e+02 4.520000000000000000e+02 1.081000000000000000e+03 1.443000000000000000e+03 2.607000000000000000e+03 5.809000000000000000e+03 5.722000000000000000e+03 6.210000000000000000e+03 1.082300000000000000e+04 1.626500000000000000e+04 2.207300000000000000e+04 6.214500000000000000e+04 8.366800000000000000e+04 1.314880000000000000e+05 4.408280000000000000e+05 5.156450000000000000e+05
3.057000000000000000e+03 2.606000000000000000e+03 4.439000000000000000e+03 4.467000000000000000e+03 6.972000000000000000e+03 1.793200000000000000e+04 2.522300000000000000e+04 4.193500000000000000e+04 9.308800000000000000e+04 1.059000000000000000e+05 1.673390000000000000e+05 3.236290000000000000e+05 4.036640000000000000e+05 7.799180000000000000e+05 2.178743000000000000e+06 3.558222000000000000e+06 6.820646000000000000e+06 1.817699800000000000e+07 2.218573100000000000e+07
3.976000000000000000e+03 2.515000000000000000e+03 3.871000000000000000e+03 4.013000000000000000e+03 6.335000000000000000e+03 1.526100000000000000e+04 2.326400000000000000e+04 3.678300000000000000e+04 7.996300000000000000e+04 9.153700000000000000e+04 1.417560000000000000e+05 2.791920000000000000e+05 3.449290000000000000e+05 6.692480000000000000e+05 1.954169000000000000e+06 3.122523000000000000e+06 5.987880000000000000e+06 1.553325100000000000e+07 1.921383500000000000e+07
