# {'chrom': '1', 'window_id': '4', 'statistic': 'H2', 'bounds': [80000000, 100000000], 'span': 20000000, 'n_sites': 12749594, 'coverage': 63.75, 'right_discontinuous': False, 'rows': "{0: 'Altai', 1: 'Chagyrskaya', 2: 'Denisova', 3: 'French-1', 4: 'Han-1', 5: 'Khomani_San-2', 6: 'Papuan-2', 7: 'Vindija', 8: 'Yoruba-1', 9: 'Yoruba-3'}"}
2.520000000000000000e+02 2.010000000000000000e+02 3.490000000000000000e+02 4.280000000000000000e+02 8.480000000000000000e+02 2.312000000000000000e+03 3.586000000000000000e+03 5.942000000000000000e+03 1.546500000000000000e+04 1.806700000000000000e+04 2.030100000000000000e+04 2.949300000000000000e+04 2.543000000000000000e+04 3.968100000000000000e+04 1.113400000000000000e+05 1.754610000000000000e+05 2.667960000000000000e+05 9.543370000000000000e+05 1.548417000000000000e+06
5.500000000000000000e+01 1.000000000000000000e+02 2.960000000000000000e+02 3.840000000000000000e+02 4.550000000000000000e+02 1.112000000000000000e+03 1.269000000000000000e+03 1.705000000000000000e+03 6.141000000000000000e+03 6.730000000000000000e+03 7.917000000000000000e+03 7.570000000000000000e+03 8.482000000000000000e+03 1.973100000000000000e+04 5.152400000000000000e+04 8.336400000000000000e+04 1.436390000000000000e+05 5.938910000000000000e+05 1.171105000000000000e+06
7.800000000000000000e+01 5.800000000000000000e+01 1.960000000000000000e+02 2.390000000000000000e+02 4.940000000000000000e+02 1.159000000000000000e+03 1.671000000000000000e+03 2.919000000000000000e+03 5.976000000000000000e+03 6.192000000000000000e+03 8.142000000000000000e+03 1.647400000000000000e+04 2.183700000000000000e+04 2.640600000000000000e+04 6.628900000000000000e+04 1.276030000000000000e+05 2.647200000000000000e+05 8.288270000000000000e+05 1.830206000000000000e+06
2.967000000000000000e+03 1.721000000000000000e+03 2.825000000000000000e+03 2.912000000000000000e+03 4.323000000000000000e+03 1.083500000000000000e+04 2.033700000000000000e+04 3.227300000000000000e+04 7.465700000000000000e+04 8.828200000000000000e+04 1.086250000000000000e+05 2.427400000000000000e+05 3.283900000000000000e+05 6.099330000000000000e+05 1.339959000000000000e+06 2.588741000000000000e+06 4.631857000000000000e+06 1.526317100000000000e+07 2.799836600000000000e+07
3.164000000000000000e+03 8.340000000000000000e+02 1.748000000000000000e+03 2.232000000000000000e+03 3.408000000000000000e+03 9.345000000000000000e+03 1.454600000000000000e+04 2.418300000000000000e+04 5.549800000000000000e+04 6.496100000000000000e+04 8.326900000000000000e+04 1.610880000000000000e+05 2.046640000000000000e+05 3.788460000000000000e+05 9.404780000000000000e+05 1.607750000000000000e+06 2.456563000000000000e+06 8.788088000000000000e+06 1.795973500000000000e+07
1.707000000000000000e+03 1.355000000000000000e+03 3.147000000000000000e+03 3.605000000000000000e+03 5.385000000000000000e+03 1.347200000000000000e+04 2.077600000000000000e+04 3.307600000000000000e+04 7.772300000000000000e+04 8.892800000000000000e+04 1.089260000000000000e+05 2.444230000000000000e+05 2.953370000000000000e+05 5.878480000000000000e+05 1.836990000000000000e+06 2.984920000000000000e+06 5.855490000000000000e+06 1.875532400000000000e+07 3.735628200000000000e+07
3.308000000000000000e+03 1.022000000000000000e+03 2.324000000000000000e+03 2.348000000000000000e+03 3.757000000000000000e+03 9.938000000000000000e+03 1.574300000000000000e+04 2.901600000000000000e+04 6.940500000000000000e+04 8.120600000000000000e+04 1.033060000000000000e+05 1.989840000000000000e+05 2.313820000000000000e+05 4.308940000000000000e+05 1.159874000000000000e+06 2.091329000000000000e+06 3.760863000000000000e+06 1.233925300000000000e+07 2.321719900000000000e+07
9.000000000000000000e+01 1.600000000000000000e+02 3.830000000000000000e+02 4.990000000000000000e+02 8.110000000000000000e+02 2.392000000000000000e+03 3.400000000000000000e+03 5.694000000000000000e+03 1.382100000000000000e+04 1.633100000000000000e+04 1.449400000000000000e+04 2.759900000000000000e+04 1.939500000000000000e+04 2.787200000000000000e+04 7.306200000000000000e+04 1.746090000000000000e+05 2.487520000000000000e+05 8.148050000000000000e+05 1.570940000000000000e+06
1.910000000000000000e+03 1.651000000000000000e+03 3.158000000000000000e+03 3.355000000000000000e+03 4.879000000000000000e+03 1.213800000000000000e+04 1.916000000000000000e+04 3.270300000000000000e+04 7.768400000000000000e+04 9.085500000000000000e+04 1.092830000000000000e+05 2.467360000000000000e+05 2.930900000000000000e+05 6.304620000000000000e+05 1.632354000000000000e+06 2.961241000000000000e+06 5.581791000000000000e+06 1.939035300000000000e+07 3.824238600000000000e+07
3.604000000000000000e+03 1.489000000000000000e+03 3.123000000000000000e+03 3.449000000000000000e+03 4.888000000000000000e+03 1.234400000000000000e+04 2.064200000000000000e+04 3.527500000000000000e+04 8.411700000000000000e+04 9.996500000000000000e+04 1.270810000000000000e+05 2.651960000000000000e+05 3.344390000000000000e+05 7.201460000000000000e+05 1.916533000000000000e+06 3.500010000000000000e+06 5.944606000000000000e+06 2.080474500000000000e+07 3.786030100000000000e+07
