# {'chrom': '1', 'window_id': '0', 'statistic': 'H2', 'bounds': [0, 20000000], 'span': 20000000, 'n_sites': 10949543, 'coverage': 54.75, 'right_discontinuous': False, 'rows': "{0: 'Altai', 1: 'Chagyrskaya', 2: 'Denisova', 3: 'French-1', 4: 'Han-1', 5: 'Khomani_San-2', 6: 'Papuan-2', 7: 'Vindija', 8: 'Yoruba-1', 9: 'Yoruba-3'}"}
1.418000000000000000e+03 1.030000000000000000e+02 2.110000000000000000e+02 2.970000000000000000e+02 4.670000000000000000e+02 1.673000000000000000e+03 2.824000000000000000e+03 4.437000000000000000e+03 9.914000000000000000e+03 1.114500000000000000e+04 1.295800000000000000e+04 1.694700000000000000e+04 1.593300000000000000e+04 3.969900000000000000e+04 1.047700000000000000e+05 1.420530000000000000e+05 1.944540000000000000e+05 6.995230000000000000e+05 1.234738000000000000e+06
7.890000000000000000e+02 8.000000000000000000e+00 1.300000000000000000e+01 7.400000000000000000e+01 2.570000000000000000e+02 9.060000000000000000e+02 1.418000000000000000e+03 2.441000000000000000e+03 5.423000000000000000e+03 6.327000000000000000e+03 6.123000000000000000e+03 8.204000000000000000e+03 8.713000000000000000e+03 1.125500000000000000e+04 3.765000000000000000e+04 7.570400000000000000e+04 1.020520000000000000e+05 3.538550000000000000e+05 6.426760000000000000e+05
1.230000000000000000e+02 3.900000000000000000e+01 8.000000000000000000e+01 1.850000000000000000e+02 3.140000000000000000e+02 9.440000000000000000e+02 1.408000000000000000e+03 2.524000000000000000e+03 5.410000000000000000e+03 6.394000000000000000e+03 8.001000000000000000e+03 1.464400000000000000e+04 1.500700000000000000e+04 3.003700000000000000e+04 8.488000000000000000e+04 1.163410000000000000e+05 1.597500000000000000e+05 5.872980000000000000e+05 1.183058000000000000e+06
1.066600000000000000e+04 5.010000000000000000e+02 1.157000000000000000e+03 1.071000000000000000e+03 1.746000000000000000e+03 5.638000000000000000e+03 9.560000000000000000e+03 1.769300000000000000e+04 3.999100000000000000e+04 4.778900000000000000e+04 6.136400000000000000e+04 1.231850000000000000e+05 1.242100000000000000e+05 2.122840000000000000e+05 6.370000000000000000e+05 1.029885000000000000e+06 1.965691000000000000e+06 6.530229000000000000e+06 1.294559900000000000e+07
1.629000000000000000e+03 7.070000000000000000e+02 9.870000000000000000e+02 8.530000000000000000e+02 1.606000000000000000e+03 6.145000000000000000e+03 9.729000000000000000e+03 1.678000000000000000e+04 3.975300000000000000e+04 4.468200000000000000e+04 6.192500000000000000e+04 1.282980000000000000e+05 1.294370000000000000e+05 2.479000000000000000e+05 7.425560000000000000e+05 1.115853000000000000e+06 2.125090000000000000e+06 7.005701000000000000e+06 1.321805900000000000e+07
1.842000000000000000e+04 3.890000000000000000e+02 8.880000000000000000e+02 8.280000000000000000e+02 1.521000000000000000e+03 6.234000000000000000e+03 1.047000000000000000e+04 1.989800000000000000e+04 4.378000000000000000e+04 5.182900000000000000e+04 7.372000000000000000e+04 1.551300000000000000e+05 2.060840000000000000e+05 3.536930000000000000e+05 1.045254000000000000e+06 1.561713000000000000e+06 3.208377000000000000e+06 1.017838600000000000e+07 1.964140000000000000e+07
2.888000000000000000e+03 3.200000000000000000e+02 6.960000000000000000e+02 6.480000000000000000e+02 1.332000000000000000e+03 4.224000000000000000e+03 7.291000000000000000e+03 1.248900000000000000e+04 2.632200000000000000e+04 3.546800000000000000e+04 4.567000000000000000e+04 7.992000000000000000e+04 8.100600000000000000e+04 1.511760000000000000e+05 4.524270000000000000e+05 6.094830000000000000e+05 1.256181000000000000e+06 4.134916000000000000e+06 7.980650000000000000e+06
1.640000000000000000e+02 1.500000000000000000e+01 1.300000000000000000e+02 1.020000000000000000e+02 1.230000000000000000e+02 5.340000000000000000e+02 1.072000000000000000e+03 1.308000000000000000e+03 2.500000000000000000e+03 2.489000000000000000e+03 3.228000000000000000e+03 7.467000000000000000e+03 4.709000000000000000e+03 1.021000000000000000e+04 2.873100000000000000e+04 4.406200000000000000e+04 7.818600000000000000e+04 2.490840000000000000e+05 5.032960000000000000e+05
2.000000000000000000e+04 8.200000000000000000e+02 1.352000000000000000e+03 1.270000000000000000e+03 2.483000000000000000e+03 8.344000000000000000e+03 1.323300000000000000e+04 2.428300000000000000e+04 5.531200000000000000e+04 6.247800000000000000e+04 9.091100000000000000e+04 1.762810000000000000e+05 1.966560000000000000e+05 3.773130000000000000e+05 1.214745000000000000e+06 1.935578000000000000e+06 3.827237000000000000e+06 1.217677300000000000e+07 2.248262500000000000e+07
5.492000000000000000e+03 4.190000000000000000e+02 1.013000000000000000e+03 1.187000000000000000e+03 2.020000000000000000e+03 6.591000000000000000e+03 1.124400000000000000e+04 2.014000000000000000e+04 4.621000000000000000e+04 5.545600000000000000e+04 7.604800000000000000e+04 1.473790000000000000e+05 1.814090000000000000e+05 3.092850000000000000e+05 1.012298000000000000e+06 1.596037000000000000e+06 3.352993000000000000e+06 1.069544300000000000e+07 2.076377100000000000e+07
