# {'chrom': '1', 'window_id': '2', 'statistic': 'H2', 'bounds': [40000000, 60000000], 'span': 20000000, 'n_sites': 12557069, 'coverage': 62.79, 'right_discontinuous': False, 'rows': "{0: 'Altai', 1: 'Chagyrskaya', 2: 'Denisova', 3: 'French-1', 4: 'Han-1', 5: 'Khomani_San-2', 6: 'Papuan-2', 7: 'Vindija', 8: 'Yoruba-1', 9: 'Yoruba-3'}"}
2.180000000000000000e+02 1.630000000000000000e+02 3.620000000000000000e+02 4.090000000000000000e+02 7.300000000000000000e+02 2.029000000000000000e+03 3.125000000000000000e+03 4.797000000000000000e+03 8.637000000000000000e+03 1.098100000000000000e+04 1.649400000000000000e+04 2.903900000000000000e+04 3.664200000000000000e+04 7.808400000000000000e+04 1.619880000000000000e+05 2.065890000000000000e+05 2.981810000000000000e+05 6.885290000000000000e+05 1.532937000000000000e+06
4.900000000000000000e+01 7.100000000000000000e+01 1.410000000000000000e+02 2.110000000000000000e+02 4.280000000000000000e+02 1.003000000000000000e+03 1.629000000000000000e+03 2.838000000000000000e+03 6.020000000000000000e+03 7.367000000000000000e+03 8.678000000000000000e+03 1.224900000000000000e+04 1.702800000000000000e+04 3.060200000000000000e+04 7.810300000000000000e+04 1.233830000000000000e+05 2.555990000000000000e+05 6.461880000000000000e+05 8.493910000000000000e+05
1.380000000000000000e+02 1.280000000000000000e+02 2.980000000000000000e+02 3.850000000000000000e+02 4.990000000000000000e+02 1.249000000000000000e+03 1.818000000000000000e+03 3.780000000000000000e+03 7.846000000000000000e+03 9.394000000000000000e+03 1.415500000000000000e+04 1.723900000000000000e+04 1.778900000000000000e+04 3.131000000000000000e+04 9.877500000000000000e+04 1.209320000000000000e+05 2.526940000000000000e+05 8.732060000000000000e+05 1.444679000000000000e+06
2.345000000000000000e+03 1.464000000000000000e+03 2.459000000000000000e+03 2.298000000000000000e+03 3.047000000000000000e+03 7.189000000000000000e+03 1.352100000000000000e+04 2.552100000000000000e+04 5.485200000000000000e+04 6.272400000000000000e+04 9.123200000000000000e+04 1.398420000000000000e+05 1.765710000000000000e+05 2.997610000000000000e+05 9.760060000000000000e+05 1.536195000000000000e+06 3.189201000000000000e+06 9.283076000000000000e+06 1.629913800000000000e+07
3.100000000000000000e+03 2.147000000000000000e+03 3.017000000000000000e+03 2.734000000000000000e+03 4.041000000000000000e+03 9.441000000000000000e+03 1.704800000000000000e+04 2.892400000000000000e+04 6.027500000000000000e+04 8.034400000000000000e+04 1.113070000000000000e+05 1.992670000000000000e+05 1.778010000000000000e+05 3.448000000000000000e+05 1.223637000000000000e+06 1.565124000000000000e+06 4.084309000000000000e+06 1.104297300000000000e+07 1.719723300000000000e+07
1.616000000000000000e+03 1.456000000000000000e+03 2.824000000000000000e+03 2.870000000000000000e+03 4.555000000000000000e+03 1.094000000000000000e+04 1.932700000000000000e+04 3.144600000000000000e+04 6.578700000000000000e+04 7.622800000000000000e+04 1.092190000000000000e+05 2.368900000000000000e+05 3.041270000000000000e+05 5.584480000000000000e+05 1.839075000000000000e+06 2.866321000000000000e+06 5.723135000000000000e+06 1.628202300000000000e+07 2.705364900000000000e+07
8.040000000000000000e+02 7.300000000000000000e+02 1.296000000000000000e+03 1.442000000000000000e+03 1.812000000000000000e+03 4.086000000000000000e+03 7.587000000000000000e+03 1.240400000000000000e+04 2.725800000000000000e+04 3.700200000000000000e+04 4.706000000000000000e+04 8.289600000000000000e+04 1.067780000000000000e+05 1.395100000000000000e+05 4.900950000000000000e+05 6.539370000000000000e+05 1.325324000000000000e+06 3.256697000000000000e+06 2.103233000000000000e+06
2.490000000000000000e+02 1.330000000000000000e+02 3.100000000000000000e+02 3.100000000000000000e+02 6.290000000000000000e+02 1.742000000000000000e+03 2.938000000000000000e+03 4.367000000000000000e+03 6.858000000000000000e+03 7.532000000000000000e+03 1.116600000000000000e+04 2.286100000000000000e+04 2.883800000000000000e+04 3.725600000000000000e+04 9.780500000000000000e+04 1.248800000000000000e+05 1.859890000000000000e+05 6.454250000000000000e+05 1.028803000000000000e+06
3.080000000000000000e+03 2.088000000000000000e+03 3.274000000000000000e+03 3.517000000000000000e+03 4.974000000000000000e+03 1.259500000000000000e+04 2.195400000000000000e+04 3.383700000000000000e+04 7.136700000000000000e+04 9.105400000000000000e+04 1.241340000000000000e+05 2.624410000000000000e+05 3.289040000000000000e+05 5.426950000000000000e+05 1.914454000000000000e+06 2.840554000000000000e+06 5.463212000000000000e+06 1.561171600000000000e+07 2.748418000000000000e+07
3.534000000000000000e+03 2.131000000000000000e+03 3.636000000000000000e+03 3.646000000000000000e+03 5.447000000000000000e+03 1.363700000000000000e+04 2.289100000000000000e+04 3.904100000000000000e+04 8.399200000000000000e+04 9.482300000000000000e+04 1.325990000000000000e+05 3.094200000000000000e+05 3.394040000000000000e+05 6.929930000000000000e+05 2.162359000000000000e+06 3.107186000000000000e+06 6.138890000000000000e+06 1.873331400000000000e+07 3.052327500000000000e+07
