# {'chrom': '1', 'window_id': '8', 'statistic': 'H2', 'bounds': [186000000, 207000000], 'span': 21000000, 'n_sites': 13114274, 'coverage': 62.45, 'right_discontinuous': False, 'rows': "{0: 'Altai', 1: 'Chagyrskaya', 2: 'Denisova', 3: 'French-1', 4: 'Han-1', 5: 'Khomani_San-2', 6: 'Papuan-2', 7: 'Vindija', 8: 'Yoruba-1', 9: 'Yoruba-3'}"}
2.053000000000000000e+03 5.380000000000000000e+02 7.250000000000000000e+02 6.150000000000000000e+02 9.440000000000000000e+02 3.777000000000000000e+03 5.201000000000000000e+03 9.084000000000000000e+03 1.570700000000000000e+04 1.617300000000000000e+04 2.195900000000000000e+04 4.683100000000000000e+04 5.515900000000000000e+04 6.928800000000000000e+04 1.329200000000000000e+05 3.764070000000000000e+05 6.717530000000000000e+05 1.687160000000000000e+06 1.445574000000000000e+06
7.900000000000000000e+01 8.300000000000000000e+01 1.620000000000000000e+02 1.710000000000000000e+02 2.840000000000000000e+02 8.470000000000000000e+02 1.224000000000000000e+03 2.003000000000000000e+03 4.275000000000000000e+03 5.289000000000000000e+03 9.594000000000000000e+03 1.589100000000000000e+04 1.649100000000000000e+04 2.346500000000000000e+04 6.899300000000000000e+04 1.285940000000000000e+05 2.498050000000000000e+05 5.789720000000000000e+05 7.909330000000000000e+05
1.980000000000000000e+02 1.110000000000000000e+02 3.630000000000000000e+02 4.560000000000000000e+02 8.300000000000000000e+02 2.227000000000000000e+03 3.329000000000000000e+03 4.540000000000000000e+03 9.387000000000000000e+03 8.474000000000000000e+03 1.283500000000000000e+04 1.865600000000000000e+04 2.420900000000000000e+04 4.438300000000000000e+04 1.190310000000000000e+05 1.932830000000000000e+05 3.938740000000000000e+05 1.119752000000000000e+06 1.430682000000000000e+06
7.075000000000000000e+03 2.479000000000000000e+03 3.634000000000000000e+03 3.485000000000000000e+03 4.823000000000000000e+03 1.332500000000000000e+04 2.201300000000000000e+04 3.637600000000000000e+04 7.954100000000000000e+04 9.193000000000000000e+04 1.520400000000000000e+05 2.913230000000000000e+05 3.330330000000000000e+05 4.742240000000000000e+05 1.446817000000000000e+06 2.873629000000000000e+06 5.035366000000000000e+06 1.311730600000000000e+07 1.856428500000000000e+07
5.342000000000000000e+03 1.489000000000000000e+03 2.213000000000000000e+03 1.744000000000000000e+03 2.933000000000000000e+03 1.043600000000000000e+04 1.256000000000000000e+04 2.192200000000000000e+04 4.437800000000000000e+04 5.574200000000000000e+04 7.963200000000000000e+04 1.352590000000000000e+05 1.484530000000000000e+05 2.533910000000000000e+05 7.439810000000000000e+05 1.237882000000000000e+06 2.650719000000000000e+06 7.577996000000000000e+06 1.197217200000000000e+07
6.180000000000000000e+03 2.321000000000000000e+03 3.958000000000000000e+03 4.118000000000000000e+03 5.561000000000000000e+03 1.700800000000000000e+04 2.413100000000000000e+04 3.794400000000000000e+04 7.859600000000000000e+04 9.464600000000000000e+04 1.458230000000000000e+05 3.682320000000000000e+05 4.532960000000000000e+05 6.273970000000000000e+05 1.808882000000000000e+06 3.685980000000000000e+06 6.348711000000000000e+06 1.856734900000000000e+07 2.619766300000000000e+07
5.142000000000000000e+03 2.230000000000000000e+03 3.712000000000000000e+03 3.630000000000000000e+03 4.873000000000000000e+03 1.382900000000000000e+04 2.191800000000000000e+04 3.631700000000000000e+04 7.561000000000000000e+04 9.427000000000000000e+04 1.496610000000000000e+05 3.153690000000000000e+05 3.004980000000000000e+05 4.195610000000000000e+05 1.418781000000000000e+06 2.664882000000000000e+06 4.136362000000000000e+06 1.121565700000000000e+07 1.352012300000000000e+07
4.110000000000000000e+02 3.410000000000000000e+02 6.630000000000000000e+02 8.690000000000000000e+02 9.800000000000000000e+02 2.320000000000000000e+03 3.130000000000000000e+03 4.943000000000000000e+03 1.049900000000000000e+04 9.814000000000000000e+03 1.339100000000000000e+04 2.411100000000000000e+04 2.033700000000000000e+04 2.042800000000000000e+04 7.804400000000000000e+04 1.942540000000000000e+05 3.202210000000000000e+05 5.718830000000000000e+05 5.805230000000000000e+05
9.776000000000000000e+03 4.501000000000000000e+03 6.065000000000000000e+03 4.408000000000000000e+03 6.125000000000000000e+03 1.886600000000000000e+04 3.122000000000000000e+04 5.217900000000000000e+04 1.018020000000000000e+05 1.213540000000000000e+05 1.813300000000000000e+05 4.433180000000000000e+05 5.572180000000000000e+05 8.023060000000000000e+05 2.118481000000000000e+06 4.463523000000000000e+06 7.797568000000000000e+06 2.173207000000000000e+07 2.700302400000000000e+07
1.165500000000000000e+04 3.902000000000000000e+03 6.189000000000000000e+03 5.589000000000000000e+03 7.193000000000000000e+03 2.153800000000000000e+04 3.141900000000000000e+04 5.063000000000000000e+04 1.106000000000000000e+05 1.371760000000000000e+05 2.022230000000000000e+05 5.039410000000000000e+05 6.540210000000000000e+05 9.264880000000000000e+05 2.836671000000000000e+06 5.239207000000000000e+06 9.608871000000000000e+06 2.611391100000000000e+07 3.131277200000000000e+07
