# 'name' : 'rogers_a02_b02_d03_g03'
# 'source' : 'rogers_a02_b02_d03_g03.yaml'
# 'sample_pops' : ['X', 'Y', 'D', 'N']
# 'sample_size' : 1
# 'n_reps' : 100
# 'n_windows' : 200
# 'seq_length' : 100000000.0
# 'window_length' : 500000.0
# 'recomb_rate' : 1e-08
# 'mut_rate' : 1e-08
# 'created' : None
0.000000000000000000e+00 0.000000000000000000e+00 0.000000000000000000e+00 0.000000000000000000e+00 3.192208422431149829e-04 0.000000000000000000e+00 0.000000000000000000e+00 0.000000000000000000e+00 7.487352447626371803e-04 7.465893482703216295e-04 0.000000000000000000e+00 0.000000000000000000e+00 8.124078774595283386e-04 8.025509951127650496e-04 1.178849571730589645e-04 0.000000000000000000e+00
0.000000000000000000e+00 0.000000000000000000e+00 0.000000000000000000e+00 0.000000000000000000e+00 2.971122381338433031e-04 0.000000000000000000e+00 0.000000000000000000e+00 0.000000000000000000e+00 7.612766652528633968e-04 7.614630035477286093e-04 0.000000000000000000e+00 0.000000000000000000e+00 8.256300819685353067e-04 8.205148958274184829e-04 1.216510658717841333e-04 0.000000000000000000e+00
0.000000000000000000e+00 0.000000000000000000e+00 0.000000000000000000e+00 0.000000000000000000e+00 2.953004708958234417e-04 0.000000000000000000e+00 0.000000000000000000e+00 0.000000000000000000e+00 7.526871845799453344e-04 7.579586596053390808e-04 0.000000000000000000e+00 0.000000000000000000e+00 8.140582804844555308e-04 8.125549405336740007e-04 1.265141935148027220e-04 0.000000000000000000e+00
0.000000000000000000e+00 0.000000000000000000e+00 0.000000000000000000e+00 0.000000000000000000e+00 3.227530640098696751e-04 0.000000000000000000e+00 0.000000000000000000e+00 0.000000000000000000e+00 7.820600371872494854e-04 7.885768992732980053e-04 0.000000000000000000e+00 0.000000000000000000e+00 8.479512113877863983e-04 8.488173203623686604e-04 1.357838521579209394e-04 0.000000000000000000e+00
0.000000000000000000e+00 0.000000000000000000e+00 0.000000000000000000e+00 0.000000000000000000e+00 3.187340805630551298e-04 0.000000000000000000e+00 0.000000000000000000e+00 0.000000000000000000e+00 7.817237833898505036e-04 7.822881063321875366e-04 0.000000000000000000e+00 0.000000000000000000e+00 8.538320273123010820e-04 8.499049102139776077e-04 1.498891309311938121e-04 0.000000000000000000e+00
0.000000000000000000e+00 0.000000000000000000e+00 0.000000000000000000e+00 0.000000000000000000e+00 3.047164078642479782e-04 0.000000000000000000e+00 0.000000000000000000e+00 0.000000000000000000e+00 7.516870368840172312e-04 7.542107510996646190e-04 0.000000000000000000e+00 0.000000000000000000e+00 8.104087065969278704e-04 8.066185385329611122e-04 1.202343828448200155e-04 0.000000000000000000e+00
0.000000000000000000e+00 0.000000000000000000e+00 0.000000000000000000e+00 0.000000000000000000e+00 3.368192960647314622e-04 0.000000000000000000e+00 0.000000000000000000e+00 0.000000000000000000e+00 7.675875746408343959e-04 7.649670847031862743e-04 0.000000000000000000e+00 0.000000000000000000e+00 8.171932490952114924e-04 8.051010203028158676e-04 1.232773962432846360e-04 0.000000000000000000e+00
0.000000000000000000e+00 0.000000000000000000e+00 0.000000000000000000e+00 0.000000000000000000e+00 3.023843727969409922e-04 0.000000000000000000e+00 0.000000000000000000e+00 0.000000000000000000e+00 7.599608554532170067e-04 7.770389382381834038e-04 0.000000000000000000e+00 0.000000000000000000e+00 8.257167197223582019e-04 8.374071571245572622e-04 1.196820579026906144e-04 0.000000000000000000e+00
0.000000000000000000e+00 0.000000000000000000e+00 0.000000000000000000e+00 0.000000000000000000e+00 3.200889427180526035e-04 0.000000000000000000e+00 0.000000000000000000e+00 0.000000000000000000e+00 7.751209658404008404e-04 7.768481136879439464e-04 0.000000000000000000e+00 0.000000000000000000e+00 8.378088609750252141e-04 8.351031023488393818e-04 1.364590887828005718e-04 0.000000000000000000e+00
0.000000000000000000e+00 0.000000000000000000e+00 0.000000000000000000e+00 0.000000000000000000e+00 3.041575029427231081e-04 0.000000000000000000e+00 0.000000000000000000e+00 0.000000000000000000e+00 7.588084702031846866e-04 7.723428067437475156e-04 0.000000000000000000e+00 0.000000000000000000e+00 8.260711446238932099e-04 8.336102833755154725e-04 1.350240144226719328e-04 0.000000000000000000e+00
0.000000000000000000e+00 0.000000000000000000e+00 0.000000000000000000e+00 0.000000000000000000e+00 3.005058658561495931e-04 0.000000000000000000e+00 0.000000000000000000e+00 0.000000000000000000e+00 7.474146899756697621e-04 7.504462859908901402e-04 0.000000000000000000e+00 0.000000000000000000e+00 8.235093236636270879e-04 8.196655983242449872e-04 1.153972752752626470e-04 0.000000000000000000e+00
0.000000000000000000e+00 0.000000000000000000e+00 0.000000000000000000e+00 0.000000000000000000e+00 3.251615752624047954e-04 0.000000000000000000e+00 0.000000000000000000e+00 0.000000000000000000e+00 7.596965078911346652e-04 7.629984415113715999e-04 0.000000000000000000e+00 0.000000000000000000e+00 8.080964826398740397e-04 8.033486182995502921e-04 1.168230692272486922e-04 0.000000000000000000e+00
0.000000000000000000e+00 0.000000000000000000e+00 0.000000000000000000e+00 0.000000000000000000e+00 2.986331360955346071e-04 0.000000000000000000e+00 0.000000000000000000e+00 0.000000000000000000e+00 7.494985757284096340e-04 7.591357700234246638e-04 0.000000000000000000e+00 0.000000000000000000e+00 8.042183672060972252e-04 8.077123273990132087e-04 1.192467392873214815e-04 0.000000000000000000e+00
0.000000000000000000e+00 0.000000000000000000e+00 0.000000000000000000e+00 0.000000000000000000e+00 3.191183196800367449e-04 0.000000000000000000e+00 0.000000000000000000e+00 0.000000000000000000e+00 7.748308472766865344e-04 7.769393267461735574e-04 0.000000000000000000e+00 0.000000000000000000e+00 8.388017952685436398e-04 8.348233244726524678e-04 1.274388691778095958e-04 0.000000000000000000e+00
0.000000000000000000e+00 0.000000000000000000e+00 0.000000000000000000e+00 0.000000000000000000e+00 3.119919594870508074e-04 0.000000000000000000e+00 0.000000000000000000e+00 0.000000000000000000e+00 7.507200050083151282e-04 7.640967117607285050e-04 0.000000000000000000e+00 0.000000000000000000e+00 8.127888422067637997e-04 8.204875521742094118e-04 1.290231532332580062e-04 0.000000000000000000e+00
0.000000000000000000e+00 0.000000000000000000e+00 0.000000000000000000e+00 0.000000000000000000e+00 3.168821674312400347e-04 0.000000000000000000e+00 0.000000000000000000e+00 0.000000000000000000e+00 7.554257129602726323e-04 7.589058447542148611e-04 0.000000000000000000e+00 0.000000000000000000e+00 8.230696701628620023e-04 8.192108729319644636e-04 1.286579404994809867e-04 0.000000000000000000e+00
0.000000000000000000e+00 0.000000000000000000e+00 0.000000000000000000e+00 0.000000000000000000e+00 3.150855170114610915e-04 0.000000000000000000e+00 0.000000000000000000e+00 0.000000000000000000e+00 7.630087242720100119e-04 7.662013142968972018e-04 0.000000000000000000e+00 0.000000000000000000e+00 8.340060512472219443e-04 8.345678998847813092e-04 1.281567284633149356e-04 0.000000000000000000e+00
0.000000000000000000e+00 0.000000000000000000e+00 0.000000000000000000e+00 0.000000000000000000e+00 3.105286732536801471e-04 0.000000000000000000e+00 0.000000000000000000e+00 0.000000000000000000e+00 7.539395785821574646e-04 7.607819114027644354e-04 0.000000000000000000e+00 0.000000000000000000e+00 8.145203222039028822e-04 8.184729923882598859e-04 1.259055904984544090e-04 0.000000000000000000e+00
0.000000000000000000e+00 0.000000000000000000e+00 0.000000000000000000e+00 0.000000000000000000e+00 3.173390434476569088e-04 0.000000000000000000e+00 0.000000000000000000e+00 0.000000000000000000e+00 7.693513467176713245e-04 7.782604902334573638e-04 0.000000000000000000e+00 0.000000000000000000e+00 8.361311005673628628e-04 8.394965402994947201e-04 1.339591626249002636e-04 0.000000000000000000e+00
0.000000000000000000e+00 0.000000000000000000e+00 0.000000000000000000e+00 0.000000000000000000e+00 3.149544711569454833e-04 0.000000000000000000e+00 0.000000000000000000e+00 0.000000000000000000e+00 7.643853909174772292e-04 7.725187635496837991e-04 0.000000000000000000e+00 0.000000000000000000e+00 8.215015852268497086e-04 8.218780014251984541e-04 1.254006883205284896e-04 0.000000000000000000e+00
0.000000000000000000e+00 0.000000000000000000e+00 0.000000000000000000e+00 0.000000000000000000e+00 3.258484024984735711e-04 0.000000000000000000e+00 0.000000000000000000e+00 0.000000000000000000e+00 7.664408921287239364e-04 7.709415861054335316e-04 0.000000000000000000e+00 0.000000000000000000e+00 8.343520536019434237e-04 8.336449665889324049e-04 1.362375608296313148e-04 0.000000000000000000e+00
0.000000000000000000e+00 0.000000000000000000e+00 0.000000000000000000e+00 0.000000000000000000e+00 3.163290355545555154e-04 0.000000000000000000e+00 0.000000000000000000e+00 0.000000000000000000e+00 7.614040267721719664e-04 7.641014114846680569e-04 0.000000000000000000e+00 0.000000000000000000e+00 8.331418160146849931e-04 8.305762723863043462e-04 1.232760130287221070e-04 0.000000000000000000e+00
0.000000000000000000e+00 0.000000000000000000e+00 0.000000000000000000e+00 0.000000000000000000e+00 3.073056376633762164e-04 0.000000000000000000e+00 0.000000000000000000e+00 0.000000000000000000e+00 7.495368849608224785e-04 7.559542232425380415e-04 0.000000000000000000e+00 0.000000000000000000e+00 8.210140084813595052e-04 8.198708786302335606e-04 1.335261708276220898e-04 0.000000000000000000e+00
0.000000000000000000e+00 0.000000000000000000e+00 0.000000000000000000e+00 0.000000000000000000e+00 3.109229245345199481e-04 0.000000000000000000e+00 0.000000000000000000e+00 0.000000000000000000e+00 7.730182291894076773e-04 7.777924366432302766e-04 0.000000000000000000e+00 0.000000000000000000e+00 8.331862076368572265e-04 8.344776872805137772e-04 1.273040519129214844e-04 0.000000000000000000e+00
0.000000000000000000e+00 0.000000000000000000e+00 0.000000000000000000e+00 0.000000000000000000e+00 3.084248087666678542e-04 0.000000000000000000e+00 0.000000000000000000e+00 0.000000000000000000e+00 7.572308041768959852e-04 7.730695308350324325e-04 0.000000000000000000e+00 0.000000000000000000e+00 8.110229533150998225e-04 8.238092179253580973e-04 1.203197681263264856e-04 0.000000000000000000e+00
0.000000000000000000e+00 0.000000000000000000e+00 0.000000000000000000e+00 0.000000000000000000e+00 3.266097949467189148e-04 0.000000000000000000e+00 0.000000000000000000e+00 0.000000000000000000e+00 7.773155187811739376e-04 7.796758343166848224e-04 0.000000000000000000e+00 0.000000000000000000e+00 8.230291581537104752e-04 8.189361082654654208e-04 1.256304306893545704e-04 0.000000000000000000e+00
0.000000000000000000e+00 0.000000000000000000e+00 0.000000000000000000e+00 0.000000000000000000e+00 3.258200463010240441e-04 0.000000000000000000e+00 0.000000000000000000e+00 0.000000000000000000e+00 7.945299841699314048e-04 8.040160300376080968e-04 0.000000000000000000e+00 0.000000000000000000e+00 8.349094418077363357e-04 8.383969154840602376e-04 1.393555126640052654e-04 0.000000000000000000e+00
0.000000000000000000e+00 0.000000000000000000e+00 0.000000000000000000e+00 0.000000000000000000e+00 3.169739802597118516e-04 0.000000000000000000e+00 0.000000000000000000e+00 0.000000000000000000e+00 7.725295415789211299e-04 7.798297881019796221e-04 0.000000000000000000e+00 0.000000000000000000e+00 8.346539564662773612e-04 8.348919150304781860e-04 1.344738731822002356e-04 0.000000000000000000e+00
0.000000000000000000e+00 0.000000000000000000e+00 0.000000000000000000e+00 0.000000000000000000e+00 3.071655921264216022e-04 0.000000000000000000e+00 0.000000000000000000e+00 0.000000000000000000e+00 7.739422040278602644e-04 7.872888360448296406e-04 0.000000000000000000e+00 0.000000000000000000e+00 8.289602306835812916e-04 8.363488082511270471e-04 1.191708573580011485e-04 0.000000000000000000e+00
0.000000000000000000e+00 0.000000000000000000e+00 0.000000000000000000e+00 0.000000000000000000e+00 3.087044605993396790e-04 0.000000000000000000e+00 0.000000000000000000e+00 0.000000000000000000e+00 7.668486745168789703e-04 7.812885081869701438e-04 0.000000000000000000e+00 0.000000000000000000e+00 8.303897067312893294e-04 8.372998567397669199e-04 1.223313304348150809e-04 0.000000000000000000e+00
0.000000000000000000e+00 0.000000000000000000e+00 0.000000000000000000e+00 0.000000000000000000e+00 3.143659559002027863e-04 0.000000000000000000e+00 0.000000000000000000e+00 0.000000000000000000e+00 7.681358106057132804e-04 7.681795835720850972e-04 0.000000000000000000e+00 0.000000000000000000e+00 8.138255885737290425e-04 8.072601220932524657e-04 1.274420115399188048e-04 0.000000000000000000e+00
0.000000000000000000e+00 0.000000000000000000e+00 0.000000000000000000e+00 0.000000000000000000e+00 3.135737948037670597e-04 0.000000000000000000e+00 0.000000000000000000e+00 0.000000000000000000e+00 7.748007031487927397e-04 7.794410770102922067e-04 0.000000000000000000e+00 0.000000000000000000e+00 8.322347393196164334e-04 8.310409930017718591e-04 1.305891224094763196e-04 0.000000000000000000e+00
0.000000000000000000e+00 0.000000000000000000e+00 0.000000000000000000e+00 0.000000000000000000e+00 3.086518430842264652e-04 0.000000000000000000e+00 0.000000000000000000e+00 0.000000000000000000e+00 7.487186784695081107e-04 7.559737146702349454e-04 0.000000000000000000e+00 0.000000000000000000e+00 8.143943942333013546e-04 8.172459248969824331e-04 1.320994745438957662e-04 0.000000000000000000e+00
0.000000000000000000e+00 0.000000000000000000e+00 0.000000000000000000e+00 0.000000000000000000e+00 3.101626586277280427e-04 0.000000000000000000e+00 0.000000000000000000e+00 0.000000000000000000e+00 7.678732750627601921e-04 7.827037236834185740e-04 0.000000000000000000e+00 0.000000000000000000e+00 8.126615194043988353e-04 8.214964740333193351e-04 1.204077555345831806e-04 0.000000000000000000e+00
0.000000000000000000e+00 0.000000000000000000e+00 0.000000000000000000e+00 0.000000000000000000e+00 3.147271052619030865e-04 0.000000000000000000e+00 0.000000000000000000e+00 0.000000000000000000e+00 7.787438084254940090e-04 7.813463801082207606e-04 0.000000000000000000e+00 0.000000000000000000e+00 8.309482576883083817e-04 8.261095771040943316e-04 1.215519736249794422e-04 0.000000000000000000e+00
0.000000000000000000e+00 0.000000000000000000e+00 0.000000000000000000e+00 0.000000000000000000e+00 3.232643066190566696e-04 0.000000000000000000e+00 0.000000000000000000e+00 0.000000000000000000e+00 7.494165442441848030e-04 7.535513851738498284e-04 0.000000000000000000e+00 0.000000000000000000e+00 8.137904875696016626e-04 8.098981511198827515e-04 1.484500562216675430e-04 0.000000000000000000e+00
0.000000000000000000e+00 0.000000000000000000e+00 0.000000000000000000e+00 0.000000000000000000e+00 3.022879652979999950e-04 0.000000000000000000e+00 0.000000000000000000e+00 0.000000000000000000e+00 7.467154732284970878e-04 7.490151739249469379e-04 0.000000000000000000e+00 0.000000000000000000e+00 8.035814883559058881e-04 7.994279613787558074e-04 1.227366288144151143e-04 0.000000000000000000e+00
0.000000000000000000e+00 0.000000000000000000e+00 0.000000000000000000e+00 0.000000000000000000e+00 3.013807856789911229e-04 0.000000000000000000e+00 0.000000000000000000e+00 0.000000000000000000e+00 7.469988060385003960e-04 7.509241125646841722e-04 0.000000000000000000e+00 0.000000000000000000e+00 8.152187453216754032e-04 8.117052212392217346e-04 1.221064858574584587e-04 0.000000000000000000e+00
0.000000000000000000e+00 0.000000000000000000e+00 0.000000000000000000e+00 0.000000000000000000e+00 3.109779509092574644e-04 0.000000000000000000e+00 0.000000000000000000e+00 0.000000000000000000e+00 7.391008276641069770e-04 7.399558005190873646e-04 0.000000000000000000e+00 0.000000000000000000e+00 8.026524201772604426e-04 7.945041832369181736e-04 1.357272942040513763e-04 0.000000000000000000e+00
0.000000000000000000e+00 0.000000000000000000e+00 0.000000000000000000e+00 0.000000000000000000e+00 3.220045250765825578e-04 0.000000000000000000e+00 0.000000000000000000e+00 0.000000000000000000e+00 7.647730073114054460e-04 7.706183519640721858e-04 0.000000000000000000e+00 0.000000000000000000e+00 8.256971405294172240e-04 8.255339460195248004e-04 1.212090984613384590e-04 0.000000000000000000e+00
0.000000000000000000e+00 0.000000000000000000e+00 0.000000000000000000e+00 0.000000000000000000e+00 3.143946848055706607e-04 0.000000000000000000e+00 0.000000000000000000e+00 0.000000000000000000e+00 7.773033963609427867e-04 7.880929513439642207e-04 0.000000000000000000e+00 0.000000000000000000e+00 8.305428929965394304e-04 8.327896750724888067e-04 1.239060134311572984e-04 0.000000000000000000e+00
0.000000000000000000e+00 0.000000000000000000e+00 0.000000000000000000e+00 0.000000000000000000e+00 3.169275306613899895e-04 0.000000000000000000e+00 0.000000000000000000e+00 0.000000000000000000e+00 7.703812916836976984e-04 7.784395306494569034e-04 0.000000000000000000e+00 0.000000000000000000e+00 8.341508212023598847e-04 8.386766122564505129e-04 1.257666503323617217e-04 0.000000000000000000e+00
0.000000000000000000e+00 0.000000000000000000e+00 0.000000000000000000e+00 0.000000000000000000e+00 3.096826557486348974e-04 0.000000000000000000e+00 0.000000000000000000e+00 0.000000000000000000e+00 7.730232883248843280e-04 7.849236652673094276e-04 0.000000000000000000e+00 0.000000000000000000e+00 8.350532996927104157e-04 8.382970686221369446e-04 1.300363340456451894e-04 0.000000000000000000e+00
0.000000000000000000e+00 0.000000000000000000e+00 0.000000000000000000e+00 0.000000000000000000e+00 3.235877881239795071e-04 0.000000000000000000e+00 0.000000000000000000e+00 0.000000000000000000e+00 7.600477893522815864e-04 7.637452457885390714e-04 0.000000000000000000e+00 0.000000000000000000e+00 8.093000322751369834e-04 8.091270009587921619e-04 1.369937445248295589e-04 0.000000000000000000e+00
0.000000000000000000e+00 0.000000000000000000e+00 0.000000000000000000e+00 0.000000000000000000e+00 3.109400608929023752e-04 0.000000000000000000e+00 0.000000000000000000e+00 0.000000000000000000e+00 7.694228579262051958e-04 7.764456687713797026e-04 0.000000000000000000e+00 0.000000000000000000e+00 8.278376992632667519e-04 8.274020265188439553e-04 1.264074341140286714e-04 0.000000000000000000e+00
0.000000000000000000e+00 0.000000000000000000e+00 0.000000000000000000e+00 0.000000000000000000e+00 3.182115530199126799e-04 0.000000000000000000e+00 0.000000000000000000e+00 0.000000000000000000e+00 7.651170949014052562e-04 7.696762201850504848e-04 0.000000000000000000e+00 0.000000000000000000e+00 8.296600407346016405e-04 8.269249075699842662e-04 1.308019014714480502e-04 0.000000000000000000e+00
0.000000000000000000e+00 0.000000000000000000e+00 0.000000000000000000e+00 0.000000000000000000e+00 3.094406861908810449e-04 0.000000000000000000e+00 0.000000000000000000e+00 0.000000000000000000e+00 7.639197128517867703e-04 7.738755445386892454e-04 0.000000000000000000e+00 0.000000000000000000e+00 8.072314364508586864e-04 8.126099481858174581e-04 1.081421193609912606e-04 0.000000000000000000e+00
0.000000000000000000e+00 0.000000000000000000e+00 0.000000000000000000e+00 0.000000000000000000e+00 3.157982195792427560e-04 0.000000000000000000e+00 0.000000000000000000e+00 0.000000000000000000e+00 7.662460214060433285e-04 7.708493676397036110e-04 0.000000000000000000e+00 0.000000000000000000e+00 8.392389506749764212e-04 8.372611967102352917e-04 1.236600536226759256e-04 0.000000000000000000e+00
0.000000000000000000e+00 0.000000000000000000e+00 0.000000000000000000e+00 0.000000000000000000e+00 3.185398375917104070e-04 0.000000000000000000e+00 0.000000000000000000e+00 0.000000000000000000e+00 7.609866538961096308e-04 7.696704529012311346e-04 0.000000000000000000e+00 0.000000000000000000e+00 8.269290188783271888e-04 8.257780371674215865e-04 1.269664050824590351e-04 0.000000000000000000e+00
0.000000000000000000e+00 0.000000000000000000e+00 0.000000000000000000e+00 0.000000000000000000e+00 3.305629061672063322e-04 0.000000000000000000e+00 0.000000000000000000e+00 0.000000000000000000e+00 7.678154854579869945e-04 7.705371326795271538e-04 0.000000000000000000e+00 0.000000000000000000e+00 8.298075605620386331e-04 8.271886803926484406e-04 1.209435787633129206e-04 0.000000000000000000e+00
0.000000000000000000e+00 0.000000000000000000e+00 0.000000000000000000e+00 0.000000000000000000e+00 3.074174193458663416e-04 0.000000000000000000e+00 0.000000000000000000e+00 0.000000000000000000e+00 7.558427884720022661e-04 7.580356425979584622e-04 0.000000000000000000e+00 0.000000000000000000e+00 8.304974234912283326e-04 8.277941937614777517e-04 1.107123376565225540e-04 0.000000000000000000e+00
0.000000000000000000e+00 0.000000000000000000e+00 0.000000000000000000e+00 0.000000000000000000e+00 3.240473366647218128e-04 0.000000000000000000e+00 0.000000000000000000e+00 0.000000000000000000e+00 7.565010881584119124e-04 7.589145549834202956e-04 0.000000000000000000e+00 0.000000000000000000e+00 8.210506776419561467e-04 8.184256044254720327e-04 1.139025477320714717e-04 0.000000000000000000e+00
0.000000000000000000e+00 0.000000000000000000e+00 0.000000000000000000e+00 0.000000000000000000e+00 3.128790374287803008e-04 0.000000000000000000e+00 0.000000000000000000e+00 0.000000000000000000e+00 7.763498028693340209e-04 7.809655987374506791e-04 0.000000000000000000e+00 0.000000000000000000e+00 8.391506167770902171e-04 8.414181341312769674e-04 1.210268784875790846e-04 0.000000000000000000e+00
0.000000000000000000e+00 0.000000000000000000e+00 0.000000000000000000e+00 0.000000000000000000e+00 3.169763178541641136e-04 0.000000000000000000e+00 0.000000000000000000e+00 0.000000000000000000e+00 7.817286324071802059e-04 7.897440794907338666e-04 0.000000000000000000e+00 0.000000000000000000e+00 8.350277819490834049e-04 8.331311568792534872e-04 1.362226457694618281e-04 0.000000000000000000e+00
0.000000000000000000e+00 0.000000000000000000e+00 0.000000000000000000e+00 0.000000000000000000e+00 3.134569595621194754e-04 0.000000000000000000e+00 0.000000000000000000e+00 0.000000000000000000e+00 7.492773863432454972e-04 7.592129975432787689e-04 0.000000000000000000e+00 0.000000000000000000e+00 8.187115839866757104e-04 8.247905298886854973e-04 1.216425871882863415e-04 0.000000000000000000e+00
0.000000000000000000e+00 0.000000000000000000e+00 0.000000000000000000e+00 0.000000000000000000e+00 3.146048352651899249e-04 0.000000000000000000e+00 0.000000000000000000e+00 0.000000000000000000e+00 7.528499139238154121e-04 7.640861264118735657e-04 0.000000000000000000e+00 0.000000000000000000e+00 8.075778876426906562e-04 8.106173423505650191e-04 1.223116936068136418e-04 0.000000000000000000e+00
0.000000000000000000e+00 0.000000000000000000e+00 0.000000000000000000e+00 0.000000000000000000e+00 3.147955783369052593e-04 0.000000000000000000e+00 0.000000000000000000e+00 0.000000000000000000e+00 7.632956695299397253e-04 7.696091976268076970e-04 0.000000000000000000e+00 0.000000000000000000e+00 8.379273652517672290e-04 8.423802381085349457e-04 1.476044962541035027e-04 0.000000000000000000e+00
0.000000000000000000e+00 0.000000000000000000e+00 0.000000000000000000e+00 0.000000000000000000e+00 3.198547126886197123e-04 0.000000000000000000e+00 0.000000000000000000e+00 0.000000000000000000e+00 7.774900409760748940e-04 7.803397896875914792e-04 0.000000000000000000e+00 0.000000000000000000e+00 8.308616189523767778e-04 8.272921888425252557e-04 1.230693457591655040e-04 0.000000000000000000e+00
0.000000000000000000e+00 0.000000000000000000e+00 0.000000000000000000e+00 0.000000000000000000e+00 3.036145823137528918e-04 0.000000000000000000e+00 0.000000000000000000e+00 0.000000000000000000e+00 7.693315866893911305e-04 7.920781604979416392e-04 0.000000000000000000e+00 0.000000000000000000e+00 8.263314446946337915e-04 8.383423047875314263e-04 1.323869890119718363e-04 0.000000000000000000e+00
0.000000000000000000e+00 0.000000000000000000e+00 0.000000000000000000e+00 0.000000000000000000e+00 3.023341744796131806e-04 0.000000000000000000e+00 0.000000000000000000e+00 0.000000000000000000e+00 7.598353834493429618e-04 7.605493012382960388e-04 0.000000000000000000e+00 0.000000000000000000e+00 8.311744615114531392e-04 8.260936620903151567e-04 1.379998257174345089e-04 0.000000000000000000e+00
0.000000000000000000e+00 0.000000000000000000e+00 0.000000000000000000e+00 0.000000000000000000e+00 3.078951056698510489e-04 0.000000000000000000e+00 0.000000000000000000e+00 0.000000000000000000e+00 7.653584781242705895e-04 7.689896571590679186e-04 0.000000000000000000e+00 0.000000000000000000e+00 8.137475440752903275e-04 8.106152634855654958e-04 1.231173246757337881e-04 0.000000000000000000e+00
0.000000000000000000e+00 0.000000000000000000e+00 0.000000000000000000e+00 0.000000000000000000e+00 3.153473431232642322e-04 0.000000000000000000e+00 0.000000000000000000e+00 0.000000000000000000e+00 7.604856460675865626e-04 7.662006468672450743e-04 0.000000000000000000e+00 0.000000000000000000e+00 8.292660780829605059e-04 8.294061279243593451e-04 1.448031873118278755e-04 0.000000000000000000e+00
0.000000000000000000e+00 0.000000000000000000e+00 0.000000000000000000e+00 0.000000000000000000e+00 3.084472749371038416e-04 0.000000000000000000e+00 0.000000000000000000e+00 0.000000000000000000e+00 7.512291732225479185e-04 7.574848019139210093e-04 0.000000000000000000e+00 0.000000000000000000e+00 8.121702554002565785e-04 8.103407848183460504e-04 1.242858265231035870e-04 0.000000000000000000e+00
0.000000000000000000e+00 0.000000000000000000e+00 0.000000000000000000e+00 0.000000000000000000e+00 3.065383000189587036e-04 0.000000000000000000e+00 0.000000000000000000e+00 0.000000000000000000e+00 7.565497215164835188e-04 7.605107963485222217e-04 0.000000000000000000e+00 0.000000000000000000e+00 8.064348061141618290e-04 7.997695407227659124e-04 1.237911725668930612e-04 0.000000000000000000e+00
0.000000000000000000e+00 0.000000000000000000e+00 0.000000000000000000e+00 0.000000000000000000e+00 3.193273898309115840e-04 0.000000000000000000e+00 0.000000000000000000e+00 0.000000000000000000e+00 7.492058387559376092e-04 7.657579649947883352e-04 0.000000000000000000e+00 0.000000000000000000e+00 8.103608166367321820e-04 8.216580662712378051e-04 1.077759064246767078e-04 0.000000000000000000e+00
0.000000000000000000e+00 0.000000000000000000e+00 0.000000000000000000e+00 0.000000000000000000e+00 3.148259118405596240e-04 0.000000000000000000e+00 0.000000000000000000e+00 0.000000000000000000e+00 7.495176938713067659e-04 7.648038470540333492e-04 0.000000000000000000e+00 0.000000000000000000e+00 8.151463905455544378e-04 8.257441965645432886e-04 1.233785371637754525e-04 0.000000000000000000e+00
0.000000000000000000e+00 0.000000000000000000e+00 0.000000000000000000e+00 0.000000000000000000e+00 3.123779403008960327e-04 0.000000000000000000e+00 0.000000000000000000e+00 0.000000000000000000e+00 7.616683023697170055e-04 7.668009679780737713e-04 0.000000000000000000e+00 0.000000000000000000e+00 8.151805020765949105e-04 8.146093130509699052e-04 1.241824660591943818e-04 0.000000000000000000e+00
0.000000000000000000e+00 0.000000000000000000e+00 0.000000000000000000e+00 0.000000000000000000e+00 3.105838300479890732e-04 0.000000000000000000e+00 0.000000000000000000e+00 0.000000000000000000e+00 7.795168630371565599e-04 7.882610432924403322e-04 0.000000000000000000e+00 0.000000000000000000e+00 8.488679250366304137e-04 8.513524190134221480e-04 1.269229897948332417e-04 0.000000000000000000e+00
0.000000000000000000e+00 0.000000000000000000e+00 0.000000000000000000e+00 0.000000000000000000e+00 3.032183753865407092e-04 0.000000000000000000e+00 0.000000000000000000e+00 0.000000000000000000e+00 7.622784869314344321e-04 7.705354859518887900e-04 0.000000000000000000e+00 0.000000000000000000e+00 8.219244073285761690e-04 8.238425142045535882e-04 1.145170743695692880e-04 0.000000000000000000e+00
0.000000000000000000e+00 0.000000000000000000e+00 0.000000000000000000e+00 0.000000000000000000e+00 3.084325666751834257e-04 0.000000000000000000e+00 0.000000000000000000e+00 0.000000000000000000e+00 7.716460097709348931e-04 7.767394945131725218e-04 0.000000000000000000e+00 0.000000000000000000e+00 8.250353439999641523e-04 8.259500501405195490e-04 1.224307174379928628e-04 0.000000000000000000e+00
0.000000000000000000e+00 0.000000000000000000e+00 0.000000000000000000e+00 0.000000000000000000e+00 3.241881322029317551e-04 0.000000000000000000e+00 0.000000000000000000e+00 0.000000000000000000e+00 7.886613971814405858e-04 7.826995005477464622e-04 0.000000000000000000e+00 0.000000000000000000e+00 8.394846190236015171e-04 8.274549567127862867e-04 1.299692010514257945e-04 0.000000000000000000e+00
0.000000000000000000e+00 0.000000000000000000e+00 0.000000000000000000e+00 0.000000000000000000e+00 3.270388265773498961e-04 0.000000000000000000e+00 0.000000000000000000e+00 0.000000000000000000e+00 7.766301867052071177e-04 7.783256208982471634e-04 0.000000000000000000e+00 0.000000000000000000e+00 8.307145798843937334e-04 8.254934457833372789e-04 1.217804000053695693e-04 0.000000000000000000e+00
0.000000000000000000e+00 0.000000000000000000e+00 0.000000000000000000e+00 0.000000000000000000e+00 3.042408351413834582e-04 0.000000000000000000e+00 0.000000000000000000e+00 0.000000000000000000e+00 7.501089921454782766e-04 7.585455551678715359e-04 0.000000000000000000e+00 0.000000000000000000e+00 8.242741885090841590e-04 8.274060592117750629e-04 1.263807020113568076e-04 0.000000000000000000e+00
0.000000000000000000e+00 0.000000000000000000e+00 0.000000000000000000e+00 0.000000000000000000e+00 3.118258123423459549e-04 0.000000000000000000e+00 0.000000000000000000e+00 0.000000000000000000e+00 7.664971246020718144e-04 7.722849362132898701e-04 0.000000000000000000e+00 0.000000000000000000e+00 8.283897190806193897e-04 8.284091950791465245e-04 1.353398498527811657e-04 0.000000000000000000e+00
0.000000000000000000e+00 0.000000000000000000e+00 0.000000000000000000e+00 0.000000000000000000e+00 3.103584385391947574e-04 0.000000000000000000e+00 0.000000000000000000e+00 0.000000000000000000e+00 7.668448842067794417e-04 7.704182458842047431e-04 0.000000000000000000e+00 0.000000000000000000e+00 8.259059045069914833e-04 8.236279597403809794e-04 1.265151305082508305e-04 0.000000000000000000e+00
0.000000000000000000e+00 0.000000000000000000e+00 0.000000000000000000e+00 0.000000000000000000e+00 3.083456414772237325e-04 0.000000000000000000e+00 0.000000000000000000e+00 0.000000000000000000e+00 7.494937429500461582e-04 7.520196271731558954e-04 0.000000000000000000e+00 0.000000000000000000e+00 8.187961413066771870e-04 8.115901012544338199e-04 1.202847244124565640e-04 0.000000000000000000e+00
0.000000000000000000e+00 0.000000000000000000e+00 0.000000000000000000e+00 0.000000000000000000e+00 3.172582639076891088e-04 0.000000000000000000e+00 0.000000000000000000e+00 0.000000000000000000e+00 7.839462399328939657e-04 7.823094061348677278e-04 0.000000000000000000e+00 0.000000000000000000e+00 8.289369701598893339e-04 8.231793961552414784e-04 1.256827437279365840e-04 0.000000000000000000e+00
0.000000000000000000e+00 0.000000000000000000e+00 0.000000000000000000e+00 0.000000000000000000e+00 3.263202787261859097e-04 0.000000000000000000e+00 0.000000000000000000e+00 0.000000000000000000e+00 7.715830251273186847e-04 7.725731075895889621e-04 0.000000000000000000e+00 0.000000000000000000e+00 8.284574639148227894e-04 8.244917117585226756e-04 1.264607043010797835e-04 0.000000000000000000e+00
0.000000000000000000e+00 0.000000000000000000e+00 0.000000000000000000e+00 0.000000000000000000e+00 3.185976651205950469e-04 0.000000000000000000e+00 0.000000000000000000e+00 0.000000000000000000e+00 7.657361272835587354e-04 7.712959728465945903e-04 0.000000000000000000e+00 0.000000000000000000e+00 8.325584600058880428e-04 8.343761927808035364e-04 1.387558037596136706e-04 0.000000000000000000e+00
0.000000000000000000e+00 0.000000000000000000e+00 0.000000000000000000e+00 0.000000000000000000e+00 3.059855371219155130e-04 0.000000000000000000e+00 0.000000000000000000e+00 0.000000000000000000e+00 7.710184970637738722e-04 7.752625041737519875e-04 0.000000000000000000e+00 0.000000000000000000e+00 8.339346687464411871e-04 8.343931599516598869e-04 1.226933416959778808e-04 0.000000000000000000e+00
0.000000000000000000e+00 0.000000000000000000e+00 0.000000000000000000e+00 0.000000000000000000e+00 3.276578720021097583e-04 0.000000000000000000e+00 0.000000000000000000e+00 0.000000000000000000e+00 7.541715362537319443e-04 7.570915319224441262e-04 0.000000000000000000e+00 0.000000000000000000e+00 8.079970353745424567e-04 8.029449593623244879e-04 1.230907277170945806e-04 0.000000000000000000e+00
0.000000000000000000e+00 0.000000000000000000e+00 0.000000000000000000e+00 0.000000000000000000e+00 3.006926885330293928e-04 0.000000000000000000e+00 0.000000000000000000e+00 0.000000000000000000e+00 7.377405739093802726e-04 7.472206409325988152e-04 0.000000000000000000e+00 0.000000000000000000e+00 8.036209979471528727e-04 8.074884288123690542e-04 1.340262583463633795e-04 0.000000000000000000e+00
0.000000000000000000e+00 0.000000000000000000e+00 0.000000000000000000e+00 0.000000000000000000e+00 3.227732713724071789e-04 0.000000000000000000e+00 0.000000000000000000e+00 0.000000000000000000e+00 7.713877734629939623e-04 7.666343030507101561e-04 0.000000000000000000e+00 0.000000000000000000e+00 8.290575074609789598e-04 8.158877466742174133e-04 1.270211694587230166e-04 0.000000000000000000e+00
0.000000000000000000e+00 0.000000000000000000e+00 0.000000000000000000e+00 0.000000000000000000e+00 3.190846956576735252e-04 0.000000000000000000e+00 0.000000000000000000e+00 0.000000000000000000e+00 7.521995884173193715e-04 7.464260386046751329e-04 0.000000000000000000e+00 0.000000000000000000e+00 8.187163704554516197e-04 8.092034004560222761e-04 1.200822566424312852e-04 0.000000000000000000e+00
0.000000000000000000e+00 0.000000000000000000e+00 0.000000000000000000e+00 0.000000000000000000e+00 3.317937204112158568e-04 0.000000000000000000e+00 0.000000000000000000e+00 0.000000000000000000e+00 7.735892692897534560e-04 7.716775226211439707e-04 0.000000000000000000e+00 0.000000000000000000e+00 8.197691417960226547e-04 8.114514965696443790e-04 1.172294633525932040e-04 0.000000000000000000e+00
0.000000000000000000e+00 0.000000000000000000e+00 0.000000000000000000e+00 0.000000000000000000e+00 3.322317602126547060e-04 0.000000000000000000e+00 0.000000000000000000e+00 0.000000000000000000e+00 7.688995584874126462e-04 7.824818858191838651e-04 0.000000000000000000e+00 0.000000000000000000e+00 8.297979378233711093e-04 8.361127234543559586e-04 1.268177960662744122e-04 0.000000000000000000e+00
0.000000000000000000e+00 0.000000000000000000e+00 0.000000000000000000e+00 0.000000000000000000e+00 3.139064731488357845e-04 0.000000000000000000e+00 0.000000000000000000e+00 0.000000000000000000e+00 7.544744033463449172e-04 7.620151459722763684e-04 0.000000000000000000e+00 0.000000000000000000e+00 8.166454951307151400e-04 8.178638280601751697e-04 1.143378023269722347e-04 0.000000000000000000e+00
0.000000000000000000e+00 0.000000000000000000e+00 0.000000000000000000e+00 0.000000000000000000e+00 3.284804824708131106e-04 0.000000000000000000e+00 0.000000000000000000e+00 0.000000000000000000e+00 7.664798145247661348e-04 7.665118286229896617e-04 0.000000000000000000e+00 0.000000000000000000e+00 8.432286465437587551e-04 8.364517064443985220e-04 1.258241634755531560e-04 0.000000000000000000e+00
0.000000000000000000e+00 0.000000000000000000e+00 0.000000000000000000e+00 0.000000000000000000e+00 3.235776936070561987e-04 0.000000000000000000e+00 0.000000000000000000e+00 0.000000000000000000e+00 7.795431308512521971e-04 7.812391583452156073e-04 0.000000000000000000e+00 0.000000000000000000e+00 8.461641345039373372e-04 8.436284500695665975e-04 1.270703195590135431e-04 0.000000000000000000e+00
0.000000000000000000e+00 0.000000000000000000e+00 0.000000000000000000e+00 0.000000000000000000e+00 3.105973874441817395e-04 0.000000000000000000e+00 0.000000000000000000e+00 0.000000000000000000e+00 7.513201875854970315e-04 7.578360773264907098e-04 0.000000000000000000e+00 0.000000000000000000e+00 8.175963054036593626e-04 8.185376761757458611e-04 1.259557051519265920e-04 0.000000000000000000e+00
0.000000000000000000e+00 0.000000000000000000e+00 0.000000000000000000e+00 0.000000000000000000e+00 3.135303080010733916e-04 0.000000000000000000e+00 0.000000000000000000e+00 0.000000000000000000e+00 7.663347013240564718e-04 7.606271581110184664e-04 0.000000000000000000e+00 0.000000000000000000e+00 8.362450410610720777e-04 8.245618708346885619e-04 1.189641840979463683e-04 0.000000000000000000e+00
0.000000000000000000e+00 0.000000000000000000e+00 0.000000000000000000e+00 0.000000000000000000e+00 3.192085194285110240e-04 0.000000000000000000e+00 0.000000000000000000e+00 0.000000000000000000e+00 7.627563678958697605e-04 7.681093894742496188e-04 0.000000000000000000e+00 0.000000000000000000e+00 8.242714901109443517e-04 8.194958662143457485e-04 1.155748716899552994e-04 0.000000000000000000e+00
0.000000000000000000e+00 0.000000000000000000e+00 0.000000000000000000e+00 0.000000000000000000e+00 3.031677285972555189e-04 0.000000000000000000e+00 0.000000000000000000e+00 0.000000000000000000e+00 7.552984896737280568e-04 7.690081354323572305e-04 0.000000000000000000e+00 0.000000000000000000e+00 8.034866362455621606e-04 8.095283997638339120e-04 1.154161186626773481e-04 0.000000000000000000e+00
0.000000000000000000e+00 0.000000000000000000e+00 0.000000000000000000e+00 0.000000000000000000e+00 3.281688334266488131e-04 0.000000000000000000e+00 0.000000000000000000e+00 0.000000000000000000e+00 7.704723028543089243e-04 7.747030435117992653e-04 0.000000000000000000e+00 0.000000000000000000e+00 8.379488431305742897e-04 8.343809716454264613e-04 1.228277422730936251e-04 0.000000000000000000e+00
0.000000000000000000e+00 0.000000000000000000e+00 0.000000000000000000e+00 0.000000000000000000e+00 3.078315742354541642e-04 0.000000000000000000e+00 0.000000000000000000e+00 0.000000000000000000e+00 7.683098719252030515e-04 7.757443246253764709e-04 0.000000000000000000e+00 0.000000000000000000e+00 8.470384186103026075e-04 8.495725417186177075e-04 1.452237287599708149e-04 0.000000000000000000e+00
0.000000000000000000e+00 0.000000000000000000e+00 0.000000000000000000e+00 0.000000000000000000e+00 3.160741591122365256e-04 0.000000000000000000e+00 0.000000000000000000e+00 0.000000000000000000e+00 7.652235919556794495e-04 7.718204771503826746e-04 0.000000000000000000e+00 0.000000000000000000e+00 8.194905887180818551e-04 8.190278608623053269e-04 1.170465837478282099e-04 0.000000000000000000e+00
0.000000000000000000e+00 0.000000000000000000e+00 0.000000000000000000e+00 0.000000000000000000e+00 3.117088052058128922e-04 0.000000000000000000e+00 0.000000000000000000e+00 0.000000000000000000e+00 7.758573511615732580e-04 7.927502443478445272e-04 0.000000000000000000e+00 0.000000000000000000e+00 8.407551582317804306e-04 8.517117802700788047e-04 1.293153075496758758e-04 0.000000000000000000e+00
0.000000000000000000e+00 0.000000000000000000e+00 0.000000000000000000e+00 0.000000000000000000e+00 3.096532997675425602e-04 0.000000000000000000e+00 0.000000000000000000e+00 0.000000000000000000e+00 7.782276908682360340e-04 7.830294272433411563e-04 0.000000000000000000e+00 0.000000000000000000e+00 8.275889079353607701e-04 8.279860003629424883e-04 1.276290814058162859e-04 0.000000000000000000e+00
0.000000000000000000e+00 0.000000000000000000e+00 0.000000000000000000e+00 0.000000000000000000e+00 2.971179640219539608e-04 0.000000000000000000e+00 0.000000000000000000e+00 0.000000000000000000e+00 7.714598468135208361e-04 7.804365898272098805e-04 0.000000000000000000e+00 0.000000000000000000e+00 8.414204709439866660e-04 8.452595594439053783e-04 1.300526251662177787e-04 0.000000000000000000e+00
0.000000000000000000e+00 0.000000000000000000e+00 0.000000000000000000e+00 0.000000000000000000e+00 3.036573903276715888e-04 0.000000000000000000e+00 0.000000000000000000e+00 0.000000000000000000e+00 7.698264629789441753e-04 7.760589886275623449e-04 0.000000000000000000e+00 0.000000000000000000e+00 8.350191795892963377e-04 8.359191086055043273e-04 1.328402773066973078e-04 0.000000000000000000e+00
