# 'name' : 'rogers_a02_b02_d03_g03'
# 'source' : 'rogers_a02_b02_d03_g03.yaml'
# 'sample_pops' : ['X', 'Y', 'D', 'N']
# 'sample_size' : 1
# 'n_reps' : 100
# 'n_windows' : 200
# 'seq_length' : 100000000.0
# 'window_length' : 500000.0
# 'recomb_rate' : 1e-08
# 'mut_rate' : 1e-08
# 'created' : None
2.271767808801117608e-04 1.586763942232310553e-04 9.322324186770559844e-04 7.684701690777535812e-04
2.193871558112483761e-04 1.618880169453940142e-04 9.195891874621646683e-04 7.647714729254440590e-04
2.224954023945908640e-04 1.590924850867331524e-04 9.206490672178994873e-04 7.592993288047615846e-04
2.276226883398496073e-04 1.511749708039620806e-04 9.152004171189221044e-04 7.429545190957647337e-04
2.136943537978370328e-04 1.528914191543973857e-04 9.233493425660383195e-04 7.404176132106223040e-04
2.123544387818610988e-04 1.651131229693732531e-04 9.227940887606488974e-04 7.666426577691749528e-04
2.250868274522992716e-04 1.448226333885154545e-04 9.198847112415125616e-04 7.683726357134717947e-04
2.416782288700758852e-04 1.493903138608332966e-04 9.330656176880811970e-04 7.659211322386264356e-04
2.091805350904038161e-04 1.547061361834071406e-04 9.103217170219339745e-04 7.473120152489345783e-04
2.324338444098320033e-04 1.457876773362361494e-04 9.267215451770622735e-04 7.632712809975366990e-04
2.105708761232111010e-04 1.559325572474150247e-04 9.377008159731094715e-04 7.599899576204105717e-04
2.138690334058155707e-04 1.450675185528236177e-04 9.304323907796732945e-04 7.928713520419482241e-04
2.258166952665236285e-04 1.565949261811053325e-04 9.283741670675376865e-04 7.888438691949018269e-04
2.211547766114660440e-04 1.495192831767425557e-04 9.200854750859621721e-04 7.559108869224684564e-04
2.225382643332094986e-04 1.449753591160867622e-04 9.135686273566838737e-04 7.558215614381806136e-04
2.149428627571090033e-04 1.544101737195637252e-04 9.205786275930320350e-04 7.543480985849909280e-04
2.267650181300994469e-04 1.662395325098458350e-04 9.200636112035048440e-04 7.572378694014173005e-04
2.223509882902357647e-04 1.490930653853731857e-04 9.115830561769238879e-04 7.557335511877837520e-04
2.385209390225100719e-04 1.538738598749184291e-04 9.059470677294294240e-04 7.431973712733697069e-04
2.145949537097698750e-04 1.515137675538229202e-04 9.141663892019101772e-04 7.717397307318514576e-04
2.172880544787517208e-04 1.502534389219819708e-04 9.231825732487204499e-04 7.600276401116366895e-04
2.223843862475828582e-04 1.552356527136490669e-04 9.071393943767526663e-04 7.476073380874310569e-04
2.203031003125142712e-04 1.507023607677086569e-04 9.126357005725450368e-04 7.409531495507214486e-04
2.195424196305250503e-04 1.528967384650873056e-04 9.140395148622573827e-04 7.627865233327036677e-04
2.175449772345182311e-04 1.452406733782915342e-04 9.091008533677870590e-04 7.746089205283761617e-04
2.354296620409381555e-04 1.571756057885914757e-04 9.060030053522462670e-04 7.738919041571793236e-04
2.500839864789371767e-04 1.518231007709565611e-04 9.008477941974578828e-04 7.681869268524578681e-04
2.366744935025735818e-04 1.571372109138883069e-04 9.251455411383282049e-04 7.520488596412438836e-04
2.203395641773553382e-04 1.469489117682163098e-04 9.129116973070960451e-04 7.747774913060874328e-04
2.250408066723443468e-04 1.458388018325090221e-04 9.135330948680665374e-04 7.575113023137048773e-04
2.160036223224514500e-04 1.537634581707997055e-04 9.155200448483749760e-04 7.631065355364348001e-04
2.325195141425617101e-04 1.570271382666262429e-04 9.322101441773810197e-04 7.703216085940367379e-04
2.386087711127619308e-04 1.611381550722476466e-04 9.163246943435144785e-04 7.580816950203156813e-04
2.281488866186568137e-04 1.523780496918542796e-04 9.083249302856525069e-04 7.871776671104543498e-04
1.980536079086075226e-04 1.467336078848509556e-04 9.168556513631776449e-04 7.792767866351423033e-04
2.249583804941074231e-04 1.545578555920741224e-04 9.103859233118130655e-04 7.413383174544523968e-04
2.239454053262014742e-04 1.548523693669590301e-04 9.143738399955230172e-04 7.760344342052061771e-04
2.108987999351646838e-04 1.578011621928985728e-04 9.372515944149569823e-04 7.685345303217940450e-04
2.181218440284860938e-04 1.534251412300971181e-04 9.192656353505246347e-04 7.531527631754175982e-04
2.258634078456971854e-04 1.558687379889959828e-04 9.281168591679624580e-04 7.712551530142805955e-04
2.219658490959608801e-04 1.481657773210739786e-04 9.213786306088477332e-04 7.731003839565435149e-04
2.131050245331605781e-04 1.468223797163182686e-04 9.220430922961138885e-04 7.609796167183266414e-04
2.236236081387431632e-04 1.541396212254298175e-04 9.150352481172920353e-04 7.668889105481630939e-04
2.274983447737878302e-04 1.578663195659898229e-04 9.154135681060931052e-04 7.753562881500745962e-04
2.095407853659195989e-04 1.445500200878014208e-04 9.233479199556734150e-04 7.618922610710581259e-04
2.297737420463666380e-04 1.578370273027870929e-04 9.184630839703047814e-04 7.609966353778083127e-04
2.107873782954928447e-04 1.499318282010320179e-04 9.172614564095619982e-04 7.852184345082536664e-04
2.189177064026328451e-04 1.487591974522004402e-04 9.276157173795340468e-04 7.562064940357640565e-04
2.309108573324220655e-04 1.532835031397077833e-04 9.275151817663429294e-04 7.568577192510200649e-04
2.292675180651095144e-04 1.537207794301638964e-04 9.237670516842043681e-04 7.731916533646962259e-04
2.195689163207957800e-04 1.599453252146996671e-04 9.416512735196851461e-04 7.689570396009841845e-04
2.333917605315972282e-04 1.617245295125777180e-04 9.319043294090701172e-04 7.801016991785034551e-04
2.234278771687148884e-04 1.590370501436346351e-04 9.259092382570907479e-04 7.640392401885118690e-04
2.171751421266275854e-04 1.462243690066698668e-04 9.263022790230778045e-04 7.743808430086858300e-04
2.273450429755448073e-04 1.555039898891616933e-04 9.345876802879393317e-04 7.715217870684656877e-04
2.300449987211140781e-04 1.490407639106808562e-04 9.154011697054829965e-04 7.716925044782053413e-04
2.205766395599340350e-04 1.490308570886051949e-04 9.159860606756742643e-04 7.387524521214470152e-04
2.220338356762829543e-04 1.574663606837518404e-04 9.126036707007274904e-04 7.821801215096287974e-04
2.326596274122956975e-04 1.462697944107155734e-04 9.150162594675231463e-04 7.531155189738432312e-04
2.156791414494090768e-04 1.574623161226313317e-04 9.195762080124378606e-04 7.488176068281209930e-04
2.237658308391676570e-04 1.583587749514941880e-04 9.211055357926854715e-04 7.771325781815266757e-04
2.256900366675167224e-04 1.613829535990469566e-04 9.179285465600556075e-04 7.393970914930583912e-04
2.293449139083746015e-04 1.574727800008385217e-04 9.320325436928937222e-04 7.653684176990185970e-04
2.223117545195433815e-04 1.555702399633766191e-04 9.219490996379498329e-04 7.740744270260270900e-04
2.377996645809689693e-04 1.466949816879491403e-04 9.310299972571932673e-04 7.813812621756141639e-04
2.422886826841871030e-04 1.524075233230161807e-04 9.207650852479035012e-04 7.679944668053103685e-04
2.198024982999608173e-04 1.557559401653669606e-04 9.199563219573706884e-04 7.768141158107117351e-04
2.129024570552849518e-04 1.533391176867520572e-04 9.261041801104567903e-04 7.554958393133944091e-04
2.236793839443667080e-04 1.531081045664110026e-04 9.160769246813867334e-04 7.736448974313433037e-04
2.244940652132659082e-04 1.560869872168118753e-04 9.177541025756104495e-04 7.803878476168700376e-04
2.183213369433684148e-04 1.608372366908653853e-04 9.093240320642740704e-04 7.756555228835501376e-04
2.223694748754722901e-04 1.561655676302868155e-04 9.158222062873108563e-04 7.678494533417084926e-04
2.245513477796710271e-04 1.549316219844995199e-04 9.198289540479899452e-04 7.707338226389272556e-04
2.191829076248026295e-04 1.562614760507954502e-04 9.158221554007515671e-04 7.597250441718520972e-04
2.186018317693862124e-04 1.549755249092584874e-04 9.093051057104147147e-04 7.684236578073277719e-04
2.167497304704795629e-04 1.551278270349757077e-04 9.486988083914621580e-04 7.657255611255105090e-04
2.295668480369512942e-04 1.654778943669590473e-04 9.192848145410213593e-04 7.903025111672078423e-04
2.257148747850807864e-04 1.555891157562829267e-04 9.191816130675528130e-04 7.586938981283604822e-04
2.164602687827510722e-04 1.526460487641719964e-04 9.093667070617959336e-04 7.513323653443845828e-04
2.104271087980153930e-04 1.476122808160852109e-04 9.145731047290636510e-04 7.615778308820181797e-04
2.195231277576732069e-04 1.545436788463714099e-04 9.211142080225641305e-04 7.648414728482160309e-04
2.205247906462250228e-04 1.496786945644769092e-04 9.240493036828717390e-04 7.564831307434779616e-04
2.355519851786794889e-04 1.587193583147848350e-04 9.207740391466652562e-04 7.597253388303059837e-04
2.135226503092147962e-04 1.571635541423228074e-04 9.246794669885190091e-04 7.690116179424591383e-04
2.114378707709169353e-04 1.492227817679385947e-04 9.128026054117468775e-04 7.869497155984724089e-04
2.406630256133058653e-04 1.501272185931004156e-04 9.297174737098828868e-04 7.698004987035699312e-04
2.111688986640044804e-04 1.442039566304383590e-04 9.383915650534972730e-04 7.791986555299153325e-04
2.135155080497501694e-04 1.529836887630941480e-04 9.185248632513838855e-04 7.534707211709895788e-04
2.255698516427891219e-04 1.619620480035197574e-04 9.218183715872228269e-04 7.588886427363862380e-04
2.327030324450412126e-04 1.573522509647281729e-04 9.183903412605902558e-04 7.578682944799800892e-04
2.051551873281729898e-04 1.658919779504523773e-04 9.316507389981791782e-04 7.683738073174572808e-04
2.155435134555031646e-04 1.531165100431230953e-04 9.278239453140659952e-04 7.716682596220942074e-04
2.373027752075962751e-04 1.526203721468507018e-04 9.248005450689153863e-04 7.968367034532730479e-04
2.251759322907445886e-04 1.509695459535677657e-04 9.246866107698671665e-04 7.681837369823636729e-04
2.195866478417387180e-04 1.467454159251938819e-04 9.158903745921390333e-04 7.252885441776596789e-04
2.195836162763743348e-04 1.448402712596322717e-04 9.191757311792914239e-04 7.743136642183926334e-04
2.122409598385926544e-04 1.344679527829004942e-04 9.118757777352967707e-04 7.465833180999792906e-04
2.166189624252360150e-04 1.492669071145698507e-04 8.972567385680905051e-04 7.733455418434671651e-04
2.139045828205914882e-04 1.468573915476174558e-04 9.116601477872801444e-04 7.489593563508778386e-04
2.180209134582462751e-04 1.540652285420863749e-04 9.222429389343947360e-04 7.444817725309207067e-04
