# 'name' : 'rogers_a02_b00_d03_g00'
# 'source' : 'rogers_a02_b00_d03_g00.yaml'
# 'sample_pops' : ['X', 'D', 'Y', 'N']
# 'sample_size' : 1
# 'n_reps' : 100
# 'n_windows' : 200
# 'seq_length' : 100000000.0
# 'window_length' : 500000.0
# 'recomb_rate' : 1e-08
# 'mut_rate' : 1e-08
# 'created' : None
0.000000000000000000e+00 0.000000000000000000e+00 0.000000000000000000e+00 0.000000000000000000e+00 2.853471727850590239e-04 0.000000000000000000e+00 0.000000000000000000e+00 0.000000000000000000e+00 7.684237248232211491e-04 7.849810107077688981e-04 0.000000000000000000e+00 0.000000000000000000e+00 8.096093934411352283e-04 8.170990289497373060e-04 1.213657166705858737e-04 0.000000000000000000e+00
0.000000000000000000e+00 0.000000000000000000e+00 0.000000000000000000e+00 0.000000000000000000e+00 2.915801061922705228e-04 0.000000000000000000e+00 0.000000000000000000e+00 0.000000000000000000e+00 7.706630631938761206e-04 7.915837192145677844e-04 0.000000000000000000e+00 0.000000000000000000e+00 8.303982023495161445e-04 8.470389965002252629e-04 1.191681676492047619e-04 0.000000000000000000e+00
0.000000000000000000e+00 0.000000000000000000e+00 0.000000000000000000e+00 0.000000000000000000e+00 2.805621364287770093e-04 0.000000000000000000e+00 0.000000000000000000e+00 0.000000000000000000e+00 7.514083285576561924e-04 7.700914579551010157e-04 0.000000000000000000e+00 0.000000000000000000e+00 8.082735547377149429e-04 8.226008100661418151e-04 1.286866452678093260e-04 0.000000000000000000e+00
0.000000000000000000e+00 0.000000000000000000e+00 0.000000000000000000e+00 0.000000000000000000e+00 2.901111821246920241e-04 0.000000000000000000e+00 0.000000000000000000e+00 0.000000000000000000e+00 7.504276281273944069e-04 7.729561852505453627e-04 0.000000000000000000e+00 0.000000000000000000e+00 8.339003586819591831e-04 8.509423198498641903e-04 1.205714091343060052e-04 0.000000000000000000e+00
0.000000000000000000e+00 0.000000000000000000e+00 0.000000000000000000e+00 0.000000000000000000e+00 2.733404956509074787e-04 0.000000000000000000e+00 0.000000000000000000e+00 0.000000000000000000e+00 7.572671615497765388e-04 7.829976657762075052e-04 0.000000000000000000e+00 0.000000000000000000e+00 8.088539127233773489e-04 8.254239340865783103e-04 1.362710209589106157e-04 0.000000000000000000e+00
0.000000000000000000e+00 0.000000000000000000e+00 0.000000000000000000e+00 0.000000000000000000e+00 2.934260791186664311e-04 0.000000000000000000e+00 0.000000000000000000e+00 0.000000000000000000e+00 7.540018887940892365e-04 7.727548176091981807e-04 0.000000000000000000e+00 0.000000000000000000e+00 8.321605317261525575e-04 8.458330419216891468e-04 1.155974362438965005e-04 0.000000000000000000e+00
0.000000000000000000e+00 0.000000000000000000e+00 0.000000000000000000e+00 0.000000000000000000e+00 2.790275727708156368e-04 0.000000000000000000e+00 0.000000000000000000e+00 0.000000000000000000e+00 7.864606835294696806e-04 8.100317498505599104e-04 0.000000000000000000e+00 0.000000000000000000e+00 8.561474357491585720e-04 8.732168912151777292e-04 1.425553196993561197e-04 0.000000000000000000e+00
0.000000000000000000e+00 0.000000000000000000e+00 0.000000000000000000e+00 0.000000000000000000e+00 2.901367786598065836e-04 0.000000000000000000e+00 0.000000000000000000e+00 0.000000000000000000e+00 7.688969590804038863e-04 7.949951257776148323e-04 0.000000000000000000e+00 0.000000000000000000e+00 8.270132389457772589e-04 8.484533038829655469e-04 1.259018391078855104e-04 0.000000000000000000e+00
0.000000000000000000e+00 0.000000000000000000e+00 0.000000000000000000e+00 0.000000000000000000e+00 2.819757881548102521e-04 0.000000000000000000e+00 0.000000000000000000e+00 0.000000000000000000e+00 7.554099411080379255e-04 7.750188396258632329e-04 0.000000000000000000e+00 0.000000000000000000e+00 8.122768756257144193e-04 8.245154661871751832e-04 1.221358974261666592e-04 0.000000000000000000e+00
0.000000000000000000e+00 0.000000000000000000e+00 0.000000000000000000e+00 0.000000000000000000e+00 2.728468617113258667e-04 0.000000000000000000e+00 0.000000000000000000e+00 0.000000000000000000e+00 7.540562962740405845e-04 7.815787741778108377e-04 0.000000000000000000e+00 0.000000000000000000e+00 8.289882980701010571e-04 8.496299451979171880e-04 1.497510694294078846e-04 0.000000000000000000e+00
0.000000000000000000e+00 0.000000000000000000e+00 0.000000000000000000e+00 0.000000000000000000e+00 2.881190214304696871e-04 0.000000000000000000e+00 0.000000000000000000e+00 0.000000000000000000e+00 7.487426313309422177e-04 7.698718748852290301e-04 0.000000000000000000e+00 0.000000000000000000e+00 8.230150798227555764e-04 8.388460918917067799e-04 1.199591450798716133e-04 0.000000000000000000e+00
0.000000000000000000e+00 0.000000000000000000e+00 0.000000000000000000e+00 0.000000000000000000e+00 2.833048539101428007e-04 0.000000000000000000e+00 0.000000000000000000e+00 0.000000000000000000e+00 7.558206898035210904e-04 7.831546225747405571e-04 0.000000000000000000e+00 0.000000000000000000e+00 8.240107566761918851e-04 8.461417130926729251e-04 1.221742189583257404e-04 0.000000000000000000e+00
0.000000000000000000e+00 0.000000000000000000e+00 0.000000000000000000e+00 0.000000000000000000e+00 2.831548848297291057e-04 0.000000000000000000e+00 0.000000000000000000e+00 0.000000000000000000e+00 7.698975782574351721e-04 7.930227091467219195e-04 0.000000000000000000e+00 0.000000000000000000e+00 8.322350139314591390e-04 8.491773711453886242e-04 1.132342364885583576e-04 0.000000000000000000e+00
0.000000000000000000e+00 0.000000000000000000e+00 0.000000000000000000e+00 0.000000000000000000e+00 2.737068720974541189e-04 0.000000000000000000e+00 0.000000000000000000e+00 0.000000000000000000e+00 7.556640422529621636e-04 7.760754600089063860e-04 0.000000000000000000e+00 0.000000000000000000e+00 8.254430016845960708e-04 8.393812587854663013e-04 1.362473959518790978e-04 0.000000000000000000e+00
0.000000000000000000e+00 0.000000000000000000e+00 0.000000000000000000e+00 0.000000000000000000e+00 2.822453190064548026e-04 0.000000000000000000e+00 0.000000000000000000e+00 0.000000000000000000e+00 7.607984026326683382e-04 7.800554022076397909e-04 0.000000000000000000e+00 0.000000000000000000e+00 8.310531563674888357e-04 8.447491141034059762e-04 1.285303992914681257e-04 0.000000000000000000e+00
0.000000000000000000e+00 0.000000000000000000e+00 0.000000000000000000e+00 0.000000000000000000e+00 2.896810563569256571e-04 0.000000000000000000e+00 0.000000000000000000e+00 0.000000000000000000e+00 7.690484426802636888e-04 7.878578925830896770e-04 0.000000000000000000e+00 0.000000000000000000e+00 8.428870191696047690e-04 8.551759398832329932e-04 1.201886619377661239e-04 0.000000000000000000e+00
0.000000000000000000e+00 0.000000000000000000e+00 0.000000000000000000e+00 0.000000000000000000e+00 2.833600187231320104e-04 0.000000000000000000e+00 0.000000000000000000e+00 0.000000000000000000e+00 7.666751166914885854e-04 7.876967059789152488e-04 0.000000000000000000e+00 0.000000000000000000e+00 8.286648867522087777e-04 8.443436495833077197e-04 1.452450951708974310e-04 0.000000000000000000e+00
0.000000000000000000e+00 0.000000000000000000e+00 0.000000000000000000e+00 0.000000000000000000e+00 2.736843279257931863e-04 0.000000000000000000e+00 0.000000000000000000e+00 0.000000000000000000e+00 7.601281546947874675e-04 7.817829353809430202e-04 0.000000000000000000e+00 0.000000000000000000e+00 8.211448402457948142e-04 8.376098391660781071e-04 1.352322093956004096e-04 0.000000000000000000e+00
0.000000000000000000e+00 0.000000000000000000e+00 0.000000000000000000e+00 0.000000000000000000e+00 2.736682834039900233e-04 0.000000000000000000e+00 0.000000000000000000e+00 0.000000000000000000e+00 7.685497551456000123e-04 7.866716846448261469e-04 0.000000000000000000e+00 0.000000000000000000e+00 8.156506210088728098e-04 8.281109859128274638e-04 1.109227165344881080e-04 0.000000000000000000e+00
0.000000000000000000e+00 0.000000000000000000e+00 0.000000000000000000e+00 0.000000000000000000e+00 2.868348613429881708e-04 0.000000000000000000e+00 0.000000000000000000e+00 0.000000000000000000e+00 7.697254195997599606e-04 7.916119703228644911e-04 0.000000000000000000e+00 0.000000000000000000e+00 8.337338239453759249e-04 8.462911519984825858e-04 1.160733720044875695e-04 0.000000000000000000e+00
0.000000000000000000e+00 0.000000000000000000e+00 0.000000000000000000e+00 0.000000000000000000e+00 2.709210602540749807e-04 0.000000000000000000e+00 0.000000000000000000e+00 0.000000000000000000e+00 7.617299317589927132e-04 7.812848586165387988e-04 0.000000000000000000e+00 0.000000000000000000e+00 8.137987822909343054e-04 8.292681489151294437e-04 1.210059917464936146e-04 0.000000000000000000e+00
0.000000000000000000e+00 0.000000000000000000e+00 0.000000000000000000e+00 0.000000000000000000e+00 2.855563016666337996e-04 0.000000000000000000e+00 0.000000000000000000e+00 0.000000000000000000e+00 7.616341851816606614e-04 7.841824060309345902e-04 0.000000000000000000e+00 0.000000000000000000e+00 8.179773660273643478e-04 8.350273613869520608e-04 1.253438077771141146e-04 0.000000000000000000e+00
0.000000000000000000e+00 0.000000000000000000e+00 0.000000000000000000e+00 0.000000000000000000e+00 2.718651516589247713e-04 0.000000000000000000e+00 0.000000000000000000e+00 0.000000000000000000e+00 7.708985221613890012e-04 7.888837317688023347e-04 0.000000000000000000e+00 0.000000000000000000e+00 8.084583711746379719e-04 8.203467433103086041e-04 1.238749163575467009e-04 0.000000000000000000e+00
0.000000000000000000e+00 0.000000000000000000e+00 0.000000000000000000e+00 0.000000000000000000e+00 2.758327989296625502e-04 0.000000000000000000e+00 0.000000000000000000e+00 0.000000000000000000e+00 7.475214287074558343e-04 7.672614521036112602e-04 0.000000000000000000e+00 0.000000000000000000e+00 8.081408750116017472e-04 8.235029914112437267e-04 1.230741943736449000e-04 0.000000000000000000e+00
0.000000000000000000e+00 0.000000000000000000e+00 0.000000000000000000e+00 0.000000000000000000e+00 2.850836920102885305e-04 0.000000000000000000e+00 0.000000000000000000e+00 0.000000000000000000e+00 7.556388280842955699e-04 7.775697949061554206e-04 0.000000000000000000e+00 0.000000000000000000e+00 8.240363618972504443e-04 8.407034390961707097e-04 1.297380408666462320e-04 0.000000000000000000e+00
0.000000000000000000e+00 0.000000000000000000e+00 0.000000000000000000e+00 0.000000000000000000e+00 2.770110830399970464e-04 0.000000000000000000e+00 0.000000000000000000e+00 0.000000000000000000e+00 7.573807936439526291e-04 7.815225025961861213e-04 0.000000000000000000e+00 0.000000000000000000e+00 8.288707203000586369e-04 8.454284900864428472e-04 1.319199148105970750e-04 0.000000000000000000e+00
0.000000000000000000e+00 0.000000000000000000e+00 0.000000000000000000e+00 0.000000000000000000e+00 2.825652056672529520e-04 0.000000000000000000e+00 0.000000000000000000e+00 0.000000000000000000e+00 7.729692337774013867e-04 7.927812302251092654e-04 0.000000000000000000e+00 0.000000000000000000e+00 8.378562413841090942e-04 8.523938839645979265e-04 1.137704317403883303e-04 0.000000000000000000e+00
0.000000000000000000e+00 0.000000000000000000e+00 0.000000000000000000e+00 0.000000000000000000e+00 2.822392883605225186e-04 0.000000000000000000e+00 0.000000000000000000e+00 0.000000000000000000e+00 7.635379089729821744e-04 7.891357715492366628e-04 0.000000000000000000e+00 0.000000000000000000e+00 8.316089201074254285e-04 8.526764940831044193e-04 1.282572235756753365e-04 0.000000000000000000e+00
0.000000000000000000e+00 0.000000000000000000e+00 0.000000000000000000e+00 0.000000000000000000e+00 2.852960566738800400e-04 0.000000000000000000e+00 0.000000000000000000e+00 0.000000000000000000e+00 7.619107344175287191e-04 7.842791177506306744e-04 0.000000000000000000e+00 0.000000000000000000e+00 8.046676329033701329e-04 8.176203978069104816e-04 1.224065989856917825e-04 0.000000000000000000e+00
0.000000000000000000e+00 0.000000000000000000e+00 0.000000000000000000e+00 0.000000000000000000e+00 2.803654538164851266e-04 0.000000000000000000e+00 0.000000000000000000e+00 0.000000000000000000e+00 7.621346094504842517e-04 7.826316822624651602e-04 0.000000000000000000e+00 0.000000000000000000e+00 8.105322437369535645e-04 8.252483190269588190e-04 1.091902877921608467e-04 0.000000000000000000e+00
0.000000000000000000e+00 0.000000000000000000e+00 0.000000000000000000e+00 0.000000000000000000e+00 2.763172104159158015e-04 0.000000000000000000e+00 0.000000000000000000e+00 0.000000000000000000e+00 7.586932681943974171e-04 7.775011153343136007e-04 0.000000000000000000e+00 0.000000000000000000e+00 8.219743371016296520e-04 8.354933292024862125e-04 1.311682049743994347e-04 0.000000000000000000e+00
0.000000000000000000e+00 0.000000000000000000e+00 0.000000000000000000e+00 0.000000000000000000e+00 2.824626895103971632e-04 0.000000000000000000e+00 0.000000000000000000e+00 0.000000000000000000e+00 7.590205967468781562e-04 7.846793989326170159e-04 0.000000000000000000e+00 0.000000000000000000e+00 7.996678720595701718e-04 8.171557465337351851e-04 1.323664002674098468e-04 0.000000000000000000e+00
0.000000000000000000e+00 0.000000000000000000e+00 0.000000000000000000e+00 0.000000000000000000e+00 2.824923239950220192e-04 0.000000000000000000e+00 0.000000000000000000e+00 0.000000000000000000e+00 7.745250862259624343e-04 7.995937006184685412e-04 0.000000000000000000e+00 0.000000000000000000e+00 8.428695668719148569e-04 8.622792780155741875e-04 1.353533324686785676e-04 0.000000000000000000e+00
0.000000000000000000e+00 0.000000000000000000e+00 0.000000000000000000e+00 0.000000000000000000e+00 2.756929003145109475e-04 0.000000000000000000e+00 0.000000000000000000e+00 0.000000000000000000e+00 7.523181020804177704e-04 7.818232484225983141e-04 0.000000000000000000e+00 0.000000000000000000e+00 8.245802232427628135e-04 8.478399567835823462e-04 1.318482742784102886e-04 0.000000000000000000e+00
0.000000000000000000e+00 0.000000000000000000e+00 0.000000000000000000e+00 0.000000000000000000e+00 2.723762092557428967e-04 0.000000000000000000e+00 0.000000000000000000e+00 0.000000000000000000e+00 7.623381523722675725e-04 7.836786512870444780e-04 0.000000000000000000e+00 0.000000000000000000e+00 8.097796307869691533e-04 8.252891889280178622e-04 1.260546176674532998e-04 0.000000000000000000e+00
0.000000000000000000e+00 0.000000000000000000e+00 0.000000000000000000e+00 0.000000000000000000e+00 2.783990994416735121e-04 0.000000000000000000e+00 0.000000000000000000e+00 0.000000000000000000e+00 7.533542606738977479e-04 7.746414276128279174e-04 0.000000000000000000e+00 0.000000000000000000e+00 8.380919028252076155e-04 8.561238093002473439e-04 1.272428547811638589e-04 0.000000000000000000e+00
0.000000000000000000e+00 0.000000000000000000e+00 0.000000000000000000e+00 0.000000000000000000e+00 2.749507169142967962e-04 0.000000000000000000e+00 0.000000000000000000e+00 0.000000000000000000e+00 7.495459425534665987e-04 7.732951700944658713e-04 0.000000000000000000e+00 0.000000000000000000e+00 8.153106885112442999e-04 8.336245718430483230e-04 1.289892957763799316e-04 0.000000000000000000e+00
0.000000000000000000e+00 0.000000000000000000e+00 0.000000000000000000e+00 0.000000000000000000e+00 2.895775201372789600e-04 0.000000000000000000e+00 0.000000000000000000e+00 0.000000000000000000e+00 7.766590552873191755e-04 8.013117309710213144e-04 0.000000000000000000e+00 0.000000000000000000e+00 8.340840069928199705e-04 8.531429636294670044e-04 1.268127580622154763e-04 0.000000000000000000e+00
0.000000000000000000e+00 0.000000000000000000e+00 0.000000000000000000e+00 0.000000000000000000e+00 2.834545942856530644e-04 0.000000000000000000e+00 0.000000000000000000e+00 0.000000000000000000e+00 7.621842375022804894e-04 7.835482394307240672e-04 0.000000000000000000e+00 0.000000000000000000e+00 8.094159712517996503e-04 8.216997182427386755e-04 1.246733436323578699e-04 0.000000000000000000e+00
0.000000000000000000e+00 0.000000000000000000e+00 0.000000000000000000e+00 0.000000000000000000e+00 2.721690542798172970e-04 0.000000000000000000e+00 0.000000000000000000e+00 0.000000000000000000e+00 7.591442728941253824e-04 7.791661032368542598e-04 0.000000000000000000e+00 0.000000000000000000e+00 8.096178611621832272e-04 8.239864274181880497e-04 1.140070295832821347e-04 0.000000000000000000e+00
0.000000000000000000e+00 0.000000000000000000e+00 0.000000000000000000e+00 0.000000000000000000e+00 2.742792498554707257e-04 0.000000000000000000e+00 0.000000000000000000e+00 0.000000000000000000e+00 7.680307031693008393e-04 7.880643667762639781e-04 0.000000000000000000e+00 0.000000000000000000e+00 8.282534083241075307e-04 8.432886500334858945e-04 1.147032542261417414e-04 0.000000000000000000e+00
0.000000000000000000e+00 0.000000000000000000e+00 0.000000000000000000e+00 0.000000000000000000e+00 2.721808848673468346e-04 0.000000000000000000e+00 0.000000000000000000e+00 0.000000000000000000e+00 7.392108050961462362e-04 7.592513419166584641e-04 0.000000000000000000e+00 0.000000000000000000e+00 8.071749902431073686e-04 8.217477322161131047e-04 1.166256172928646130e-04 0.000000000000000000e+00
0.000000000000000000e+00 0.000000000000000000e+00 0.000000000000000000e+00 0.000000000000000000e+00 2.813272253713331394e-04 0.000000000000000000e+00 0.000000000000000000e+00 0.000000000000000000e+00 7.595595470016194926e-04 7.747250879487631607e-04 0.000000000000000000e+00 0.000000000000000000e+00 8.197887827397611418e-04 8.289569755826670019e-04 1.290308186758335352e-04 0.000000000000000000e+00
0.000000000000000000e+00 0.000000000000000000e+00 0.000000000000000000e+00 0.000000000000000000e+00 2.873357947846238557e-04 0.000000000000000000e+00 0.000000000000000000e+00 0.000000000000000000e+00 7.728728079491247816e-04 7.939664186794422518e-04 0.000000000000000000e+00 0.000000000000000000e+00 8.204020358880904831e-04 8.337258613505603259e-04 1.134771648863047759e-04 0.000000000000000000e+00
0.000000000000000000e+00 0.000000000000000000e+00 0.000000000000000000e+00 0.000000000000000000e+00 2.869772270787667064e-04 0.000000000000000000e+00 0.000000000000000000e+00 0.000000000000000000e+00 7.542734440433062140e-04 7.751795096594034113e-04 0.000000000000000000e+00 0.000000000000000000e+00 8.264871044688853552e-04 8.428125455412703278e-04 1.202734580012202744e-04 0.000000000000000000e+00
0.000000000000000000e+00 0.000000000000000000e+00 0.000000000000000000e+00 0.000000000000000000e+00 2.847380963586474442e-04 0.000000000000000000e+00 0.000000000000000000e+00 0.000000000000000000e+00 7.639054797172876478e-04 7.890294756417618816e-04 0.000000000000000000e+00 0.000000000000000000e+00 8.379062809452719534e-04 8.582959572895748884e-04 1.351867720539655479e-04 0.000000000000000000e+00
0.000000000000000000e+00 0.000000000000000000e+00 0.000000000000000000e+00 0.000000000000000000e+00 2.831220986601388329e-04 0.000000000000000000e+00 0.000000000000000000e+00 0.000000000000000000e+00 7.771240010086967291e-04 7.987652277645907167e-04 0.000000000000000000e+00 0.000000000000000000e+00 8.315204941522179316e-04 8.500604832395239471e-04 1.271074822233774415e-04 0.000000000000000000e+00
0.000000000000000000e+00 0.000000000000000000e+00 0.000000000000000000e+00 0.000000000000000000e+00 2.849578074094345748e-04 0.000000000000000000e+00 0.000000000000000000e+00 0.000000000000000000e+00 7.802200923863373844e-04 8.050029455716572980e-04 0.000000000000000000e+00 0.000000000000000000e+00 8.530683451643152190e-04 8.720195826324484995e-04 1.368297400787041719e-04 0.000000000000000000e+00
0.000000000000000000e+00 0.000000000000000000e+00 0.000000000000000000e+00 0.000000000000000000e+00 2.827431843873335943e-04 0.000000000000000000e+00 0.000000000000000000e+00 0.000000000000000000e+00 7.614376556768675175e-04 7.831184896871417125e-04 0.000000000000000000e+00 0.000000000000000000e+00 8.195773129676056515e-04 8.362551791512552951e-04 1.146484473335358453e-04 0.000000000000000000e+00
0.000000000000000000e+00 0.000000000000000000e+00 0.000000000000000000e+00 0.000000000000000000e+00 2.805186531689157639e-04 0.000000000000000000e+00 0.000000000000000000e+00 0.000000000000000000e+00 7.698420380002342182e-04 7.838127593094776488e-04 0.000000000000000000e+00 0.000000000000000000e+00 8.355318305649908411e-04 8.445403966940983210e-04 1.251535211975941700e-04 0.000000000000000000e+00
0.000000000000000000e+00 0.000000000000000000e+00 0.000000000000000000e+00 0.000000000000000000e+00 2.708274498353746931e-04 0.000000000000000000e+00 0.000000000000000000e+00 0.000000000000000000e+00 7.433428051795316904e-04 7.692131355447080895e-04 0.000000000000000000e+00 0.000000000000000000e+00 8.098945354126913096e-04 8.296785158409770641e-04 1.173070632794378897e-04 0.000000000000000000e+00
0.000000000000000000e+00 0.000000000000000000e+00 0.000000000000000000e+00 0.000000000000000000e+00 2.804478110417762938e-04 0.000000000000000000e+00 0.000000000000000000e+00 0.000000000000000000e+00 7.609177275112509551e-04 7.805321850556056189e-04 0.000000000000000000e+00 0.000000000000000000e+00 8.205410729931520396e-04 8.342379223058613924e-04 1.337539554783077661e-04 0.000000000000000000e+00
0.000000000000000000e+00 0.000000000000000000e+00 0.000000000000000000e+00 0.000000000000000000e+00 2.781957527324606882e-04 0.000000000000000000e+00 0.000000000000000000e+00 0.000000000000000000e+00 7.529501344833132177e-04 7.776612870816228176e-04 0.000000000000000000e+00 0.000000000000000000e+00 8.117381434478600352e-04 8.279519606514754160e-04 1.350923893259909747e-04 0.000000000000000000e+00
0.000000000000000000e+00 0.000000000000000000e+00 0.000000000000000000e+00 0.000000000000000000e+00 2.761490251525487195e-04 0.000000000000000000e+00 0.000000000000000000e+00 0.000000000000000000e+00 7.518404956465421854e-04 7.749747315536458913e-04 0.000000000000000000e+00 0.000000000000000000e+00 8.157476611738210094e-04 8.327191679442989781e-04 1.232535296000733028e-04 0.000000000000000000e+00
0.000000000000000000e+00 0.000000000000000000e+00 0.000000000000000000e+00 0.000000000000000000e+00 2.845623171108267236e-04 0.000000000000000000e+00 0.000000000000000000e+00 0.000000000000000000e+00 7.638935096515913009e-04 7.836059559582467422e-04 0.000000000000000000e+00 0.000000000000000000e+00 8.342348507020004838e-04 8.438117099559069726e-04 1.363559278637001032e-04 0.000000000000000000e+00
0.000000000000000000e+00 0.000000000000000000e+00 0.000000000000000000e+00 0.000000000000000000e+00 2.754116540967336819e-04 0.000000000000000000e+00 0.000000000000000000e+00 0.000000000000000000e+00 7.631471995149598274e-04 7.823083808311783382e-04 0.000000000000000000e+00 0.000000000000000000e+00 8.250078732712644346e-04 8.380431498545427415e-04 1.166634371704281989e-04 0.000000000000000000e+00
0.000000000000000000e+00 0.000000000000000000e+00 0.000000000000000000e+00 0.000000000000000000e+00 2.859239913865728173e-04 0.000000000000000000e+00 0.000000000000000000e+00 0.000000000000000000e+00 7.607919648128965958e-04 7.886783002822505759e-04 0.000000000000000000e+00 0.000000000000000000e+00 8.331499016577005850e-04 8.545488017880830886e-04 1.320214730064141629e-04 0.000000000000000000e+00
0.000000000000000000e+00 0.000000000000000000e+00 0.000000000000000000e+00 0.000000000000000000e+00 2.766288175162119069e-04 0.000000000000000000e+00 0.000000000000000000e+00 0.000000000000000000e+00 7.451264507517660254e-04 7.666977979525136299e-04 0.000000000000000000e+00 0.000000000000000000e+00 7.979105669200023529e-04 8.127524730167285695e-04 1.142661039889952509e-04 0.000000000000000000e+00
0.000000000000000000e+00 0.000000000000000000e+00 0.000000000000000000e+00 0.000000000000000000e+00 2.858679257280723023e-04 0.000000000000000000e+00 0.000000000000000000e+00 0.000000000000000000e+00 7.787237876535609091e-04 7.976834131153558204e-04 0.000000000000000000e+00 0.000000000000000000e+00 8.512171922076178015e-04 8.652133943758345998e-04 1.125687564533089111e-04 0.000000000000000000e+00
0.000000000000000000e+00 0.000000000000000000e+00 0.000000000000000000e+00 0.000000000000000000e+00 2.740096781786934585e-04 0.000000000000000000e+00 0.000000000000000000e+00 0.000000000000000000e+00 7.610843638496483064e-04 7.821482259768957040e-04 0.000000000000000000e+00 0.000000000000000000e+00 8.141067517886982309e-04 8.286172696071799227e-04 1.232761358663792537e-04 0.000000000000000000e+00
0.000000000000000000e+00 0.000000000000000000e+00 0.000000000000000000e+00 0.000000000000000000e+00 2.836170338322849065e-04 0.000000000000000000e+00 0.000000000000000000e+00 0.000000000000000000e+00 7.653542786126641805e-04 7.861307843058028223e-04 0.000000000000000000e+00 0.000000000000000000e+00 8.336330368232783327e-04 8.489479280063278854e-04 1.339027226799801825e-04 0.000000000000000000e+00
0.000000000000000000e+00 0.000000000000000000e+00 0.000000000000000000e+00 0.000000000000000000e+00 2.933497451080417672e-04 0.000000000000000000e+00 0.000000000000000000e+00 0.000000000000000000e+00 7.779666349844922314e-04 8.024073526125249977e-04 0.000000000000000000e+00 0.000000000000000000e+00 8.187005618854104917e-04 8.366242199741075105e-04 1.190934127483905531e-04 0.000000000000000000e+00
0.000000000000000000e+00 0.000000000000000000e+00 0.000000000000000000e+00 0.000000000000000000e+00 2.792769649682374914e-04 0.000000000000000000e+00 0.000000000000000000e+00 0.000000000000000000e+00 7.692041366585313910e-04 7.881051991484305927e-04 0.000000000000000000e+00 0.000000000000000000e+00 8.142789235623671936e-04 8.268150457876606140e-04 1.430548590582319016e-04 0.000000000000000000e+00
0.000000000000000000e+00 0.000000000000000000e+00 0.000000000000000000e+00 0.000000000000000000e+00 2.828580254597589023e-04 0.000000000000000000e+00 0.000000000000000000e+00 0.000000000000000000e+00 7.473478777736099676e-04 7.799175969860011950e-04 0.000000000000000000e+00 0.000000000000000000e+00 7.927074754693369963e-04 8.137745487286157870e-04 1.155711502405084245e-04 0.000000000000000000e+00
0.000000000000000000e+00 0.000000000000000000e+00 0.000000000000000000e+00 0.000000000000000000e+00 2.799598944962133538e-04 0.000000000000000000e+00 0.000000000000000000e+00 0.000000000000000000e+00 7.343444426548062032e-04 7.572358139662930046e-04 0.000000000000000000e+00 0.000000000000000000e+00 8.063447942504825116e-04 8.228976283097017442e-04 1.304222998589123781e-04 0.000000000000000000e+00
0.000000000000000000e+00 0.000000000000000000e+00 0.000000000000000000e+00 0.000000000000000000e+00 2.805837845382955415e-04 0.000000000000000000e+00 0.000000000000000000e+00 0.000000000000000000e+00 7.742014284055136154e-04 7.922486736634424750e-04 0.000000000000000000e+00 0.000000000000000000e+00 8.353141355280468798e-04 8.500195459740067083e-04 1.287485316532051922e-04 0.000000000000000000e+00
0.000000000000000000e+00 0.000000000000000000e+00 0.000000000000000000e+00 0.000000000000000000e+00 2.742925265489154539e-04 0.000000000000000000e+00 0.000000000000000000e+00 0.000000000000000000e+00 7.648660222640674394e-04 7.841590612777904435e-04 0.000000000000000000e+00 0.000000000000000000e+00 8.204458558611553258e-04 8.306236199933285467e-04 1.336025450689478755e-04 0.000000000000000000e+00
0.000000000000000000e+00 0.000000000000000000e+00 0.000000000000000000e+00 0.000000000000000000e+00 2.752682376357579760e-04 0.000000000000000000e+00 0.000000000000000000e+00 0.000000000000000000e+00 7.400525554641848970e-04 7.597859268337566786e-04 0.000000000000000000e+00 0.000000000000000000e+00 8.189016724976431018e-04 8.346847681050174493e-04 1.262351153515517833e-04 0.000000000000000000e+00
0.000000000000000000e+00 0.000000000000000000e+00 0.000000000000000000e+00 0.000000000000000000e+00 2.850190682076756354e-04 0.000000000000000000e+00 0.000000000000000000e+00 0.000000000000000000e+00 7.621740582105457698e-04 7.841789451878282457e-04 0.000000000000000000e+00 0.000000000000000000e+00 8.111566860794171795e-04 8.279087757336879268e-04 1.127565161173534205e-04 0.000000000000000000e+00
0.000000000000000000e+00 0.000000000000000000e+00 0.000000000000000000e+00 0.000000000000000000e+00 2.827549971704942044e-04 0.000000000000000000e+00 0.000000000000000000e+00 0.000000000000000000e+00 7.700425126771912520e-04 7.923480685438819525e-04 0.000000000000000000e+00 0.000000000000000000e+00 8.225363753149409233e-04 8.374486983054140040e-04 1.337043596235187957e-04 0.000000000000000000e+00
0.000000000000000000e+00 0.000000000000000000e+00 0.000000000000000000e+00 0.000000000000000000e+00 2.766740910768490528e-04 0.000000000000000000e+00 0.000000000000000000e+00 0.000000000000000000e+00 7.677627513879733924e-04 7.898130831908904779e-04 0.000000000000000000e+00 0.000000000000000000e+00 8.343122859099818102e-04 8.503759171618151388e-04 1.339019461017919527e-04 0.000000000000000000e+00
0.000000000000000000e+00 0.000000000000000000e+00 0.000000000000000000e+00 0.000000000000000000e+00 2.837389099157734923e-04 0.000000000000000000e+00 0.000000000000000000e+00 0.000000000000000000e+00 7.574476767178452401e-04 7.845445529419270295e-04 0.000000000000000000e+00 0.000000000000000000e+00 8.206714035682968669e-04 8.425662114752366242e-04 1.182725284765277660e-04 0.000000000000000000e+00
0.000000000000000000e+00 0.000000000000000000e+00 0.000000000000000000e+00 0.000000000000000000e+00 2.801235108230154666e-04 0.000000000000000000e+00 0.000000000000000000e+00 0.000000000000000000e+00 7.709452589264216300e-04 7.950007885931649693e-04 0.000000000000000000e+00 0.000000000000000000e+00 8.421866106946700485e-04 8.623263659148229206e-04 1.387145614575873592e-04 0.000000000000000000e+00
0.000000000000000000e+00 0.000000000000000000e+00 0.000000000000000000e+00 0.000000000000000000e+00 2.798967095978210050e-04 0.000000000000000000e+00 0.000000000000000000e+00 0.000000000000000000e+00 7.696377065818506367e-04 7.904610382055040881e-04 0.000000000000000000e+00 0.000000000000000000e+00 8.195206542007656223e-04 8.320541589128899402e-04 1.236203256145747037e-04 0.000000000000000000e+00
0.000000000000000000e+00 0.000000000000000000e+00 0.000000000000000000e+00 0.000000000000000000e+00 2.811359181327864978e-04 0.000000000000000000e+00 0.000000000000000000e+00 0.000000000000000000e+00 7.537473996231522019e-04 7.753664818884018926e-04 0.000000000000000000e+00 0.000000000000000000e+00 8.182434481287928279e-04 8.332139347005498896e-04 1.169838923020299004e-04 0.000000000000000000e+00
0.000000000000000000e+00 0.000000000000000000e+00 0.000000000000000000e+00 0.000000000000000000e+00 2.846185389555505357e-04 0.000000000000000000e+00 0.000000000000000000e+00 0.000000000000000000e+00 7.651257480123483138e-04 7.921720557305500076e-04 0.000000000000000000e+00 0.000000000000000000e+00 8.091981359347301742e-04 8.301641903060252674e-04 1.254044671925520814e-04 0.000000000000000000e+00
0.000000000000000000e+00 0.000000000000000000e+00 0.000000000000000000e+00 0.000000000000000000e+00 2.805945656769311364e-04 0.000000000000000000e+00 0.000000000000000000e+00 0.000000000000000000e+00 7.841775212420313591e-04 8.022122043415730232e-04 0.000000000000000000e+00 0.000000000000000000e+00 8.391393007586508707e-04 8.520741974209983596e-04 1.197858076758942161e-04 0.000000000000000000e+00
0.000000000000000000e+00 0.000000000000000000e+00 0.000000000000000000e+00 0.000000000000000000e+00 2.820416682762369389e-04 0.000000000000000000e+00 0.000000000000000000e+00 0.000000000000000000e+00 7.619096999933104531e-04 7.771187124220392583e-04 0.000000000000000000e+00 0.000000000000000000e+00 8.223018409818921978e-04 8.350815701307654024e-04 1.316776362551514226e-04 0.000000000000000000e+00
0.000000000000000000e+00 0.000000000000000000e+00 0.000000000000000000e+00 0.000000000000000000e+00 2.788770481070792129e-04 0.000000000000000000e+00 0.000000000000000000e+00 0.000000000000000000e+00 7.626980948634674721e-04 7.840271940738923395e-04 0.000000000000000000e+00 0.000000000000000000e+00 8.310844847412354871e-04 8.472675568147968166e-04 1.087993645187957357e-04 0.000000000000000000e+00
0.000000000000000000e+00 0.000000000000000000e+00 0.000000000000000000e+00 0.000000000000000000e+00 2.837610163146607727e-04 0.000000000000000000e+00 0.000000000000000000e+00 0.000000000000000000e+00 7.602290978357333995e-04 7.809717060610304844e-04 0.000000000000000000e+00 0.000000000000000000e+00 8.414985693132874707e-04 8.561896800166959864e-04 1.185832395146187092e-04 0.000000000000000000e+00
0.000000000000000000e+00 0.000000000000000000e+00 0.000000000000000000e+00 0.000000000000000000e+00 2.801627414813576285e-04 0.000000000000000000e+00 0.000000000000000000e+00 0.000000000000000000e+00 7.637969697896547939e-04 7.842098798312947469e-04 0.000000000000000000e+00 0.000000000000000000e+00 8.376409127873184505e-04 8.536028920347779299e-04 1.406012020787151347e-04 0.000000000000000000e+00
0.000000000000000000e+00 0.000000000000000000e+00 0.000000000000000000e+00 0.000000000000000000e+00 2.858723487630034522e-04 0.000000000000000000e+00 0.000000000000000000e+00 0.000000000000000000e+00 7.686092576802921019e-04 7.862193503647675824e-04 0.000000000000000000e+00 0.000000000000000000e+00 8.134838146570636409e-04 8.261632332992474180e-04 1.133159341801831830e-04 0.000000000000000000e+00
0.000000000000000000e+00 0.000000000000000000e+00 0.000000000000000000e+00 0.000000000000000000e+00 2.882499738121040590e-04 0.000000000000000000e+00 0.000000000000000000e+00 0.000000000000000000e+00 7.762302709696571263e-04 7.983449495179958987e-04 0.000000000000000000e+00 0.000000000000000000e+00 8.272385256029065725e-04 8.431661636701854885e-04 1.185974954798905859e-04 0.000000000000000000e+00
0.000000000000000000e+00 0.000000000000000000e+00 0.000000000000000000e+00 0.000000000000000000e+00 2.723518967809365602e-04 0.000000000000000000e+00 0.000000000000000000e+00 0.000000000000000000e+00 7.537426432061705706e-04 7.773420797124927766e-04 0.000000000000000000e+00 0.000000000000000000e+00 8.097932631523394953e-04 8.268291611349999366e-04 1.079016549857758308e-04 0.000000000000000000e+00
0.000000000000000000e+00 0.000000000000000000e+00 0.000000000000000000e+00 0.000000000000000000e+00 2.901962199175334004e-04 0.000000000000000000e+00 0.000000000000000000e+00 0.000000000000000000e+00 7.750711849001549808e-04 7.922334165161553764e-04 0.000000000000000000e+00 0.000000000000000000e+00 8.176524654559936102e-04 8.272407408997108601e-04 1.340568584643353088e-04 0.000000000000000000e+00
0.000000000000000000e+00 0.000000000000000000e+00 0.000000000000000000e+00 0.000000000000000000e+00 2.856051918519878288e-04 0.000000000000000000e+00 0.000000000000000000e+00 0.000000000000000000e+00 7.649186100167008461e-04 7.830636986727670685e-04 0.000000000000000000e+00 0.000000000000000000e+00 8.285933505322571647e-04 8.413239513978995306e-04 1.158452693340865136e-04 0.000000000000000000e+00
0.000000000000000000e+00 0.000000000000000000e+00 0.000000000000000000e+00 0.000000000000000000e+00 2.850156572716414181e-04 0.000000000000000000e+00 0.000000000000000000e+00 0.000000000000000000e+00 7.618778453357806469e-04 7.813153240080223261e-04 0.000000000000000000e+00 0.000000000000000000e+00 8.167328661053938109e-04 8.269255404427939800e-04 1.327718335757992131e-04 0.000000000000000000e+00
0.000000000000000000e+00 0.000000000000000000e+00 0.000000000000000000e+00 0.000000000000000000e+00 2.842176467745530428e-04 0.000000000000000000e+00 0.000000000000000000e+00 0.000000000000000000e+00 7.664427585811381090e-04 7.887445279438335842e-04 0.000000000000000000e+00 0.000000000000000000e+00 8.276079309627249391e-04 8.448480075349085010e-04 1.403388159574279776e-04 0.000000000000000000e+00
0.000000000000000000e+00 0.000000000000000000e+00 0.000000000000000000e+00 0.000000000000000000e+00 2.822548486079160999e-04 0.000000000000000000e+00 0.000000000000000000e+00 0.000000000000000000e+00 7.749279950236053014e-04 8.004434844343044858e-04 0.000000000000000000e+00 0.000000000000000000e+00 8.445442409203866374e-04 8.672389312651167725e-04 1.334405949773778547e-04 0.000000000000000000e+00
0.000000000000000000e+00 0.000000000000000000e+00 0.000000000000000000e+00 0.000000000000000000e+00 2.898708305874412336e-04 0.000000000000000000e+00 0.000000000000000000e+00 0.000000000000000000e+00 7.674488065974004181e-04 7.931764827187519438e-04 0.000000000000000000e+00 0.000000000000000000e+00 8.197708442435024112e-04 8.397933696020960272e-04 1.204311795868318687e-04 0.000000000000000000e+00
0.000000000000000000e+00 0.000000000000000000e+00 0.000000000000000000e+00 0.000000000000000000e+00 2.921381634761418037e-04 0.000000000000000000e+00 0.000000000000000000e+00 0.000000000000000000e+00 7.698584462333144061e-04 7.965563966349217600e-04 0.000000000000000000e+00 0.000000000000000000e+00 8.429553717671825182e-04 8.648944176590397893e-04 1.393874864399392312e-04 0.000000000000000000e+00
0.000000000000000000e+00 0.000000000000000000e+00 0.000000000000000000e+00 0.000000000000000000e+00 2.750375094150519736e-04 0.000000000000000000e+00 0.000000000000000000e+00 0.000000000000000000e+00 7.590539009212324576e-04 7.850788661549944420e-04 0.000000000000000000e+00 0.000000000000000000e+00 8.317643473608852004e-04 8.511998105362626396e-04 1.440071116765238824e-04 0.000000000000000000e+00
0.000000000000000000e+00 0.000000000000000000e+00 0.000000000000000000e+00 0.000000000000000000e+00 2.704529022706649933e-04 0.000000000000000000e+00 0.000000000000000000e+00 0.000000000000000000e+00 7.625227813200711026e-04 7.832723369044675447e-04 0.000000000000000000e+00 0.000000000000000000e+00 8.350895148668538090e-04 8.504951305991038457e-04 1.343854492263671190e-04 0.000000000000000000e+00
0.000000000000000000e+00 0.000000000000000000e+00 0.000000000000000000e+00 0.000000000000000000e+00 2.807088181401746498e-04 0.000000000000000000e+00 0.000000000000000000e+00 0.000000000000000000e+00 7.658180300980792264e-04 7.877505962203737834e-04 0.000000000000000000e+00 0.000000000000000000e+00 8.167382872532551576e-04 8.317629452324066652e-04 1.228419247433612841e-04 0.000000000000000000e+00
0.000000000000000000e+00 0.000000000000000000e+00 0.000000000000000000e+00 0.000000000000000000e+00 2.839028690726222372e-04 0.000000000000000000e+00 0.000000000000000000e+00 0.000000000000000000e+00 7.720108564126240344e-04 7.951747129910784499e-04 0.000000000000000000e+00 0.000000000000000000e+00 8.104436042982523809e-04 8.248134011305445577e-04 1.180790715425526630e-04 0.000000000000000000e+00
0.000000000000000000e+00 0.000000000000000000e+00 0.000000000000000000e+00 0.000000000000000000e+00 2.777013422745754252e-04 0.000000000000000000e+00 0.000000000000000000e+00 0.000000000000000000e+00 7.573408153913950384e-04 7.796004387297085720e-04 0.000000000000000000e+00 0.000000000000000000e+00 8.065036113722871868e-04 8.226028323693015997e-04 1.064989472321723201e-04 0.000000000000000000e+00
0.000000000000000000e+00 0.000000000000000000e+00 0.000000000000000000e+00 0.000000000000000000e+00 2.836174650381448250e-04 0.000000000000000000e+00 0.000000000000000000e+00 0.000000000000000000e+00 7.470118836632048996e-04 7.696661817460907383e-04 0.000000000000000000e+00 0.000000000000000000e+00 8.267012590241429532e-04 8.445786855972082542e-04 1.184262627565746710e-04 0.000000000000000000e+00
0.000000000000000000e+00 0.000000000000000000e+00 0.000000000000000000e+00 0.000000000000000000e+00 2.906808334081047098e-04 0.000000000000000000e+00 0.000000000000000000e+00 0.000000000000000000e+00 7.847721447380319850e-04 8.085811111279157370e-04 0.000000000000000000e+00 0.000000000000000000e+00 8.391901548095636806e-04 8.580852560923407689e-04 1.378792148314527430e-04 0.000000000000000000e+00
0.000000000000000000e+00 0.000000000000000000e+00 0.000000000000000000e+00 0.000000000000000000e+00 2.795606344853178958e-04 0.000000000000000000e+00 0.000000000000000000e+00 0.000000000000000000e+00 7.586400813268505145e-04 7.775214339980425667e-04 0.000000000000000000e+00 0.000000000000000000e+00 8.143219487860159107e-04 8.258826736358345104e-04 1.255666609073157695e-04 0.000000000000000000e+00
0.000000000000000000e+00 0.000000000000000000e+00 0.000000000000000000e+00 0.000000000000000000e+00 2.786103006452257192e-04 0.000000000000000000e+00 0.000000000000000000e+00 0.000000000000000000e+00 7.384207562566119610e-04 7.623898507989860943e-04 0.000000000000000000e+00 0.000000000000000000e+00 8.041922398411953127e-04 8.226404394599499004e-04 1.277131828360964167e-04 0.000000000000000000e+00
