# 'name' : 'rogers_a02_b00_d03_g00'
# 'source' : 'rogers_a02_b00_d03_g00.yaml'
# 'sample_pops' : ['X', 'D', 'Y', 'N']
# 'sample_size' : 1
# 'n_reps' : 100
# 'n_windows' : 200
# 'seq_length' : 100000000.0
# 'window_length' : 500000.0
# 'recomb_rate' : 1e-08
# 'mut_rate' : 1e-08
# 'created' : None
1.706731687804711366e-04 1.397429361367127356e-04 9.177706650266708203e-04 7.799374860765227518e-04
1.829748969125037400e-04 1.378609678008325685e-04 9.259826202077697972e-04 7.725088674813139792e-04
1.728867862293492286e-04 1.354730140233581807e-04 9.179510416450896871e-04 7.583571525052799737e-04
1.798377931225625457e-04 1.355611712992370549e-04 9.391972863938805212e-04 7.528998539944706421e-04
1.831228785780261671e-04 1.360307287706126608e-04 9.072948401094940198e-04 7.447058826312172655e-04
1.738289480429368013e-04 1.350845950895942973e-04 9.383351270327113837e-04 7.675731805224050939e-04
1.805491320183783617e-04 1.354440711271966613e-04 9.331206978133202131e-04 7.583950401157432252e-04
1.822246812291483773e-04 1.344918560053262298e-04 9.115237640500399455e-04 7.789210026781087301e-04
1.730752853257845028e-04 1.361080031333329946e-04 9.130240655134277093e-04 7.673606704997982869e-04
1.821643036577572908e-04 1.302374876157176402e-04 9.125128166171085501e-04 7.330955088451130862e-04
1.787406470878559407e-04 1.428924787620540764e-04 9.323832516135840878e-04 7.689203335218784945e-04
1.829356831560654726e-04 1.292704615286913096e-04 9.243493419254265398e-04 7.597866546671868141e-04
1.793231156546642351e-04 1.418798997309415801e-04 9.289669739490587002e-04 7.808785559922853470e-04
1.808419057297617788e-04 1.368308193452851440e-04 9.198323120093538849e-04 7.519023806564590837e-04
1.785068361849639776e-04 1.387766828735648378e-04 9.302706488627388980e-04 7.623389869338168890e-04
1.847243514077798166e-04 1.388110236417130410e-04 9.228028678484530593e-04 7.606897635796930129e-04
1.803244150639337880e-04 1.335246977520081267e-04 9.153334315786858201e-04 7.525827998651146928e-04
1.775174283319162153e-04 1.372503151102506390e-04 9.015114170852280310e-04 7.536304501888417507e-04
1.786941429413034272e-04 1.397335041607054103e-04 9.208063677757223446e-04 7.891696422349955917e-04
1.746788262006932521e-04 1.360689934420249722e-04 9.328867914139268641e-04 7.740535093644378053e-04
1.733511439973767947e-04 1.344532700532052568e-04 9.185342559755612073e-04 7.839995026913110622e-04
1.786499705378178542e-04 1.370709705413490165e-04 9.165803046500904834e-04 7.660287477672483815e-04
1.758192074658317507e-04 1.393140175344321596e-04 9.067008548698710481e-04 7.903261598616803663e-04
1.806212295123195812e-04 1.375778571746771048e-04 9.199769277981530591e-04 7.721257404988150688e-04
1.802942310182033248e-04 1.386748391706904635e-04 9.177261793737675772e-04 7.517951051893896229e-04
1.861231289508561576e-04 1.324216463782338130e-04 9.268621808354592139e-04 7.403731040985930345e-04
1.791662821410945031e-04 1.356031126680710085e-04 9.250296923299512449e-04 7.656745963591339924e-04
1.791437339769416594e-04 1.341006526538756119e-04 9.280832717930367643e-04 7.661871436437277597e-04
1.825641116414472218e-04 1.325386725562317054e-04 9.139080795176193284e-04 7.817166641936567880e-04
1.811868486538180736e-04 1.446000778415951400e-04 9.177210122219788858e-04 7.886914239712664075e-04
1.810400977935347055e-04 1.390456971699323202e-04 9.296401833341389094e-04 7.697376076944775769e-04
1.817900968489187291e-04 1.315712799815895394e-04 9.161056988241217912e-04 7.799070477955997657e-04
1.859393244696274186e-04 1.427766268758620953e-04 9.085234976417055691e-04 7.414785637186604604e-04
1.840647687358286334e-04 1.280043711528654432e-04 9.281947273036258777e-04 7.501840211634626778e-04
1.787511780453558262e-04 1.408720709995876135e-04 9.176034261512866930e-04 7.826743109505010466e-04
1.783767358670382307e-04 1.349173951106110271e-04 9.354587950585543802e-04 7.436472157855860722e-04
1.827743768066134402e-04 1.367688656915940415e-04 9.285262529508267818e-04 7.661859696056090834e-04
1.758315805169028225e-04 1.341492661740423535e-04 9.171046929898261880e-04 7.711898441085126123e-04
1.798798155172489494e-04 1.402122367424548960e-04 9.273751070075473852e-04 7.842622032161878894e-04
1.766909474863880578e-04 1.356749454852532026e-04 9.241302870432602581e-04 7.850575884610879384e-04
1.805902431334107609e-04 1.419311374843302696e-04 9.180467362188674983e-04 7.669336319463030370e-04
1.801860927810212953e-04 1.397428020931269614e-04 9.375786096759462307e-04 7.711095172900789014e-04
1.769300056453105012e-04 1.399552339084943642e-04 9.279466251488467741e-04 7.657352771474479217e-04
1.755683265173655781e-04 1.336758343531076643e-04 9.192241964419667040e-04 7.805450238504639234e-04
1.722830746032186125e-04 1.359770467592517874e-04 9.275168317639591146e-04 7.672367218786780609e-04
1.840971236081501464e-04 1.362687441361455697e-04 9.265656286734770628e-04 7.501278474267686867e-04
1.790336191091497617e-04 1.375202781198309827e-04 9.129155942507110677e-04 7.716773453718199201e-04
1.814228772219563554e-04 1.402587093681971692e-04 9.154166034059411580e-04 7.398904480745854568e-04
1.782931245005024050e-04 1.343791497836376231e-04 9.213908335217466453e-04 7.769653273829739328e-04
1.765875840575431555e-04 1.407160572573149773e-04 9.193751645973767973e-04 7.620722828623191026e-04
1.836443669546457388e-04 1.309452006397666154e-04 9.290668315927114521e-04 7.680809031681456100e-04
1.775729137532641342e-04 1.341498320673698312e-04 9.222122565196637454e-04 7.594302760432586298e-04
1.830301692180200091e-04 1.341943088343154579e-04 9.129782535969684565e-04 7.588301567350450244e-04
1.837817698515151589e-04 1.398323778302224029e-04 9.379529796218578431e-04 7.740139472038496879e-04
1.750749199670214782e-04 1.367794216824542129e-04 9.361163057112784156e-04 7.478609022674912290e-04
1.826993245646738365e-04 1.422151826201366570e-04 9.228644667167183518e-04 7.573539834112253885e-04
1.842074439442128325e-04 1.246609818566276208e-04 9.290162674570071272e-04 7.441648956642818490e-04
1.844940820618406661e-04 1.421925945657453484e-04 9.266251036820314247e-04 7.870652258485423287e-04
1.787384353826319469e-04 1.384649283934722688e-04 9.345806718781672108e-04 7.694252686387241264e-04
1.802360880210226676e-04 1.376345899894402820e-04 9.270159787638137042e-04 7.740745579328721327e-04
1.832043360237988903e-04 1.424101034523220265e-04 9.131778123016714988e-04 7.438824930418685803e-04
1.795008157258846254e-04 1.375817924768430551e-04 9.205328998147471829e-04 7.962805169182940977e-04
1.733378845541657515e-04 1.321042846232290866e-04 8.843193370984749491e-04 7.626544576385625501e-04
1.879493437304600013e-04 1.361103143505815313e-04 9.294120355056186391e-04 7.847525762508838132e-04
1.806244290419301815e-04 1.324901917528532608e-04 9.409600815833320123e-04 7.427742913415948112e-04
1.738924740572560235e-04 1.349100571717840112e-04 9.107033279155675410e-04 7.620421815765250758e-04
1.751898733954516843e-04 1.321196110366944004e-04 9.178109569507378589e-04 7.680158276558266169e-04
1.791169362460830455e-04 1.366666752919462992e-04 9.186735294067707594e-04 7.463903852743764087e-04
1.794588102918322095e-04 1.318735862157879239e-04 9.295449416724089163e-04 7.778765563863153203e-04
1.850402235429825498e-04 1.364125098298350140e-04 9.145908625541133768e-04 7.669489513923268345e-04
1.793050948653241924e-04 1.389717498901043527e-04 9.205775303987055388e-04 7.562703479672059064e-04
1.827685602550630547e-04 1.335294385810783982e-04 9.274794004817442719e-04 7.677087568609446610e-04
1.792732833183221478e-04 1.325863713600803219e-04 9.246761640446549569e-04 7.496490068745697254e-04
1.772285040983272403e-04 1.371132823233783393e-04 9.190171885917040482e-04 7.702466953795399042e-04
1.797486194636333304e-04 1.411241003376586319e-04 9.259458212187539816e-04 7.688362817705922739e-04
1.798801577803946445e-04 1.320382939136173874e-04 9.130008423971595899e-04 7.806011908332120960e-04
1.819290532275189085e-04 1.407123178267678104e-04 9.146680077375684984e-04 7.764061099483428492e-04
1.726957376654482282e-04 1.366831120208534959e-04 9.209137594032265920e-04 7.795109110617216928e-04
1.814093053229380180e-04 1.441412399481792740e-04 9.379559904904334611e-04 7.917911889505202918e-04
1.811876716074111218e-04 1.351359640038889891e-04 9.311382378935639803e-04 7.579114412529004306e-04
1.781551430708127833e-04 1.333191744695090867e-04 9.193125998508003618e-04 7.450339757617438453e-04
1.766106404733030057e-04 1.338792353974797443e-04 9.118782001991923743e-04 7.921165517169073385e-04
1.782608427796367862e-04 1.330671511654109773e-04 9.272722767044162514e-04 7.752249005622625965e-04
1.810697115383881975e-04 1.378316400162334131e-04 9.313647992641822457e-04 7.826280844145104857e-04
1.743418632687482100e-04 1.408389212787701864e-04 9.069867684134117099e-04 7.689482872050688476e-04
1.777686866301349613e-04 1.401099225556549672e-04 9.228915973135852144e-04 7.606019920173586303e-04
1.795327209037575217e-04 1.364602708333630110e-04 9.180926671374595519e-04 7.655038344215363754e-04
1.798060002582850851e-04 1.423818603723900225e-04 9.115722684388200339e-04 7.559036773660579274e-04
1.841096446670436877e-04 1.364133554943605621e-04 9.002393538616524889e-04 7.591611407994726174e-04
1.807795829601871202e-04 1.338030156684393306e-04 9.109776725136709344e-04 7.719779176078488342e-04
1.826064079287732865e-04 1.321107969862831831e-04 9.222701492871823248e-04 7.500043869759150409e-04
1.804121433275873948e-04 1.345139459269919320e-04 9.168812691015501039e-04 7.410872122517878427e-04
1.823676214799514425e-04 1.404933558671366467e-04 9.241311869878595688e-04 7.541999825733491751e-04
1.786030070748133075e-04 1.360485477623493093e-04 9.086439798682602017e-04 7.893469181884314430e-04
1.774028301655537656e-04 1.358928646811465414e-04 9.153649282017380182e-04 7.828072478286161916e-04
1.778124889543235200e-04 1.399665355218215705e-04 9.317782156294231394e-04 7.998967926999155011e-04
1.849140704343307567e-04 1.332930241590391213e-04 9.409573072635532207e-04 7.542522751458563633e-04
1.819192692894993138e-04 1.351555950823693974e-04 9.078621206363207598e-04 7.533017553610569638e-04
1.792118973211329004e-04 1.383781059098547614e-04 9.182248573900475596e-04 7.660345579946022023e-04
1.868608863835650535e-04 1.392372758713554992e-04 9.288856428612836912e-04 7.792886272559966521e-04
