# 'name' : 'rogers_a02_b00_d03_g00'
# 'source' : 'rogers_a02_b00_d03_g00.yaml'
# 'sample_pops' : ['X', 'D', 'Y', 'N']
# 'sample_size' : 1
# 'n_reps' : 100
# 'n_windows' : 200
# 'seq_length' : 100000000.0
# 'window_length' : 500000.0
# 'recomb_rate' : 1e-08
# 'mut_rate' : 1e-08
# 'created' : None
0.000000000000000000e+00 0.000000000000000000e+00 0.000000000000000000e+00 0.000000000000000000e+00 4.405552252436512311e-04 0.000000000000000000e+00 0.000000000000000000e+00 0.000000000000000000e+00 1.312645641726792236e-03 1.313737811289460676e-03 0.000000000000000000e+00 0.000000000000000000e+00 1.284914720869630763e-03 1.276939240056355375e-03 9.702197922221826327e-04 0.000000000000000000e+00
0.000000000000000000e+00 0.000000000000000000e+00 0.000000000000000000e+00 0.000000000000000000e+00 4.519980385489387313e-04 0.000000000000000000e+00 0.000000000000000000e+00 0.000000000000000000e+00 1.325141821754012225e-03 1.323505513218869740e-03 0.000000000000000000e+00 0.000000000000000000e+00 1.308140084546425587e-03 1.302223914141298388e-03 9.684139114937470160e-04 0.000000000000000000e+00
0.000000000000000000e+00 0.000000000000000000e+00 0.000000000000000000e+00 0.000000000000000000e+00 4.347420365551306191e-04 0.000000000000000000e+00 0.000000000000000000e+00 0.000000000000000000e+00 1.296827242494876789e-03 1.296803485789324584e-03 0.000000000000000000e+00 0.000000000000000000e+00 1.273895524105030357e-03 1.269515893330460093e-03 9.668407423429939938e-04 0.000000000000000000e+00
0.000000000000000000e+00 0.000000000000000000e+00 0.000000000000000000e+00 0.000000000000000000e+00 4.478106643355921090e-04 0.000000000000000000e+00 0.000000000000000000e+00 0.000000000000000000e+00 1.309945167885616076e-03 1.310335414097104408e-03 0.000000000000000000e+00 0.000000000000000000e+00 1.300269182240476129e-03 1.295172832496718296e-03 9.666199793284807737e-04 0.000000000000000000e+00
0.000000000000000000e+00 0.000000000000000000e+00 0.000000000000000000e+00 0.000000000000000000e+00 4.329172993252268248e-04 0.000000000000000000e+00 0.000000000000000000e+00 0.000000000000000000e+00 1.302476020893537445e-03 1.304660450216261428e-03 0.000000000000000000e+00 0.000000000000000000e+00 1.272768293327999987e-03 1.265792239787492989e-03 9.622713823292662312e-04 0.000000000000000000e+00
0.000000000000000000e+00 0.000000000000000000e+00 0.000000000000000000e+00 0.000000000000000000e+00 4.478828506849320346e-04 0.000000000000000000e+00 0.000000000000000000e+00 0.000000000000000000e+00 1.310083926331912733e-03 1.309464678670350371e-03 0.000000000000000000e+00 0.000000000000000000e+00 1.302861596008823668e-03 1.297161929727688517e-03 9.685515900214552000e-04 0.000000000000000000e+00
0.000000000000000000e+00 0.000000000000000000e+00 0.000000000000000000e+00 0.000000000000000000e+00 4.370241743436027552e-04 0.000000000000000000e+00 0.000000000000000000e+00 0.000000000000000000e+00 1.343295598445318683e-03 1.344314134320818890e-03 0.000000000000000000e+00 0.000000000000000000e+00 1.325619521816218593e-03 1.320136446836647293e-03 9.883131886638874593e-04 0.000000000000000000e+00
0.000000000000000000e+00 0.000000000000000000e+00 0.000000000000000000e+00 0.000000000000000000e+00 4.484950472770435348e-04 0.000000000000000000e+00 0.000000000000000000e+00 0.000000000000000000e+00 1.315771181719998292e-03 1.318002935805298896e-03 0.000000000000000000e+00 0.000000000000000000e+00 1.307586080899405786e-03 1.305159733224682756e-03 9.711242224719597669e-04 0.000000000000000000e+00
0.000000000000000000e+00 0.000000000000000000e+00 0.000000000000000000e+00 0.000000000000000000e+00 4.365674323843687162e-04 0.000000000000000000e+00 0.000000000000000000e+00 0.000000000000000000e+00 1.298459616527644330e-03 1.299584873949244683e-03 0.000000000000000000e+00 0.000000000000000000e+00 1.282494853538507142e-03 1.276249803003741325e-03 9.623282654327798471e-04 0.000000000000000000e+00
0.000000000000000000e+00 0.000000000000000000e+00 0.000000000000000000e+00 0.000000000000000000e+00 4.290477573480631153e-04 0.000000000000000000e+00 0.000000000000000000e+00 0.000000000000000000e+00 1.301394856411473627e-03 1.302953926294222672e-03 0.000000000000000000e+00 0.000000000000000000e+00 1.286618204321536910e-03 1.281296443428332809e-03 9.725552321605186214e-04 0.000000000000000000e+00
0.000000000000000000e+00 0.000000000000000000e+00 0.000000000000000000e+00 0.000000000000000000e+00 4.489355843554248583e-04 0.000000000000000000e+00 0.000000000000000000e+00 0.000000000000000000e+00 1.304304580681662747e-03 1.307509740073049169e-03 0.000000000000000000e+00 0.000000000000000000e+00 1.296845570127622659e-03 1.294752498033674122e-03 9.706109376476027960e-04 0.000000000000000000e+00
0.000000000000000000e+00 0.000000000000000000e+00 0.000000000000000000e+00 0.000000000000000000e+00 4.394079262525214086e-04 0.000000000000000000e+00 0.000000000000000000e+00 0.000000000000000000e+00 1.309463202344267286e-03 1.309964524301799292e-03 0.000000000000000000e+00 0.000000000000000000e+00 1.295371925587818218e-03 1.290670271190611689e-03 9.642422172546320650e-04 0.000000000000000000e+00
0.000000000000000000e+00 0.000000000000000000e+00 0.000000000000000000e+00 0.000000000000000000e+00 4.437563925225323927e-04 0.000000000000000000e+00 0.000000000000000000e+00 0.000000000000000000e+00 1.324042623059296098e-03 1.328446145986721463e-03 0.000000000000000000e+00 0.000000000000000000e+00 1.312335849754934797e-03 1.310556599007002250e-03 9.681570014592303947e-04 0.000000000000000000e+00
0.000000000000000000e+00 0.000000000000000000e+00 0.000000000000000000e+00 0.000000000000000000e+00 4.325432346349775397e-04 0.000000000000000000e+00 0.000000000000000000e+00 0.000000000000000000e+00 1.306001151122519006e-03 1.304407025686225765e-03 0.000000000000000000e+00 0.000000000000000000e+00 1.291815144877705513e-03 1.283747858786338280e-03 9.721147422847844707e-04 0.000000000000000000e+00
0.000000000000000000e+00 0.000000000000000000e+00 0.000000000000000000e+00 0.000000000000000000e+00 4.408870785357189392e-04 0.000000000000000000e+00 0.000000000000000000e+00 0.000000000000000000e+00 1.315187145156520481e-03 1.314579068075792580e-03 0.000000000000000000e+00 0.000000000000000000e+00 1.301476067926879594e-03 1.295306949007097273e-03 9.748352171897453145e-04 0.000000000000000000e+00
0.000000000000000000e+00 0.000000000000000000e+00 0.000000000000000000e+00 0.000000000000000000e+00 4.514487438816723163e-04 0.000000000000000000e+00 0.000000000000000000e+00 0.000000000000000000e+00 1.322812052308380316e-03 1.318664838328172930e-03 0.000000000000000000e+00 0.000000000000000000e+00 1.315594076663340831e-03 1.304926333493936115e-03 9.619349776518389432e-04 0.000000000000000000e+00
0.000000000000000000e+00 0.000000000000000000e+00 0.000000000000000000e+00 0.000000000000000000e+00 4.402845751311029949e-04 0.000000000000000000e+00 0.000000000000000000e+00 0.000000000000000000e+00 1.314504040012798606e-03 1.312125770644262737e-03 0.000000000000000000e+00 0.000000000000000000e+00 1.295118494216733777e-03 1.287397398391869644e-03 9.792032108927974706e-04 0.000000000000000000e+00
0.000000000000000000e+00 0.000000000000000000e+00 0.000000000000000000e+00 0.000000000000000000e+00 4.310681996468766677e-04 0.000000000000000000e+00 0.000000000000000000e+00 0.000000000000000000e+00 1.299642577403359225e-03 1.301163801478681962e-03 0.000000000000000000e+00 0.000000000000000000e+00 1.286718779506174299e-03 1.283050221815624017e-03 9.628031430326363304e-04 0.000000000000000000e+00
0.000000000000000000e+00 0.000000000000000000e+00 0.000000000000000000e+00 0.000000000000000000e+00 4.328821069549940626e-04 0.000000000000000000e+00 0.000000000000000000e+00 0.000000000000000000e+00 1.318300010504112017e-03 1.316941620613039550e-03 0.000000000000000000e+00 0.000000000000000000e+00 1.299582513597022197e-03 1.292562559110678249e-03 9.659107215398471304e-04 0.000000000000000000e+00
0.000000000000000000e+00 0.000000000000000000e+00 0.000000000000000000e+00 0.000000000000000000e+00 4.422087711643474727e-04 0.000000000000000000e+00 0.000000000000000000e+00 0.000000000000000000e+00 1.323508228407070100e-03 1.326089862750840301e-03 0.000000000000000000e+00 0.000000000000000000e+00 1.308099991727940722e-03 1.301352403401714571e-03 9.695435223936703243e-04 0.000000000000000000e+00
0.000000000000000000e+00 0.000000000000000000e+00 0.000000000000000000e+00 0.000000000000000000e+00 4.248232672793661284e-04 0.000000000000000000e+00 0.000000000000000000e+00 0.000000000000000000e+00 1.307672631745460372e-03 1.307778621630921977e-03 0.000000000000000000e+00 0.000000000000000000e+00 1.292474105635278356e-03 1.288494535287387169e-03 9.722728710799295867e-04 0.000000000000000000e+00
0.000000000000000000e+00 0.000000000000000000e+00 0.000000000000000000e+00 0.000000000000000000e+00 4.434167722062173434e-04 0.000000000000000000e+00 0.000000000000000000e+00 0.000000000000000000e+00 1.309249322775615440e-03 1.311008043626655031e-03 0.000000000000000000e+00 0.000000000000000000e+00 1.290316725179897154e-03 1.286577220541250312e-03 9.666483339857828965e-04 0.000000000000000000e+00
0.000000000000000000e+00 0.000000000000000000e+00 0.000000000000000000e+00 0.000000000000000000e+00 4.294317641590566451e-04 0.000000000000000000e+00 0.000000000000000000e+00 0.000000000000000000e+00 1.312158553329241051e-03 1.311891167970953261e-03 0.000000000000000000e+00 0.000000000000000000e+00 1.291531054838393434e-03 1.285166832008364027e-03 9.723884237233224081e-04 0.000000000000000000e+00
0.000000000000000000e+00 0.000000000000000000e+00 0.000000000000000000e+00 0.000000000000000000e+00 4.349323422731608932e-04 0.000000000000000000e+00 0.000000000000000000e+00 0.000000000000000000e+00 1.297820507362690799e-03 1.296038844590025529e-03 0.000000000000000000e+00 0.000000000000000000e+00 1.284514360017169343e-03 1.278354790247990301e-03 9.691255285221296416e-04 0.000000000000000000e+00
0.000000000000000000e+00 0.000000000000000000e+00 0.000000000000000000e+00 0.000000000000000000e+00 4.445682271047356822e-04 0.000000000000000000e+00 0.000000000000000000e+00 0.000000000000000000e+00 1.304649033280280397e-03 1.305770304178385322e-03 0.000000000000000000e+00 0.000000000000000000e+00 1.290081030001047867e-03 1.285938411276211796e-03 9.644986831482265125e-04 0.000000000000000000e+00
0.000000000000000000e+00 0.000000000000000000e+00 0.000000000000000000e+00 0.000000000000000000e+00 4.362834707045420046e-04 0.000000000000000000e+00 0.000000000000000000e+00 0.000000000000000000e+00 1.313873448537111006e-03 1.311164416203033705e-03 0.000000000000000000e+00 0.000000000000000000e+00 1.292118836824783816e-03 1.281825865324855932e-03 9.655375572776236058e-04 0.000000000000000000e+00
0.000000000000000000e+00 0.000000000000000000e+00 0.000000000000000000e+00 0.000000000000000000e+00 4.399499030718355993e-04 0.000000000000000000e+00 0.000000000000000000e+00 0.000000000000000000e+00 1.325067221012923542e-03 1.323097632724120568e-03 0.000000000000000000e+00 0.000000000000000000e+00 1.310276680634223654e-03 1.303032738478201091e-03 9.591225760849318976e-04 0.000000000000000000e+00
0.000000000000000000e+00 0.000000000000000000e+00 0.000000000000000000e+00 0.000000000000000000e+00 4.388614816759314795e-04 0.000000000000000000e+00 0.000000000000000000e+00 0.000000000000000000e+00 1.317151411857971034e-03 1.320227733772692553e-03 0.000000000000000000e+00 0.000000000000000000e+00 1.304274358917759677e-03 1.302820392231904831e-03 9.753924312940570563e-04 0.000000000000000000e+00
0.000000000000000000e+00 0.000000000000000000e+00 0.000000000000000000e+00 0.000000000000000000e+00 4.428474487727195172e-04 0.000000000000000000e+00 0.000000000000000000e+00 0.000000000000000000e+00 1.310146829997062062e-03 1.307502493787555432e-03 0.000000000000000000e+00 0.000000000000000000e+00 1.286808020820921772e-03 1.274748066181855162e-03 9.702189708413294341e-04 0.000000000000000000e+00
0.000000000000000000e+00 0.000000000000000000e+00 0.000000000000000000e+00 0.000000000000000000e+00 4.432589170641916521e-04 0.000000000000000000e+00 0.000000000000000000e+00 0.000000000000000000e+00 1.311588539888382731e-03 1.313792227294252254e-03 0.000000000000000000e+00 0.000000000000000000e+00 1.295471380049494992e-03 1.291894069933389837e-03 9.623965058887844421e-04 0.000000000000000000e+00
0.000000000000000000e+00 0.000000000000000000e+00 0.000000000000000000e+00 0.000000000000000000e+00 4.363601078976490975e-04 0.000000000000000000e+00 0.000000000000000000e+00 0.000000000000000000e+00 1.314033408758234767e-03 1.311844055586349703e-03 0.000000000000000000e+00 0.000000000000000000e+00 1.297363189845635685e-03 1.289884981634691324e-03 9.808571004887081928e-04 0.000000000000000000e+00
0.000000000000000000e+00 0.000000000000000000e+00 0.000000000000000000e+00 0.000000000000000000e+00 4.391433779256513517e-04 0.000000000000000000e+00 0.000000000000000000e+00 0.000000000000000000e+00 1.307968494583397739e-03 1.308517888335473034e-03 0.000000000000000000e+00 0.000000000000000000e+00 1.280516444381829501e-03 1.272894910422330732e-03 9.803727735772710047e-04 0.000000000000000000e+00
0.000000000000000000e+00 0.000000000000000000e+00 0.000000000000000000e+00 0.000000000000000000e+00 4.468502996677669388e-04 0.000000000000000000e+00 0.000000000000000000e+00 0.000000000000000000e+00 1.321756497281628955e-03 1.325243762877253159e-03 0.000000000000000000e+00 0.000000000000000000e+00 1.306578510966057956e-03 1.304406873312834734e-03 9.603543631488618533e-04 0.000000000000000000e+00
0.000000000000000000e+00 0.000000000000000000e+00 0.000000000000000000e+00 0.000000000000000000e+00 4.317274702588580265e-04 0.000000000000000000e+00 0.000000000000000000e+00 0.000000000000000000e+00 1.308447850100145351e-03 1.309922797650843636e-03 0.000000000000000000e+00 0.000000000000000000e+00 1.291704618192407493e-03 1.286934152941746068e-03 9.710376485119541056e-04 0.000000000000000000e+00
0.000000000000000000e+00 0.000000000000000000e+00 0.000000000000000000e+00 0.000000000000000000e+00 4.321878337782144404e-04 0.000000000000000000e+00 0.000000000000000000e+00 0.000000000000000000e+00 1.310515454470588493e-03 1.312916399862481360e-03 0.000000000000000000e+00 0.000000000000000000e+00 1.290492375284898281e-03 1.287062379903062192e-03 9.761934862183473593e-04 0.000000000000000000e+00
0.000000000000000000e+00 0.000000000000000000e+00 0.000000000000000000e+00 0.000000000000000000e+00 4.350461649304985341e-04 0.000000000000000000e+00 0.000000000000000000e+00 0.000000000000000000e+00 1.310272026136694067e-03 1.309829522697409428e-03 0.000000000000000000e+00 0.000000000000000000e+00 1.299103878651519835e-03 1.295406114748344972e-03 9.667958602032344917e-04 0.000000000000000000e+00
0.000000000000000000e+00 0.000000000000000000e+00 0.000000000000000000e+00 0.000000000000000000e+00 4.347223381634006184e-04 0.000000000000000000e+00 0.000000000000000000e+00 0.000000000000000000e+00 1.305196257432186032e-03 1.305942729415675903e-03 0.000000000000000000e+00 0.000000000000000000e+00 1.289790861717355968e-03 1.285101989491650373e-03 9.763454070545967258e-04 0.000000000000000000e+00
0.000000000000000000e+00 0.000000000000000000e+00 0.000000000000000000e+00 0.000000000000000000e+00 4.445679434827516023e-04 0.000000000000000000e+00 0.000000000000000000e+00 0.000000000000000000e+00 1.323127192040683599e-03 1.326938710552955612e-03 0.000000000000000000e+00 0.000000000000000000e+00 1.307594719305526848e-03 1.305812518770743105e-03 9.709600266113851746e-04 0.000000000000000000e+00
0.000000000000000000e+00 0.000000000000000000e+00 0.000000000000000000e+00 0.000000000000000000e+00 4.435006204155052039e-04 0.000000000000000000e+00 0.000000000000000000e+00 0.000000000000000000e+00 1.315811698764679212e-03 1.317341911305724977e-03 0.000000000000000000e+00 0.000000000000000000e+00 1.291486980618518354e-03 1.283936938222060651e-03 9.804919987442257782e-04 0.000000000000000000e+00
0.000000000000000000e+00 0.000000000000000000e+00 0.000000000000000000e+00 0.000000000000000000e+00 4.283520007656377239e-04 0.000000000000000000e+00 0.000000000000000000e+00 0.000000000000000000e+00 1.309554890158949256e-03 1.309068719501109120e-03 0.000000000000000000e+00 0.000000000000000000e+00 1.290492129135921212e-03 1.284352694391359189e-03 9.686009673354563278e-04 0.000000000000000000e+00
0.000000000000000000e+00 0.000000000000000000e+00 0.000000000000000000e+00 0.000000000000000000e+00 4.355399401643415391e-04 0.000000000000000000e+00 0.000000000000000000e+00 0.000000000000000000e+00 1.317349192845439047e-03 1.318053303627862672e-03 0.000000000000000000e+00 0.000000000000000000e+00 1.302015345863963454e-03 1.297721034748801653e-03 9.571934383087271582e-04 0.000000000000000000e+00
0.000000000000000000e+00 0.000000000000000000e+00 0.000000000000000000e+00 0.000000000000000000e+00 4.321453323044207326e-04 0.000000000000000000e+00 0.000000000000000000e+00 0.000000000000000000e+00 1.298093156324630270e-03 1.297912047801194667e-03 0.000000000000000000e+00 0.000000000000000000e+00 1.282822795278656383e-03 1.277173891907715589e-03 9.709696807758777483e-04 0.000000000000000000e+00
0.000000000000000000e+00 0.000000000000000000e+00 0.000000000000000000e+00 0.000000000000000000e+00 4.397698451482354230e-04 0.000000000000000000e+00 0.000000000000000000e+00 0.000000000000000000e+00 1.311997862398697669e-03 1.308676017477433716e-03 0.000000000000000000e+00 0.000000000000000000e+00 1.291121424136140164e-03 1.281802231110636993e-03 9.758717698239800700e-04 0.000000000000000000e+00
0.000000000000000000e+00 0.000000000000000000e+00 0.000000000000000000e+00 0.000000000000000000e+00 4.419578752198605447e-04 0.000000000000000000e+00 0.000000000000000000e+00 0.000000000000000000e+00 1.320269069428789757e-03 1.320416434076978392e-03 0.000000000000000000e+00 0.000000000000000000e+00 1.298458711072004394e-03 1.290836290452345185e-03 9.633617750325196424e-04 0.000000000000000000e+00
0.000000000000000000e+00 0.000000000000000000e+00 0.000000000000000000e+00 0.000000000000000000e+00 4.411072877600016352e-04 0.000000000000000000e+00 0.000000000000000000e+00 0.000000000000000000e+00 1.304173397226894657e-03 1.306926448921008795e-03 0.000000000000000000e+00 0.000000000000000000e+00 1.296247002709834898e-03 1.294419429860236594e-03 9.676502348225384962e-04 0.000000000000000000e+00
0.000000000000000000e+00 0.000000000000000000e+00 0.000000000000000000e+00 0.000000000000000000e+00 4.449210302307955462e-04 0.000000000000000000e+00 0.000000000000000000e+00 0.000000000000000000e+00 1.319236855858101944e-03 1.320446662046573238e-03 0.000000000000000000e+00 0.000000000000000000e+00 1.305018766462731628e-03 1.301494253071031840e-03 9.735335101040886938e-04 0.000000000000000000e+00
0.000000000000000000e+00 0.000000000000000000e+00 0.000000000000000000e+00 0.000000000000000000e+00 4.413990472746291238e-04 0.000000000000000000e+00 0.000000000000000000e+00 0.000000000000000000e+00 1.323098607688626398e-03 1.323983163949862731e-03 0.000000000000000000e+00 0.000000000000000000e+00 1.306875976392703111e-03 1.304659294985349412e-03 9.694039520346428270e-04 0.000000000000000000e+00
0.000000000000000000e+00 0.000000000000000000e+00 0.000000000000000000e+00 0.000000000000000000e+00 4.457986007045114862e-04 0.000000000000000000e+00 0.000000000000000000e+00 0.000000000000000000e+00 1.328639832700286927e-03 1.332840601958726638e-03 0.000000000000000000e+00 0.000000000000000000e+00 1.313725007812586261e-03 1.312094161353839989e-03 9.644832658189666933e-04 0.000000000000000000e+00
0.000000000000000000e+00 0.000000000000000000e+00 0.000000000000000000e+00 0.000000000000000000e+00 4.390793215294035135e-04 0.000000000000000000e+00 0.000000000000000000e+00 0.000000000000000000e+00 1.311279634687992530e-03 1.311003481339834348e-03 0.000000000000000000e+00 0.000000000000000000e+00 1.297206538909343116e-03 1.291927417734561575e-03 9.638265277858964596e-04 0.000000000000000000e+00
0.000000000000000000e+00 0.000000000000000000e+00 0.000000000000000000e+00 0.000000000000000000e+00 4.391704738263453589e-04 0.000000000000000000e+00 0.000000000000000000e+00 0.000000000000000000e+00 1.317823412327693774e-03 1.313858370236823401e-03 0.000000000000000000e+00 0.000000000000000000e+00 1.304861764024921496e-03 1.295934566753915388e-03 9.658772449274426620e-04 0.000000000000000000e+00
0.000000000000000000e+00 0.000000000000000000e+00 0.000000000000000000e+00 0.000000000000000000e+00 4.281222336325813446e-04 0.000000000000000000e+00 0.000000000000000000e+00 0.000000000000000000e+00 1.299698404453209812e-03 1.299219151660946717e-03 0.000000000000000000e+00 0.000000000000000000e+00 1.285757170474087540e-03 1.279191567744933367e-03 9.658809306598660277e-04 0.000000000000000000e+00
0.000000000000000000e+00 0.000000000000000000e+00 0.000000000000000000e+00 0.000000000000000000e+00 4.363091839520935340e-04 0.000000000000000000e+00 0.000000000000000000e+00 0.000000000000000000e+00 1.310810312647714936e-03 1.308713229349122136e-03 0.000000000000000000e+00 0.000000000000000000e+00 1.289042667891413191e-03 1.281027976361174756e-03 9.745752217597679779e-04 0.000000000000000000e+00
0.000000000000000000e+00 0.000000000000000000e+00 0.000000000000000000e+00 0.000000000000000000e+00 4.368079917586285572e-04 0.000000000000000000e+00 0.000000000000000000e+00 0.000000000000000000e+00 1.300954345890806231e-03 1.301247568297263582e-03 0.000000000000000000e+00 0.000000000000000000e+00 1.282668306424393501e-03 1.274464193436155874e-03 9.709965944919979591e-04 0.000000000000000000e+00
0.000000000000000000e+00 0.000000000000000000e+00 0.000000000000000000e+00 0.000000000000000000e+00 4.379560989934176631e-04 0.000000000000000000e+00 0.000000000000000000e+00 0.000000000000000000e+00 1.312707870383228361e-03 1.313867410279686340e-03 0.000000000000000000e+00 0.000000000000000000e+00 1.294645519701502186e-03 1.289642330461334644e-03 9.792369930129271767e-04 0.000000000000000000e+00
0.000000000000000000e+00 0.000000000000000000e+00 0.000000000000000000e+00 0.000000000000000000e+00 4.404894879355647453e-04 0.000000000000000000e+00 0.000000000000000000e+00 0.000000000000000000e+00 1.319489122490740502e-03 1.320053819655113599e-03 0.000000000000000000e+00 0.000000000000000000e+00 1.295702761819256905e-03 1.286131871930879531e-03 9.783445318530849255e-04 0.000000000000000000e+00
0.000000000000000000e+00 0.000000000000000000e+00 0.000000000000000000e+00 0.000000000000000000e+00 4.378689076891389151e-04 0.000000000000000000e+00 0.000000000000000000e+00 0.000000000000000000e+00 1.315929095155655244e-03 1.314848205499605151e-03 0.000000000000000000e+00 0.000000000000000000e+00 1.295034527259213966e-03 1.287827732870224862e-03 9.567726622343995270e-04 0.000000000000000000e+00
0.000000000000000000e+00 0.000000000000000000e+00 0.000000000000000000e+00 0.000000000000000000e+00 4.403582042869930982e-04 0.000000000000000000e+00 0.000000000000000000e+00 0.000000000000000000e+00 1.317403820513506074e-03 1.315516924939067259e-03 0.000000000000000000e+00 0.000000000000000000e+00 1.297336071461946665e-03 1.288961740548538000e-03 9.686120545670585426e-04 0.000000000000000000e+00
0.000000000000000000e+00 0.000000000000000000e+00 0.000000000000000000e+00 0.000000000000000000e+00 4.399721558300046160e-04 0.000000000000000000e+00 0.000000000000000000e+00 0.000000000000000000e+00 1.300686043623701556e-03 1.301106647076402667e-03 0.000000000000000000e+00 0.000000000000000000e+00 1.283690220875193444e-03 1.277381383223871649e-03 9.711112687542816126e-04 0.000000000000000000e+00
0.000000000000000000e+00 0.000000000000000000e+00 0.000000000000000000e+00 0.000000000000000000e+00 4.444696076161245321e-04 0.000000000000000000e+00 0.000000000000000000e+00 0.000000000000000000e+00 1.335383341283960827e-03 1.334206213251175940e-03 0.000000000000000000e+00 0.000000000000000000e+00 1.325299044218296828e-03 1.319158492891933177e-03 9.645717267117540376e-04 0.000000000000000000e+00
0.000000000000000000e+00 0.000000000000000000e+00 0.000000000000000000e+00 0.000000000000000000e+00 4.329450171839251365e-04 0.000000000000000000e+00 0.000000000000000000e+00 0.000000000000000000e+00 1.314710397242067116e-03 1.314473510353522494e-03 0.000000000000000000e+00 0.000000000000000000e+00 1.291262074765645333e-03 1.284471843568337282e-03 9.738214042147224974e-04 0.000000000000000000e+00
0.000000000000000000e+00 0.000000000000000000e+00 0.000000000000000000e+00 0.000000000000000000e+00 4.464242535703457715e-04 0.000000000000000000e+00 0.000000000000000000e+00 0.000000000000000000e+00 1.313545352775398684e-03 1.313924742182799327e-03 0.000000000000000000e+00 0.000000000000000000e+00 1.297176451356111485e-03 1.292094226253422172e-03 9.624328753517498967e-04 0.000000000000000000e+00
0.000000000000000000e+00 0.000000000000000000e+00 0.000000000000000000e+00 0.000000000000000000e+00 4.518910492094060276e-04 0.000000000000000000e+00 0.000000000000000000e+00 0.000000000000000000e+00 1.327983492754807905e-03 1.331464698758318870e-03 0.000000000000000000e+00 0.000000000000000000e+00 1.306591228207499081e-03 1.303555374671675707e-03 9.775001211149107055e-04 0.000000000000000000e+00
0.000000000000000000e+00 0.000000000000000000e+00 0.000000000000000000e+00 0.000000000000000000e+00 4.319980495569346801e-04 0.000000000000000000e+00 0.000000000000000000e+00 0.000000000000000000e+00 1.298032747484851104e-03 1.296317010009282204e-03 0.000000000000000000e+00 0.000000000000000000e+00 1.282275094658732279e-03 1.274194416918556731e-03 9.665417564267511120e-04 0.000000000000000000e+00
0.000000000000000000e+00 0.000000000000000000e+00 0.000000000000000000e+00 0.000000000000000000e+00 4.448878545002797635e-04 0.000000000000000000e+00 0.000000000000000000e+00 0.000000000000000000e+00 1.306028567391648515e-03 1.312678771914100630e-03 0.000000000000000000e+00 0.000000000000000000e+00 1.279058435460007264e-03 1.274205994029347592e-03 9.726534561187595964e-04 0.000000000000000000e+00
0.000000000000000000e+00 0.000000000000000000e+00 0.000000000000000000e+00 0.000000000000000000e+00 4.365172048936041805e-04 0.000000000000000000e+00 0.000000000000000000e+00 0.000000000000000000e+00 1.295136697967437002e-03 1.293960950634385479e-03 0.000000000000000000e+00 0.000000000000000000e+00 1.268044154442244439e-03 1.260529869856925889e-03 9.722894863213758440e-04 0.000000000000000000e+00
0.000000000000000000e+00 0.000000000000000000e+00 0.000000000000000000e+00 0.000000000000000000e+00 4.349850501528152065e-04 0.000000000000000000e+00 0.000000000000000000e+00 0.000000000000000000e+00 1.316499329391926116e-03 1.315055366207117885e-03 0.000000000000000000e+00 0.000000000000000000e+00 1.303281463344937822e-03 1.298495665348161320e-03 9.651212863992517446e-04 0.000000000000000000e+00
0.000000000000000000e+00 0.000000000000000000e+00 0.000000000000000000e+00 0.000000000000000000e+00 4.279472687649884285e-04 0.000000000000000000e+00 0.000000000000000000e+00 0.000000000000000000e+00 1.311366437437162238e-03 1.309124345271505882e-03 0.000000000000000000e+00 0.000000000000000000e+00 1.292048706386794612e-03 1.280691339339588581e-03 9.765159373722302489e-04 0.000000000000000000e+00
0.000000000000000000e+00 0.000000000000000000e+00 0.000000000000000000e+00 0.000000000000000000e+00 4.331600434047722689e-04 0.000000000000000000e+00 0.000000000000000000e+00 0.000000000000000000e+00 1.288947788290611745e-03 1.287456029183115316e-03 0.000000000000000000e+00 0.000000000000000000e+00 1.281655333257872287e-03 1.276213298388179400e-03 9.587670726921254487e-04 0.000000000000000000e+00
0.000000000000000000e+00 0.000000000000000000e+00 0.000000000000000000e+00 0.000000000000000000e+00 4.406852664614858105e-04 0.000000000000000000e+00 0.000000000000000000e+00 0.000000000000000000e+00 1.316675934192666590e-03 1.314888209131926571e-03 0.000000000000000000e+00 0.000000000000000000e+00 1.289824369418491419e-03 1.282783847034740321e-03 9.664672651467148476e-04 0.000000000000000000e+00
0.000000000000000000e+00 0.000000000000000000e+00 0.000000000000000000e+00 0.000000000000000000e+00 4.434813638569029591e-04 0.000000000000000000e+00 0.000000000000000000e+00 0.000000000000000000e+00 1.319858055725739703e-03 1.317849754735857856e-03 0.000000000000000000e+00 0.000000000000000000e+00 1.298530962782596049e-03 1.289129428916495823e-03 9.744742665967397145e-04 0.000000000000000000e+00
0.000000000000000000e+00 0.000000000000000000e+00 0.000000000000000000e+00 0.000000000000000000e+00 4.358125134545633118e-04 0.000000000000000000e+00 0.000000000000000000e+00 0.000000000000000000e+00 1.317704064019987282e-03 1.319587723335295627e-03 0.000000000000000000e+00 0.000000000000000000e+00 1.302100007326247944e-03 1.297996966090470255e-03 9.723258852847481903e-04 0.000000000000000000e+00
0.000000000000000000e+00 0.000000000000000000e+00 0.000000000000000000e+00 0.000000000000000000e+00 4.418879093338443000e-04 0.000000000000000000e+00 0.000000000000000000e+00 0.000000000000000000e+00 1.312571657086249351e-03 1.315048972473338920e-03 0.000000000000000000e+00 0.000000000000000000e+00 1.295910062126300792e-03 1.293185309196248330e-03 9.658666071478719207e-04 0.000000000000000000e+00
0.000000000000000000e+00 0.000000000000000000e+00 0.000000000000000000e+00 0.000000000000000000e+00 4.360533381622166472e-04 0.000000000000000000e+00 0.000000000000000000e+00 0.000000000000000000e+00 1.322919982607908542e-03 1.323632056295531538e-03 0.000000000000000000e+00 0.000000000000000000e+00 1.306647755791115646e-03 1.303444055032147633e-03 9.758771469171992124e-04 0.000000000000000000e+00
0.000000000000000000e+00 0.000000000000000000e+00 0.000000000000000000e+00 0.000000000000000000e+00 4.370676028086737676e-04 0.000000000000000000e+00 0.000000000000000000e+00 0.000000000000000000e+00 1.317760552926865820e-03 1.318526273663045119e-03 0.000000000000000000e+00 0.000000000000000000e+00 1.293258253939699167e-03 1.285734147764349116e-03 9.682522676001958668e-04 0.000000000000000000e+00
0.000000000000000000e+00 0.000000000000000000e+00 0.000000000000000000e+00 0.000000000000000000e+00 4.415722780334325331e-04 0.000000000000000000e+00 0.000000000000000000e+00 0.000000000000000000e+00 1.306594619964346034e-03 1.308901442666608782e-03 0.000000000000000000e+00 0.000000000000000000e+00 1.292535898745906511e-03 1.288194125754675654e-03 9.643749437967028383e-04 0.000000000000000000e+00
0.000000000000000000e+00 0.000000000000000000e+00 0.000000000000000000e+00 0.000000000000000000e+00 4.405777648025564026e-04 0.000000000000000000e+00 0.000000000000000000e+00 0.000000000000000000e+00 1.311566248101125268e-03 1.314691623885938347e-03 0.000000000000000000e+00 0.000000000000000000e+00 1.289438810241532460e-03 1.286483932679439697e-03 9.722054838077385207e-04 0.000000000000000000e+00
0.000000000000000000e+00 0.000000000000000000e+00 0.000000000000000000e+00 0.000000000000000000e+00 4.419152512040744416e-04 0.000000000000000000e+00 0.000000000000000000e+00 0.000000000000000000e+00 1.332476051724574249e-03 1.329902367123741774e-03 0.000000000000000000e+00 0.000000000000000000e+00 1.318306882346581858e-03 1.310633411308554123e-03 9.653228665188498493e-04 0.000000000000000000e+00
0.000000000000000000e+00 0.000000000000000000e+00 0.000000000000000000e+00 0.000000000000000000e+00 4.367310931193881126e-04 0.000000000000000000e+00 0.000000000000000000e+00 0.000000000000000000e+00 1.308714448527648067e-03 1.305917148134079194e-03 0.000000000000000000e+00 0.000000000000000000e+00 1.298405165345476548e-03 1.293178581672052834e-03 9.818899714876254837e-04 0.000000000000000000e+00
0.000000000000000000e+00 0.000000000000000000e+00 0.000000000000000000e+00 0.000000000000000000e+00 4.416523207426380215e-04 0.000000000000000000e+00 0.000000000000000000e+00 0.000000000000000000e+00 1.322380742770153063e-03 1.325075809293199073e-03 0.000000000000000000e+00 0.000000000000000000e+00 1.317684731877964439e-03 1.315233771264146152e-03 9.736729542392728561e-04 0.000000000000000000e+00
0.000000000000000000e+00 0.000000000000000000e+00 0.000000000000000000e+00 0.000000000000000000e+00 4.419228341203111535e-04 0.000000000000000000e+00 0.000000000000000000e+00 0.000000000000000000e+00 1.316392052586221398e-03 1.314108807009756359e-03 0.000000000000000000e+00 0.000000000000000000e+00 1.311048125743443423e-03 1.302713382645089490e-03 9.631080790878510231e-04 0.000000000000000000e+00
0.000000000000000000e+00 0.000000000000000000e+00 0.000000000000000000e+00 0.000000000000000000e+00 4.358999002515186313e-04 0.000000000000000000e+00 0.000000000000000000e+00 0.000000000000000000e+00 1.312530841250459605e-03 1.310525766991449403e-03 0.000000000000000000e+00 0.000000000000000000e+00 1.299235472203596684e-03 1.292779467150403623e-03 9.727744898849867775e-04 0.000000000000000000e+00
0.000000000000000000e+00 0.000000000000000000e+00 0.000000000000000000e+00 0.000000000000000000e+00 4.411172866983948272e-04 0.000000000000000000e+00 0.000000000000000000e+00 0.000000000000000000e+00 1.312853678016539290e-03 1.309098068163103493e-03 0.000000000000000000e+00 0.000000000000000000e+00 1.297847410752168149e-03 1.289161126856440973e-03 9.653133101382325651e-04 0.000000000000000000e+00
0.000000000000000000e+00 0.000000000000000000e+00 0.000000000000000000e+00 0.000000000000000000e+00 4.439139707846276425e-04 0.000000000000000000e+00 0.000000000000000000e+00 0.000000000000000000e+00 1.328996830711683076e-03 1.328514663452909405e-03 0.000000000000000000e+00 0.000000000000000000e+00 1.303981397273856670e-03 1.297312189534022926e-03 9.698460841132306061e-04 0.000000000000000000e+00
0.000000000000000000e+00 0.000000000000000000e+00 0.000000000000000000e+00 0.000000000000000000e+00 4.318025725582470809e-04 0.000000000000000000e+00 0.000000000000000000e+00 0.000000000000000000e+00 1.309959898607455453e-03 1.311940299352699901e-03 0.000000000000000000e+00 0.000000000000000000e+00 1.291642161128789528e-03 1.287059023350372537e-03 9.648980968251212207e-04 0.000000000000000000e+00
0.000000000000000000e+00 0.000000000000000000e+00 0.000000000000000000e+00 0.000000000000000000e+00 4.477866121912923818e-04 0.000000000000000000e+00 0.000000000000000000e+00 0.000000000000000000e+00 1.315735500741235971e-03 1.316146261362247192e-03 0.000000000000000000e+00 0.000000000000000000e+00 1.289297540692903006e-03 1.282134345141630648e-03 9.720243862735762110e-04 0.000000000000000000e+00
0.000000000000000000e+00 0.000000000000000000e+00 0.000000000000000000e+00 0.000000000000000000e+00 4.445444964448830912e-04 0.000000000000000000e+00 0.000000000000000000e+00 0.000000000000000000e+00 1.315248751988560812e-03 1.314564458607387363e-03 0.000000000000000000e+00 0.000000000000000000e+00 1.297778689856005085e-03 1.291679908684405719e-03 9.575920639995583140e-04 0.000000000000000000e+00
0.000000000000000000e+00 0.000000000000000000e+00 0.000000000000000000e+00 0.000000000000000000e+00 4.430121531402016438e-04 0.000000000000000000e+00 0.000000000000000000e+00 0.000000000000000000e+00 1.310690539356390051e-03 1.308591792993433946e-03 0.000000000000000000e+00 0.000000000000000000e+00 1.289251143768039946e-03 1.277907593070243524e-03 9.745700843552971768e-04 0.000000000000000000e+00
0.000000000000000000e+00 0.000000000000000000e+00 0.000000000000000000e+00 0.000000000000000000e+00 4.453115770898903526e-04 0.000000000000000000e+00 0.000000000000000000e+00 0.000000000000000000e+00 1.312131892929689842e-03 1.315721592349437894e-03 0.000000000000000000e+00 0.000000000000000000e+00 1.295462769774896649e-03 1.293990776404131595e-03 9.740767888598672293e-04 0.000000000000000000e+00
0.000000000000000000e+00 0.000000000000000000e+00 0.000000000000000000e+00 0.000000000000000000e+00 4.425163486886179130e-04 0.000000000000000000e+00 0.000000000000000000e+00 0.000000000000000000e+00 1.317102494287953566e-03 1.318769839112310686e-03 0.000000000000000000e+00 0.000000000000000000e+00 1.316179633653645400e-03 1.315026179412034013e-03 9.631408423079404349e-04 0.000000000000000000e+00
0.000000000000000000e+00 0.000000000000000000e+00 0.000000000000000000e+00 0.000000000000000000e+00 4.471621299017547436e-04 0.000000000000000000e+00 0.000000000000000000e+00 0.000000000000000000e+00 1.313327434334329120e-03 1.315566826809807252e-03 0.000000000000000000e+00 0.000000000000000000e+00 1.296149594527519792e-03 1.292683836240239798e-03 9.619089746475912922e-04 0.000000000000000000e+00
0.000000000000000000e+00 0.000000000000000000e+00 0.000000000000000000e+00 0.000000000000000000e+00 4.494967659336694828e-04 0.000000000000000000e+00 0.000000000000000000e+00 0.000000000000000000e+00 1.322296724841293038e-03 1.323746869771653782e-03 0.000000000000000000e+00 0.000000000000000000e+00 1.309260769219527075e-03 1.305952009640138712e-03 9.755247545714876159e-04 0.000000000000000000e+00
0.000000000000000000e+00 0.000000000000000000e+00 0.000000000000000000e+00 0.000000000000000000e+00 4.325005540423411897e-04 0.000000000000000000e+00 0.000000000000000000e+00 0.000000000000000000e+00 1.307700607135802101e-03 1.310776473669265961e-03 0.000000000000000000e+00 0.000000000000000000e+00 1.292514025150572846e-03 1.289000389625652486e-03 9.729913523531925033e-04 0.000000000000000000e+00
0.000000000000000000e+00 0.000000000000000000e+00 0.000000000000000000e+00 0.000000000000000000e+00 4.318833909442090107e-04 0.000000000000000000e+00 0.000000000000000000e+00 0.000000000000000000e+00 1.315772185553976906e-03 1.315584608331966032e-03 0.000000000000000000e+00 0.000000000000000000e+00 1.303373316893504091e-03 1.297841799819347353e-03 9.735510340069715180e-04 0.000000000000000000e+00
0.000000000000000000e+00 0.000000000000000000e+00 0.000000000000000000e+00 0.000000000000000000e+00 4.380345955587554838e-04 0.000000000000000000e+00 0.000000000000000000e+00 0.000000000000000000e+00 1.309441523569615778e-03 1.310096860035678268e-03 0.000000000000000000e+00 0.000000000000000000e+00 1.300713249884876896e-03 1.294460678207796662e-03 9.718373737717068625e-04 0.000000000000000000e+00
0.000000000000000000e+00 0.000000000000000000e+00 0.000000000000000000e+00 0.000000000000000000e+00 4.405507164959723094e-04 0.000000000000000000e+00 0.000000000000000000e+00 0.000000000000000000e+00 1.318394735596269953e-03 1.320803609432521326e-03 0.000000000000000000e+00 0.000000000000000000e+00 1.290548643295337007e-03 1.284163457385425165e-03 9.671651595577297408e-04 0.000000000000000000e+00
0.000000000000000000e+00 0.000000000000000000e+00 0.000000000000000000e+00 0.000000000000000000e+00 4.365908545126481874e-04 0.000000000000000000e+00 0.000000000000000000e+00 0.000000000000000000e+00 1.312136167683267433e-03 1.315472814305330669e-03 0.000000000000000000e+00 0.000000000000000000e+00 1.295358252199407551e-03 1.292534496480170691e-03 9.723364513968423993e-04 0.000000000000000000e+00
0.000000000000000000e+00 0.000000000000000000e+00 0.000000000000000000e+00 0.000000000000000000e+00 4.427210123348296962e-04 0.000000000000000000e+00 0.000000000000000000e+00 0.000000000000000000e+00 1.309947572512148257e-03 1.306791347457387153e-03 0.000000000000000000e+00 0.000000000000000000e+00 1.296284431814236039e-03 1.288351335249654723e-03 9.660310539612798966e-04 0.000000000000000000e+00
0.000000000000000000e+00 0.000000000000000000e+00 0.000000000000000000e+00 0.000000000000000000e+00 4.492182655940386588e-04 0.000000000000000000e+00 0.000000000000000000e+00 0.000000000000000000e+00 1.329662839700942144e-03 1.330089968987261968e-03 0.000000000000000000e+00 0.000000000000000000e+00 1.306800667134842267e-03 1.302313931314054993e-03 9.684611528301413337e-04 0.000000000000000000e+00
0.000000000000000000e+00 0.000000000000000000e+00 0.000000000000000000e+00 0.000000000000000000e+00 4.383556361008118622e-04 0.000000000000000000e+00 0.000000000000000000e+00 0.000000000000000000e+00 1.307358458682440988e-03 1.305822915647994161e-03 0.000000000000000000e+00 0.000000000000000000e+00 1.286945176443883218e-03 1.278089005588063697e-03 9.676963685996408130e-04 0.000000000000000000e+00
0.000000000000000000e+00 0.000000000000000000e+00 0.000000000000000000e+00 0.000000000000000000e+00 4.416593817726860633e-04 0.000000000000000000e+00 0.000000000000000000e+00 0.000000000000000000e+00 1.296294020879036916e-03 1.296451310165305446e-03 0.000000000000000000e+00 0.000000000000000000e+00 1.287266996660976206e-03 1.281903391023626708e-03 9.818003178947360462e-04 0.000000000000000000e+00
