# {'chrom': '15', 'window_id': '2', 'statistic': 'H2', 'bounds': [62000000, 83000000], 'span': 21000000, 'n_sites': 12828055, 'coverage': 61.09, 'right_discontinuous': False, 'rows': "{0: 'Altai', 1: 'Chagyrskaya', 2: 'Denisova', 3: 'French-1', 4: 'Han-1', 5: 'Khomani_San-2', 6: 'Papuan-2', 7: 'Vindija', 8: 'Yoruba-1', 9: 'Yoruba-3'}"}
3.500000000000000000e+01 3.000000000000000000e+01 1.040000000000000000e+02 1.180000000000000000e+02 2.210000000000000000e+02 8.000000000000000000e+02 1.149000000000000000e+03 1.934000000000000000e+03 4.260000000000000000e+03 4.896000000000000000e+03 6.119000000000000000e+03 1.163600000000000000e+04 1.703800000000000000e+04 2.029700000000000000e+04 6.589600000000000000e+04 8.404700000000000000e+04 1.059740000000000000e+05 3.638540000000000000e+05 4.497790000000000000e+05
3.310000000000000000e+02 1.640000000000000000e+02 2.420000000000000000e+02 1.920000000000000000e+02 3.150000000000000000e+02 1.202000000000000000e+03 1.860000000000000000e+03 3.732000000000000000e+03 6.690000000000000000e+03 4.537000000000000000e+03 4.071000000000000000e+03 1.054700000000000000e+04 1.503700000000000000e+04 1.683600000000000000e+04 5.458800000000000000e+04 8.682000000000000000e+04 1.605080000000000000e+05 4.327110000000000000e+05 6.584430000000000000e+05
2.010000000000000000e+02 1.530000000000000000e+02 1.420000000000000000e+02 1.260000000000000000e+02 2.480000000000000000e+02 5.770000000000000000e+02 1.089000000000000000e+03 2.127000000000000000e+03 4.838000000000000000e+03 4.672000000000000000e+03 4.850000000000000000e+03 1.339300000000000000e+04 1.308400000000000000e+04 1.852900000000000000e+04 5.121200000000000000e+04 8.553600000000000000e+04 1.664110000000000000e+05 5.110070000000000000e+05 9.156840000000000000e+05
7.910000000000000000e+02 7.130000000000000000e+02 1.336000000000000000e+03 1.525000000000000000e+03 2.506000000000000000e+03 6.936000000000000000e+03 1.064600000000000000e+04 2.076300000000000000e+04 4.692500000000000000e+04 5.475200000000000000e+04 8.549700000000000000e+04 1.627710000000000000e+05 1.795560000000000000e+05 3.128430000000000000e+05 8.130670000000000000e+05 1.374309000000000000e+06 2.580365000000000000e+06 8.874055000000000000e+06 1.585609300000000000e+07
7.880000000000000000e+02 7.530000000000000000e+02 1.139000000000000000e+03 1.113000000000000000e+03 1.861000000000000000e+03 5.674000000000000000e+03 8.533000000000000000e+03 1.620600000000000000e+04 3.755900000000000000e+04 4.404700000000000000e+04 5.854100000000000000e+04 9.767500000000000000e+04 1.207610000000000000e+05 2.764270000000000000e+05 7.021660000000000000e+05 1.193046000000000000e+06 2.367310000000000000e+06 7.979921000000000000e+06 1.431556300000000000e+07
2.694000000000000000e+03 1.663000000000000000e+03 2.523000000000000000e+03 2.735000000000000000e+03 4.733000000000000000e+03 1.292500000000000000e+04 2.080500000000000000e+04 3.633100000000000000e+04 8.424600000000000000e+04 9.700300000000000000e+04 1.513020000000000000e+05 3.086000000000000000e+05 3.593870000000000000e+05 7.700630000000000000e+05 1.984405000000000000e+06 3.298689000000000000e+06 6.220000000000000000e+06 2.017762800000000000e+07 3.452081900000000000e+07
1.084000000000000000e+03 9.070000000000000000e+02 1.415000000000000000e+03 1.572000000000000000e+03 2.820000000000000000e+03 6.832000000000000000e+03 1.050400000000000000e+04 1.987500000000000000e+04 4.541500000000000000e+04 5.446100000000000000e+04 7.302500000000000000e+04 1.473980000000000000e+05 1.487760000000000000e+05 2.125840000000000000e+05 6.590430000000000000e+05 9.503760000000000000e+05 1.752776000000000000e+06 6.414400000000000000e+06 1.233660000000000000e+07
2.780000000000000000e+02 1.510000000000000000e+02 2.700000000000000000e+02 1.810000000000000000e+02 4.310000000000000000e+02 1.183000000000000000e+03 1.556000000000000000e+03 2.877000000000000000e+03 6.436000000000000000e+03 7.726000000000000000e+03 8.894000000000000000e+03 1.835000000000000000e+04 1.281900000000000000e+04 1.953100000000000000e+04 8.805800000000000000e+04 1.242140000000000000e+05 2.044830000000000000e+05 6.065150000000000000e+05 1.000414000000000000e+06
1.225000000000000000e+03 1.044000000000000000e+03 1.687000000000000000e+03 1.661000000000000000e+03 3.111000000000000000e+03 9.273000000000000000e+03 1.421700000000000000e+04 2.506400000000000000e+04 5.890600000000000000e+04 6.747900000000000000e+04 1.028110000000000000e+05 2.078120000000000000e+05 2.637340000000000000e+05 5.240380000000000000e+05 1.386405000000000000e+06 2.353401000000000000e+06 4.514973000000000000e+06 1.537401400000000000e+07 2.648395800000000000e+07
8.210000000000000000e+02 8.720000000000000000e+02 1.799000000000000000e+03 2.240000000000000000e+03 3.907000000000000000e+03 1.111400000000000000e+04 1.716200000000000000e+04 3.201900000000000000e+04 7.308400000000000000e+04 8.298700000000000000e+04 1.178800000000000000e+05 2.389120000000000000e+05 2.853320000000000000e+05 6.427070000000000000e+05 1.722944000000000000e+06 2.734025000000000000e+06 5.727965000000000000e+06 1.712613700000000000e+07 3.144537000000000000e+07
