# {'chrom': '15', 'window_id': '1', 'statistic': 'H2', 'bounds': [41000000, 62000000], 'span': 21000000, 'n_sites': 12628544, 'coverage': 60.14, 'right_discontinuous': False, 'rows': "{0: 'Altai', 1: 'Chagyrskaya', 2: 'Denisova', 3: 'French-1', 4: 'Han-1', 5: 'Khomani_San-2', 6: 'Papuan-2', 7: 'Vindija', 8: 'Yoruba-1', 9: 'Yoruba-3'}"}
4.100000000000000000e+01 4.900000000000000000e+01 3.900000000000000000e+01 4.100000000000000000e+01 1.260000000000000000e+02 3.680000000000000000e+02 6.490000000000000000e+02 1.117000000000000000e+03 2.378000000000000000e+03 2.729000000000000000e+03 3.955000000000000000e+03 8.996000000000000000e+03 7.504000000000000000e+03 1.624400000000000000e+04 4.472700000000000000e+04 4.633800000000000000e+04 5.480900000000000000e+04 9.399900000000000000e+04 4.051550000000000000e+05
1.202000000000000000e+03 1.810000000000000000e+02 1.500000000000000000e+02 1.720000000000000000e+02 3.610000000000000000e+02 8.130000000000000000e+02 2.304000000000000000e+03 1.657000000000000000e+03 4.369000000000000000e+03 4.293000000000000000e+03 6.690000000000000000e+03 1.178900000000000000e+04 1.155000000000000000e+04 2.496900000000000000e+04 6.256000000000000000e+04 9.340400000000000000e+04 1.995960000000000000e+05 3.799390000000000000e+05 6.041660000000000000e+05
2.760000000000000000e+02 3.200000000000000000e+02 6.560000000000000000e+02 4.830000000000000000e+02 6.300000000000000000e+02 1.340000000000000000e+03 1.944000000000000000e+03 4.179000000000000000e+03 9.130000000000000000e+03 8.892000000000000000e+03 1.446900000000000000e+04 2.252800000000000000e+04 2.203300000000000000e+04 3.353700000000000000e+04 9.253300000000000000e+04 1.367490000000000000e+05 3.317360000000000000e+05 8.969710000000000000e+05 1.272554000000000000e+06
2.130000000000000000e+02 2.340000000000000000e+02 6.840000000000000000e+02 8.840000000000000000e+02 1.421000000000000000e+03 3.656000000000000000e+03 5.483000000000000000e+03 1.094900000000000000e+04 2.646500000000000000e+04 3.048500000000000000e+04 4.576600000000000000e+04 8.758100000000000000e+04 1.071510000000000000e+05 1.991230000000000000e+05 5.775950000000000000e+05 1.021954000000000000e+06 1.909999000000000000e+06 5.015881000000000000e+06 8.366943000000000000e+06
1.716000000000000000e+03 9.440000000000000000e+02 1.390000000000000000e+03 1.684000000000000000e+03 2.953000000000000000e+03 8.258000000000000000e+03 1.329400000000000000e+04 2.389600000000000000e+04 5.657500000000000000e+04 6.977700000000000000e+04 9.873200000000000000e+04 1.659670000000000000e+05 2.117750000000000000e+05 2.762130000000000000e+05 1.007667000000000000e+06 1.668647000000000000e+06 3.614937000000000000e+06 1.078579300000000000e+07 1.659777600000000000e+07
3.888000000000000000e+03 2.495000000000000000e+03 3.447000000000000000e+03 3.393000000000000000e+03 5.930000000000000000e+03 1.691400000000000000e+04 2.623900000000000000e+04 4.828200000000000000e+04 1.085920000000000000e+05 1.307100000000000000e+05 1.950500000000000000e+05 3.889210000000000000e+05 4.925150000000000000e+05 9.532930000000000000e+05 2.776815000000000000e+06 4.493084000000000000e+06 9.050845000000000000e+06 2.735237000000000000e+07 4.201972600000000000e+07
4.889000000000000000e+03 2.850000000000000000e+03 2.807000000000000000e+03 2.674000000000000000e+03 3.882000000000000000e+03 1.258800000000000000e+04 2.149000000000000000e+04 3.990900000000000000e+04 8.698300000000000000e+04 1.050560000000000000e+05 1.551690000000000000e+05 3.017410000000000000e+05 2.687120000000000000e+05 4.827130000000000000e+05 1.365141000000000000e+06 2.257044000000000000e+06 4.537546000000000000e+06 1.324199100000000000e+07 1.852735600000000000e+07
7.000000000000000000e+00 1.300000000000000000e+01 4.100000000000000000e+01 6.900000000000000000e+01 1.900000000000000000e+02 5.210000000000000000e+02 6.380000000000000000e+02 1.020000000000000000e+03 1.924000000000000000e+03 2.159000000000000000e+03 2.445000000000000000e+03 7.111000000000000000e+03 7.292000000000000000e+03 9.689000000000000000e+03 2.725700000000000000e+04 2.321400000000000000e+04 5.361300000000000000e+04 1.990370000000000000e+05 2.855670000000000000e+05
3.437000000000000000e+03 2.409000000000000000e+03 3.064000000000000000e+03 3.415000000000000000e+03 6.155000000000000000e+03 1.431300000000000000e+04 2.366800000000000000e+04 4.029800000000000000e+04 9.227700000000000000e+04 1.081410000000000000e+05 1.490640000000000000e+05 2.991900000000000000e+05 4.086290000000000000e+05 7.465870000000000000e+05 1.935192000000000000e+06 3.427952000000000000e+06 6.701095000000000000e+06 2.124952300000000000e+07 3.479289100000000000e+07
3.101000000000000000e+03 2.014000000000000000e+03 2.967000000000000000e+03 2.922000000000000000e+03 4.852000000000000000e+03 1.343500000000000000e+04 2.293700000000000000e+04 3.835500000000000000e+04 8.270300000000000000e+04 9.855400000000000000e+04 1.451130000000000000e+05 2.797430000000000000e+05 3.834590000000000000e+05 7.809360000000000000e+05 2.084905000000000000e+06 3.291180000000000000e+06 6.754181000000000000e+06 2.129729000000000000e+07 3.428400000000000000e+07
