# {'chrom': '15', 'window_id': '3', 'statistic': 'H2', 'bounds': [83000000, 103000000], 'span': 20000000, 'n_sites': 12236829, 'coverage': 61.18, 'right_discontinuous': True, 'rows': "{0: 'Altai', 1: 'Chagyrskaya', 2: 'Denisova', 3: 'French-1', 4: 'Han-1', 5: 'Khomani_San-2', 6: 'Papuan-2', 7: 'Vindija', 8: 'Yoruba-1', 9: 'Yoruba-3'}"}
2.000000000000000000e+00 3.000000000000000000e+00 2.100000000000000000e+01 5.700000000000000000e+01 1.750000000000000000e+02 4.480000000000000000e+02 6.820000000000000000e+02 1.159000000000000000e+03 2.363000000000000000e+03 2.476000000000000000e+03 2.600000000000000000e+03 6.113000000000000000e+03 3.647000000000000000e+03 7.773000000000000000e+03 1.803100000000000000e+04 2.771100000000000000e+04 3.279400000000000000e+04 1.123990000000000000e+05 1.033440000000000000e+05
1.000000000000000000e+00 4.000000000000000000e+00 1.890000000000000000e+02 3.440000000000000000e+02 8.190000000000000000e+02 2.054000000000000000e+03 1.715000000000000000e+03 2.031000000000000000e+03 4.480000000000000000e+03 7.315000000000000000e+03 7.196000000000000000e+03 1.960800000000000000e+04 7.634000000000000000e+03 1.371700000000000000e+04 2.400500000000000000e+04 5.704600000000000000e+04 5.671000000000000000e+04 1.944600000000000000e+05 2.519640000000000000e+05
3.400000000000000000e+01 6.500000000000000000e+01 1.650000000000000000e+02 2.190000000000000000e+02 2.600000000000000000e+02 7.680000000000000000e+02 1.099000000000000000e+03 1.741000000000000000e+03 4.272000000000000000e+03 5.805000000000000000e+03 7.661000000000000000e+03 1.102900000000000000e+04 1.220700000000000000e+04 2.344800000000000000e+04 5.817100000000000000e+04 9.893200000000000000e+04 1.871150000000000000e+05 5.333790000000000000e+05 8.171540000000000000e+05
3.510000000000000000e+02 3.740000000000000000e+02 5.730000000000000000e+02 8.020000000000000000e+02 1.690000000000000000e+03 5.588000000000000000e+03 9.570000000000000000e+03 1.901400000000000000e+04 4.655200000000000000e+04 5.363300000000000000e+04 7.142800000000000000e+04 1.357000000000000000e+05 1.680610000000000000e+05 2.707650000000000000e+05 7.896810000000000000e+05 1.273720000000000000e+06 2.472380000000000000e+06 7.119837000000000000e+06 1.075143900000000000e+07
8.780000000000000000e+02 5.270000000000000000e+02 7.640000000000000000e+02 1.047000000000000000e+03 2.419000000000000000e+03 6.737000000000000000e+03 1.194100000000000000e+04 2.141300000000000000e+04 4.819600000000000000e+04 5.799700000000000000e+04 7.673700000000000000e+04 1.533660000000000000e+05 2.068470000000000000e+05 2.784820000000000000e+05 9.000760000000000000e+05 1.444401000000000000e+06 2.542254000000000000e+06 7.364581000000000000e+06 1.112588400000000000e+07
5.580000000000000000e+02 4.970000000000000000e+02 7.800000000000000000e+02 1.070000000000000000e+03 2.380000000000000000e+03 7.773000000000000000e+03 1.331000000000000000e+04 2.543900000000000000e+04 5.875200000000000000e+04 7.245600000000000000e+04 1.015030000000000000e+05 1.994840000000000000e+05 2.802230000000000000e+05 4.326630000000000000e+05 1.342981000000000000e+06 2.195459000000000000e+06 4.311376000000000000e+06 1.167715600000000000e+07 1.725064500000000000e+07
1.170000000000000000e+02 1.650000000000000000e+02 3.800000000000000000e+02 7.520000000000000000e+02 1.688000000000000000e+03 4.928000000000000000e+03 8.197000000000000000e+03 1.577700000000000000e+04 3.721600000000000000e+04 4.461800000000000000e+04 6.522800000000000000e+04 1.404950000000000000e+05 1.521360000000000000e+05 2.031160000000000000e+05 6.228870000000000000e+05 1.021538000000000000e+06 2.137012000000000000e+06 5.322979000000000000e+06 6.388890000000000000e+06
4.000000000000000000e+00 2.400000000000000000e+01 2.890000000000000000e+02 5.220000000000000000e+02 1.261000000000000000e+03 2.956000000000000000e+03 2.905000000000000000e+03 4.021000000000000000e+03 7.876000000000000000e+03 1.197500000000000000e+04 9.724000000000000000e+03 2.569600000000000000e+04 1.398400000000000000e+04 2.385000000000000000e+04 5.519900000000000000e+04 8.297900000000000000e+04 1.298550000000000000e+05 4.692670000000000000e+05 8.119460000000000000e+05
1.447000000000000000e+03 9.010000000000000000e+02 1.043000000000000000e+03 1.497000000000000000e+03 3.273000000000000000e+03 1.038900000000000000e+04 1.696000000000000000e+04 3.000000000000000000e+04 6.533200000000000000e+04 8.003400000000000000e+04 1.035070000000000000e+05 2.119400000000000000e+05 3.177770000000000000e+05 5.050510000000000000e+05 1.452233000000000000e+06 2.376256000000000000e+06 4.541111000000000000e+06 1.303605400000000000e+07 1.945594400000000000e+07
6.520000000000000000e+02 4.700000000000000000e+02 7.120000000000000000e+02 1.169000000000000000e+03 2.645000000000000000e+03 8.681000000000000000e+03 1.489800000000000000e+04 2.724500000000000000e+04 6.418900000000000000e+04 8.163400000000000000e+04 1.129750000000000000e+05 2.194550000000000000e+05 3.173930000000000000e+05 4.743940000000000000e+05 1.435003000000000000e+06 2.462771000000000000e+06 4.845287000000000000e+06 1.296954600000000000e+07 1.997926300000000000e+07
