# ['Altai', 'Chagyrskaya', 'Denisova', 'Vindija', 'French-1', 'Khomani_San-2', 'Han-1', 'Papuan-2', 'Yoruba-1', 'Yoruba-3']
7.402000000000000000e+03 2.322000000000000000e+03 3.493000000000000000e+03 3.541000000000000000e+03 5.248000000000000000e+03 1.114500000000000000e+04 1.564600000000000000e+04 3.080900000000000000e+04 5.379000000000000000e+04 5.468300000000000000e+04 8.303000000000000000e+04 1.342690000000000000e+05 1.288420000000000000e+05 1.878630000000000000e+05 5.189480000000000000e+05 8.151360000000000000e+05 1.844123000000000000e+06 4.571476000000000000e+06 7.598100000000000000e+06 1.526615100000000000e+07 3.905902800000000000e+07
4.269000000000000000e+03 1.271000000000000000e+03 2.644000000000000000e+03 3.017000000000000000e+03 4.602000000000000000e+03 9.637000000000000000e+03 1.385800000000000000e+04 2.575900000000000000e+04 5.274000000000000000e+04 5.497400000000000000e+04 8.424300000000000000e+04 1.890420000000000000e+05 1.501810000000000000e+05 1.915590000000000000e+05 4.193130000000000000e+05 9.583850000000000000e+05 1.547888000000000000e+06 4.560524000000000000e+06 5.837514000000000000e+06 1.451176300000000000e+07 2.242727700000000000e+07
5.092000000000000000e+03 1.288000000000000000e+03 1.889000000000000000e+03 2.124000000000000000e+03 3.301000000000000000e+03 8.821000000000000000e+03 1.252100000000000000e+04 1.859900000000000000e+04 3.955800000000000000e+04 3.720900000000000000e+04 4.671100000000000000e+04 9.671100000000000000e+04 1.115670000000000000e+05 1.987500000000000000e+05 5.254520000000000000e+05 7.927840000000000000e+05 1.578255000000000000e+06 4.554796000000000000e+06 8.486562000000000000e+06 1.876114700000000000e+07 4.569876400000000000e+07
2.774000000000000000e+03 1.141000000000000000e+03 2.321000000000000000e+03 2.543000000000000000e+03 3.871000000000000000e+03 8.512000000000000000e+03 1.252400000000000000e+04 2.237500000000000000e+04 4.580900000000000000e+04 4.636700000000000000e+04 6.370700000000000000e+04 1.211160000000000000e+05 9.878300000000000000e+04 1.448430000000000000e+05 4.540770000000000000e+05 7.897760000000000000e+05 1.413601000000000000e+06 3.698588000000000000e+06 6.597347000000000000e+06 1.555656400000000000e+07 3.624152600000000000e+07
4.852700000000000000e+04 1.007500000000000000e+04 1.486000000000000000e+04 1.418400000000000000e+04 2.033700000000000000e+04 5.679200000000000000e+04 8.278600000000000000e+04 1.386300000000000000e+05 3.122560000000000000e+05 3.522240000000000000e+05 4.901540000000000000e+05 9.128390000000000000e+05 1.114504000000000000e+06 1.969380000000000000e+06 6.238149000000000000e+06 9.626199000000000000e+06 1.963073500000000000e+07 5.921978400000000000e+07 9.944993900000000000e+07 2.338442550000000000e+08 5.831652620000000000e+08
1.034340000000000000e+05 1.223100000000000000e+04 1.973900000000000000e+04 2.008700000000000000e+04 2.913500000000000000e+04 7.337700000000000000e+04 1.053540000000000000e+05 1.755200000000000000e+05 3.899530000000000000e+05 4.410490000000000000e+05 7.014620000000000000e+05 1.402046000000000000e+06 1.867664000000000000e+06 3.437657000000000000e+06 1.017250400000000000e+07 1.642948100000000000e+07 3.140307100000000000e+07 9.719227200000000000e+07 1.672573460000000000e+08 3.904124320000000000e+08 9.875199970000000000e+08
4.825900000000000000e+04 1.245900000000000000e+04 1.703800000000000000e+04 1.675500000000000000e+04 2.252200000000000000e+04 6.062200000000000000e+04 9.183600000000000000e+04 1.532120000000000000e+05 3.501610000000000000e+05 4.009220000000000000e+05 5.933600000000000000e+05 1.092341000000000000e+06 1.280397000000000000e+06 2.289542000000000000e+06 6.754053000000000000e+06 1.107429700000000000e+07 2.143348600000000000e+07 6.224166700000000000e+07 9.981513600000000000e+07 2.424660390000000000e+08 5.979419010000000000e+08
2.765500000000000000e+04 7.889000000000000000e+03 1.283200000000000000e+04 1.246100000000000000e+04 1.648200000000000000e+04 4.266100000000000000e+04 6.748800000000000000e+04 1.122750000000000000e+05 2.408620000000000000e+05 2.909030000000000000e+05 4.299430000000000000e+05 7.729150000000000000e+05 8.108920000000000000e+05 1.474702000000000000e+06 3.907766000000000000e+06 5.406082000000000000e+06 1.199048100000000000e+07 3.061433200000000000e+07 5.267153000000000000e+07 1.229315060000000000e+08 3.081302960000000000e+08
6.122000000000000000e+04 1.410500000000000000e+04 2.054200000000000000e+04 1.992300000000000000e+04 2.887800000000000000e+04 7.454000000000000000e+04 1.088500000000000000e+05 1.840370000000000000e+05 4.060360000000000000e+05 4.672010000000000000e+05 7.061170000000000000e+05 1.372039000000000000e+06 1.788658000000000000e+06 3.282779000000000000e+06 9.980964000000000000e+06 1.673678900000000000e+07 3.153697900000000000e+07 9.689633200000000000e+07 1.659882150000000000e+08 3.909370980000000000e+08 1.010726288000000000e+09
9.033000000000000000e+04 1.528200000000000000e+04 2.273100000000000000e+04 2.163700000000000000e+04 3.085900000000000000e+04 7.763700000000000000e+04 1.187030000000000000e+05 2.059570000000000000e+05 4.519770000000000000e+05 5.292720000000000000e+05 8.155810000000000000e+05 1.627344000000000000e+06 1.996458000000000000e+06 3.783705000000000000e+06 1.143376300000000000e+07 1.871661000000000000e+07 3.471343000000000000e+07 1.075347730000000000e+08 1.802327040000000000e+08 4.284462560000000000e+08 1.077604006000000000e+09
