4.271608237000000000e+09
3.988426658000000000e+09
4.960178299000000000e+09
5.163408897000000000e+09
7.212421323000000000e+09
1.764011202000000000e+10
2.953858681200000000e+10
4.522579418300000000e+10
1.026385552460000000e+11
1.312170068550000000e+11
1.807789908220000000e+11
4.003284435720000000e+11
5.679255405530000000e+11
8.389400563840000000e+11
2.087560697447000000e+12
3.541793301754000000e+12
5.891976025731000000e+12
1.667724940525500000e+13
2.987427986052800000e+13
6.365624088491500000e+13
5.693266718628000000e+13
