# {'chrom': '13', 'window_id': '4', 'statistic': 'H2', 'bounds': [96000000, 116000000], 'span': 20000000, 'n_sites': 12668339, 'coverage': 63.34, 'right_discontinuous': True, 'rows': "{0: 'Altai', 1: 'Chagyrskaya', 2: 'Denisova', 3: 'French-1', 4: 'Han-1', 5: 'Khomani_San-2', 6: 'Papuan-2', 7: 'Vindija', 8: 'Yoruba-1', 9: 'Yoruba-3'}"}
2.904000000000000000e+03 1.160000000000000000e+02 2.540000000000000000e+02 2.940000000000000000e+02 6.130000000000000000e+02 1.460000000000000000e+03 2.117000000000000000e+03 4.190000000000000000e+03 9.492000000000000000e+03 9.166000000000000000e+03 1.232800000000000000e+04 1.012300000000000000e+04 1.480600000000000000e+04 3.657000000000000000e+04 6.185100000000000000e+04 8.305100000000000000e+04 2.195050000000000000e+05 4.659700000000000000e+05 5.470280000000000000e+05
1.956000000000000000e+03 1.040000000000000000e+02 3.310000000000000000e+02 4.550000000000000000e+02 8.010000000000000000e+02 1.920000000000000000e+03 2.429000000000000000e+03 4.097000000000000000e+03 9.491000000000000000e+03 9.781000000000000000e+03 1.238800000000000000e+04 2.636000000000000000e+04 2.176100000000000000e+04 3.057600000000000000e+04 5.251900000000000000e+04 6.493700000000000000e+04 1.325110000000000000e+05 4.539930000000000000e+05 7.059800000000000000e+05
2.257000000000000000e+03 9.100000000000000000e+01 2.520000000000000000e+02 3.750000000000000000e+02 6.400000000000000000e+02 1.739000000000000000e+03 2.208000000000000000e+03 3.913000000000000000e+03 8.852000000000000000e+03 8.157000000000000000e+03 9.494000000000000000e+03 1.438000000000000000e+04 1.677100000000000000e+04 2.772600000000000000e+04 5.338100000000000000e+04 1.057830000000000000e+05 1.916680000000000000e+05 5.478530000000000000e+05 8.648620000000000000e+05
2.447000000000000000e+04 1.293000000000000000e+03 1.740000000000000000e+03 1.918000000000000000e+03 3.242000000000000000e+03 9.604000000000000000e+03 1.229500000000000000e+04 2.261200000000000000e+04 5.037600000000000000e+04 5.365500000000000000e+04 6.699600000000000000e+04 1.246250000000000000e+05 1.717010000000000000e+05 2.725710000000000000e+05 7.761760000000000000e+05 1.361638000000000000e+06 2.575424000000000000e+06 7.504641000000000000e+06 1.250119600000000000e+07
1.456400000000000000e+04 1.210000000000000000e+03 1.691000000000000000e+03 2.286000000000000000e+03 3.521000000000000000e+03 9.541000000000000000e+03 1.377400000000000000e+04 2.446200000000000000e+04 5.382000000000000000e+04 5.832700000000000000e+04 9.987400000000000000e+04 1.806200000000000000e+05 2.046540000000000000e+05 3.007370000000000000e+05 7.320790000000000000e+05 1.193354000000000000e+06 2.302738000000000000e+06 6.542629000000000000e+06 1.083777100000000000e+07
8.390800000000000000e+04 1.942000000000000000e+03 2.564000000000000000e+03 3.188000000000000000e+03 5.223000000000000000e+03 1.677900000000000000e+04 1.985300000000000000e+04 3.894800000000000000e+04 8.921300000000000000e+04 7.956600000000000000e+04 1.288270000000000000e+05 2.388600000000000000e+05 3.203620000000000000e+05 5.466940000000000000e+05 1.426193000000000000e+06 2.243207000000000000e+06 4.421565000000000000e+06 1.290417400000000000e+07 2.080701800000000000e+07
6.105000000000000000e+03 9.550000000000000000e+02 1.473000000000000000e+03 1.690000000000000000e+03 2.676000000000000000e+03 7.424000000000000000e+03 1.055900000000000000e+04 1.825800000000000000e+04 4.009700000000000000e+04 4.144200000000000000e+04 5.990900000000000000e+04 1.054030000000000000e+05 1.214370000000000000e+05 2.274720000000000000e+05 5.813840000000000000e+05 8.429440000000000000e+05 1.835712000000000000e+06 4.424469000000000000e+06 6.039478000000000000e+06
5.220000000000000000e+02 2.400000000000000000e+01 1.100000000000000000e+02 1.990000000000000000e+02 3.390000000000000000e+02 9.230000000000000000e+02 1.503000000000000000e+03 2.153000000000000000e+03 4.280000000000000000e+03 4.928000000000000000e+03 5.493000000000000000e+03 8.845000000000000000e+03 8.346000000000000000e+03 1.483400000000000000e+04 4.032400000000000000e+04 4.881800000000000000e+04 9.665900000000000000e+04 3.248640000000000000e+05 4.907770000000000000e+05
3.658400000000000000e+04 2.569000000000000000e+03 3.277000000000000000e+03 3.722000000000000000e+03 6.058000000000000000e+03 1.621300000000000000e+04 2.363900000000000000e+04 4.180900000000000000e+04 9.042900000000000000e+04 9.065100000000000000e+04 1.392270000000000000e+05 2.671550000000000000e+05 3.333480000000000000e+05 5.779050000000000000e+05 1.572950000000000000e+06 2.709954000000000000e+06 5.198421000000000000e+06 1.535709100000000000e+07 2.377338300000000000e+07
5.877700000000000000e+04 2.017000000000000000e+03 2.648000000000000000e+03 3.342000000000000000e+03 5.975000000000000000e+03 1.601700000000000000e+04 2.196400000000000000e+04 4.353300000000000000e+04 9.085900000000000000e+04 9.095000000000000000e+04 1.550140000000000000e+05 2.842650000000000000e+05 3.100470000000000000e+05 6.230140000000000000e+05 1.755620000000000000e+06 2.663940000000000000e+06 4.736428000000000000e+06 1.494641200000000000e+07 2.318431900000000000e+07
