# {'chrom': '13', 'window_id': '1', 'statistic': 'H2', 'bounds': [39000000, 58000000], 'span': 19000000, 'n_sites': 11891851, 'coverage': 62.59, 'right_discontinuous': False, 'rows': "{0: 'Altai', 1: 'Chagyrskaya', 2: 'Denisova', 3: 'French-1', 4: 'Han-1', 5: 'Khomani_San-2', 6: 'Papuan-2', 7: 'Vindija', 8: 'Yoruba-1', 9: 'Yoruba-3'}"}
1.279000000000000000e+03 7.460000000000000000e+02 9.510000000000000000e+02 7.180000000000000000e+02 1.114000000000000000e+03 2.611000000000000000e+03 3.255000000000000000e+03 9.078000000000000000e+03 1.045300000000000000e+04 8.556000000000000000e+03 1.466200000000000000e+04 1.948400000000000000e+04 1.941900000000000000e+04 3.730100000000000000e+04 1.096800000000000000e+05 1.770930000000000000e+05 2.641230000000000000e+05 1.060639000000000000e+06 2.877168000000000000e+06
1.780000000000000000e+02 1.660000000000000000e+02 3.580000000000000000e+02 4.230000000000000000e+02 7.160000000000000000e+02 1.356000000000000000e+03 1.677000000000000000e+03 4.182000000000000000e+03 5.710000000000000000e+03 4.217000000000000000e+03 5.941000000000000000e+03 1.065300000000000000e+04 1.468900000000000000e+04 2.797300000000000000e+04 7.671700000000000000e+04 1.077100000000000000e+05 1.765870000000000000e+05 1.060173000000000000e+06 2.186620000000000000e+06
3.730000000000000000e+02 2.600000000000000000e+02 3.500000000000000000e+02 3.350000000000000000e+02 6.580000000000000000e+02 1.753000000000000000e+03 2.557000000000000000e+03 4.406000000000000000e+03 8.445000000000000000e+03 7.539000000000000000e+03 9.220000000000000000e+03 1.804400000000000000e+04 1.872400000000000000e+04 3.883900000000000000e+04 1.210200000000000000e+05 1.455260000000000000e+05 2.719020000000000000e+05 8.172080000000000000e+05 1.956592000000000000e+06
3.265000000000000000e+03 1.614000000000000000e+03 2.431000000000000000e+03 1.985000000000000000e+03 2.845000000000000000e+03 7.769000000000000000e+03 1.199200000000000000e+04 2.120500000000000000e+04 4.716900000000000000e+04 5.575100000000000000e+04 8.911100000000000000e+04 1.319340000000000000e+05 1.665180000000000000e+05 2.992520000000000000e+05 8.660220000000000000e+05 1.779813000000000000e+06 3.317142000000000000e+06 1.166098500000000000e+07 2.557527300000000000e+07
5.205000000000000000e+03 2.366000000000000000e+03 3.609000000000000000e+03 2.906000000000000000e+03 4.050000000000000000e+03 1.046000000000000000e+04 1.605900000000000000e+04 3.043900000000000000e+04 6.156700000000000000e+04 6.901100000000000000e+04 1.131000000000000000e+05 1.870370000000000000e+05 2.561300000000000000e+05 5.048400000000000000e+05 1.550485000000000000e+06 2.593564000000000000e+06 4.150832000000000000e+06 1.455207500000000000e+07 2.790222300000000000e+07
5.617000000000000000e+03 2.535000000000000000e+03 4.251000000000000000e+03 4.501000000000000000e+03 6.584000000000000000e+03 1.561300000000000000e+04 2.342200000000000000e+04 3.777500000000000000e+04 8.419400000000000000e+04 1.085340000000000000e+05 1.782310000000000000e+05 3.337750000000000000e+05 4.513090000000000000e+05 8.971620000000000000e+05 2.351439000000000000e+06 3.724228000000000000e+06 6.358578000000000000e+06 2.244941600000000000e+07 4.529718800000000000e+07
5.595000000000000000e+03 1.208000000000000000e+03 1.762000000000000000e+03 1.785000000000000000e+03 2.477000000000000000e+03 6.737000000000000000e+03 1.055700000000000000e+04 1.979100000000000000e+04 4.676500000000000000e+04 6.469400000000000000e+04 1.098610000000000000e+05 1.711300000000000000e+05 1.123040000000000000e+05 2.342670000000000000e+05 4.627230000000000000e+05 7.712120000000000000e+05 1.397091000000000000e+06 4.453593000000000000e+06 9.401873000000000000e+06
1.680000000000000000e+02 1.060000000000000000e+02 2.880000000000000000e+02 3.320000000000000000e+02 5.260000000000000000e+02 1.027000000000000000e+03 1.458000000000000000e+03 3.013000000000000000e+03 5.253000000000000000e+03 4.570000000000000000e+03 7.595000000000000000e+03 1.236200000000000000e+04 1.764100000000000000e+04 2.735400000000000000e+04 7.915200000000000000e+04 1.229870000000000000e+05 2.304120000000000000e+05 6.464300000000000000e+05 2.226391000000000000e+06
4.178000000000000000e+03 1.896000000000000000e+03 3.467000000000000000e+03 3.346000000000000000e+03 5.047000000000000000e+03 1.232000000000000000e+04 1.764800000000000000e+04 3.200700000000000000e+04 6.779700000000000000e+04 8.517000000000000000e+04 1.402300000000000000e+05 2.834600000000000000e+05 3.543930000000000000e+05 6.887800000000000000e+05 1.928646000000000000e+06 3.658180000000000000e+06 5.973052000000000000e+06 1.973175200000000000e+07 4.311552400000000000e+07
6.878000000000000000e+03 2.787000000000000000e+03 3.904000000000000000e+03 3.935000000000000000e+03 5.505000000000000000e+03 1.319700000000000000e+04 2.079400000000000000e+04 3.766100000000000000e+04 8.161800000000000000e+04 1.105720000000000000e+05 1.829720000000000000e+05 3.382180000000000000e+05 3.570380000000000000e+05 7.278860000000000000e+05 2.047879000000000000e+06 3.765557000000000000e+06 5.701924000000000000e+06 2.073362500000000000e+07 4.450090300000000000e+07
