# {'chrom': '13', 'window_id': '2', 'statistic': 'H2', 'bounds': [58000000, 77000000], 'span': 19000000, 'n_sites': 12598220, 'coverage': 66.31, 'right_discontinuous': False, 'rows': "{0: 'Altai', 1: 'Chagyrskaya', 2: 'Denisova', 3: 'French-1', 4: 'Han-1', 5: 'Khomani_San-2', 6: 'Papuan-2', 7: 'Vindija', 8: 'Yoruba-1', 9: 'Yoruba-3'}"}
9.340000000000000000e+02 6.710000000000000000e+02 1.119000000000000000e+03 1.327000000000000000e+03 1.863000000000000000e+03 3.936000000000000000e+03 5.302000000000000000e+03 1.028200000000000000e+04 2.043100000000000000e+04 2.138200000000000000e+04 3.495700000000000000e+04 8.008300000000000000e+04 6.379200000000000000e+04 6.655800000000000000e+04 2.264080000000000000e+05 3.685270000000000000e+05 8.926460000000000000e+05 1.610492000000000000e+06 1.690997000000000000e+06
5.380000000000000000e+02 4.240000000000000000e+02 9.560000000000000000e+02 1.229000000000000000e+03 1.757000000000000000e+03 3.470000000000000000e+03 4.366000000000000000e+03 8.936000000000000000e+03 1.875000000000000000e+04 2.228200000000000000e+04 3.797900000000000000e+04 9.214200000000000000e+04 7.588100000000000000e+04 7.840500000000000000e+04 1.603450000000000000e+05 4.525560000000000000e+05 7.274090000000000000e+05 1.640389000000000000e+06 1.198318000000000000e+06
7.620000000000000000e+02 3.700000000000000000e+02 3.400000000000000000e+02 4.060000000000000000e+02 5.740000000000000000e+02 1.836000000000000000e+03 2.964000000000000000e+03 3.805000000000000000e+03 8.414000000000000000e+03 7.927000000000000000e+03 9.035000000000000000e+03 2.184500000000000000e+04 2.961400000000000000e+04 4.984700000000000000e+04 1.088180000000000000e+05 1.675070000000000000e+05 3.431470000000000000e+05 1.068173000000000000e+06 2.022054000000000000e+06
5.639000000000000000e+03 2.688000000000000000e+03 4.129000000000000000e+03 4.437000000000000000e+03 6.089000000000000000e+03 1.625600000000000000e+04 2.187600000000000000e+04 3.630700000000000000e+04 9.753800000000000000e+04 1.170810000000000000e+05 1.581060000000000000e+05 3.181000000000000000e+05 3.733020000000000000e+05 7.211980000000000000e+05 2.304023000000000000e+06 2.891434000000000000e+06 6.260695000000000000e+06 1.919660100000000000e+07 2.889837500000000000e+07
6.001000000000000000e+03 2.675000000000000000e+03 3.565000000000000000e+03 3.898000000000000000e+03 4.940000000000000000e+03 1.347200000000000000e+04 1.889800000000000000e+04 3.191000000000000000e+04 8.360300000000000000e+04 9.345000000000000000e+04 1.211820000000000000e+05 2.288300000000000000e+05 2.831780000000000000e+05 4.810610000000000000e+05 1.471420000000000000e+06 2.114436000000000000e+06 4.466611000000000000e+06 1.357028700000000000e+07 2.148642000000000000e+07
3.044000000000000000e+03 2.451000000000000000e+03 4.125000000000000000e+03 4.326000000000000000e+03 5.946000000000000000e+03 1.377000000000000000e+04 2.127400000000000000e+04 3.423400000000000000e+04 8.116400000000000000e+04 9.452200000000000000e+04 1.446140000000000000e+05 3.286050000000000000e+05 3.882870000000000000e+05 7.677440000000000000e+05 2.594431000000000000e+06 3.953472000000000000e+06 7.538040000000000000e+06 2.344411300000000000e+07 4.022487700000000000e+07
1.172000000000000000e+03 1.168000000000000000e+03 2.766000000000000000e+03 2.869000000000000000e+03 3.461000000000000000e+03 7.553000000000000000e+03 1.164200000000000000e+04 1.952000000000000000e+04 4.567800000000000000e+04 6.221600000000000000e+04 8.607600000000000000e+04 1.558410000000000000e+05 1.794890000000000000e+05 3.183330000000000000e+05 9.527160000000000000e+05 9.870960000000000000e+05 2.464267000000000000e+06 6.626943000000000000e+06 1.443487900000000000e+07
4.010000000000000000e+02 3.620000000000000000e+02 8.530000000000000000e+02 1.035000000000000000e+03 1.410000000000000000e+03 2.995000000000000000e+03 4.255000000000000000e+03 8.566000000000000000e+03 1.940200000000000000e+04 1.894200000000000000e+04 2.991500000000000000e+04 6.503000000000000000e+04 3.646200000000000000e+04 6.043000000000000000e+04 1.897930000000000000e+05 3.502090000000000000e+05 6.204810000000000000e+05 1.108232000000000000e+06 1.106386000000000000e+06
6.662000000000000000e+03 3.284000000000000000e+03 4.685000000000000000e+03 5.176000000000000000e+03 6.867000000000000000e+03 1.870700000000000000e+04 2.586000000000000000e+04 4.084000000000000000e+04 1.032850000000000000e+05 1.149710000000000000e+05 1.682910000000000000e+05 3.564480000000000000e+05 4.324900000000000000e+05 8.800650000000000000e+05 2.644876000000000000e+06 4.101713000000000000e+06 7.947002000000000000e+06 2.380164300000000000e+07 3.820005300000000000e+07
6.144000000000000000e+03 3.015000000000000000e+03 4.814000000000000000e+03 4.706000000000000000e+03 6.300000000000000000e+03 1.673600000000000000e+04 2.404200000000000000e+04 3.674500000000000000e+04 9.416200000000000000e+04 1.124150000000000000e+05 1.655820000000000000e+05 3.670210000000000000e+05 4.543480000000000000e+05 9.027090000000000000e+05 2.706274000000000000e+06 3.954348000000000000e+06 8.063611000000000000e+06 2.492809400000000000e+07 4.268550600000000000e+07
