# 'name' : 'rogers_a02_b02_d00_g00'
# 'source' : 'rogers_a02_b02_d00_g00.yaml'
# 'sample_pops' : ['X', 'Y', 'D', 'N']
# 'sample_size' : 1
# 'n_reps' : 100
# 'n_windows' : 200
# 'seq_length' : 100000000.0
# 'window_length' : 500000.0
# 'recomb_rate' : 1e-08
# 'mut_rate' : 1e-08
# 'created' : None
0.000000000000000000e+00 0.000000000000000000e+00 0.000000000000000000e+00 0.000000000000000000e+00 2.840784244332750382e-04 0.000000000000000000e+00 0.000000000000000000e+00 0.000000000000000000e+00 7.401836796367950279e-04 7.572236142662509394e-04 0.000000000000000000e+00 0.000000000000000000e+00 8.000127431616196015e-04 8.149395395386747898e-04 1.154542605282742160e-04 0.000000000000000000e+00
0.000000000000000000e+00 0.000000000000000000e+00 0.000000000000000000e+00 0.000000000000000000e+00 2.919719163242739729e-04 0.000000000000000000e+00 0.000000000000000000e+00 0.000000000000000000e+00 7.442556449655733349e-04 7.542786483397709123e-04 0.000000000000000000e+00 0.000000000000000000e+00 7.970743189006190658e-04 8.009863176682409467e-04 1.146803169319693633e-04 0.000000000000000000e+00
0.000000000000000000e+00 0.000000000000000000e+00 0.000000000000000000e+00 0.000000000000000000e+00 2.784937027682334639e-04 0.000000000000000000e+00 0.000000000000000000e+00 0.000000000000000000e+00 7.394655423058478201e-04 7.595388517722217970e-04 0.000000000000000000e+00 0.000000000000000000e+00 7.951639815452232361e-04 8.113720335002349042e-04 1.224346356587593129e-04 0.000000000000000000e+00
0.000000000000000000e+00 0.000000000000000000e+00 0.000000000000000000e+00 0.000000000000000000e+00 2.865270881948101412e-04 0.000000000000000000e+00 0.000000000000000000e+00 0.000000000000000000e+00 7.345449477594469386e-04 7.554567165642325907e-04 0.000000000000000000e+00 0.000000000000000000e+00 7.875413450250267787e-04 8.007737783897770712e-04 1.173993496444213449e-04 0.000000000000000000e+00
0.000000000000000000e+00 0.000000000000000000e+00 0.000000000000000000e+00 0.000000000000000000e+00 2.837602397335803523e-04 0.000000000000000000e+00 0.000000000000000000e+00 0.000000000000000000e+00 7.223152715567933944e-04 7.425362284101570199e-04 0.000000000000000000e+00 0.000000000000000000e+00 7.772234553178071752e-04 7.927309204035083538e-04 1.147317207525280915e-04 0.000000000000000000e+00
0.000000000000000000e+00 0.000000000000000000e+00 0.000000000000000000e+00 0.000000000000000000e+00 2.743329926870571368e-04 0.000000000000000000e+00 0.000000000000000000e+00 0.000000000000000000e+00 7.229501064751234045e-04 7.456414246171105820e-04 0.000000000000000000e+00 0.000000000000000000e+00 7.864915276133010872e-04 8.010804945044786192e-04 1.281402437928346372e-04 0.000000000000000000e+00
0.000000000000000000e+00 0.000000000000000000e+00 0.000000000000000000e+00 0.000000000000000000e+00 2.796852997043697232e-04 0.000000000000000000e+00 0.000000000000000000e+00 0.000000000000000000e+00 7.217914215750397986e-04 7.462756960751470861e-04 0.000000000000000000e+00 0.000000000000000000e+00 7.866058325700135906e-04 8.050423971858604354e-04 1.204204652908625635e-04 0.000000000000000000e+00
0.000000000000000000e+00 0.000000000000000000e+00 0.000000000000000000e+00 0.000000000000000000e+00 2.846078152970489832e-04 0.000000000000000000e+00 0.000000000000000000e+00 0.000000000000000000e+00 7.190124207999215936e-04 7.387080620813965852e-04 0.000000000000000000e+00 0.000000000000000000e+00 7.875412213930669657e-04 8.018585033058345289e-04 1.223761536367245942e-04 0.000000000000000000e+00
0.000000000000000000e+00 0.000000000000000000e+00 0.000000000000000000e+00 0.000000000000000000e+00 2.760612241393751629e-04 0.000000000000000000e+00 0.000000000000000000e+00 0.000000000000000000e+00 7.222988662294823649e-04 7.554151155492770187e-04 0.000000000000000000e+00 0.000000000000000000e+00 7.923987847294066030e-04 8.179325035651309472e-04 1.336497936098025559e-04 0.000000000000000000e+00
0.000000000000000000e+00 0.000000000000000000e+00 0.000000000000000000e+00 0.000000000000000000e+00 2.904096318399284585e-04 0.000000000000000000e+00 0.000000000000000000e+00 0.000000000000000000e+00 7.361954949367270542e-04 7.527370466185365726e-04 0.000000000000000000e+00 0.000000000000000000e+00 7.932617612678129681e-04 8.044062253733001234e-04 1.173227815859589435e-04 0.000000000000000000e+00
0.000000000000000000e+00 0.000000000000000000e+00 0.000000000000000000e+00 0.000000000000000000e+00 2.872378882128273723e-04 0.000000000000000000e+00 0.000000000000000000e+00 0.000000000000000000e+00 7.344817053080496391e-04 7.546714522613712011e-04 0.000000000000000000e+00 0.000000000000000000e+00 7.870328585802278650e-04 8.015134265937576144e-04 1.140161233983961163e-04 0.000000000000000000e+00
0.000000000000000000e+00 0.000000000000000000e+00 0.000000000000000000e+00 0.000000000000000000e+00 2.722352027431648247e-04 0.000000000000000000e+00 0.000000000000000000e+00 0.000000000000000000e+00 7.157066451287054289e-04 7.423197717274623896e-04 0.000000000000000000e+00 0.000000000000000000e+00 7.867130729322294571e-04 8.073085796807479182e-04 1.278753947252425410e-04 0.000000000000000000e+00
0.000000000000000000e+00 0.000000000000000000e+00 0.000000000000000000e+00 0.000000000000000000e+00 2.827316084324146806e-04 0.000000000000000000e+00 0.000000000000000000e+00 0.000000000000000000e+00 7.389568118864847223e-04 7.571917527783036082e-04 0.000000000000000000e+00 0.000000000000000000e+00 8.136830523698412605e-04 8.253107167097403817e-04 1.227566268863215684e-04 0.000000000000000000e+00
0.000000000000000000e+00 0.000000000000000000e+00 0.000000000000000000e+00 0.000000000000000000e+00 2.849449936562971374e-04 0.000000000000000000e+00 0.000000000000000000e+00 0.000000000000000000e+00 7.287803467497558059e-04 7.509842859454094995e-04 0.000000000000000000e+00 0.000000000000000000e+00 7.823407131304777051e-04 8.001425597860749132e-04 1.233774171789433626e-04 0.000000000000000000e+00
0.000000000000000000e+00 0.000000000000000000e+00 0.000000000000000000e+00 0.000000000000000000e+00 2.820992083489894933e-04 0.000000000000000000e+00 0.000000000000000000e+00 0.000000000000000000e+00 7.389170994109567478e-04 7.616686719025353046e-04 0.000000000000000000e+00 0.000000000000000000e+00 8.144368723184987726e-04 8.332401593821323407e-04 1.371666766802633985e-04 0.000000000000000000e+00
0.000000000000000000e+00 0.000000000000000000e+00 0.000000000000000000e+00 0.000000000000000000e+00 2.764532368959468872e-04 0.000000000000000000e+00 0.000000000000000000e+00 0.000000000000000000e+00 7.329759640817427912e-04 7.581523952457964880e-04 0.000000000000000000e+00 0.000000000000000000e+00 7.950431387744757951e-04 8.155893078637371351e-04 1.310792223847941833e-04 0.000000000000000000e+00
0.000000000000000000e+00 0.000000000000000000e+00 0.000000000000000000e+00 0.000000000000000000e+00 2.903460814650192750e-04 0.000000000000000000e+00 0.000000000000000000e+00 0.000000000000000000e+00 7.361030074313786422e-04 7.584503458358143359e-04 0.000000000000000000e+00 0.000000000000000000e+00 7.947450361838575813e-04 8.125623223619922062e-04 1.296147940846541886e-04 0.000000000000000000e+00
0.000000000000000000e+00 0.000000000000000000e+00 0.000000000000000000e+00 0.000000000000000000e+00 2.787269943803692522e-04 0.000000000000000000e+00 0.000000000000000000e+00 0.000000000000000000e+00 7.228660656635611369e-04 7.400597089597689806e-04 0.000000000000000000e+00 0.000000000000000000e+00 7.822783845633965016e-04 7.913825157295922581e-04 1.208081138092198737e-04 0.000000000000000000e+00
0.000000000000000000e+00 0.000000000000000000e+00 0.000000000000000000e+00 0.000000000000000000e+00 2.853605798276549841e-04 0.000000000000000000e+00 0.000000000000000000e+00 0.000000000000000000e+00 7.403070735655270952e-04 7.607074689426265987e-04 0.000000000000000000e+00 0.000000000000000000e+00 7.909803025319677317e-04 8.067424951836593174e-04 1.204242701294322209e-04 0.000000000000000000e+00
0.000000000000000000e+00 0.000000000000000000e+00 0.000000000000000000e+00 0.000000000000000000e+00 2.923221111757083124e-04 0.000000000000000000e+00 0.000000000000000000e+00 0.000000000000000000e+00 7.384086453902917414e-04 7.586289457204396921e-04 0.000000000000000000e+00 0.000000000000000000e+00 8.012544770885147950e-04 8.174229160509223404e-04 1.321641895569105230e-04 0.000000000000000000e+00
0.000000000000000000e+00 0.000000000000000000e+00 0.000000000000000000e+00 0.000000000000000000e+00 2.755217492784784350e-04 0.000000000000000000e+00 0.000000000000000000e+00 0.000000000000000000e+00 7.280054188371769567e-04 7.509769290883184199e-04 0.000000000000000000e+00 0.000000000000000000e+00 7.865819347135976020e-04 8.020120935372464753e-04 1.306348637748308192e-04 0.000000000000000000e+00
0.000000000000000000e+00 0.000000000000000000e+00 0.000000000000000000e+00 0.000000000000000000e+00 2.826844820827464498e-04 0.000000000000000000e+00 0.000000000000000000e+00 0.000000000000000000e+00 7.371879448730336978e-04 7.567391229681636258e-04 0.000000000000000000e+00 0.000000000000000000e+00 8.087006880530256663e-04 8.257818884101375979e-04 1.314646629755429001e-04 0.000000000000000000e+00
0.000000000000000000e+00 0.000000000000000000e+00 0.000000000000000000e+00 0.000000000000000000e+00 2.832377804671690137e-04 0.000000000000000000e+00 0.000000000000000000e+00 0.000000000000000000e+00 7.209126488897278509e-04 7.396737582517795518e-04 0.000000000000000000e+00 0.000000000000000000e+00 7.733817292587153325e-04 7.866058758309414168e-04 1.246539668952545226e-04 0.000000000000000000e+00
0.000000000000000000e+00 0.000000000000000000e+00 0.000000000000000000e+00 0.000000000000000000e+00 2.778922341774281695e-04 0.000000000000000000e+00 0.000000000000000000e+00 0.000000000000000000e+00 7.335488531406448177e-04 7.544524104039360612e-04 0.000000000000000000e+00 0.000000000000000000e+00 7.927576449286191347e-04 8.072504937481701955e-04 1.267287276323429115e-04 0.000000000000000000e+00
0.000000000000000000e+00 0.000000000000000000e+00 0.000000000000000000e+00 0.000000000000000000e+00 2.796276181488621866e-04 0.000000000000000000e+00 0.000000000000000000e+00 0.000000000000000000e+00 7.416235735222725988e-04 7.643373422544397656e-04 0.000000000000000000e+00 0.000000000000000000e+00 8.072089357635126982e-04 8.235528235805374998e-04 1.185817299450354413e-04 0.000000000000000000e+00
0.000000000000000000e+00 0.000000000000000000e+00 0.000000000000000000e+00 0.000000000000000000e+00 2.839808423090022524e-04 0.000000000000000000e+00 0.000000000000000000e+00 0.000000000000000000e+00 7.425171939025845737e-04 7.631773723837078282e-04 0.000000000000000000e+00 0.000000000000000000e+00 7.910558076432927738e-04 8.033955365609409026e-04 1.370515920034603725e-04 0.000000000000000000e+00
0.000000000000000000e+00 0.000000000000000000e+00 0.000000000000000000e+00 0.000000000000000000e+00 2.855465733369183805e-04 0.000000000000000000e+00 0.000000000000000000e+00 0.000000000000000000e+00 7.389512564568717504e-04 7.539339866320701310e-04 0.000000000000000000e+00 0.000000000000000000e+00 8.052669214233134200e-04 8.132111271264688473e-04 1.306004196212836059e-04 0.000000000000000000e+00
0.000000000000000000e+00 0.000000000000000000e+00 0.000000000000000000e+00 0.000000000000000000e+00 2.779286213357519864e-04 0.000000000000000000e+00 0.000000000000000000e+00 0.000000000000000000e+00 7.373331088608493268e-04 7.576698409124821027e-04 0.000000000000000000e+00 0.000000000000000000e+00 7.893686313028326369e-04 8.023767540243785697e-04 1.235511729540634618e-04 0.000000000000000000e+00
0.000000000000000000e+00 0.000000000000000000e+00 0.000000000000000000e+00 0.000000000000000000e+00 2.810460597042025387e-04 0.000000000000000000e+00 0.000000000000000000e+00 0.000000000000000000e+00 7.334523888941689267e-04 7.496103867754141600e-04 0.000000000000000000e+00 0.000000000000000000e+00 7.918161095900638942e-04 8.003009415205102018e-04 1.276277558156705511e-04 0.000000000000000000e+00
0.000000000000000000e+00 0.000000000000000000e+00 0.000000000000000000e+00 0.000000000000000000e+00 2.914385158691035487e-04 0.000000000000000000e+00 0.000000000000000000e+00 0.000000000000000000e+00 7.338691158846502409e-04 7.555862838480678113e-04 0.000000000000000000e+00 0.000000000000000000e+00 7.863064449977230945e-04 7.997998974317399416e-04 1.165522218127844399e-04 0.000000000000000000e+00
0.000000000000000000e+00 0.000000000000000000e+00 0.000000000000000000e+00 0.000000000000000000e+00 2.974905684466771258e-04 0.000000000000000000e+00 0.000000000000000000e+00 0.000000000000000000e+00 7.426438188438673569e-04 7.541892501374472665e-04 0.000000000000000000e+00 0.000000000000000000e+00 8.144075502275771074e-04 8.215584391775060044e-04 1.169595066730995023e-04 0.000000000000000000e+00
0.000000000000000000e+00 0.000000000000000000e+00 0.000000000000000000e+00 0.000000000000000000e+00 2.858864620378268962e-04 0.000000000000000000e+00 0.000000000000000000e+00 0.000000000000000000e+00 7.268835689663175276e-04 7.482788866143049843e-04 0.000000000000000000e+00 0.000000000000000000e+00 7.980283661364547020e-04 8.143580408530768332e-04 1.123764344629669281e-04 0.000000000000000000e+00
0.000000000000000000e+00 0.000000000000000000e+00 0.000000000000000000e+00 0.000000000000000000e+00 2.776061069064013863e-04 0.000000000000000000e+00 0.000000000000000000e+00 0.000000000000000000e+00 7.310530802907391811e-04 7.526968583559356636e-04 0.000000000000000000e+00 0.000000000000000000e+00 7.941603679114707381e-04 8.094739120747724854e-04 1.207385889080384998e-04 0.000000000000000000e+00
0.000000000000000000e+00 0.000000000000000000e+00 0.000000000000000000e+00 0.000000000000000000e+00 2.735200920703247498e-04 0.000000000000000000e+00 0.000000000000000000e+00 0.000000000000000000e+00 7.246090578042039968e-04 7.509473792831070560e-04 0.000000000000000000e+00 0.000000000000000000e+00 7.806807961577755164e-04 8.019462402174680916e-04 1.198717704958850351e-04 0.000000000000000000e+00
0.000000000000000000e+00 0.000000000000000000e+00 0.000000000000000000e+00 0.000000000000000000e+00 2.777120963590427611e-04 0.000000000000000000e+00 0.000000000000000000e+00 0.000000000000000000e+00 7.335407344760680459e-04 7.543867021140413963e-04 0.000000000000000000e+00 0.000000000000000000e+00 8.056076566269665179e-04 8.196871905951220831e-04 1.379173235337385786e-04 0.000000000000000000e+00
0.000000000000000000e+00 0.000000000000000000e+00 0.000000000000000000e+00 0.000000000000000000e+00 2.725688862287038087e-04 0.000000000000000000e+00 0.000000000000000000e+00 0.000000000000000000e+00 7.331348747082810447e-04 7.548608527051434668e-04 0.000000000000000000e+00 0.000000000000000000e+00 7.874564316174010713e-04 8.020539448310376809e-04 1.260205864400133205e-04 0.000000000000000000e+00
0.000000000000000000e+00 0.000000000000000000e+00 0.000000000000000000e+00 0.000000000000000000e+00 2.817202929290198599e-04 0.000000000000000000e+00 0.000000000000000000e+00 0.000000000000000000e+00 7.422496399089441397e-04 7.639874429035706325e-04 0.000000000000000000e+00 0.000000000000000000e+00 8.023296382031820965e-04 8.184026527287501483e-04 1.303476823553886409e-04 0.000000000000000000e+00
0.000000000000000000e+00 0.000000000000000000e+00 0.000000000000000000e+00 0.000000000000000000e+00 2.768806802991932996e-04 0.000000000000000000e+00 0.000000000000000000e+00 0.000000000000000000e+00 7.344742446394068652e-04 7.547901758770607199e-04 0.000000000000000000e+00 0.000000000000000000e+00 8.077396523944248589e-04 8.214663086004615625e-04 1.390653714511037734e-04 0.000000000000000000e+00
0.000000000000000000e+00 0.000000000000000000e+00 0.000000000000000000e+00 0.000000000000000000e+00 2.809949862962227672e-04 0.000000000000000000e+00 0.000000000000000000e+00 0.000000000000000000e+00 7.308081345268824724e-04 7.482078872616126789e-04 0.000000000000000000e+00 0.000000000000000000e+00 7.959851923947441552e-04 8.077471598748104829e-04 1.210097651911406407e-04 0.000000000000000000e+00
0.000000000000000000e+00 0.000000000000000000e+00 0.000000000000000000e+00 0.000000000000000000e+00 2.825847923391673708e-04 0.000000000000000000e+00 0.000000000000000000e+00 0.000000000000000000e+00 7.264911235710508602e-04 7.509387410092980154e-04 0.000000000000000000e+00 0.000000000000000000e+00 7.915942065634451246e-04 8.081158303542178767e-04 1.372767692017037204e-04 0.000000000000000000e+00
0.000000000000000000e+00 0.000000000000000000e+00 0.000000000000000000e+00 0.000000000000000000e+00 2.916176041079051218e-04 0.000000000000000000e+00 0.000000000000000000e+00 0.000000000000000000e+00 7.207267782751981778e-04 7.464164580677069925e-04 0.000000000000000000e+00 0.000000000000000000e+00 7.778350413610089602e-04 7.943813101062386847e-04 1.217339702537123156e-04 0.000000000000000000e+00
0.000000000000000000e+00 0.000000000000000000e+00 0.000000000000000000e+00 0.000000000000000000e+00 2.848790828632532406e-04 0.000000000000000000e+00 0.000000000000000000e+00 0.000000000000000000e+00 7.300623143889499499e-04 7.564764912893850004e-04 0.000000000000000000e+00 0.000000000000000000e+00 8.123585981541631400e-04 8.328649861357789383e-04 1.275540614168802541e-04 0.000000000000000000e+00
0.000000000000000000e+00 0.000000000000000000e+00 0.000000000000000000e+00 0.000000000000000000e+00 2.811294309187159371e-04 0.000000000000000000e+00 0.000000000000000000e+00 0.000000000000000000e+00 7.345643365057532171e-04 7.588027695279466172e-04 0.000000000000000000e+00 0.000000000000000000e+00 8.098010142806002154e-04 8.295326143312722802e-04 1.338397386754060160e-04 0.000000000000000000e+00
0.000000000000000000e+00 0.000000000000000000e+00 0.000000000000000000e+00 0.000000000000000000e+00 2.806619754964340932e-04 0.000000000000000000e+00 0.000000000000000000e+00 0.000000000000000000e+00 7.210960046398756781e-04 7.483927740151810094e-04 0.000000000000000000e+00 0.000000000000000000e+00 7.832195618837000869e-04 8.061527373695070086e-04 9.988155793510884088e-05 0.000000000000000000e+00
0.000000000000000000e+00 0.000000000000000000e+00 0.000000000000000000e+00 0.000000000000000000e+00 2.780548091590993886e-04 0.000000000000000000e+00 0.000000000000000000e+00 0.000000000000000000e+00 7.187108600907291152e-04 7.384129673538985129e-04 0.000000000000000000e+00 0.000000000000000000e+00 7.979692213122259676e-04 8.096486569155633391e-04 1.208835346021676030e-04 0.000000000000000000e+00
0.000000000000000000e+00 0.000000000000000000e+00 0.000000000000000000e+00 0.000000000000000000e+00 2.839869418645904584e-04 0.000000000000000000e+00 0.000000000000000000e+00 0.000000000000000000e+00 7.273549633074451399e-04 7.477909045260494603e-04 0.000000000000000000e+00 0.000000000000000000e+00 8.016283231450046544e-04 8.181204952647152867e-04 1.258518532742252684e-04 0.000000000000000000e+00
0.000000000000000000e+00 0.000000000000000000e+00 0.000000000000000000e+00 0.000000000000000000e+00 2.856668664527886527e-04 0.000000000000000000e+00 0.000000000000000000e+00 0.000000000000000000e+00 7.300647620749778789e-04 7.476182844704698819e-04 0.000000000000000000e+00 0.000000000000000000e+00 8.030225370674190987e-04 8.143838218570873888e-04 1.292597699136130104e-04 0.000000000000000000e+00
0.000000000000000000e+00 0.000000000000000000e+00 0.000000000000000000e+00 0.000000000000000000e+00 2.704378288314107843e-04 0.000000000000000000e+00 0.000000000000000000e+00 0.000000000000000000e+00 7.308397949410159545e-04 7.566937768284431659e-04 0.000000000000000000e+00 0.000000000000000000e+00 7.987910305432122495e-04 8.168467213907228521e-04 1.322974561081054104e-04 0.000000000000000000e+00
0.000000000000000000e+00 0.000000000000000000e+00 0.000000000000000000e+00 0.000000000000000000e+00 2.803546871914909056e-04 0.000000000000000000e+00 0.000000000000000000e+00 0.000000000000000000e+00 7.279845468747793901e-04 7.513643914985195004e-04 0.000000000000000000e+00 0.000000000000000000e+00 8.013375828690987458e-04 8.192386577801392955e-04 1.265134017019176602e-04 0.000000000000000000e+00
0.000000000000000000e+00 0.000000000000000000e+00 0.000000000000000000e+00 0.000000000000000000e+00 2.866007090508733272e-04 0.000000000000000000e+00 0.000000000000000000e+00 0.000000000000000000e+00 7.262740484268808382e-04 7.475355954138934462e-04 0.000000000000000000e+00 0.000000000000000000e+00 7.896955766553428145e-04 8.066080210025744620e-04 1.138757512280591327e-04 0.000000000000000000e+00
0.000000000000000000e+00 0.000000000000000000e+00 0.000000000000000000e+00 0.000000000000000000e+00 2.772368681062079986e-04 0.000000000000000000e+00 0.000000000000000000e+00 0.000000000000000000e+00 7.205181998898393426e-04 7.463573559160931572e-04 0.000000000000000000e+00 0.000000000000000000e+00 7.955389864699989339e-04 8.173034994746248725e-04 1.239057893368055807e-04 0.000000000000000000e+00
0.000000000000000000e+00 0.000000000000000000e+00 0.000000000000000000e+00 0.000000000000000000e+00 2.911727650827499988e-04 0.000000000000000000e+00 0.000000000000000000e+00 0.000000000000000000e+00 7.398230193585809489e-04 7.544361415573442274e-04 0.000000000000000000e+00 0.000000000000000000e+00 8.180752861700260744e-04 8.273594958855075201e-04 1.444842357384985268e-04 0.000000000000000000e+00
0.000000000000000000e+00 0.000000000000000000e+00 0.000000000000000000e+00 0.000000000000000000e+00 2.794867885629319262e-04 0.000000000000000000e+00 0.000000000000000000e+00 0.000000000000000000e+00 7.341476864599830307e-04 7.544392896005109759e-04 0.000000000000000000e+00 0.000000000000000000e+00 7.888321947219680951e-04 8.029107841882503552e-04 1.328056827221522765e-04 0.000000000000000000e+00
0.000000000000000000e+00 0.000000000000000000e+00 0.000000000000000000e+00 0.000000000000000000e+00 2.914534839053297636e-04 0.000000000000000000e+00 0.000000000000000000e+00 0.000000000000000000e+00 7.270559123830334881e-04 7.434506796091619072e-04 0.000000000000000000e+00 0.000000000000000000e+00 8.075497296407145630e-04 8.188897415900960259e-04 1.233804812653207822e-04 0.000000000000000000e+00
0.000000000000000000e+00 0.000000000000000000e+00 0.000000000000000000e+00 0.000000000000000000e+00 2.857813943747958751e-04 0.000000000000000000e+00 0.000000000000000000e+00 0.000000000000000000e+00 7.358328030631384065e-04 7.535782403564174683e-04 0.000000000000000000e+00 0.000000000000000000e+00 8.063926115994050859e-04 8.195303238395527847e-04 1.417638241018565710e-04 0.000000000000000000e+00
0.000000000000000000e+00 0.000000000000000000e+00 0.000000000000000000e+00 0.000000000000000000e+00 2.824180659735514294e-04 0.000000000000000000e+00 0.000000000000000000e+00 0.000000000000000000e+00 7.354406052333607897e-04 7.546855865063707616e-04 0.000000000000000000e+00 0.000000000000000000e+00 7.819428780862195012e-04 7.944785508968691843e-04 1.275017975704558577e-04 0.000000000000000000e+00
0.000000000000000000e+00 0.000000000000000000e+00 0.000000000000000000e+00 0.000000000000000000e+00 2.871013914274640646e-04 0.000000000000000000e+00 0.000000000000000000e+00 0.000000000000000000e+00 7.374619424649217709e-04 7.480152784418264396e-04 0.000000000000000000e+00 0.000000000000000000e+00 8.069322131072528782e-04 8.125595571591620386e-04 1.311978968986584216e-04 0.000000000000000000e+00
0.000000000000000000e+00 0.000000000000000000e+00 0.000000000000000000e+00 0.000000000000000000e+00 2.871699263676258254e-04 0.000000000000000000e+00 0.000000000000000000e+00 0.000000000000000000e+00 7.265286322884804103e-04 7.451335292932218099e-04 0.000000000000000000e+00 0.000000000000000000e+00 7.988963591550437074e-04 8.140968050123084882e-04 1.197689196220935867e-04 0.000000000000000000e+00
0.000000000000000000e+00 0.000000000000000000e+00 0.000000000000000000e+00 0.000000000000000000e+00 2.812124992123133911e-04 0.000000000000000000e+00 0.000000000000000000e+00 0.000000000000000000e+00 7.171499369457647217e-04 7.399581354232960366e-04 0.000000000000000000e+00 0.000000000000000000e+00 7.804133163705386910e-04 7.986983988778928760e-04 1.244056073932271441e-04 0.000000000000000000e+00
0.000000000000000000e+00 0.000000000000000000e+00 0.000000000000000000e+00 0.000000000000000000e+00 2.854925738319603933e-04 0.000000000000000000e+00 0.000000000000000000e+00 0.000000000000000000e+00 7.406405557938713045e-04 7.606488331260550682e-04 0.000000000000000000e+00 0.000000000000000000e+00 7.965878449684134568e-04 8.117448743290616104e-04 1.305486092347396131e-04 0.000000000000000000e+00
0.000000000000000000e+00 0.000000000000000000e+00 0.000000000000000000e+00 0.000000000000000000e+00 2.834595273396658152e-04 0.000000000000000000e+00 0.000000000000000000e+00 0.000000000000000000e+00 7.290020705833673547e-04 7.522962528095593739e-04 0.000000000000000000e+00 0.000000000000000000e+00 7.927679913696014224e-04 8.084924206468852275e-04 1.348616507353745297e-04 0.000000000000000000e+00
0.000000000000000000e+00 0.000000000000000000e+00 0.000000000000000000e+00 0.000000000000000000e+00 2.824176841409233593e-04 0.000000000000000000e+00 0.000000000000000000e+00 0.000000000000000000e+00 7.194629385785089983e-04 7.402874322404826186e-04 0.000000000000000000e+00 0.000000000000000000e+00 7.825239908862244471e-04 7.982970243511015428e-04 1.124535517961241355e-04 0.000000000000000000e+00
0.000000000000000000e+00 0.000000000000000000e+00 0.000000000000000000e+00 0.000000000000000000e+00 2.771040352413965202e-04 0.000000000000000000e+00 0.000000000000000000e+00 0.000000000000000000e+00 7.354987619706201832e-04 7.581933731927592438e-04 0.000000000000000000e+00 0.000000000000000000e+00 7.941803378318203687e-04 8.115985837535431889e-04 1.257072926435090835e-04 0.000000000000000000e+00
0.000000000000000000e+00 0.000000000000000000e+00 0.000000000000000000e+00 0.000000000000000000e+00 2.794237395732119687e-04 0.000000000000000000e+00 0.000000000000000000e+00 0.000000000000000000e+00 7.344333484956794104e-04 7.519141435426846942e-04 0.000000000000000000e+00 0.000000000000000000e+00 8.100991960680821230e-04 8.231307415475347909e-04 1.292159524054443205e-04 0.000000000000000000e+00
0.000000000000000000e+00 0.000000000000000000e+00 0.000000000000000000e+00 0.000000000000000000e+00 2.847042887250123130e-04 0.000000000000000000e+00 0.000000000000000000e+00 0.000000000000000000e+00 7.367737732319796671e-04 7.534262543316453363e-04 0.000000000000000000e+00 0.000000000000000000e+00 8.080360934162359419e-04 8.187080317963620069e-04 1.404267035388018150e-04 0.000000000000000000e+00
0.000000000000000000e+00 0.000000000000000000e+00 0.000000000000000000e+00 0.000000000000000000e+00 2.845527507321087305e-04 0.000000000000000000e+00 0.000000000000000000e+00 0.000000000000000000e+00 7.316223469318893814e-04 7.518966751906899781e-04 0.000000000000000000e+00 0.000000000000000000e+00 7.832327527107735103e-04 7.939614197247364495e-04 1.149787784706755725e-04 0.000000000000000000e+00
0.000000000000000000e+00 0.000000000000000000e+00 0.000000000000000000e+00 0.000000000000000000e+00 2.761451775606570342e-04 0.000000000000000000e+00 0.000000000000000000e+00 0.000000000000000000e+00 7.321909178806697673e-04 7.491074644826078077e-04 0.000000000000000000e+00 0.000000000000000000e+00 7.856990377705555095e-04 7.958765071999382391e-04 1.283420024759372193e-04 0.000000000000000000e+00
0.000000000000000000e+00 0.000000000000000000e+00 0.000000000000000000e+00 0.000000000000000000e+00 2.863488438595491493e-04 0.000000000000000000e+00 0.000000000000000000e+00 0.000000000000000000e+00 7.288541474311091214e-04 7.517737619804232708e-04 0.000000000000000000e+00 0.000000000000000000e+00 7.821019655678411757e-04 7.993355795918931188e-04 1.159773535552623960e-04 0.000000000000000000e+00
0.000000000000000000e+00 0.000000000000000000e+00 0.000000000000000000e+00 0.000000000000000000e+00 2.867709784284118522e-04 0.000000000000000000e+00 0.000000000000000000e+00 0.000000000000000000e+00 7.393022872724223796e-04 7.562776145938718579e-04 0.000000000000000000e+00 0.000000000000000000e+00 8.058658514016014658e-04 8.193516682433029871e-04 1.363233663775395696e-04 0.000000000000000000e+00
0.000000000000000000e+00 0.000000000000000000e+00 0.000000000000000000e+00 0.000000000000000000e+00 2.844156461427524690e-04 0.000000000000000000e+00 0.000000000000000000e+00 0.000000000000000000e+00 7.336488816762827027e-04 7.511099356656284398e-04 0.000000000000000000e+00 0.000000000000000000e+00 7.904588368603076816e-04 8.032970375631657027e-04 1.238460502533980342e-04 0.000000000000000000e+00
0.000000000000000000e+00 0.000000000000000000e+00 0.000000000000000000e+00 0.000000000000000000e+00 2.729248591348475920e-04 0.000000000000000000e+00 0.000000000000000000e+00 0.000000000000000000e+00 7.375817562583321732e-04 7.607931597806230368e-04 0.000000000000000000e+00 0.000000000000000000e+00 7.957290461127362532e-04 8.139771565952101228e-04 1.202945718207460379e-04 0.000000000000000000e+00
0.000000000000000000e+00 0.000000000000000000e+00 0.000000000000000000e+00 0.000000000000000000e+00 2.850329534653314322e-04 0.000000000000000000e+00 0.000000000000000000e+00 0.000000000000000000e+00 7.307568483417137663e-04 7.498822125717247633e-04 0.000000000000000000e+00 0.000000000000000000e+00 7.920208021497982410e-04 8.033908791903132890e-04 1.375365859706279286e-04 0.000000000000000000e+00
0.000000000000000000e+00 0.000000000000000000e+00 0.000000000000000000e+00 0.000000000000000000e+00 2.846787107718808736e-04 0.000000000000000000e+00 0.000000000000000000e+00 0.000000000000000000e+00 7.219209224688397314e-04 7.416425267364229641e-04 0.000000000000000000e+00 0.000000000000000000e+00 7.864640042043983962e-04 8.001478145111093516e-04 1.227079913182131752e-04 0.000000000000000000e+00
0.000000000000000000e+00 0.000000000000000000e+00 0.000000000000000000e+00 0.000000000000000000e+00 2.862397039644724167e-04 0.000000000000000000e+00 0.000000000000000000e+00 0.000000000000000000e+00 7.462837650152840145e-04 7.621632213760832098e-04 0.000000000000000000e+00 0.000000000000000000e+00 8.128546580439941936e-04 8.230882647116465143e-04 1.242769643344457256e-04 0.000000000000000000e+00
0.000000000000000000e+00 0.000000000000000000e+00 0.000000000000000000e+00 0.000000000000000000e+00 2.731227464121102795e-04 0.000000000000000000e+00 0.000000000000000000e+00 0.000000000000000000e+00 7.265645473980851575e-04 7.519694321162004704e-04 0.000000000000000000e+00 0.000000000000000000e+00 7.966229793332883780e-04 8.155545817048697301e-04 1.347350105603731360e-04 0.000000000000000000e+00
0.000000000000000000e+00 0.000000000000000000e+00 0.000000000000000000e+00 0.000000000000000000e+00 2.819591843274230373e-04 0.000000000000000000e+00 0.000000000000000000e+00 0.000000000000000000e+00 7.386578803903981558e-04 7.555920699996930253e-04 0.000000000000000000e+00 0.000000000000000000e+00 8.105901537685063132e-04 8.247252581111667738e-04 1.273074494902795572e-04 0.000000000000000000e+00
0.000000000000000000e+00 0.000000000000000000e+00 0.000000000000000000e+00 0.000000000000000000e+00 2.834648893620137573e-04 0.000000000000000000e+00 0.000000000000000000e+00 0.000000000000000000e+00 7.288293660922813381e-04 7.484670171478443983e-04 0.000000000000000000e+00 0.000000000000000000e+00 7.856648438243531022e-04 7.983651549176547582e-04 1.192750328623210448e-04 0.000000000000000000e+00
0.000000000000000000e+00 0.000000000000000000e+00 0.000000000000000000e+00 0.000000000000000000e+00 2.870482969116374544e-04 0.000000000000000000e+00 0.000000000000000000e+00 0.000000000000000000e+00 7.434372645151324580e-04 7.566263651690968272e-04 0.000000000000000000e+00 0.000000000000000000e+00 7.965843962045482569e-04 8.044677373556124479e-04 1.357635334759894658e-04 0.000000000000000000e+00
0.000000000000000000e+00 0.000000000000000000e+00 0.000000000000000000e+00 0.000000000000000000e+00 2.822680542375726733e-04 0.000000000000000000e+00 0.000000000000000000e+00 0.000000000000000000e+00 7.286644075940041905e-04 7.526551634252648263e-04 0.000000000000000000e+00 0.000000000000000000e+00 7.785646886930264708e-04 7.950864573517029202e-04 1.257794410533312436e-04 0.000000000000000000e+00
0.000000000000000000e+00 0.000000000000000000e+00 0.000000000000000000e+00 0.000000000000000000e+00 2.816450183925564305e-04 0.000000000000000000e+00 0.000000000000000000e+00 0.000000000000000000e+00 7.380985515830977388e-04 7.632422548668408701e-04 0.000000000000000000e+00 0.000000000000000000e+00 8.001357771196745960e-04 8.215753263840181808e-04 1.282211421637082730e-04 0.000000000000000000e+00
0.000000000000000000e+00 0.000000000000000000e+00 0.000000000000000000e+00 0.000000000000000000e+00 2.826436388045940312e-04 0.000000000000000000e+00 0.000000000000000000e+00 0.000000000000000000e+00 7.352685854722243800e-04 7.518617574485432758e-04 0.000000000000000000e+00 0.000000000000000000e+00 7.987819451369309936e-04 8.088909480049122445e-04 1.206064392521937444e-04 0.000000000000000000e+00
0.000000000000000000e+00 0.000000000000000000e+00 0.000000000000000000e+00 0.000000000000000000e+00 2.804123607938956934e-04 0.000000000000000000e+00 0.000000000000000000e+00 0.000000000000000000e+00 7.318382252095391232e-04 7.515951726846457469e-04 0.000000000000000000e+00 0.000000000000000000e+00 7.870596559456294111e-04 8.020358717170775241e-04 1.219966943563088483e-04 0.000000000000000000e+00
0.000000000000000000e+00 0.000000000000000000e+00 0.000000000000000000e+00 0.000000000000000000e+00 2.763657070296913999e-04 0.000000000000000000e+00 0.000000000000000000e+00 0.000000000000000000e+00 7.312358149137692786e-04 7.569720589979544870e-04 0.000000000000000000e+00 0.000000000000000000e+00 7.954854327143638703e-04 8.171908929468793895e-04 1.208600506950871983e-04 0.000000000000000000e+00
0.000000000000000000e+00 0.000000000000000000e+00 0.000000000000000000e+00 0.000000000000000000e+00 2.725991798387644282e-04 0.000000000000000000e+00 0.000000000000000000e+00 0.000000000000000000e+00 7.292522446393071879e-04 7.525369238928914916e-04 0.000000000000000000e+00 0.000000000000000000e+00 8.076207987579561492e-04 8.261156985821037184e-04 1.219386898604540506e-04 0.000000000000000000e+00
0.000000000000000000e+00 0.000000000000000000e+00 0.000000000000000000e+00 0.000000000000000000e+00 2.735975684968744025e-04 0.000000000000000000e+00 0.000000000000000000e+00 0.000000000000000000e+00 7.262609774816082987e-04 7.465799730018822262e-04 0.000000000000000000e+00 0.000000000000000000e+00 7.935651198732290553e-04 8.112161969590477245e-04 1.413731643780324562e-04 0.000000000000000000e+00
0.000000000000000000e+00 0.000000000000000000e+00 0.000000000000000000e+00 0.000000000000000000e+00 2.827117617132142565e-04 0.000000000000000000e+00 0.000000000000000000e+00 0.000000000000000000e+00 7.417474267732457154e-04 7.634711839166321906e-04 0.000000000000000000e+00 0.000000000000000000e+00 7.975344436981716533e-04 8.123982966917398440e-04 1.181549937808542736e-04 0.000000000000000000e+00
0.000000000000000000e+00 0.000000000000000000e+00 0.000000000000000000e+00 0.000000000000000000e+00 2.851488175781774015e-04 0.000000000000000000e+00 0.000000000000000000e+00 0.000000000000000000e+00 7.161209907235416110e-04 7.361322582772794653e-04 0.000000000000000000e+00 0.000000000000000000e+00 7.935334209539430562e-04 8.072588455138039786e-04 1.320596125967818857e-04 0.000000000000000000e+00
0.000000000000000000e+00 0.000000000000000000e+00 0.000000000000000000e+00 0.000000000000000000e+00 2.828216044031420045e-04 0.000000000000000000e+00 0.000000000000000000e+00 0.000000000000000000e+00 7.169199992209715879e-04 7.437289465122122814e-04 0.000000000000000000e+00 0.000000000000000000e+00 7.756838276510157493e-04 7.952591372698903163e-04 1.190761076161679942e-04 0.000000000000000000e+00
0.000000000000000000e+00 0.000000000000000000e+00 0.000000000000000000e+00 0.000000000000000000e+00 2.868859831895340345e-04 0.000000000000000000e+00 0.000000000000000000e+00 0.000000000000000000e+00 7.329662612768524099e-04 7.538633963049109956e-04 0.000000000000000000e+00 0.000000000000000000e+00 7.999145591050413296e-04 8.144397221457149979e-04 1.295077821523665882e-04 0.000000000000000000e+00
0.000000000000000000e+00 0.000000000000000000e+00 0.000000000000000000e+00 0.000000000000000000e+00 2.793552104919857777e-04 0.000000000000000000e+00 0.000000000000000000e+00 0.000000000000000000e+00 7.310927448535281667e-04 7.509891738025136973e-04 0.000000000000000000e+00 0.000000000000000000e+00 7.940195088372272109e-04 8.065715478223306435e-04 1.295922844609673566e-04 0.000000000000000000e+00
0.000000000000000000e+00 0.000000000000000000e+00 0.000000000000000000e+00 0.000000000000000000e+00 2.920613971973266051e-04 0.000000000000000000e+00 0.000000000000000000e+00 0.000000000000000000e+00 7.347744617035842146e-04 7.487197563921753601e-04 0.000000000000000000e+00 0.000000000000000000e+00 7.960030236255028011e-04 8.034334173251810214e-04 1.167177737342997351e-04 0.000000000000000000e+00
0.000000000000000000e+00 0.000000000000000000e+00 0.000000000000000000e+00 0.000000000000000000e+00 2.889855562647621295e-04 0.000000000000000000e+00 0.000000000000000000e+00 0.000000000000000000e+00 7.332763851865389598e-04 7.503990225880875515e-04 0.000000000000000000e+00 0.000000000000000000e+00 7.929401000142262922e-04 8.048835408526394198e-04 1.177479320306921767e-04 0.000000000000000000e+00
0.000000000000000000e+00 0.000000000000000000e+00 0.000000000000000000e+00 0.000000000000000000e+00 2.821255599185705878e-04 0.000000000000000000e+00 0.000000000000000000e+00 0.000000000000000000e+00 7.270085625031577842e-04 7.455170482925886893e-04 0.000000000000000000e+00 0.000000000000000000e+00 8.050528538079152136e-04 8.182322825455913161e-04 1.208757138151372721e-04 0.000000000000000000e+00
0.000000000000000000e+00 0.000000000000000000e+00 0.000000000000000000e+00 0.000000000000000000e+00 2.742549831216394159e-04 0.000000000000000000e+00 0.000000000000000000e+00 0.000000000000000000e+00 7.249450999565952526e-04 7.469599908079851925e-04 0.000000000000000000e+00 0.000000000000000000e+00 7.943613851647304521e-04 8.110277794714824484e-04 1.357322841523529136e-04 0.000000000000000000e+00
0.000000000000000000e+00 0.000000000000000000e+00 0.000000000000000000e+00 0.000000000000000000e+00 2.800844594334470669e-04 0.000000000000000000e+00 0.000000000000000000e+00 0.000000000000000000e+00 7.270532740060816788e-04 7.526642434596613959e-04 0.000000000000000000e+00 0.000000000000000000e+00 7.997283324399924020e-04 8.204850911771601439e-04 1.262532608685657074e-04 0.000000000000000000e+00
0.000000000000000000e+00 0.000000000000000000e+00 0.000000000000000000e+00 0.000000000000000000e+00 2.697608502767702898e-04 0.000000000000000000e+00 0.000000000000000000e+00 0.000000000000000000e+00 7.169863279912290889e-04 7.405594756227007382e-04 0.000000000000000000e+00 0.000000000000000000e+00 7.766199972703709785e-04 7.981756243204971360e-04 1.004029493566004045e-04 0.000000000000000000e+00
0.000000000000000000e+00 0.000000000000000000e+00 0.000000000000000000e+00 0.000000000000000000e+00 2.778354935638140989e-04 0.000000000000000000e+00 0.000000000000000000e+00 0.000000000000000000e+00 7.304740747465030947e-04 7.514681085334348797e-04 0.000000000000000000e+00 0.000000000000000000e+00 7.834627429560804069e-04 7.977854543690231660e-04 1.127718102737862806e-04 0.000000000000000000e+00
0.000000000000000000e+00 0.000000000000000000e+00 0.000000000000000000e+00 0.000000000000000000e+00 2.890406514697586838e-04 0.000000000000000000e+00 0.000000000000000000e+00 0.000000000000000000e+00 7.306292055101480708e-04 7.429754879779988230e-04 0.000000000000000000e+00 0.000000000000000000e+00 7.895787383174653062e-04 7.965908689312641965e-04 1.206431752685509511e-04 0.000000000000000000e+00
0.000000000000000000e+00 0.000000000000000000e+00 0.000000000000000000e+00 0.000000000000000000e+00 2.974545154518115522e-04 0.000000000000000000e+00 0.000000000000000000e+00 0.000000000000000000e+00 7.441555999549800439e-04 7.617578418061752817e-04 0.000000000000000000e+00 0.000000000000000000e+00 7.952937157741595377e-04 8.046956759679257509e-04 1.228731962832157424e-04 0.000000000000000000e+00
0.000000000000000000e+00 0.000000000000000000e+00 0.000000000000000000e+00 0.000000000000000000e+00 2.860502395498865330e-04 0.000000000000000000e+00 0.000000000000000000e+00 0.000000000000000000e+00 7.361637303515015723e-04 7.557705541026888720e-04 0.000000000000000000e+00 0.000000000000000000e+00 7.896953853752237918e-04 8.040036780697601372e-04 1.220258888576220929e-04 0.000000000000000000e+00
