# 'name' : 'rogers_a02_b02_d00_g00'
# 'source' : 'rogers_a02_b02_d00_g00.yaml'
# 'sample_pops' : ['X', 'Y', 'D', 'N']
# 'sample_size' : 1
# 'n_reps' : 100
# 'n_windows' : 200
# 'seq_length' : 100000000.0
# 'window_length' : 500000.0
# 'recomb_rate' : 1e-08
# 'mut_rate' : 1e-08
# 'created' : None
0.000000000000000000e+00 0.000000000000000000e+00 0.000000000000000000e+00 0.000000000000000000e+00 4.548811636022954130e-01 0.000000000000000000e+00 0.000000000000000000e+00 0.000000000000000000e+00 3.969636985844697263e-01 4.193738796182575057e-01 0.000000000000000000e+00 0.000000000000000000e+00 4.511082385584349042e-01 4.754498598844114632e-01 6.679132925182464098e-02 0.000000000000000000e+00
0.000000000000000000e+00 0.000000000000000000e+00 0.000000000000000000e+00 0.000000000000000000e+00 4.579988436233474181e-01 0.000000000000000000e+00 0.000000000000000000e+00 0.000000000000000000e+00 3.992425503149178989e-01 4.195048634004964194e-01 0.000000000000000000e+00 0.000000000000000000e+00 4.500281837611714297e-01 4.712475709994486395e-01 6.703541515626131042e-02 0.000000000000000000e+00
0.000000000000000000e+00 0.000000000000000000e+00 0.000000000000000000e+00 0.000000000000000000e+00 4.486794622848354619e-01 0.000000000000000000e+00 0.000000000000000000e+00 0.000000000000000000e+00 3.981850709432215862e-01 4.227313136181047315e-01 0.000000000000000000e+00 0.000000000000000000e+00 4.491489654124707354e-01 4.756620018469390754e-01 7.222076417036570051e-02 0.000000000000000000e+00
0.000000000000000000e+00 0.000000000000000000e+00 0.000000000000000000e+00 0.000000000000000000e+00 4.471874298709011541e-01 0.000000000000000000e+00 0.000000000000000000e+00 0.000000000000000000e+00 3.900326781357945638e-01 4.163341698482212472e-01 0.000000000000000000e+00 0.000000000000000000e+00 4.418467008126579221e-01 4.687731757203381644e-01 6.775774985794513761e-02 0.000000000000000000e+00
0.000000000000000000e+00 0.000000000000000000e+00 0.000000000000000000e+00 0.000000000000000000e+00 4.450028039634325583e-01 0.000000000000000000e+00 0.000000000000000000e+00 0.000000000000000000e+00 3.863098930480155513e-01 4.126557796325635574e-01 0.000000000000000000e+00 0.000000000000000000e+00 4.391284021818009919e-01 4.684150816184758370e-01 6.569850899805856903e-02 0.000000000000000000e+00
0.000000000000000000e+00 0.000000000000000000e+00 0.000000000000000000e+00 0.000000000000000000e+00 4.390912985089014398e-01 0.000000000000000000e+00 0.000000000000000000e+00 0.000000000000000000e+00 3.876179251801696313e-01 4.137089489377453466e-01 0.000000000000000000e+00 0.000000000000000000e+00 4.499042301656153708e-01 4.756987353435565002e-01 7.402572239027355172e-02 0.000000000000000000e+00
0.000000000000000000e+00 0.000000000000000000e+00 0.000000000000000000e+00 0.000000000000000000e+00 4.406248891563886438e-01 0.000000000000000000e+00 0.000000000000000000e+00 0.000000000000000000e+00 3.848960872225605789e-01 4.120388806881391530e-01 0.000000000000000000e+00 0.000000000000000000e+00 4.476170085815766031e-01 4.770256340968059838e-01 6.991926682126731185e-02 0.000000000000000000e+00
0.000000000000000000e+00 0.000000000000000000e+00 0.000000000000000000e+00 0.000000000000000000e+00 4.598843016703048070e-01 0.000000000000000000e+00 0.000000000000000000e+00 0.000000000000000000e+00 3.897024510971850986e-01 4.120647988580518062e-01 0.000000000000000000e+00 0.000000000000000000e+00 4.517351730397093368e-01 4.756010887307038359e-01 7.034112266883596476e-02 0.000000000000000000e+00
0.000000000000000000e+00 0.000000000000000000e+00 0.000000000000000000e+00 0.000000000000000000e+00 4.411488950439133028e-01 0.000000000000000000e+00 0.000000000000000000e+00 0.000000000000000000e+00 3.863479317754163200e-01 4.189754808235821582e-01 0.000000000000000000e+00 0.000000000000000000e+00 4.492264271779055074e-01 4.846014561667573717e-01 7.735496543097004907e-02 0.000000000000000000e+00
0.000000000000000000e+00 0.000000000000000000e+00 0.000000000000000000e+00 0.000000000000000000e+00 4.599892458908187987e-01 0.000000000000000000e+00 0.000000000000000000e+00 0.000000000000000000e+00 3.943194275394255044e-01 4.161738179507084578e-01 0.000000000000000000e+00 0.000000000000000000e+00 4.464351404860509853e-01 4.693491889562118602e-01 6.722451087132824687e-02 0.000000000000000000e+00
0.000000000000000000e+00 0.000000000000000000e+00 0.000000000000000000e+00 0.000000000000000000e+00 4.612718650827388744e-01 0.000000000000000000e+00 0.000000000000000000e+00 0.000000000000000000e+00 3.927120203252904562e-01 4.177968661029885511e-01 0.000000000000000000e+00 0.000000000000000000e+00 4.425359319473114450e-01 4.692993176135667466e-01 6.483991598316359017e-02 0.000000000000000000e+00
0.000000000000000000e+00 0.000000000000000000e+00 0.000000000000000000e+00 0.000000000000000000e+00 4.307659016077671210e-01 0.000000000000000000e+00 0.000000000000000000e+00 0.000000000000000000e+00 3.851489775393060477e-01 4.145413036505439797e-01 0.000000000000000000e+00 0.000000000000000000e+00 4.495144600466098872e-01 4.803424250491403757e-01 7.571498126783994531e-02 0.000000000000000000e+00
0.000000000000000000e+00 0.000000000000000000e+00 0.000000000000000000e+00 0.000000000000000000e+00 4.560478716920162157e-01 0.000000000000000000e+00 0.000000000000000000e+00 0.000000000000000000e+00 3.945206532200874472e-01 4.156913061529559084e-01 0.000000000000000000e+00 0.000000000000000000e+00 4.624073594787843633e-01 4.845867078365462266e-01 7.096762878009373054e-02 0.000000000000000000e+00
0.000000000000000000e+00 0.000000000000000000e+00 0.000000000000000000e+00 0.000000000000000000e+00 4.487307612356484232e-01 0.000000000000000000e+00 0.000000000000000000e+00 0.000000000000000000e+00 3.900304750661686137e-01 4.162405012373306956e-01 0.000000000000000000e+00 0.000000000000000000e+00 4.453964408098295413e-01 4.733547163784502243e-01 7.246370401309659703e-02 0.000000000000000000e+00
0.000000000000000000e+00 0.000000000000000000e+00 0.000000000000000000e+00 0.000000000000000000e+00 4.489229426094172304e-01 0.000000000000000000e+00 0.000000000000000000e+00 0.000000000000000000e+00 3.930258891456363535e-01 4.201765479666727532e-01 0.000000000000000000e+00 0.000000000000000000e+00 4.626345147958942916e-01 4.924552891273743516e-01 7.978047061995663380e-02 0.000000000000000000e+00
0.000000000000000000e+00 0.000000000000000000e+00 0.000000000000000000e+00 0.000000000000000000e+00 4.342357082492677156e-01 0.000000000000000000e+00 0.000000000000000000e+00 0.000000000000000000e+00 3.911120451252152463e-01 4.216422074420784760e-01 0.000000000000000000e+00 0.000000000000000000e+00 4.468598941339054220e-01 4.798712902968471083e-01 7.650091923838887864e-02 0.000000000000000000e+00
0.000000000000000000e+00 0.000000000000000000e+00 0.000000000000000000e+00 0.000000000000000000e+00 4.642143038404142330e-01 0.000000000000000000e+00 0.000000000000000000e+00 0.000000000000000000e+00 3.959924396698578652e-01 4.229626712495730967e-01 0.000000000000000000e+00 0.000000000000000000e+00 4.530184611716820964e-01 4.820334820111186747e-01 7.531655726448181765e-02 0.000000000000000000e+00
0.000000000000000000e+00 0.000000000000000000e+00 0.000000000000000000e+00 0.000000000000000000e+00 4.433264842405292838e-01 0.000000000000000000e+00 0.000000000000000000e+00 0.000000000000000000e+00 3.872827722899751524e-01 4.097252118219196770e-01 0.000000000000000000e+00 0.000000000000000000e+00 4.478447908475452488e-01 4.709230549618719230e-01 7.009734902345451935e-02 0.000000000000000000e+00
0.000000000000000000e+00 0.000000000000000000e+00 0.000000000000000000e+00 0.000000000000000000e+00 4.492611083128801863e-01 0.000000000000000000e+00 0.000000000000000000e+00 0.000000000000000000e+00 3.990573183434882321e-01 4.251055373869410126e-01 0.000000000000000000e+00 0.000000000000000000e+00 4.444658032302336026e-01 4.720286363179848621e-01 7.119563730507560972e-02 0.000000000000000000e+00
0.000000000000000000e+00 0.000000000000000000e+00 0.000000000000000000e+00 0.000000000000000000e+00 4.613523486726242573e-01 0.000000000000000000e+00 0.000000000000000000e+00 0.000000000000000000e+00 3.978012466418842652e-01 4.250759296475463689e-01 0.000000000000000000e+00 0.000000000000000000e+00 4.560652442815395502e-01 4.862485346857439161e-01 7.820390721643999399e-02 0.000000000000000000e+00
0.000000000000000000e+00 0.000000000000000000e+00 0.000000000000000000e+00 0.000000000000000000e+00 4.331170870877130707e-01 0.000000000000000000e+00 0.000000000000000000e+00 0.000000000000000000e+00 3.888344744929680963e-01 4.151129462485710908e-01 0.000000000000000000e+00 0.000000000000000000e+00 4.452565741016879519e-01 4.728141901909380107e-01 7.601700125915526740e-02 0.000000000000000000e+00
0.000000000000000000e+00 0.000000000000000000e+00 0.000000000000000000e+00 0.000000000000000000e+00 4.562036180761907533e-01 0.000000000000000000e+00 0.000000000000000000e+00 0.000000000000000000e+00 3.959614526903723619e-01 4.206442774781014027e-01 0.000000000000000000e+00 0.000000000000000000e+00 4.587554868014595555e-01 4.856907758517199358e-01 7.703513944888511211e-02 0.000000000000000000e+00
0.000000000000000000e+00 0.000000000000000000e+00 0.000000000000000000e+00 0.000000000000000000e+00 4.484465927635322702e-01 0.000000000000000000e+00 0.000000000000000000e+00 0.000000000000000000e+00 3.907430844381430401e-01 4.144897440628858565e-01 0.000000000000000000e+00 0.000000000000000000e+00 4.414066252389263756e-01 4.658929770287733030e-01 7.176312313129164233e-02 0.000000000000000000e+00
0.000000000000000000e+00 0.000000000000000000e+00 0.000000000000000000e+00 0.000000000000000000e+00 4.438147233535253422e-01 0.000000000000000000e+00 0.000000000000000000e+00 0.000000000000000000e+00 3.951216912922090874e-01 4.192821142678110347e-01 0.000000000000000000e+00 0.000000000000000000e+00 4.525670827487019432e-01 4.771874335498056952e-01 7.426715097733825599e-02 0.000000000000000000e+00
0.000000000000000000e+00 0.000000000000000000e+00 0.000000000000000000e+00 0.000000000000000000e+00 4.433796369361412970e-01 0.000000000000000000e+00 0.000000000000000000e+00 0.000000000000000000e+00 3.933231351076265092e-01 4.199582080392806338e-01 0.000000000000000000e+00 0.000000000000000000e+00 4.507960056098131441e-01 4.777810464993644257e-01 6.847933863571370461e-02 0.000000000000000000e+00
0.000000000000000000e+00 0.000000000000000000e+00 0.000000000000000000e+00 0.000000000000000000e+00 4.553271538651451067e-01 0.000000000000000000e+00 0.000000000000000000e+00 0.000000000000000000e+00 4.020727932680885908e-01 4.267673164204666691e-01 0.000000000000000000e+00 0.000000000000000000e+00 4.517557449895120425e-01 4.766689760249673835e-01 7.994126157072564687e-02 0.000000000000000000e+00
0.000000000000000000e+00 0.000000000000000000e+00 0.000000000000000000e+00 0.000000000000000000e+00 4.571792554266596587e-01 0.000000000000000000e+00 0.000000000000000000e+00 0.000000000000000000e+00 3.994516087885448541e-01 4.202141986488123204e-01 0.000000000000000000e+00 0.000000000000000000e+00 4.613194521235153833e-01 4.824296365520223118e-01 7.654364955786351066e-02 0.000000000000000000e+00
0.000000000000000000e+00 0.000000000000000000e+00 0.000000000000000000e+00 0.000000000000000000e+00 4.576475769532313831e-01 0.000000000000000000e+00 0.000000000000000000e+00 0.000000000000000000e+00 3.969770345595594052e-01 4.195152578119785702e-01 0.000000000000000000e+00 0.000000000000000000e+00 4.485363991365984848e-01 4.713479700826938568e-01 7.134281881982609819e-02 0.000000000000000000e+00
0.000000000000000000e+00 0.000000000000000000e+00 0.000000000000000000e+00 0.000000000000000000e+00 4.530198842484939870e-01 0.000000000000000000e+00 0.000000000000000000e+00 0.000000000000000000e+00 3.935762632170702879e-01 4.153886510824399414e-01 0.000000000000000000e+00 0.000000000000000000e+00 4.534250460776423908e-01 4.766691146949647018e-01 7.343613074304268518e-02 0.000000000000000000e+00
0.000000000000000000e+00 0.000000000000000000e+00 0.000000000000000000e+00 0.000000000000000000e+00 4.524177196541266932e-01 0.000000000000000000e+00 0.000000000000000000e+00 0.000000000000000000e+00 3.919159048403105250e-01 4.185135004967495131e-01 0.000000000000000000e+00 0.000000000000000000e+00 4.438795332084288781e-01 4.705612483541713464e-01 6.808561072021497573e-02 0.000000000000000000e+00
0.000000000000000000e+00 0.000000000000000000e+00 0.000000000000000000e+00 0.000000000000000000e+00 4.577927940238093463e-01 0.000000000000000000e+00 0.000000000000000000e+00 0.000000000000000000e+00 3.949892799452484060e-01 4.189033380375720150e-01 0.000000000000000000e+00 0.000000000000000000e+00 4.558974556738796258e-01 4.813164357719235120e-01 6.890384171445744499e-02 0.000000000000000000e+00
0.000000000000000000e+00 0.000000000000000000e+00 0.000000000000000000e+00 0.000000000000000000e+00 4.449497835454233052e-01 0.000000000000000000e+00 0.000000000000000000e+00 0.000000000000000000e+00 3.861681095047664880e-01 4.143333355982232180e-01 0.000000000000000000e+00 0.000000000000000000e+00 4.487991172422529651e-01 4.795172763222489976e-01 6.555634701120910401e-02 0.000000000000000000e+00
0.000000000000000000e+00 0.000000000000000000e+00 0.000000000000000000e+00 0.000000000000000000e+00 4.468954656874511988e-01 0.000000000000000000e+00 0.000000000000000000e+00 0.000000000000000000e+00 3.891793018730250742e-01 4.142298241951727356e-01 0.000000000000000000e+00 0.000000000000000000e+00 4.477930116015710893e-01 4.724702543926006526e-01 6.955606753355172978e-02 0.000000000000000000e+00
0.000000000000000000e+00 0.000000000000000000e+00 0.000000000000000000e+00 0.000000000000000000e+00 4.513308218758744772e-01 0.000000000000000000e+00 0.000000000000000000e+00 0.000000000000000000e+00 3.915200835777271626e-01 4.175247706121060776e-01 0.000000000000000000e+00 0.000000000000000000e+00 4.472625089096924911e-01 4.744238935425759141e-01 6.965716319449283267e-02 0.000000000000000000e+00
0.000000000000000000e+00 0.000000000000000000e+00 0.000000000000000000e+00 0.000000000000000000e+00 4.496164563159466554e-01 0.000000000000000000e+00 0.000000000000000000e+00 0.000000000000000000e+00 3.946305640326870923e-01 4.174292439181786496e-01 0.000000000000000000e+00 0.000000000000000000e+00 4.610084924275208995e-01 4.864225982278532756e-01 8.060548876092550608e-02 0.000000000000000000e+00
0.000000000000000000e+00 0.000000000000000000e+00 0.000000000000000000e+00 0.000000000000000000e+00 4.449888309948015208e-01 0.000000000000000000e+00 0.000000000000000000e+00 0.000000000000000000e+00 3.948621228968868246e-01 4.189440792336379116e-01 0.000000000000000000e+00 0.000000000000000000e+00 4.460328216956843117e-01 4.694984174897763318e-01 7.238237284520594728e-02 0.000000000000000000e+00
0.000000000000000000e+00 0.000000000000000000e+00 0.000000000000000000e+00 0.000000000000000000e+00 4.507193654089452495e-01 0.000000000000000000e+00 0.000000000000000000e+00 0.000000000000000000e+00 4.037967812396380807e-01 4.284100307818165532e-01 0.000000000000000000e+00 0.000000000000000000e+00 4.549154920197930330e-01 4.808638099001624755e-01 7.865800999002341143e-02 0.000000000000000000e+00
0.000000000000000000e+00 0.000000000000000000e+00 0.000000000000000000e+00 0.000000000000000000e+00 4.501562078557105329e-01 0.000000000000000000e+00 0.000000000000000000e+00 0.000000000000000000e+00 3.974238898838302059e-01 4.209081125791886979e-01 0.000000000000000000e+00 0.000000000000000000e+00 4.588289392673211564e-01 4.848445236866293362e-01 8.177698979799062629e-02 0.000000000000000000e+00
0.000000000000000000e+00 0.000000000000000000e+00 0.000000000000000000e+00 0.000000000000000000e+00 4.524059847048115257e-01 0.000000000000000000e+00 0.000000000000000000e+00 0.000000000000000000e+00 3.920858581862304848e-01 4.131157499878721495e-01 0.000000000000000000e+00 0.000000000000000000e+00 4.522894723703533293e-01 4.740030268705913152e-01 6.962747767147020594e-02 0.000000000000000000e+00
0.000000000000000000e+00 0.000000000000000000e+00 0.000000000000000000e+00 0.000000000000000000e+00 4.496775310715502849e-01 0.000000000000000000e+00 0.000000000000000000e+00 0.000000000000000000e+00 3.892080128231121816e-01 4.177053681420007658e-01 0.000000000000000000e+00 0.000000000000000000e+00 4.522622081326520549e-01 4.819320184203079727e-01 7.905726515813731037e-02 0.000000000000000000e+00
0.000000000000000000e+00 0.000000000000000000e+00 0.000000000000000000e+00 0.000000000000000000e+00 4.440419946584919786e-01 0.000000000000000000e+00 0.000000000000000000e+00 0.000000000000000000e+00 3.827266852892385884e-01 4.136074176457143481e-01 0.000000000000000000e+00 0.000000000000000000e+00 4.364442444349244110e-01 4.685121323334515697e-01 6.933835472315216797e-02 0.000000000000000000e+00
0.000000000000000000e+00 0.000000000000000000e+00 0.000000000000000000e+00 0.000000000000000000e+00 4.538076147584442221e-01 0.000000000000000000e+00 0.000000000000000000e+00 0.000000000000000000e+00 3.882547745107413628e-01 4.156080507453461803e-01 0.000000000000000000e+00 0.000000000000000000e+00 4.591879810306734311e-01 4.899122984058547625e-01 7.340428702176086950e-02 0.000000000000000000e+00
0.000000000000000000e+00 0.000000000000000000e+00 0.000000000000000000e+00 0.000000000000000000e+00 4.496290840388466603e-01 0.000000000000000000e+00 0.000000000000000000e+00 0.000000000000000000e+00 3.943539426326237995e-01 4.215805514800761711e-01 0.000000000000000000e+00 0.000000000000000000e+00 4.598706269144705594e-01 4.900226675554552602e-01 7.868512000849087196e-02 0.000000000000000000e+00
0.000000000000000000e+00 0.000000000000000000e+00 0.000000000000000000e+00 0.000000000000000000e+00 4.480450067425181815e-01 0.000000000000000000e+00 0.000000000000000000e+00 0.000000000000000000e+00 3.872628673739961225e-01 4.154725257352558931e-01 0.000000000000000000e+00 0.000000000000000000e+00 4.385576169095611321e-01 4.700310643925781351e-01 5.863411670236078066e-02 0.000000000000000000e+00
0.000000000000000000e+00 0.000000000000000000e+00 0.000000000000000000e+00 0.000000000000000000e+00 4.459627044025022413e-01 0.000000000000000000e+00 0.000000000000000000e+00 0.000000000000000000e+00 3.842812153804722741e-01 4.081381792512543405e-01 0.000000000000000000e+00 0.000000000000000000e+00 4.555206818109852063e-01 4.813908909733329855e-01 7.037943125225611107e-02 0.000000000000000000e+00
0.000000000000000000e+00 0.000000000000000000e+00 0.000000000000000000e+00 0.000000000000000000e+00 4.548218701613646608e-01 0.000000000000000000e+00 0.000000000000000000e+00 0.000000000000000000e+00 3.921757413186298669e-01 4.159079916827944090e-01 0.000000000000000000e+00 0.000000000000000000e+00 4.575133709400814319e-01 4.842050141305815347e-01 7.228741204721926550e-02 0.000000000000000000e+00
0.000000000000000000e+00 0.000000000000000000e+00 0.000000000000000000e+00 0.000000000000000000e+00 4.546458655212404221e-01 0.000000000000000000e+00 0.000000000000000000e+00 0.000000000000000000e+00 3.912321059539029533e-01 4.141207464249652137e-01 0.000000000000000000e+00 0.000000000000000000e+00 4.591901158496156099e-01 4.835166568947345533e-01 7.582619452462414922e-02 0.000000000000000000e+00
0.000000000000000000e+00 0.000000000000000000e+00 0.000000000000000000e+00 0.000000000000000000e+00 4.416665280532450777e-01 0.000000000000000000e+00 0.000000000000000000e+00 0.000000000000000000e+00 3.939606049680448585e-01 4.191980477856136478e-01 0.000000000000000000e+00 0.000000000000000000e+00 4.569647997833082287e-01 4.827281796964479899e-01 7.678918653101601821e-02 0.000000000000000000e+00
0.000000000000000000e+00 0.000000000000000000e+00 0.000000000000000000e+00 0.000000000000000000e+00 4.454572873763676388e-01 0.000000000000000000e+00 0.000000000000000000e+00 0.000000000000000000e+00 3.894306746825625942e-01 4.160746737394510064e-01 0.000000000000000000e+00 0.000000000000000000e+00 4.523173694061601857e-01 4.813600285860388794e-01 7.248381605135470473e-02 0.000000000000000000e+00
0.000000000000000000e+00 0.000000000000000000e+00 0.000000000000000000e+00 0.000000000000000000e+00 4.570640449711302900e-01 0.000000000000000000e+00 0.000000000000000000e+00 0.000000000000000000e+00 3.886534883916485383e-01 4.135142873873312586e-01 0.000000000000000000e+00 0.000000000000000000e+00 4.467259782345087138e-01 4.733772136528246466e-01 6.669391010829583966e-02 0.000000000000000000e+00
0.000000000000000000e+00 0.000000000000000000e+00 0.000000000000000000e+00 0.000000000000000000e+00 4.478847967359104731e-01 0.000000000000000000e+00 0.000000000000000000e+00 0.000000000000000000e+00 3.872847088867981125e-01 4.119791056563616438e-01 0.000000000000000000e+00 0.000000000000000000e+00 4.539054079117928464e-01 4.809567208203157640e-01 7.264666500374027114e-02 0.000000000000000000e+00
0.000000000000000000e+00 0.000000000000000000e+00 0.000000000000000000e+00 0.000000000000000000e+00 4.580684539391148835e-01 0.000000000000000000e+00 0.000000000000000000e+00 0.000000000000000000e+00 3.987163939595343987e-01 4.215070574283648064e-01 0.000000000000000000e+00 0.000000000000000000e+00 4.650673164556992090e-01 4.893777572944536525e-01 8.519829906993640900e-02 0.000000000000000000e+00
0.000000000000000000e+00 0.000000000000000000e+00 0.000000000000000000e+00 0.000000000000000000e+00 4.442513834840102760e-01 0.000000000000000000e+00 0.000000000000000000e+00 0.000000000000000000e+00 3.938774101830359586e-01 4.197121884087869348e-01 0.000000000000000000e+00 0.000000000000000000e+00 4.474641039084310545e-01 4.748430303196077285e-01 7.779371808395611765e-02 0.000000000000000000e+00
0.000000000000000000e+00 0.000000000000000000e+00 0.000000000000000000e+00 0.000000000000000000e+00 4.554419356174699285e-01 0.000000000000000000e+00 0.000000000000000000e+00 0.000000000000000000e+00 3.872997536875351643e-01 4.120967241200368392e-01 0.000000000000000000e+00 0.000000000000000000e+00 4.564262711196803712e-01 4.839488421293705600e-01 7.185379832468061223e-02 0.000000000000000000e+00
0.000000000000000000e+00 0.000000000000000000e+00 0.000000000000000000e+00 0.000000000000000000e+00 4.595476951270562882e-01 0.000000000000000000e+00 0.000000000000000000e+00 0.000000000000000000e+00 3.948390851553440495e-01 4.178375388748162278e-01 0.000000000000000000e+00 0.000000000000000000e+00 4.608370736568473958e-01 4.866654580952387565e-01 8.255958267155089070e-02 0.000000000000000000e+00
0.000000000000000000e+00 0.000000000000000000e+00 0.000000000000000000e+00 0.000000000000000000e+00 4.495332346818091684e-01 0.000000000000000000e+00 0.000000000000000000e+00 0.000000000000000000e+00 3.982489044520104438e-01 4.210438437787507593e-01 0.000000000000000000e+00 0.000000000000000000e+00 4.427281418981248162e-01 4.657064530626000010e-01 7.442635001993329336e-02 0.000000000000000000e+00
0.000000000000000000e+00 0.000000000000000000e+00 0.000000000000000000e+00 0.000000000000000000e+00 4.528581721838464413e-01 0.000000000000000000e+00 0.000000000000000000e+00 0.000000000000000000e+00 3.984253044187242576e-01 4.175093449194066664e-01 0.000000000000000000e+00 0.000000000000000000e+00 4.628191143675415842e-01 4.822513151059876213e-01 7.750173270435990747e-02 0.000000000000000000e+00
0.000000000000000000e+00 0.000000000000000000e+00 0.000000000000000000e+00 0.000000000000000000e+00 4.466658965638722889e-01 0.000000000000000000e+00 0.000000000000000000e+00 0.000000000000000000e+00 3.882886102636098902e-01 4.150103715257569270e-01 0.000000000000000000e+00 0.000000000000000000e+00 4.520868089839109594e-01 4.820346206726465188e-01 7.076470763222129923e-02 0.000000000000000000e+00
0.000000000000000000e+00 0.000000000000000000e+00 0.000000000000000000e+00 0.000000000000000000e+00 4.561450744297805837e-01 0.000000000000000000e+00 0.000000000000000000e+00 0.000000000000000000e+00 3.883661112394221071e-01 4.141728553585224959e-01 0.000000000000000000e+00 0.000000000000000000e+00 4.473594170240651202e-01 4.756973673251118639e-01 7.219027874252391397e-02 0.000000000000000000e+00
0.000000000000000000e+00 0.000000000000000000e+00 0.000000000000000000e+00 0.000000000000000000e+00 4.555481798521526793e-01 0.000000000000000000e+00 0.000000000000000000e+00 0.000000000000000000e+00 4.008268922995260608e-01 4.254919322558523564e-01 0.000000000000000000e+00 0.000000000000000000e+00 4.549569238247979652e-01 4.805839818706963418e-01 7.753475801012538193e-02 0.000000000000000000e+00
0.000000000000000000e+00 0.000000000000000000e+00 0.000000000000000000e+00 0.000000000000000000e+00 4.345380571205829656e-01 0.000000000000000000e+00 0.000000000000000000e+00 0.000000000000000000e+00 3.900977375326823426e-01 4.197163087410730742e-01 0.000000000000000000e+00 0.000000000000000000e+00 4.464820434303352070e-01 4.759803245077231515e-01 7.799817094257768813e-02 0.000000000000000000e+00
0.000000000000000000e+00 0.000000000000000000e+00 0.000000000000000000e+00 0.000000000000000000e+00 4.446462374344006263e-01 0.000000000000000000e+00 0.000000000000000000e+00 0.000000000000000000e+00 3.819350163281170496e-01 4.079065360852860977e-01 0.000000000000000000e+00 0.000000000000000000e+00 4.416031677424463453e-01 4.689611699070366235e-01 6.435190357666654981e-02 0.000000000000000000e+00
0.000000000000000000e+00 0.000000000000000000e+00 0.000000000000000000e+00 0.000000000000000000e+00 4.531451388214783327e-01 0.000000000000000000e+00 0.000000000000000000e+00 0.000000000000000000e+00 3.989699263970948873e-01 4.234816625302061377e-01 0.000000000000000000e+00 0.000000000000000000e+00 4.519082071326196437e-01 4.773739242776446345e-01 7.300521104733886935e-02 0.000000000000000000e+00
0.000000000000000000e+00 0.000000000000000000e+00 0.000000000000000000e+00 0.000000000000000000e+00 4.410244116522224478e-01 0.000000000000000000e+00 0.000000000000000000e+00 0.000000000000000000e+00 3.956539820045768541e-01 4.183121698004847455e-01 0.000000000000000000e+00 0.000000000000000000e+00 4.592904046314215116e-01 4.840221584241273800e-01 7.534592622443984922e-02 0.000000000000000000e+00
0.000000000000000000e+00 0.000000000000000000e+00 0.000000000000000000e+00 0.000000000000000000e+00 4.410940966685427678e-01 0.000000000000000000e+00 0.000000000000000000e+00 0.000000000000000000e+00 3.949997510475797280e-01 4.196305374679918376e-01 0.000000000000000000e+00 0.000000000000000000e+00 4.621945662820209355e-01 4.875659675976091179e-01 8.233738707757989883e-02 0.000000000000000000e+00
0.000000000000000000e+00 0.000000000000000000e+00 0.000000000000000000e+00 0.000000000000000000e+00 4.656976971532006959e-01 0.000000000000000000e+00 0.000000000000000000e+00 0.000000000000000000e+00 3.951041754833443109e-01 4.177524808567216752e-01 0.000000000000000000e+00 0.000000000000000000e+00 4.459463878369082090e-01 4.672696425749955362e-01 6.670452266174999034e-02 0.000000000000000000e+00
0.000000000000000000e+00 0.000000000000000000e+00 0.000000000000000000e+00 0.000000000000000000e+00 4.490147071454234640e-01 0.000000000000000000e+00 0.000000000000000000e+00 0.000000000000000000e+00 3.959062071168149011e-01 4.155018282993572787e-01 0.000000000000000000e+00 0.000000000000000000e+00 4.503644331513375065e-01 4.705939496996265903e-01 7.407365884135329315e-02 0.000000000000000000e+00
0.000000000000000000e+00 0.000000000000000000e+00 0.000000000000000000e+00 0.000000000000000000e+00 4.533600532590822962e-01 0.000000000000000000e+00 0.000000000000000000e+00 0.000000000000000000e+00 3.926261230206762876e-01 4.190742040385506129e-01 0.000000000000000000e+00 0.000000000000000000e+00 4.434839926970907120e-01 4.706565401311943453e-01 6.761158202931678851e-02 0.000000000000000000e+00
0.000000000000000000e+00 0.000000000000000000e+00 0.000000000000000000e+00 0.000000000000000000e+00 4.379818712495133215e-01 0.000000000000000000e+00 0.000000000000000000e+00 0.000000000000000000e+00 3.943359097870833274e-01 4.195714505719815302e-01 0.000000000000000000e+00 0.000000000000000000e+00 4.543505695945175837e-01 4.804393489687545649e-01 7.870020474007100031e-02 0.000000000000000000e+00
0.000000000000000000e+00 0.000000000000000000e+00 0.000000000000000000e+00 0.000000000000000000e+00 4.476525805656458301e-01 0.000000000000000000e+00 0.000000000000000000e+00 0.000000000000000000e+00 3.929496257749805488e-01 4.165548585013169602e-01 0.000000000000000000e+00 0.000000000000000000e+00 4.468360171683901649e-01 4.732542982000815246e-01 7.139717596460806726e-02 0.000000000000000000e+00
0.000000000000000000e+00 0.000000000000000000e+00 0.000000000000000000e+00 0.000000000000000000e+00 4.389518836640546318e-01 0.000000000000000000e+00 0.000000000000000000e+00 0.000000000000000000e+00 3.946472222193861401e-01 4.198772118677833176e-01 0.000000000000000000e+00 0.000000000000000000e+00 4.492186750665962403e-01 4.758302376306136061e-01 6.910735971014375645e-02 0.000000000000000000e+00
0.000000000000000000e+00 0.000000000000000000e+00 0.000000000000000000e+00 0.000000000000000000e+00 4.440928472919696834e-01 0.000000000000000000e+00 0.000000000000000000e+00 0.000000000000000000e+00 3.933780607041106880e-01 4.188885605921919275e-01 0.000000000000000000e+00 0.000000000000000000e+00 4.505402186115954888e-01 4.776476360024574097e-01 8.031272279554479976e-02 0.000000000000000000e+00
0.000000000000000000e+00 0.000000000000000000e+00 0.000000000000000000e+00 0.000000000000000000e+00 4.425791390488128529e-01 0.000000000000000000e+00 0.000000000000000000e+00 0.000000000000000000e+00 3.887358625412867252e-01 4.159412495279561917e-01 0.000000000000000000e+00 0.000000000000000000e+00 4.460083070746109213e-01 4.753420852088284243e-01 7.250217863581429056e-02 0.000000000000000000e+00
0.000000000000000000e+00 0.000000000000000000e+00 0.000000000000000000e+00 0.000000000000000000e+00 4.589303999747933460e-01 0.000000000000000000e+00 0.000000000000000000e+00 0.000000000000000000e+00 3.988987034507535667e-01 4.189102962134572117e-01 0.000000000000000000e+00 0.000000000000000000e+00 4.602208988881785756e-01 4.812410815798990327e-01 7.176218782047191769e-02 0.000000000000000000e+00
0.000000000000000000e+00 0.000000000000000000e+00 0.000000000000000000e+00 0.000000000000000000e+00 4.512039811234575537e-01 0.000000000000000000e+00 0.000000000000000000e+00 0.000000000000000000e+00 3.940542917848790516e-01 4.183162998543030198e-01 0.000000000000000000e+00 0.000000000000000000e+00 4.579714143428872397e-01 4.832306998798078790e-01 7.782905583112746661e-02 0.000000000000000000e+00
0.000000000000000000e+00 0.000000000000000000e+00 0.000000000000000000e+00 0.000000000000000000e+00 4.533975636664437925e-01 0.000000000000000000e+00 0.000000000000000000e+00 0.000000000000000000e+00 3.960965997813053474e-01 4.173455276514739243e-01 0.000000000000000000e+00 0.000000000000000000e+00 4.631963152916903637e-01 4.863990007976669583e-01 7.654107033861098919e-02 0.000000000000000000e+00
0.000000000000000000e+00 0.000000000000000000e+00 0.000000000000000000e+00 0.000000000000000000e+00 4.597339891521065036e-01 0.000000000000000000e+00 0.000000000000000000e+00 0.000000000000000000e+00 3.945083918716402183e-01 4.175437678080371473e-01 0.000000000000000000e+00 0.000000000000000000e+00 4.480533460694824388e-01 4.717458380826987097e-01 6.967578450576972227e-02 0.000000000000000000e+00
0.000000000000000000e+00 0.000000000000000000e+00 0.000000000000000000e+00 0.000000000000000000e+00 4.616899807633942920e-01 0.000000000000000000e+00 0.000000000000000000e+00 0.000000000000000000e+00 4.040661525597576409e-01 4.230429298281878081e-01 0.000000000000000000e+00 0.000000000000000000e+00 4.579946408552721948e-01 4.777264570874777960e-01 8.051920188859140737e-02 0.000000000000000000e+00
0.000000000000000000e+00 0.000000000000000000e+00 0.000000000000000000e+00 0.000000000000000000e+00 4.604346045306713098e-01 0.000000000000000000e+00 0.000000000000000000e+00 0.000000000000000000e+00 3.978506414680406111e-01 4.215988124121367031e-01 0.000000000000000000e+00 0.000000000000000000e+00 4.428324535372797910e-01 4.663722909262035254e-01 7.276241184684696661e-02 0.000000000000000000e+00
0.000000000000000000e+00 0.000000000000000000e+00 0.000000000000000000e+00 0.000000000000000000e+00 4.532350313057320057e-01 0.000000000000000000e+00 0.000000000000000000e+00 0.000000000000000000e+00 3.975492482720024423e-01 4.243972975154883254e-01 0.000000000000000000e+00 0.000000000000000000e+00 4.521464393411551708e-01 4.800506215324367165e-01 7.420101355372488161e-02 0.000000000000000000e+00
0.000000000000000000e+00 0.000000000000000000e+00 0.000000000000000000e+00 0.000000000000000000e+00 4.515275238220064491e-01 0.000000000000000000e+00 0.000000000000000000e+00 0.000000000000000000e+00 3.943281579909082568e-01 4.160953328832452947e-01 0.000000000000000000e+00 0.000000000000000000e+00 4.534127178044786710e-01 4.766452491460480001e-01 7.083352749472865417e-02 0.000000000000000000e+00
0.000000000000000000e+00 0.000000000000000000e+00 0.000000000000000000e+00 0.000000000000000000e+00 4.465716904608022508e-01 0.000000000000000000e+00 0.000000000000000000e+00 0.000000000000000000e+00 3.934679586898310877e-01 4.186150204798136931e-01 0.000000000000000000e+00 0.000000000000000000e+00 4.459423464728047293e-01 4.729951728242499098e-01 7.066297551033322299e-02 0.000000000000000000e+00
0.000000000000000000e+00 0.000000000000000000e+00 0.000000000000000000e+00 0.000000000000000000e+00 4.417685554931846670e-01 0.000000000000000000e+00 0.000000000000000000e+00 0.000000000000000000e+00 3.926660550969863772e-01 4.196923377718339010e-01 0.000000000000000000e+00 0.000000000000000000e+00 4.523471747588766467e-01 4.810516014901219939e-01 7.074075613800903661e-02 0.000000000000000000e+00
0.000000000000000000e+00 0.000000000000000000e+00 0.000000000000000000e+00 0.000000000000000000e+00 4.368498705464095577e-01 0.000000000000000000e+00 0.000000000000000000e+00 0.000000000000000000e+00 3.886517327132293920e-01 4.160263631437182696e-01 0.000000000000000000e+00 0.000000000000000000e+00 4.549641905495673821e-01 4.838327968947512270e-01 7.078239906846123253e-02 0.000000000000000000e+00
0.000000000000000000e+00 0.000000000000000000e+00 0.000000000000000000e+00 0.000000000000000000e+00 4.371915076524987009e-01 0.000000000000000000e+00 0.000000000000000000e+00 0.000000000000000000e+00 3.940535166492539765e-01 4.182710914904408939e-01 0.000000000000000000e+00 0.000000000000000000e+00 4.550034030079844194e-01 4.820223982155390496e-01 8.285640775349457920e-02 0.000000000000000000e+00
0.000000000000000000e+00 0.000000000000000000e+00 0.000000000000000000e+00 0.000000000000000000e+00 4.456707078105947573e-01 0.000000000000000000e+00 0.000000000000000000e+00 0.000000000000000000e+00 3.924933966243374650e-01 4.187068444858815797e-01 0.000000000000000000e+00 0.000000000000000000e+00 4.493982838288124726e-01 4.768795515437849186e-01 6.803302846794359593e-02 0.000000000000000000e+00
0.000000000000000000e+00 0.000000000000000000e+00 0.000000000000000000e+00 0.000000000000000000e+00 4.451058311888047014e-01 0.000000000000000000e+00 0.000000000000000000e+00 0.000000000000000000e+00 3.879700410675737676e-01 4.132286735003281586e-01 0.000000000000000000e+00 0.000000000000000000e+00 4.542995481065351115e-01 4.820504807965362293e-01 7.824640862578340073e-02 0.000000000000000000e+00
0.000000000000000000e+00 0.000000000000000000e+00 0.000000000000000000e+00 0.000000000000000000e+00 4.547698275791335343e-01 0.000000000000000000e+00 0.000000000000000000e+00 0.000000000000000000e+00 3.872889082650546322e-01 4.149746617520583825e-01 0.000000000000000000e+00 0.000000000000000000e+00 4.414695444134428270e-01 4.687262334389283858e-01 6.811756151422097838e-02 0.000000000000000000e+00
0.000000000000000000e+00 0.000000000000000000e+00 0.000000000000000000e+00 0.000000000000000000e+00 4.547698556895502509e-01 0.000000000000000000e+00 0.000000000000000000e+00 0.000000000000000000e+00 3.918998666290841593e-01 4.185096524088507408e-01 0.000000000000000000e+00 0.000000000000000000e+00 4.548921979817281414e-01 4.830717465160698776e-01 7.536533719406586507e-02 0.000000000000000000e+00
0.000000000000000000e+00 0.000000000000000000e+00 0.000000000000000000e+00 0.000000000000000000e+00 4.452372515805151365e-01 0.000000000000000000e+00 0.000000000000000000e+00 0.000000000000000000e+00 3.900730922645443410e-01 4.136467148042535791e-01 0.000000000000000000e+00 0.000000000000000000e+00 4.511397210941343050e-01 4.770029776825838175e-01 7.488529707385596645e-02 0.000000000000000000e+00
0.000000000000000000e+00 0.000000000000000000e+00 0.000000000000000000e+00 0.000000000000000000e+00 4.582902736246889930e-01 0.000000000000000000e+00 0.000000000000000000e+00 0.000000000000000000e+00 3.960758514277651909e-01 4.153960801843609718e-01 0.000000000000000000e+00 0.000000000000000000e+00 4.520286385953545261e-01 4.718892847429864701e-01 6.950919433473322362e-02 0.000000000000000000e+00
0.000000000000000000e+00 0.000000000000000000e+00 0.000000000000000000e+00 0.000000000000000000e+00 4.520587822941813938e-01 0.000000000000000000e+00 0.000000000000000000e+00 0.000000000000000000e+00 3.923579947876493779e-01 4.162179681858664271e-01 0.000000000000000000e+00 0.000000000000000000e+00 4.456286015925268740e-01 4.711514219706025020e-01 6.736211860755862701e-02 0.000000000000000000e+00
0.000000000000000000e+00 0.000000000000000000e+00 0.000000000000000000e+00 0.000000000000000000e+00 4.427906095260710218e-01 0.000000000000000000e+00 0.000000000000000000e+00 0.000000000000000000e+00 3.894775022953142485e-01 4.121636273470772882e-01 0.000000000000000000e+00 0.000000000000000000e+00 4.573890916866117928e-01 4.815388333562756196e-01 7.020323981997983465e-02 0.000000000000000000e+00
0.000000000000000000e+00 0.000000000000000000e+00 0.000000000000000000e+00 0.000000000000000000e+00 4.421309550118924236e-01 0.000000000000000000e+00 0.000000000000000000e+00 0.000000000000000000e+00 3.890906364337073375e-01 4.145300284106758770e-01 0.000000000000000000e+00 0.000000000000000000e+00 4.563738785839984158e-01 4.837330519818327512e-01 7.923437863443866247e-02 0.000000000000000000e+00
0.000000000000000000e+00 0.000000000000000000e+00 0.000000000000000000e+00 0.000000000000000000e+00 4.393465995862956830e-01 0.000000000000000000e+00 0.000000000000000000e+00 0.000000000000000000e+00 3.859891857623807265e-01 4.145170361005503512e-01 0.000000000000000000e+00 0.000000000000000000e+00 4.523670726034779155e-01 4.831095331608565857e-01 7.286862937781025951e-02 0.000000000000000000e+00
0.000000000000000000e+00 0.000000000000000000e+00 0.000000000000000000e+00 0.000000000000000000e+00 4.369769580580180057e-01 0.000000000000000000e+00 0.000000000000000000e+00 0.000000000000000000e+00 3.850423382447547560e-01 4.112252086422523711e-01 0.000000000000000000e+00 0.000000000000000000e+00 4.397409363690218953e-01 4.681793317615783878e-01 5.820914041132692340e-02 0.000000000000000000e+00
0.000000000000000000e+00 0.000000000000000000e+00 0.000000000000000000e+00 0.000000000000000000e+00 4.471049597697159816e-01 0.000000000000000000e+00 0.000000000000000000e+00 0.000000000000000000e+00 3.932206523331148174e-01 4.165921646677392953e-01 0.000000000000000000e+00 0.000000000000000000e+00 4.455679310179968544e-01 4.683960139070870166e-01 6.613926561248199831e-02 0.000000000000000000e+00
0.000000000000000000e+00 0.000000000000000000e+00 0.000000000000000000e+00 0.000000000000000000e+00 4.557927388057298468e-01 0.000000000000000000e+00 0.000000000000000000e+00 0.000000000000000000e+00 3.937464855776494077e-01 4.137512741404157368e-01 0.000000000000000000e+00 0.000000000000000000e+00 4.477007162638859117e-01 4.678503982298384822e-01 6.933773436604273588e-02 0.000000000000000000e+00
0.000000000000000000e+00 0.000000000000000000e+00 0.000000000000000000e+00 0.000000000000000000e+00 4.623414127272444940e-01 0.000000000000000000e+00 0.000000000000000000e+00 0.000000000000000000e+00 3.949776875530567333e-01 4.212632765014187597e-01 0.000000000000000000e+00 0.000000000000000000e+00 4.468227598627582675e-01 4.745351155733809057e-01 7.009717744900471892e-02 0.000000000000000000e+00
0.000000000000000000e+00 0.000000000000000000e+00 0.000000000000000000e+00 0.000000000000000000e+00 4.494385229141789617e-01 0.000000000000000000e+00 0.000000000000000000e+00 0.000000000000000000e+00 3.942359650614806754e-01 4.198586769979616440e-01 0.000000000000000000e+00 0.000000000000000000e+00 4.472836385071475851e-01 4.735864145501142985e-01 7.101315727350585028e-02 0.000000000000000000e+00
