# 'name' : 'rogers_a02_b02_d00_g00'
# 'source' : 'rogers_a02_b02_d00_g00.yaml'
# 'sample_pops' : ['X', 'Y', 'D', 'N']
# 'sample_size' : 1
# 'n_reps' : 100
# 'n_windows' : 200
# 'seq_length' : 100000000.0
# 'window_length' : 500000.0
# 'recomb_rate' : 1e-08
# 'mut_rate' : 1e-08
# 'created' : None
2.186156595160720104e-04 1.366050583334475668e-04 9.176877942226214103e-04 7.720916628002477688e-04
2.198316799599698429e-04 1.367874628771992740e-04 9.142993761877980709e-04 7.756124654050974496e-04
2.226879377639502102e-04 1.358446147268071460e-04 9.100332179094225817e-04 7.683600862374346694e-04
2.336006729593698562e-04 1.361479927089747927e-04 9.293626523479241435e-04 7.817253281836444726e-04
2.285138167741494124e-04 1.323660825228606148e-04 9.292727142476511250e-04 7.814609617842378526e-04
2.293370053884090690e-04 1.369336475072290124e-04 9.275871901730864877e-04 7.524649729679615132e-04
2.326549678192393270e-04 1.376525833708508017e-04 9.313271804638846357e-04 7.577361753962363368e-04
2.099748992115087263e-04 1.338162582990980198e-04 9.284416634088710337e-04 7.618629368209191028e-04
2.369184834200268794e-04 1.272712604789697009e-04 9.267627088549926359e-04 7.577464886638484321e-04
2.141822126077197767e-04 1.346777270374984944e-04 9.282892653113844093e-04 7.840969185834207765e-04
2.127151856297109693e-04 1.260456128237417072e-04 9.303249064462063489e-04 7.875148905970660472e-04
2.389655442278922168e-04 1.356518504877497853e-04 9.160366531083051315e-04 7.506650372258809843e-04
2.105049301602591755e-04 1.373317703652932888e-04 9.328179933377484922e-04 7.545248505261954947e-04
2.296580724833348342e-04 1.342156027786463887e-04 9.255691099973393631e-04 7.701154604141655959e-04
2.272173068098483231e-04 1.318306180265690116e-04 9.226187956080545306e-04 7.402189261219876450e-04
2.409648612724098421e-04 1.335293799476516710e-04 9.142555323110243548e-04 7.678465677844777256e-04
2.215045930835494743e-04 1.282858298893276234e-04 9.115342783071926983e-04 7.571326137873364819e-04
2.208580167010686882e-04 1.383087437044748123e-04 9.339394088575410889e-04 7.601397052247314302e-04
2.267007218918653849e-04 1.338780197986120851e-04 9.065546850319105990e-04 7.781366203728702809e-04
2.235009268936426880e-04 1.268895830412265020e-04 9.078258571031622235e-04 7.513457044522970025e-04
2.326764770203341689e-04 1.397308101317690612e-04 9.271336990734182007e-04 7.676385293419194303e-04
2.196559554095965400e-04 1.313944418565878133e-04 9.218637302346659006e-04 7.558624194177575176e-04
2.202206656561924683e-04 1.360777728171527659e-04 9.142347691473334858e-04 7.755302927205448213e-04
2.182931972872021375e-04 1.379586520007619025e-04 9.133353825835914715e-04 7.599449527312079726e-04
2.269127868162549840e-04 1.337834136161002488e-04 9.266623275664331513e-04 7.768449124853758379e-04
2.165971785063868231e-04 1.327868325514839157e-04 9.031239776338445720e-04 7.591018168592644560e-04
2.094477606823076188e-04 1.338824373462349005e-04 9.161757490776995839e-04 7.523297985451501838e-04
2.100936314939229723e-04 1.330563897563023139e-04 9.196064439085466441e-04 7.830099194502702442e-04
2.135644455973291262e-04 1.337382520668629600e-04 9.243719562275575343e-04 7.531725960018905049e-04
2.267948224514016310e-04 1.335075995381253028e-04 9.210095004138530187e-04 7.789277586718016018e-04
2.287889544858129299e-04 1.341248117421805315e-04 9.246741945096263997e-04 7.623916422443481567e-04
2.389478316732972479e-04 1.333602526202242291e-04 9.317694199900814931e-04 7.644909245935873959e-04
2.236220002032878341e-04 1.366931234735970023e-04 9.322335649721580093e-04 7.758457097375476459e-04
2.148957772082655680e-04 1.323237590753024789e-04 9.215013812289532709e-04 7.720525358792711471e-04
2.125303114693221761e-04 1.354305330990894724e-04 9.228746879623153307e-04 7.465334791977377678e-04
2.174709519965631950e-04 1.370554707019220144e-04 9.161608557484012417e-04 7.794610667023224408e-04
2.151126674466023779e-04 1.331618060779600986e-04 8.997452266954604439e-04 7.631925580536330286e-04
2.196018573999927064e-04 1.363906066053322767e-04 9.072992384916976107e-04 7.513944255519080118e-04
2.101716517258984181e-04 1.373317234871279852e-04 9.308011535360150458e-04 7.702456662074226926e-04
2.275509125540336422e-04 1.291967768989485356e-04 9.221565438333281274e-04 7.510448340553564379e-04
2.445682202594364157e-04 1.353544623568170226e-04 9.282623507813280404e-04 7.750507396013875134e-04
2.257656963303333506e-04 1.310588283877891147e-04 9.374472150020708326e-04 7.502025098617462993e-04
2.268910186482104782e-04 1.328469158253468689e-04 9.174440962454261323e-04 7.455818099755192078e-04
2.272297985001035380e-04 1.312302456768389821e-04 9.290596394948691513e-04 7.890416675629542253e-04
2.235435887355590129e-04 1.355823109061336329e-04 9.409919000711475679e-04 7.510607178231099891e-04
2.152532290835214063e-04 1.333070957039564407e-04 9.203403679388147927e-04 7.503486217112251104e-04
2.188974000270368469e-04 1.369575390445587691e-04 9.251768614961919769e-04 7.455232195075488537e-04
2.174619403306609765e-04 1.357872189811506287e-04 9.180250295936489766e-04 7.500360718443836727e-04
2.267740758449666267e-04 1.333566978510155557e-04 9.245089924197238658e-04 7.596768170004308861e-04
2.195322896279723601e-04 1.315401386653031754e-04 9.336991634172995148e-04 7.811715689111153665e-04
2.194738198426831395e-04 1.376033634423079639e-04 9.305675745816913451e-04 7.610145272355804593e-04
2.191461056916113928e-04 1.359601157899140264e-04 9.091080693998977724e-04 7.394783226096991648e-04
2.279324388385596198e-04 1.350563723498629813e-04 9.166073133701982270e-04 7.662390760026182007e-04
2.262458913952439948e-04 1.301677555638641487e-04 9.385089873118113071e-04 7.530177220027364912e-04
2.162696702045755653e-04 1.322958695431199010e-04 9.216229183382926510e-04 7.459037862238449435e-04
2.164186241769389086e-04 1.382697272642722966e-04 9.114484620146361083e-04 7.844086199286437943e-04
2.119486730709334039e-04 1.397794126683828955e-04 9.115871893427789216e-04 7.441669786178634928e-04
2.314537235031458029e-04 1.313017750777971458e-04 9.235576489044191109e-04 7.627972877773411906e-04
2.162817564100871521e-04 1.287383013125478423e-04 9.232651504819785939e-04 7.649009599514297597e-04
2.131836876682266242e-04 1.331692549299636527e-04 9.047158672985250449e-04 7.589884595397403989e-04
2.417987408642464345e-04 1.372601982757559996e-04 9.097597318355803110e-04 7.644232039946383160e-04
2.294419365203635795e-04 1.350986127084807397e-04 9.453440391593033844e-04 7.775921762898194579e-04
2.114668559833182682e-04 1.320807957563424888e-04 9.131964465048177278e-04 7.725950831082946044e-04
2.209700130716338025e-04 1.400556076993430903e-04 9.101941246779663222e-04 7.496889901147862564e-04
2.283974880594409000e-04 1.384474397171078699e-04 9.113295086429527370e-04 7.335669067575232910e-04
2.107768149957172917e-04 1.316528352663507199e-04 9.239983434732247820e-04 7.859092160098089981e-04
2.083089471951200388e-04 1.399302130179064523e-04 9.189321150528637376e-04 7.703238555213606266e-04
2.186674681888747123e-04 1.313373081537597587e-04 9.175155627006736404e-04 7.794301482197798841e-04
2.363173651661562319e-04 1.413641366627282501e-04 9.129547175503712267e-04 7.594510974310985253e-04
2.262149939227799079e-04 1.368629034668161358e-04 9.208354991937277518e-04 7.673829095944406133e-04
2.220022357085604510e-04 1.372216739106051151e-04 9.194274688296756072e-04 7.716763193040750450e-04
2.304830608304030744e-04 1.380661782950491374e-04 9.083763392579703678e-04 7.522286966229057041e-04
2.309178702352023926e-04 1.345556066629592228e-04 9.171124919599273149e-04 7.669610223810986336e-04
2.098755549327963759e-04 1.369960952321949742e-04 9.265773522054812942e-04 7.633578775548281650e-04
2.120727972096553304e-04 1.332510424942105992e-04 9.168740856973244847e-04 7.519243229227789635e-04
2.145745899907125444e-04 1.384629115144385034e-04 9.222087400819718251e-04 7.510219160281823890e-04
2.131717691975188670e-04 1.327011587524070963e-04 9.173245513107090680e-04 7.744960311258580277e-04
2.061655107006710858e-04 1.370844476428642546e-04 9.026464424105467860e-04 7.594389360864357711e-04
2.074375916235701343e-04 1.326872372328707840e-04 9.069337266306696545e-04 7.857805301327078348e-04
2.227697568293797871e-04 1.320827614548310193e-04 9.123574265350265161e-04 7.683903395946753857e-04
2.155602543486505427e-04 1.364759751487627066e-04 9.248915735552474095e-04 7.606775488118965034e-04
2.204199816219457476e-04 1.325055571728997700e-04 9.162738125501554160e-04 7.749175398471021010e-04
2.258898299134636672e-04 1.342332633522998881e-04 9.193844707728950376e-04 7.598468175562704064e-04
2.309256804713843883e-04 1.364434993635929105e-04 9.255350070628998605e-04 7.571006525945874442e-04
2.231223418373611748e-04 1.403394375508337127e-04 9.068211616035065474e-04 7.466863277267544660e-04
2.260450402476410709e-04 1.334298144994840120e-04 9.286131411573315996e-04 7.721802343477518395e-04
2.254249988128436332e-04 1.342964936330622722e-04 9.181927969533087595e-04 7.449678660492308358e-04
2.219559586326451330e-04 1.295153159741597288e-04 9.222456159847973803e-04 7.768366160768146048e-04
2.261440780750331009e-04 1.320821113622751687e-04 9.222845405459863298e-04 7.545326326692984933e-04
2.197120940259400827e-04 1.360901967931799029e-04 9.302842714509324505e-04 7.619062779860076053e-04
2.100929031218407603e-04 1.396011845622797867e-04 9.195700914211893916e-04 7.722687437334261901e-04
2.245560437818010160e-04 1.347024141690660124e-04 9.240951795449491067e-04 7.793944345670600566e-04
2.209620142154778105e-04 1.408259477388206307e-04 9.238409802989328403e-04 7.526306251534952774e-04
2.254020282365379259e-04 1.358466769263118388e-04 9.219316919789294178e-04 7.442242596753643634e-04
2.340055913125069545e-04 1.353219657945916405e-04 9.322388459673497212e-04 7.583945470197421285e-04
2.232625445763104018e-04 1.344881935077893182e-04 9.340370568081971187e-04 7.839287718968878044e-04
2.185978886823371182e-04 1.373927480471046623e-04 9.211627762586160895e-04 7.767502030658617485e-04
2.149791236545314007e-04 1.392538685370571516e-04 9.185611738462878730e-04 7.767430204416645150e-04
2.257908380892088905e-04 1.273817238898566461e-04 9.230181620677547832e-04 7.755694356551195512e-04
2.282586408696695161e-04 1.347665494828211724e-04 9.131443523141195666e-04 7.667688765006997397e-04
