# 'name' : 'rogers_a02_b02_d00_g00'
# 'source' : 'rogers_a02_b02_d00_g00.yaml'
# 'sample_pops' : ['X', 'Y', 'D', 'N']
# 'sample_size' : 1
# 'n_reps' : 100
# 'n_windows' : 200
# 'seq_length' : 100000000.0
# 'window_length' : 500000.0
# 'recomb_rate' : 1e-08
# 'mut_rate' : 1e-08
# 'created' : None
0.000000000000000000e+00 0.000000000000000000e+00 0.000000000000000000e+00 0.000000000000000000e+00 4.616887833580347726e-04 0.000000000000000000e+00 0.000000000000000000e+00 0.000000000000000000e+00 1.308335406506141779e-03 1.284370040544286200e-03 0.000000000000000000e+00 0.000000000000000000e+00 1.295366404319779965e-03 1.269287900105521387e-03 9.603439890397087514e-04 0.000000000000000000e+00
0.000000000000000000e+00 0.000000000000000000e+00 0.000000000000000000e+00 0.000000000000000000e+00 4.702814877428587075e-04 0.000000000000000000e+00 0.000000000000000000e+00 0.000000000000000000e+00 1.311321173039457170e-03 1.279822067872269124e-03 0.000000000000000000e+00 0.000000000000000000e+00 1.294796391583152807e-03 1.257186281809388956e-03 9.596362377284172861e-04 0.000000000000000000e+00
0.000000000000000000e+00 0.000000000000000000e+00 0.000000000000000000e+00 0.000000000000000000e+00 4.577599790136114644e-04 0.000000000000000000e+00 0.000000000000000000e+00 0.000000000000000000e+00 1.305826120142535192e-03 1.282477768090336308e-03 0.000000000000000000e+00 0.000000000000000000e+00 1.290687993545915242e-03 1.263474383982355568e-03 9.616312877321884535e-04 0.000000000000000000e+00
0.000000000000000000e+00 0.000000000000000000e+00 0.000000000000000000e+00 0.000000000000000000e+00 4.714014210289823302e-04 0.000000000000000000e+00 0.000000000000000000e+00 0.000000000000000000e+00 1.316026610413093857e-03 1.288212039092682384e-03 0.000000000000000000e+00 0.000000000000000000e+00 1.295204345596533916e-03 1.259710438836086433e-03 9.729433399102061951e-04 0.000000000000000000e+00
0.000000000000000000e+00 0.000000000000000000e+00 0.000000000000000000e+00 0.000000000000000000e+00 4.642001893820851626e-04 0.000000000000000000e+00 0.000000000000000000e+00 0.000000000000000000e+00 1.301208537067693148e-03 1.273355626795412334e-03 0.000000000000000000e+00 0.000000000000000000e+00 1.282210844597001268e-03 1.249644442557057249e-03 9.700985587684725396e-04 0.000000000000000000e+00
0.000000000000000000e+00 0.000000000000000000e+00 0.000000000000000000e+00 0.000000000000000000e+00 4.574683191348760691e-04 0.000000000000000000e+00 0.000000000000000000e+00 0.000000000000000000e+00 1.301412204255872037e-03 1.277901843457268129e-03 0.000000000000000000e+00 0.000000000000000000e+00 1.277392516791485497e-03 1.245779804742073787e-03 9.681663253633593152e-04 0.000000000000000000e+00
0.000000000000000000e+00 0.000000000000000000e+00 0.000000000000000000e+00 0.000000000000000000e+00 4.648390752994146927e-04 0.000000000000000000e+00 0.000000000000000000e+00 0.000000000000000000e+00 1.303782495716602390e-03 1.280765577992515293e-03 0.000000000000000000e+00 0.000000000000000000e+00 1.281801404177752629e-03 1.252736776569404655e-03 9.649521432209233343e-04 0.000000000000000000e+00
0.000000000000000000e+00 0.000000000000000000e+00 0.000000000000000000e+00 0.000000000000000000e+00 4.565033940523524647e-04 0.000000000000000000e+00 0.000000000000000000e+00 0.000000000000000000e+00 1.288220702110112097e-03 1.269837022935381681e-03 0.000000000000000000e+00 0.000000000000000000e+00 1.273460139409280474e-03 1.249698100865842629e-03 9.675284537516197709e-04 0.000000000000000000e+00
0.000000000000000000e+00 0.000000000000000000e+00 0.000000000000000000e+00 0.000000000000000000e+00 4.581560960888735479e-04 0.000000000000000000e+00 0.000000000000000000e+00 0.000000000000000000e+00 1.304139462366992082e-03 1.282432100216257835e-03 0.000000000000000000e+00 0.000000000000000000e+00 1.289731270771344272e-03 1.260441378136539824e-03 9.759043923692230357e-04 0.000000000000000000e+00
0.000000000000000000e+00 0.000000000000000000e+00 0.000000000000000000e+00 0.000000000000000000e+00 4.648396016625374314e-04 0.000000000000000000e+00 0.000000000000000000e+00 0.000000000000000000e+00 1.307431233896279039e-03 1.284220542792977211e-03 0.000000000000000000e+00 0.000000000000000000e+00 1.292401326863382811e-03 1.263793548183759488e-03 9.735158735333620649e-04 0.000000000000000000e+00
0.000000000000000000e+00 0.000000000000000000e+00 0.000000000000000000e+00 0.000000000000000000e+00 4.566182874395540358e-04 0.000000000000000000e+00 0.000000000000000000e+00 0.000000000000000000e+00 1.306001751346007106e-03 1.282856711896345229e-03 0.000000000000000000e+00 0.000000000000000000e+00 1.287147896693615614e-03 1.258293678304160407e-03 9.729360219200325040e-04 0.000000000000000000e+00
0.000000000000000000e+00 0.000000000000000000e+00 0.000000000000000000e+00 0.000000000000000000e+00 4.595439001009859071e-04 0.000000000000000000e+00 0.000000000000000000e+00 0.000000000000000000e+00 1.293207743796803222e-03 1.268164023525488208e-03 0.000000000000000000e+00 0.000000000000000000e+00 1.281528363659115502e-03 1.250467023537562856e-03 9.612262398923348671e-04 0.000000000000000000e+00
0.000000000000000000e+00 0.000000000000000000e+00 0.000000000000000000e+00 0.000000000000000000e+00 4.566499586951911567e-04 0.000000000000000000e+00 0.000000000000000000e+00 0.000000000000000000e+00 1.310618273635488556e-03 1.292266634629823767e-03 0.000000000000000000e+00 0.000000000000000000e+00 1.296197942713070385e-03 1.271239027155485288e-03 9.664280488182936703e-04 0.000000000000000000e+00
0.000000000000000000e+00 0.000000000000000000e+00 0.000000000000000000e+00 0.000000000000000000e+00 4.668818312872878031e-04 0.000000000000000000e+00 0.000000000000000000e+00 0.000000000000000000e+00 1.306393937990092376e-03 1.280876642333403067e-03 0.000000000000000000e+00 0.000000000000000000e+00 1.282227479579228259e-03 1.252308091382481380e-03 9.712197023846962486e-04 0.000000000000000000e+00
0.000000000000000000e+00 0.000000000000000000e+00 0.000000000000000000e+00 0.000000000000000000e+00 4.616231707671982691e-04 0.000000000000000000e+00 0.000000000000000000e+00 0.000000000000000000e+00 1.313835150619909516e-03 1.288893378719847306e-03 0.000000000000000000e+00 0.000000000000000000e+00 1.298154988784417339e-03 1.269264931456410249e-03 9.685855375452851910e-04 0.000000000000000000e+00
0.000000000000000000e+00 0.000000000000000000e+00 0.000000000000000000e+00 0.000000000000000000e+00 4.637003575059777793e-04 0.000000000000000000e+00 0.000000000000000000e+00 0.000000000000000000e+00 1.310586160873459605e-03 1.282044851375134867e-03 0.000000000000000000e+00 0.000000000000000000e+00 1.299448853302919782e-03 1.266277281729802145e-03 9.721302724325450338e-04 0.000000000000000000e+00
0.000000000000000000e+00 0.000000000000000000e+00 0.000000000000000000e+00 0.000000000000000000e+00 4.652412929514580949e-04 0.000000000000000000e+00 0.000000000000000000e+00 0.000000000000000000e+00 1.302622443126748861e-03 1.278360399934074226e-03 0.000000000000000000e+00 0.000000000000000000e+00 1.284063639619301752e-03 1.255271544200324205e-03 9.639482401319184263e-04 0.000000000000000000e+00
0.000000000000000000e+00 0.000000000000000000e+00 0.000000000000000000e+00 0.000000000000000000e+00 4.583103745831412735e-04 0.000000000000000000e+00 0.000000000000000000e+00 0.000000000000000000e+00 1.300264778442867001e-03 1.276183785240777527e-03 0.000000000000000000e+00 0.000000000000000000e+00 1.272777245526297320e-03 1.240606740194194566e-03 9.678476708503561468e-04 0.000000000000000000e+00
0.000000000000000000e+00 0.000000000000000000e+00 0.000000000000000000e+00 0.000000000000000000e+00 4.656499506728936514e-04 0.000000000000000000e+00 0.000000000000000000e+00 0.000000000000000000e+00 1.306934777027415982e-03 1.280923821357889038e-03 0.000000000000000000e+00 0.000000000000000000e+00 1.293398973664336080e-03 1.262749815269400893e-03 9.627699228318229319e-04 0.000000000000000000e+00
0.000000000000000000e+00 0.000000000000000000e+00 0.000000000000000000e+00 0.000000000000000000e+00 4.675173661431429616e-04 0.000000000000000000e+00 0.000000000000000000e+00 0.000000000000000000e+00 1.304072037388694875e-03 1.275986665792633919e-03 0.000000000000000000e+00 0.000000000000000000e+00 1.288677792761485155e-03 1.256540559797683469e-03 9.617499703346400275e-04 0.000000000000000000e+00
0.000000000000000000e+00 0.000000000000000000e+00 0.000000000000000000e+00 0.000000000000000000e+00 4.617253928545297383e-04 0.000000000000000000e+00 0.000000000000000000e+00 0.000000000000000000e+00 1.307910506884053629e-03 1.284409183690911251e-03 0.000000000000000000e+00 0.000000000000000000e+00 1.286739437894724673e-03 1.255696763274090572e-03 9.780209779824996889e-04 0.000000000000000000e+00
0.000000000000000000e+00 0.000000000000000000e+00 0.000000000000000000e+00 0.000000000000000000e+00 4.582096807158381386e-04 0.000000000000000000e+00 0.000000000000000000e+00 0.000000000000000000e+00 1.307947787695164796e-03 1.283368209013790225e-03 0.000000000000000000e+00 0.000000000000000000e+00 1.296459875466701977e-03 1.269410319047310168e-03 9.703277378017540400e-04 0.000000000000000000e+00
0.000000000000000000e+00 0.000000000000000000e+00 0.000000000000000000e+00 0.000000000000000000e+00 4.613869997038415089e-04 0.000000000000000000e+00 0.000000000000000000e+00 0.000000000000000000e+00 1.288140366291491180e-03 1.264830029234022529e-03 0.000000000000000000e+00 0.000000000000000000e+00 1.271257208447083191e-03 1.242409908599790766e-03 9.695364978291935677e-04 0.000000000000000000e+00
0.000000000000000000e+00 0.000000000000000000e+00 0.000000000000000000e+00 0.000000000000000000e+00 4.560181588214101624e-04 0.000000000000000000e+00 0.000000000000000000e+00 0.000000000000000000e+00 1.299363143076040592e-03 1.280099427696111854e-03 0.000000000000000000e+00 0.000000000000000000e+00 1.281876719937824136e-03 1.256202296114156082e-03 9.633688952897428775e-04 0.000000000000000000e+00
0.000000000000000000e+00 0.000000000000000000e+00 0.000000000000000000e+00 0.000000000000000000e+00 4.599757183650397623e-04 0.000000000000000000e+00 0.000000000000000000e+00 0.000000000000000000e+00 1.318411130713617032e-03 1.294560212845707143e-03 0.000000000000000000e+00 0.000000000000000000e+00 1.309087785414328204e-03 1.278866986631276058e-03 9.703353499709399359e-04 0.000000000000000000e+00
0.000000000000000000e+00 0.000000000000000000e+00 0.000000000000000000e+00 0.000000000000000000e+00 4.586728478379375269e-04 0.000000000000000000e+00 0.000000000000000000e+00 0.000000000000000000e+00 1.302377771972700569e-03 1.281132777476373576e-03 0.000000000000000000e+00 0.000000000000000000e+00 1.278905305326118657e-03 1.249339861266315563e-03 9.681644892500151575e-04 0.000000000000000000e+00
0.000000000000000000e+00 0.000000000000000000e+00 0.000000000000000000e+00 0.000000000000000000e+00 4.572116723511897079e-04 0.000000000000000000e+00 0.000000000000000000e+00 0.000000000000000000e+00 1.301763011336876368e-03 1.278963079844037129e-03 0.000000000000000000e+00 0.000000000000000000e+00 1.286155701037043067e-03 1.256317245072161850e-03 9.648531934327078934e-04 0.000000000000000000e+00
0.000000000000000000e+00 0.000000000000000000e+00 0.000000000000000000e+00 0.000000000000000000e+00 4.495036319608645210e-04 0.000000000000000000e+00 0.000000000000000000e+00 0.000000000000000000e+00 1.302183146562084243e-03 1.284001257744906040e-03 0.000000000000000000e+00 0.000000000000000000e+00 1.285920406774929137e-03 1.260409908627664307e-03 9.748593546334723397e-04 0.000000000000000000e+00
0.000000000000000000e+00 0.000000000000000000e+00 0.000000000000000000e+00 0.000000000000000000e+00 4.546974085362989748e-04 0.000000000000000000e+00 0.000000000000000000e+00 0.000000000000000000e+00 1.302420589806612718e-03 1.278665490922625261e-03 0.000000000000000000e+00 0.000000000000000000e+00 1.275184630389673357e-03 1.243756365554887517e-03 9.664000319303950315e-04 0.000000000000000000e+00
0.000000000000000000e+00 0.000000000000000000e+00 0.000000000000000000e+00 0.000000000000000000e+00 4.715897268638670698e-04 0.000000000000000000e+00 0.000000000000000000e+00 0.000000000000000000e+00 1.307771277317277539e-03 1.282844833824057758e-03 0.000000000000000000e+00 0.000000000000000000e+00 1.289167735559324521e-03 1.256017576536703692e-03 9.665208513556124278e-04 0.000000000000000000e+00
0.000000000000000000e+00 0.000000000000000000e+00 0.000000000000000000e+00 0.000000000000000000e+00 4.789474515606738565e-04 0.000000000000000000e+00 0.000000000000000000e+00 0.000000000000000000e+00 1.319375393341586317e-03 1.283588753263350786e-03 0.000000000000000000e+00 0.000000000000000000e+00 1.309997848592657542e-03 1.269816666170769590e-03 9.604924250500867806e-04 0.000000000000000000e+00
0.000000000000000000e+00 0.000000000000000000e+00 0.000000000000000000e+00 0.000000000000000000e+00 4.720405041845874314e-04 0.000000000000000000e+00 0.000000000000000000e+00 0.000000000000000000e+00 1.312242194798006641e-03 1.280843722919457195e-03 0.000000000000000000e+00 0.000000000000000000e+00 1.299747744269896333e-03 1.263283629459981345e-03 9.605066067548019689e-04 0.000000000000000000e+00
0.000000000000000000e+00 0.000000000000000000e+00 0.000000000000000000e+00 0.000000000000000000e+00 4.577636687448438180e-04 0.000000000000000000e+00 0.000000000000000000e+00 0.000000000000000000e+00 1.308980862878462428e-03 1.287160202578814484e-03 0.000000000000000000e+00 0.000000000000000000e+00 1.293894222881888370e-03 1.265743328680345474e-03 9.747782262628912732e-04 0.000000000000000000e+00
0.000000000000000000e+00 0.000000000000000000e+00 0.000000000000000000e+00 0.000000000000000000e+00 4.471298602121083531e-04 0.000000000000000000e+00 0.000000000000000000e+00 0.000000000000000000e+00 1.292807637022813606e-03 1.277859949435234971e-03 0.000000000000000000e+00 0.000000000000000000e+00 1.274154952701542437e-03 1.254134387694754620e-03 9.666487290499959023e-04 0.000000000000000000e+00
0.000000000000000000e+00 0.000000000000000000e+00 0.000000000000000000e+00 0.000000000000000000e+00 4.516925186432488564e-04 0.000000000000000000e+00 0.000000000000000000e+00 0.000000000000000000e+00 1.301243234191886040e-03 1.283539312644742768e-03 0.000000000000000000e+00 0.000000000000000000e+00 1.285139551960496652e-03 1.260669196743535161e-03 9.726214071137642605e-04 0.000000000000000000e+00
0.000000000000000000e+00 0.000000000000000000e+00 0.000000000000000000e+00 0.000000000000000000e+00 4.498320975779463728e-04 0.000000000000000000e+00 0.000000000000000000e+00 0.000000000000000000e+00 1.299950778580762382e-03 1.281469015930304959e-03 0.000000000000000000e+00 0.000000000000000000e+00 1.285922440966844309e-03 1.260312213533159231e-03 9.738315476653740775e-04 0.000000000000000000e+00
0.000000000000000000e+00 0.000000000000000000e+00 0.000000000000000000e+00 0.000000000000000000e+00 4.558575296913010169e-04 0.000000000000000000e+00 0.000000000000000000e+00 0.000000000000000000e+00 1.299678586979976418e-03 1.280440959290280985e-03 0.000000000000000000e+00 0.000000000000000000e+00 1.291482250953300071e-03 1.266579834794546739e-03 9.618165747299349706e-04 0.000000000000000000e+00
0.000000000000000000e+00 0.000000000000000000e+00 0.000000000000000000e+00 0.000000000000000000e+00 4.548769123018556963e-04 0.000000000000000000e+00 0.000000000000000000e+00 0.000000000000000000e+00 1.297924792585251983e-03 1.276635098425575555e-03 0.000000000000000000e+00 0.000000000000000000e+00 1.293237793870375069e-03 1.265358824679082466e-03 9.684122034729074520e-04 0.000000000000000000e+00
0.000000000000000000e+00 0.000000000000000000e+00 0.000000000000000000e+00 0.000000000000000000e+00 4.547466739027361451e-04 0.000000000000000000e+00 0.000000000000000000e+00 0.000000000000000000e+00 1.301294537157839408e-03 1.282274325773183517e-03 0.000000000000000000e+00 0.000000000000000000e+00 1.286193851361404046e-03 1.261535854722085903e-03 9.715331750628598351e-04 0.000000000000000000e+00
0.000000000000000000e+00 0.000000000000000000e+00 0.000000000000000000e+00 0.000000000000000000e+00 4.609586370656586088e-04 0.000000000000000000e+00 0.000000000000000000e+00 0.000000000000000000e+00 1.301344851764731081e-03 1.276615401375435751e-03 0.000000000000000000e+00 0.000000000000000000e+00 1.280892079868140368e-03 1.248236635831369550e-03 9.738774581460458947e-04 0.000000000000000000e+00
0.000000000000000000e+00 0.000000000000000000e+00 0.000000000000000000e+00 0.000000000000000000e+00 4.815789454160318409e-04 0.000000000000000000e+00 0.000000000000000000e+00 0.000000000000000000e+00 1.307142063795581084e-03 1.278224864636779172e-03 0.000000000000000000e+00 0.000000000000000000e+00 1.287644521291422253e-03 1.249583911085341359e-03 9.733905154450695233e-04 0.000000000000000000e+00
0.000000000000000000e+00 0.000000000000000000e+00 0.000000000000000000e+00 0.000000000000000000e+00 4.632913452223141209e-04 0.000000000000000000e+00 0.000000000000000000e+00 0.000000000000000000e+00 1.311668770055151364e-03 1.290729512984314107e-03 0.000000000000000000e+00 0.000000000000000000e+00 1.300342701250203426e-03 1.273495655260547567e-03 9.713789238487884406e-04 0.000000000000000000e+00
0.000000000000000000e+00 0.000000000000000000e+00 0.000000000000000000e+00 0.000000000000000000e+00 4.609983981554946920e-04 0.000000000000000000e+00 0.000000000000000000e+00 0.000000000000000000e+00 1.306731893952571034e-03 1.283948275563332169e-03 0.000000000000000000e+00 0.000000000000000000e+00 1.296037428592464137e-03 1.268746977231704478e-03 9.653526917858787403e-04 0.000000000000000000e+00
0.000000000000000000e+00 0.000000000000000000e+00 0.000000000000000000e+00 0.000000000000000000e+00 4.598919975849052855e-04 0.000000000000000000e+00 0.000000000000000000e+00 0.000000000000000000e+00 1.299240723637361738e-03 1.278537716601034968e-03 0.000000000000000000e+00 0.000000000000000000e+00 1.291355294915229280e-03 1.266288693989404100e-03 9.589322114640199193e-04 0.000000000000000000e+00
0.000000000000000000e+00 0.000000000000000000e+00 0.000000000000000000e+00 0.000000000000000000e+00 4.576177589799462265e-04 0.000000000000000000e+00 0.000000000000000000e+00 0.000000000000000000e+00 1.300978604494082772e-03 1.276700072842539262e-03 0.000000000000000000e+00 0.000000000000000000e+00 1.285271374591560401e-03 1.252970171280184866e-03 9.669098435492968829e-04 0.000000000000000000e+00
0.000000000000000000e+00 0.000000000000000000e+00 0.000000000000000000e+00 0.000000000000000000e+00 4.582671042583298833e-04 0.000000000000000000e+00 0.000000000000000000e+00 0.000000000000000000e+00 1.295151761818614513e-03 1.274614636347435118e-03 0.000000000000000000e+00 0.000000000000000000e+00 1.284429248542378645e-03 1.259948353972305344e-03 9.611963480992445153e-04 0.000000000000000000e+00
0.000000000000000000e+00 0.000000000000000000e+00 0.000000000000000000e+00 0.000000000000000000e+00 4.635943359885866775e-04 0.000000000000000000e+00 0.000000000000000000e+00 0.000000000000000000e+00 1.302101892836592589e-03 1.278685484740844577e-03 0.000000000000000000e+00 0.000000000000000000e+00 1.285232846834711380e-03 1.255624201133140848e-03 9.646098104154834799e-04 0.000000000000000000e+00
0.000000000000000000e+00 0.000000000000000000e+00 0.000000000000000000e+00 0.000000000000000000e+00 4.470624084873165327e-04 0.000000000000000000e+00 0.000000000000000000e+00 0.000000000000000000e+00 1.298583279903171676e-03 1.283599901115842819e-03 0.000000000000000000e+00 0.000000000000000000e+00 1.282540036630735103e-03 1.259758366803489420e-03 9.663280068271226566e-04 0.000000000000000000e+00
0.000000000000000000e+00 0.000000000000000000e+00 0.000000000000000000e+00 0.000000000000000000e+00 4.604200740394821865e-04 0.000000000000000000e+00 0.000000000000000000e+00 0.000000000000000000e+00 1.303626081007125490e-03 1.280297236633889035e-03 0.000000000000000000e+00 0.000000000000000000e+00 1.294563029291797814e-03 1.265755415205863316e-03 9.686063064119957138e-04 0.000000000000000000e+00
0.000000000000000000e+00 0.000000000000000000e+00 0.000000000000000000e+00 0.000000000000000000e+00 4.621369231975111492e-04 0.000000000000000000e+00 0.000000000000000000e+00 0.000000000000000000e+00 1.302889774949517535e-03 1.280155246455194845e-03 0.000000000000000000e+00 0.000000000000000000e+00 1.290047505924887599e-03 1.262963874790784492e-03 9.713111173922655975e-04 0.000000000000000000e+00
0.000000000000000000e+00 0.000000000000000000e+00 0.000000000000000000e+00 0.000000000000000000e+00 4.557754597487034148e-04 0.000000000000000000e+00 0.000000000000000000e+00 0.000000000000000000e+00 1.295538897102027371e-03 1.280442824928093625e-03 0.000000000000000000e+00 0.000000000000000000e+00 1.285783160009130706e-03 1.266612444813569301e-03 9.696968402454412932e-04 0.000000000000000000e+00
0.000000000000000000e+00 0.000000000000000000e+00 0.000000000000000000e+00 0.000000000000000000e+00 4.687258758235126948e-04 0.000000000000000000e+00 0.000000000000000000e+00 0.000000000000000000e+00 1.303950106904335979e-03 1.276970234152250208e-03 0.000000000000000000e+00 0.000000000000000000e+00 1.297387500320681475e-03 1.265078715085314956e-03 9.687774317432969141e-04 0.000000000000000000e+00
0.000000000000000000e+00 0.000000000000000000e+00 0.000000000000000000e+00 0.000000000000000000e+00 4.609811941571431183e-04 0.000000000000000000e+00 0.000000000000000000e+00 0.000000000000000000e+00 1.306417562564362971e-03 1.280271132460542678e-03 0.000000000000000000e+00 0.000000000000000000e+00 1.285917952142556992e-03 1.253558508364490363e-03 9.742288774085597043e-04 0.000000000000000000e+00
0.000000000000000000e+00 0.000000000000000000e+00 0.000000000000000000e+00 0.000000000000000000e+00 4.696603073848835508e-04 0.000000000000000000e+00 0.000000000000000000e+00 0.000000000000000000e+00 1.309433351736560489e-03 1.277789051046999188e-03 0.000000000000000000e+00 0.000000000000000000e+00 1.297181536339705185e-03 1.260482480373396929e-03 9.691438359225942748e-04 0.000000000000000000e+00
0.000000000000000000e+00 0.000000000000000000e+00 0.000000000000000000e+00 0.000000000000000000e+00 4.600641642486440284e-04 0.000000000000000000e+00 0.000000000000000000e+00 0.000000000000000000e+00 1.304779097334572745e-03 1.280537634297124368e-03 0.000000000000000000e+00 0.000000000000000000e+00 1.287479339813614974e-03 1.258630151723035559e-03 9.755271763829255309e-04 0.000000000000000000e+00
0.000000000000000000e+00 0.000000000000000000e+00 0.000000000000000000e+00 0.000000000000000000e+00 4.597622416941567203e-04 0.000000000000000000e+00 0.000000000000000000e+00 0.000000000000000000e+00 1.299374148329147634e-03 1.279544681145824937e-03 0.000000000000000000e+00 0.000000000000000000e+00 1.282356500139011273e-03 1.255817724493327962e-03 9.754303385420960530e-04 0.000000000000000000e+00
0.000000000000000000e+00 0.000000000000000000e+00 0.000000000000000000e+00 0.000000000000000000e+00 4.629654342971222685e-04 0.000000000000000000e+00 0.000000000000000000e+00 0.000000000000000000e+00 1.299229873671777120e-03 1.273698579447406698e-03 0.000000000000000000e+00 0.000000000000000000e+00 1.284990038951650242e-03 1.254532752802284528e-03 9.590749808789795746e-04 0.000000000000000000e+00
0.000000000000000000e+00 0.000000000000000000e+00 0.000000000000000000e+00 0.000000000000000000e+00 4.685476756580971101e-04 0.000000000000000000e+00 0.000000000000000000e+00 0.000000000000000000e+00 1.304034318492262867e-03 1.272563241284329532e-03 0.000000000000000000e+00 0.000000000000000000e+00 1.296021864795286662e-03 1.261146336439878442e-03 9.629463879629738187e-04 0.000000000000000000e+00
0.000000000000000000e+00 0.000000000000000000e+00 0.000000000000000000e+00 0.000000000000000000e+00 4.537225280736305495e-04 0.000000000000000000e+00 0.000000000000000000e+00 0.000000000000000000e+00 1.286923390391797378e-03 1.265959861320559892e-03 0.000000000000000000e+00 0.000000000000000000e+00 1.271004674551296822e-03 1.245518029509881880e-03 9.684886626099302367e-04 0.000000000000000000e+00
0.000000000000000000e+00 0.000000000000000000e+00 0.000000000000000000e+00 0.000000000000000000e+00 4.586690451310559383e-04 0.000000000000000000e+00 0.000000000000000000e+00 0.000000000000000000e+00 1.299590333277246719e-03 1.279591394240299539e-03 0.000000000000000000e+00 0.000000000000000000e+00 1.282673918572397416e-03 1.257823731563913758e-03 9.624007726538722808e-04 0.000000000000000000e+00
0.000000000000000000e+00 0.000000000000000000e+00 0.000000000000000000e+00 0.000000000000000000e+00 4.729889969096669916e-04 0.000000000000000000e+00 0.000000000000000000e+00 0.000000000000000000e+00 1.304781306933280524e-03 1.275806217865227367e-03 0.000000000000000000e+00 0.000000000000000000e+00 1.295878963799044570e-03 1.259334121782081138e-03 9.719531186504839788e-04 0.000000000000000000e+00
0.000000000000000000e+00 0.000000000000000000e+00 0.000000000000000000e+00 0.000000000000000000e+00 4.646879587553451123e-04 0.000000000000000000e+00 0.000000000000000000e+00 0.000000000000000000e+00 1.306855926418342643e-03 1.280508758174374274e-03 0.000000000000000000e+00 0.000000000000000000e+00 1.286041047291316183e-03 1.254642418850250747e-03 9.739216595206860987e-04 0.000000000000000000e+00
0.000000000000000000e+00 0.000000000000000000e+00 0.000000000000000000e+00 0.000000000000000000e+00 4.488778611112268445e-04 0.000000000000000000e+00 0.000000000000000000e+00 0.000000000000000000e+00 1.297830413214687544e-03 1.280831994323338363e-03 0.000000000000000000e+00 0.000000000000000000e+00 1.286211307377627469e-03 1.263936523185862915e-03 9.686030574500649514e-04 0.000000000000000000e+00
0.000000000000000000e+00 0.000000000000000000e+00 0.000000000000000000e+00 0.000000000000000000e+00 4.599365499587005236e-04 0.000000000000000000e+00 0.000000000000000000e+00 0.000000000000000000e+00 1.300015417370479175e-03 1.277039009731339644e-03 0.000000000000000000e+00 0.000000000000000000e+00 1.295428697661292830e-03 1.268003040454599058e-03 9.591575098018210706e-04 0.000000000000000000e+00
0.000000000000000000e+00 0.000000000000000000e+00 0.000000000000000000e+00 0.000000000000000000e+00 4.681267526132867657e-04 0.000000000000000000e+00 0.000000000000000000e+00 0.000000000000000000e+00 1.306637271583175252e-03 1.278314728511675043e-03 0.000000000000000000e+00 0.000000000000000000e+00 1.289018290824718322e-03 1.254715205033677967e-03 9.628749112390401271e-04 0.000000000000000000e+00
0.000000000000000000e+00 0.000000000000000000e+00 0.000000000000000000e+00 0.000000000000000000e+00 4.557675758631429667e-04 0.000000000000000000e+00 0.000000000000000000e+00 0.000000000000000000e+00 1.299009926166360025e-03 1.279722264560477973e-03 0.000000000000000000e+00 0.000000000000000000e+00 1.281575768213536479e-03 1.252742445362816336e-03 9.699325582121928963e-04 0.000000000000000000e+00
0.000000000000000000e+00 0.000000000000000000e+00 0.000000000000000000e+00 0.000000000000000000e+00 4.502647576671700764e-04 0.000000000000000000e+00 0.000000000000000000e+00 0.000000000000000000e+00 1.295811449004661805e-03 1.278538628517993580e-03 0.000000000000000000e+00 0.000000000000000000e+00 1.275015439128795178e-03 1.251003541469571968e-03 9.729699877630500248e-04 0.000000000000000000e+00
0.000000000000000000e+00 0.000000000000000000e+00 0.000000000000000000e+00 0.000000000000000000e+00 4.613512320308664526e-04 0.000000000000000000e+00 0.000000000000000000e+00 0.000000000000000000e+00 1.296945662875883176e-03 1.276200197407640268e-03 0.000000000000000000e+00 0.000000000000000000e+00 1.281150773772168298e-03 1.254719307778663726e-03 9.644502090154900798e-04 0.000000000000000000e+00
0.000000000000000000e+00 0.000000000000000000e+00 0.000000000000000000e+00 0.000000000000000000e+00 4.756117293428543101e-04 0.000000000000000000e+00 0.000000000000000000e+00 0.000000000000000000e+00 1.313938328630686854e-03 1.283437041700422315e-03 0.000000000000000000e+00 0.000000000000000000e+00 1.303750082700228831e-03 1.269759285290216226e-03 9.725262738682750960e-04 0.000000000000000000e+00
0.000000000000000000e+00 0.000000000000000000e+00 0.000000000000000000e+00 0.000000000000000000e+00 4.659545948375503959e-04 0.000000000000000000e+00 0.000000000000000000e+00 0.000000000000000000e+00 1.307174128234537278e-03 1.279959136995900736e-03 0.000000000000000000e+00 0.000000000000000000e+00 1.287257788618918417e-03 1.255419944093793616e-03 9.679552546474821896e-04 0.000000000000000000e+00
0.000000000000000000e+00 0.000000000000000000e+00 0.000000000000000000e+00 0.000000000000000000e+00 4.525368139444303751e-04 0.000000000000000000e+00 0.000000000000000000e+00 0.000000000000000000e+00 1.308296608527450243e-03 1.289117731150763628e-03 0.000000000000000000e+00 0.000000000000000000e+00 1.292568323619054747e-03 1.268426153202550271e-03 9.658464658876215808e-04 0.000000000000000000e+00
0.000000000000000000e+00 0.000000000000000000e+00 0.000000000000000000e+00 0.000000000000000000e+00 4.693075730280576465e-04 0.000000000000000000e+00 0.000000000000000000e+00 0.000000000000000000e+00 1.300186548385900325e-03 1.273103471348235004e-03 0.000000000000000000e+00 0.000000000000000000e+00 1.283376680876452359e-03 1.248538316649289897e-03 9.678391039110648261e-04 0.000000000000000000e+00
0.000000000000000000e+00 0.000000000000000000e+00 0.000000000000000000e+00 0.000000000000000000e+00 4.674154492209613154e-04 0.000000000000000000e+00 0.000000000000000000e+00 0.000000000000000000e+00 1.295936103566405588e-03 1.267476576047865894e-03 0.000000000000000000e+00 0.000000000000000000e+00 1.285403450512548340e-03 1.250906129033137670e-03 9.647447484887262037e-04 0.000000000000000000e+00
0.000000000000000000e+00 0.000000000000000000e+00 0.000000000000000000e+00 0.000000000000000000e+00 4.596755290469681731e-04 0.000000000000000000e+00 0.000000000000000000e+00 0.000000000000000000e+00 1.314510218584423202e-03 1.293949945094921778e-03 0.000000000000000000e+00 0.000000000000000000e+00 1.299471374287805786e-03 1.273265251105158789e-03 9.692445792146004010e-04 0.000000000000000000e+00
0.000000000000000000e+00 0.000000000000000000e+00 0.000000000000000000e+00 0.000000000000000000e+00 4.457846662640431359e-04 0.000000000000000000e+00 0.000000000000000000e+00 0.000000000000000000e+00 1.291037988851575580e-03 1.277031996211968039e-03 0.000000000000000000e+00 0.000000000000000000e+00 1.278621539399506148e-03 1.258142264413364322e-03 9.691342148704253480e-04 0.000000000000000000e+00
0.000000000000000000e+00 0.000000000000000000e+00 0.000000000000000000e+00 0.000000000000000000e+00 4.584779350799988323e-04 0.000000000000000000e+00 0.000000000000000000e+00 0.000000000000000000e+00 1.307049545426740896e-03 1.285927895797898393e-03 0.000000000000000000e+00 0.000000000000000000e+00 1.293388406777952818e-03 1.269467671882477640e-03 9.639227775453568540e-04 0.000000000000000000e+00
0.000000000000000000e+00 0.000000000000000000e+00 0.000000000000000000e+00 0.000000000000000000e+00 4.564013533369764273e-04 0.000000000000000000e+00 0.000000000000000000e+00 0.000000000000000000e+00 1.294077526346395753e-03 1.273479872179403023e-03 0.000000000000000000e+00 0.000000000000000000e+00 1.279498743986042485e-03 1.251963749856787808e-03 9.651853240806043894e-04 0.000000000000000000e+00
0.000000000000000000e+00 0.000000000000000000e+00 0.000000000000000000e+00 0.000000000000000000e+00 4.586732760834052059e-04 0.000000000000000000e+00 0.000000000000000000e+00 0.000000000000000000e+00 1.297843241070741841e-03 1.276491810195802849e-03 0.000000000000000000e+00 0.000000000000000000e+00 1.279386619598101319e-03 1.252729429220262800e-03 9.668062227244812864e-04 0.000000000000000000e+00
0.000000000000000000e+00 0.000000000000000000e+00 0.000000000000000000e+00 0.000000000000000000e+00 4.523304686657934307e-04 0.000000000000000000e+00 0.000000000000000000e+00 0.000000000000000000e+00 1.285850066721124776e-03 1.272465645357036225e-03 0.000000000000000000e+00 0.000000000000000000e+00 1.275173749571166526e-03 1.254320341034492270e-03 9.721365694350203677e-04 0.000000000000000000e+00
0.000000000000000000e+00 0.000000000000000000e+00 0.000000000000000000e+00 0.000000000000000000e+00 4.590712775346617253e-04 0.000000000000000000e+00 0.000000000000000000e+00 0.000000000000000000e+00 1.305662143265300633e-03 1.285462348861769570e-03 0.000000000000000000e+00 0.000000000000000000e+00 1.295715825331703389e-03 1.271811876908771803e-03 9.685950252285593053e-04 0.000000000000000000e+00
0.000000000000000000e+00 0.000000000000000000e+00 0.000000000000000000e+00 0.000000000000000000e+00 4.586617535533008862e-04 0.000000000000000000e+00 0.000000000000000000e+00 0.000000000000000000e+00 1.305494499424173166e-03 1.282545531800547995e-03 0.000000000000000000e+00 0.000000000000000000e+00 1.286900846717204923e-03 1.257467709985241565e-03 9.633910004357654298e-04 0.000000000000000000e+00
0.000000000000000000e+00 0.000000000000000000e+00 0.000000000000000000e+00 0.000000000000000000e+00 4.568751301913186419e-04 0.000000000000000000e+00 0.000000000000000000e+00 0.000000000000000000e+00 1.300185122295589813e-03 1.275984857546172717e-03 0.000000000000000000e+00 0.000000000000000000e+00 1.284728416680153444e-03 1.255747420227078595e-03 9.675923705549375120e-04 0.000000000000000000e+00
0.000000000000000000e+00 0.000000000000000000e+00 0.000000000000000000e+00 0.000000000000000000e+00 4.564272536625729065e-04 0.000000000000000000e+00 0.000000000000000000e+00 0.000000000000000000e+00 1.303872965256948130e-03 1.283780926060552885e-03 0.000000000000000000e+00 0.000000000000000000e+00 1.288353756449229538e-03 1.264230933401164821e-03 9.604756948596699338e-04 0.000000000000000000e+00
0.000000000000000000e+00 0.000000000000000000e+00 0.000000000000000000e+00 0.000000000000000000e+00 4.562837697562530776e-04 0.000000000000000000e+00 0.000000000000000000e+00 0.000000000000000000e+00 1.307482588406449001e-03 1.283526177106137593e-03 0.000000000000000000e+00 0.000000000000000000e+00 1.301633965290942838e-03 1.272887774561193069e-03 9.632565196891969576e-04 0.000000000000000000e+00
0.000000000000000000e+00 0.000000000000000000e+00 0.000000000000000000e+00 0.000000000000000000e+00 4.553284581909716701e-04 0.000000000000000000e+00 0.000000000000000000e+00 0.000000000000000000e+00 1.291232729202041211e-03 1.270160272579052641e-03 0.000000000000000000e+00 0.000000000000000000e+00 1.278469454655287336e-03 1.254729079597842424e-03 9.681269090431633695e-04 0.000000000000000000e+00
0.000000000000000000e+00 0.000000000000000000e+00 0.000000000000000000e+00 0.000000000000000000e+00 4.624491890867772452e-04 0.000000000000000000e+00 0.000000000000000000e+00 0.000000000000000000e+00 1.319076517475731508e-03 1.294492661745039143e-03 0.000000000000000000e+00 0.000000000000000000e+00 1.296647080995868380e-03 1.265203321115357729e-03 9.685516815333966708e-04 0.000000000000000000e+00
0.000000000000000000e+00 0.000000000000000000e+00 0.000000000000000000e+00 0.000000000000000000e+00 4.650095638011305711e-04 0.000000000000000000e+00 0.000000000000000000e+00 0.000000000000000000e+00 1.287929888606617916e-03 1.262376903570464927e-03 0.000000000000000000e+00 0.000000000000000000e+00 1.278729853384980237e-03 1.246891025354950966e-03 9.636399440980524152e-04 0.000000000000000000e+00
0.000000000000000000e+00 0.000000000000000000e+00 0.000000000000000000e+00 0.000000000000000000e+00 4.585572417065442185e-04 0.000000000000000000e+00 0.000000000000000000e+00 0.000000000000000000e+00 1.289020786529692167e-03 1.269609412491689779e-03 0.000000000000000000e+00 0.000000000000000000e+00 1.275080115005745645e-03 1.248435103295378107e-03 9.686172236469739460e-04 0.000000000000000000e+00
0.000000000000000000e+00 0.000000000000000000e+00 0.000000000000000000e+00 0.000000000000000000e+00 4.659990779081882913e-04 0.000000000000000000e+00 0.000000000000000000e+00 0.000000000000000000e+00 1.307180570587361881e-03 1.281046722259042382e-03 0.000000000000000000e+00 0.000000000000000000e+00 1.290252914477207262e-03 1.257747094161501761e-03 9.679163687600087287e-04 0.000000000000000000e+00
0.000000000000000000e+00 0.000000000000000000e+00 0.000000000000000000e+00 0.000000000000000000e+00 4.572563559015455537e-04 0.000000000000000000e+00 0.000000000000000000e+00 0.000000000000000000e+00 1.306090927591965030e-03 1.284176407924569928e-03 0.000000000000000000e+00 0.000000000000000000e+00 1.284828694843201218e-03 1.255569785211924560e-03 9.756875591794368424e-04 0.000000000000000000e+00
0.000000000000000000e+00 0.000000000000000000e+00 0.000000000000000000e+00 0.000000000000000000e+00 4.669084410393869056e-04 0.000000000000000000e+00 0.000000000000000000e+00 0.000000000000000000e+00 1.299605958975099101e-03 1.278305394383908973e-03 0.000000000000000000e+00 0.000000000000000000e+00 1.287183847053136087e-03 1.259368381473033576e-03 9.626371913116073091e-04 0.000000000000000000e+00
0.000000000000000000e+00 0.000000000000000000e+00 0.000000000000000000e+00 0.000000000000000000e+00 4.686147852401954675e-04 0.000000000000000000e+00 0.000000000000000000e+00 0.000000000000000000e+00 1.307601996849913628e-03 1.279797819445095165e-03 0.000000000000000000e+00 0.000000000000000000e+00 1.294915339188657194e-03 1.261931965220703051e-03 9.694927390866964331e-04 0.000000000000000000e+00
0.000000000000000000e+00 0.000000000000000000e+00 0.000000000000000000e+00 0.000000000000000000e+00 4.630195408957199304e-04 0.000000000000000000e+00 0.000000000000000000e+00 0.000000000000000000e+00 1.299410059760362215e-03 1.277850512311464164e-03 0.000000000000000000e+00 0.000000000000000000e+00 1.291849173492403031e-03 1.264960568991750070e-03 9.591115165413509379e-04 0.000000000000000000e+00
0.000000000000000000e+00 0.000000000000000000e+00 0.000000000000000000e+00 0.000000000000000000e+00 4.548793357030644067e-04 0.000000000000000000e+00 0.000000000000000000e+00 0.000000000000000000e+00 1.298611960064328464e-03 1.275849175260605197e-03 0.000000000000000000e+00 0.000000000000000000e+00 1.279174529120680973e-03 1.251063247772319547e-03 9.688102599794999126e-04 0.000000000000000000e+00
0.000000000000000000e+00 0.000000000000000000e+00 0.000000000000000000e+00 0.000000000000000000e+00 4.647482379869963915e-04 0.000000000000000000e+00 0.000000000000000000e+00 0.000000000000000000e+00 1.310175492646010152e-03 1.286444649340632348e-03 0.000000000000000000e+00 0.000000000000000000e+00 1.295928401606116862e-03 1.267343347584327625e-03 9.715699573621122557e-04 0.000000000000000000e+00
0.000000000000000000e+00 0.000000000000000000e+00 0.000000000000000000e+00 0.000000000000000000e+00 4.486362193188199194e-04 0.000000000000000000e+00 0.000000000000000000e+00 0.000000000000000000e+00 1.295636128683483974e-03 1.274822100780693144e-03 0.000000000000000000e+00 0.000000000000000000e+00 1.280215655506970014e-03 1.257384107022835318e-03 9.593858637091438012e-04 0.000000000000000000e+00
0.000000000000000000e+00 0.000000000000000000e+00 0.000000000000000000e+00 0.000000000000000000e+00 4.558308119285349892e-04 0.000000000000000000e+00 0.000000000000000000e+00 0.000000000000000000e+00 1.300354407216980715e-03 1.280745870686295432e-03 0.000000000000000000e+00 0.000000000000000000e+00 1.281136788830179122e-03 1.254856929925505897e-03 9.617282999360250370e-04 0.000000000000000000e+00
0.000000000000000000e+00 0.000000000000000000e+00 0.000000000000000000e+00 0.000000000000000000e+00 4.661571475655525805e-04 0.000000000000000000e+00 0.000000000000000000e+00 0.000000000000000000e+00 1.297399354260558900e-03 1.271883009169672745e-03 0.000000000000000000e+00 0.000000000000000000e+00 1.285439810365562830e-03 1.254589313420625789e-03 9.682952724125270909e-04 0.000000000000000000e+00
0.000000000000000000e+00 0.000000000000000000e+00 0.000000000000000000e+00 0.000000000000000000e+00 4.740407964413440901e-04 0.000000000000000000e+00 0.000000000000000000e+00 0.000000000000000000e+00 1.318560100033462287e-03 1.286957784784981173e-03 0.000000000000000000e+00 0.000000000000000000e+00 1.295973852646324382e-03 1.256171255740413592e-03 9.721669951446532077e-04 0.000000000000000000e+00
0.000000000000000000e+00 0.000000000000000000e+00 0.000000000000000000e+00 0.000000000000000000e+00 4.675628347261318908e-04 0.000000000000000000e+00 0.000000000000000000e+00 0.000000000000000000e+00 1.306865226943395219e-03 1.279726005001158252e-03 0.000000000000000000e+00 0.000000000000000000e+00 1.287209144060408881e-03 1.254771391061521284e-03 9.619825032650311091e-04 0.000000000000000000e+00
