# {'chrom': '15', 'window_id': '3', 'statistic': 'H2', 'bounds': [83000000, 103000000], 'span': 20000000, 'n_sites': 12236829, 'coverage': 61.18, 'right_discontinuous': True, 'rows': "{0: 'Altai', 1: 'Chagyrskaya', 2: 'Denisova', 3: 'French-1', 4: 'Han-1', 5: 'Khomani_San-2', 6: 'Papuan-2', 7: 'Vindija', 8: 'Yoruba-1', 9: 'Yoruba-3'}"}
1.100000000000000000e+01 2.500000000000000000e+01 6.800000000000000000e+01 1.150000000000000000e+02 2.130000000000000000e+02 5.400000000000000000e+02 7.290000000000000000e+02 1.182000000000000000e+03 2.385000000000000000e+03 2.493000000000000000e+03 2.604000000000000000e+03 6.116000000000000000e+03 3.647000000000000000e+03 7.773000000000000000e+03 1.803100000000000000e+04 2.771100000000000000e+04 3.279400000000000000e+04 1.123990000000000000e+05 1.033440000000000000e+05
4.100000000000000000e+01 7.500000000000000000e+01 3.090000000000000000e+02 4.670000000000000000e+02 9.340000000000000000e+02 2.176000000000000000e+03 1.774000000000000000e+03 2.067000000000000000e+03 4.491000000000000000e+03 7.321000000000000000e+03 7.197000000000000000e+03 1.961000000000000000e+04 7.634000000000000000e+03 1.371700000000000000e+04 2.400500000000000000e+04 5.704600000000000000e+04 5.671000000000000000e+04 1.944600000000000000e+05 2.519640000000000000e+05
5.900000000000000000e+01 8.400000000000000000e+01 2.420000000000000000e+02 3.450000000000000000e+02 4.110000000000000000e+02 9.260000000000000000e+02 1.198000000000000000e+03 1.803000000000000000e+03 4.356000000000000000e+03 5.830000000000000000e+03 7.677000000000000000e+03 1.103000000000000000e+04 1.220700000000000000e+04 2.344800000000000000e+04 5.817100000000000000e+04 9.893200000000000000e+04 1.871150000000000000e+05 5.333790000000000000e+05 8.171540000000000000e+05
5.590000000000000000e+02 5.200000000000000000e+02 1.023000000000000000e+03 1.505000000000000000e+03 2.782000000000000000e+03 6.987000000000000000e+03 1.046300000000000000e+04 1.954000000000000000e+04 4.686000000000000000e+04 5.373900000000000000e+04 7.147000000000000000e+04 1.357310000000000000e+05 1.680610000000000000e+05 2.707650000000000000e+05 7.896810000000000000e+05 1.273720000000000000e+06 2.472380000000000000e+06 7.119837000000000000e+06 1.075143900000000000e+07
1.245000000000000000e+03 7.150000000000000000e+02 1.356000000000000000e+03 1.878000000000000000e+03 3.588000000000000000e+03 8.220000000000000000e+03 1.286000000000000000e+04 2.195000000000000000e+04 4.848600000000000000e+04 5.809700000000000000e+04 7.677400000000000000e+04 1.533850000000000000e+05 2.068470000000000000e+05 2.784820000000000000e+05 9.000760000000000000e+05 1.444401000000000000e+06 2.542254000000000000e+06 7.364581000000000000e+06 1.112588400000000000e+07
8.560000000000000000e+02 6.920000000000000000e+02 1.438000000000000000e+03 2.078000000000000000e+03 3.859000000000000000e+03 9.688000000000000000e+03 1.459300000000000000e+04 2.615100000000000000e+04 5.925900000000000000e+04 7.266300000000000000e+04 1.015900000000000000e+05 1.995140000000000000e+05 2.802230000000000000e+05 4.326630000000000000e+05 1.342981000000000000e+06 2.195459000000000000e+06 4.311376000000000000e+06 1.167715600000000000e+07 1.725064500000000000e+07
2.830000000000000000e+02 3.180000000000000000e+02 8.870000000000000000e+02 1.379000000000000000e+03 2.569000000000000000e+03 6.043000000000000000e+03 8.833000000000000000e+03 1.616100000000000000e+04 3.750900000000000000e+04 4.471100000000000000e+04 6.526100000000000000e+04 1.405190000000000000e+05 1.521360000000000000e+05 2.031160000000000000e+05 6.228870000000000000e+05 1.021538000000000000e+06 2.137012000000000000e+06 5.322979000000000000e+06 6.388890000000000000e+06
6.400000000000000000e+01 1.390000000000000000e+02 4.830000000000000000e+02 6.950000000000000000e+02 1.385000000000000000e+03 3.164000000000000000e+03 3.001000000000000000e+03 4.063000000000000000e+03 7.922000000000000000e+03 1.198100000000000000e+04 9.729000000000000000e+03 2.570000000000000000e+04 1.398400000000000000e+04 2.385000000000000000e+04 5.519900000000000000e+04 8.297900000000000000e+04 1.298550000000000000e+05 4.692670000000000000e+05 8.119460000000000000e+05
2.043000000000000000e+03 1.201000000000000000e+03 1.889000000000000000e+03 2.696000000000000000e+03 4.849000000000000000e+03 1.231400000000000000e+04 1.809100000000000000e+04 3.066400000000000000e+04 6.574400000000000000e+04 8.020600000000000000e+04 1.036060000000000000e+05 2.119730000000000000e+05 3.177770000000000000e+05 5.050510000000000000e+05 1.452233000000000000e+06 2.376256000000000000e+06 4.541111000000000000e+06 1.303605400000000000e+07 1.945594400000000000e+07
9.840000000000000000e+02 7.200000000000000000e+02 1.516000000000000000e+03 2.344000000000000000e+03 4.281000000000000000e+03 1.078300000000000000e+04 1.608800000000000000e+04 2.800500000000000000e+04 6.464100000000000000e+04 8.182900000000000000e+04 1.130450000000000000e+05 2.194780000000000000e+05 3.173930000000000000e+05 4.743940000000000000e+05 1.435003000000000000e+06 2.462771000000000000e+06 4.845287000000000000e+06 1.296954600000000000e+07 1.997926300000000000e+07
