# {'chrom': '15', 'window_id': '0', 'statistic': 'H2', 'bounds': [20000000, 41000000], 'span': 21000000, 'n_sites': 9629565, 'coverage': 45.86, 'right_discontinuous': False, 'rows': "{0: 'Altai', 1: 'Chagyrskaya', 2: 'Denisova', 3: 'French-1', 4: 'Han-1', 5: 'Khomani_San-2', 6: 'Papuan-2', 7: 'Vindija', 8: 'Yoruba-1', 9: 'Yoruba-3'}"}
1.330000000000000000e+02 1.350000000000000000e+02 2.310000000000000000e+02 2.550000000000000000e+02 3.640000000000000000e+02 1.045000000000000000e+03 1.491000000000000000e+03 2.688000000000000000e+03 4.323000000000000000e+03 3.953000000000000000e+03 5.164000000000000000e+03 1.529600000000000000e+04 1.632900000000000000e+04 3.120500000000000000e+04 4.930600000000000000e+04 6.715200000000000000e+04 9.802700000000000000e+04 2.805850000000000000e+05 5.556520000000000000e+05
8.000000000000000000e+01 1.160000000000000000e+02 3.320000000000000000e+02 3.720000000000000000e+02 5.820000000000000000e+02 1.186000000000000000e+03 1.472000000000000000e+03 2.818000000000000000e+03 5.589000000000000000e+03 5.697000000000000000e+03 9.780000000000000000e+03 1.260900000000000000e+04 8.824000000000000000e+03 1.831200000000000000e+04 5.330800000000000000e+04 7.693300000000000000e+04 1.365420000000000000e+05 4.230650000000000000e+05 7.087030000000000000e+05
4.800000000000000000e+01 3.600000000000000000e+01 7.400000000000000000e+01 1.030000000000000000e+02 1.210000000000000000e+02 2.850000000000000000e+02 4.460000000000000000e+02 7.190000000000000000e+02 1.183000000000000000e+03 1.441000000000000000e+03 2.003000000000000000e+03 4.240000000000000000e+03 4.337000000000000000e+03 1.050600000000000000e+04 1.976700000000000000e+04 3.279000000000000000e+04 5.338800000000000000e+04 1.961110000000000000e+05 4.756460000000000000e+05
8.150000000000000000e+02 4.800000000000000000e+02 1.164000000000000000e+03 1.392000000000000000e+03 2.300000000000000000e+03 5.156000000000000000e+03 7.043000000000000000e+03 1.086500000000000000e+04 2.387800000000000000e+04 2.287900000000000000e+04 3.960600000000000000e+04 6.364800000000000000e+04 6.017000000000000000e+04 1.260780000000000000e+05 3.209030000000000000e+05 4.905750000000000000e+05 7.450090000000000000e+05 2.534797000000000000e+06 4.128069000000000000e+06
8.810000000000000000e+02 6.720000000000000000e+02 1.552000000000000000e+03 1.726000000000000000e+03 2.979000000000000000e+03 6.661000000000000000e+03 9.320000000000000000e+03 1.485200000000000000e+04 3.233500000000000000e+04 3.508300000000000000e+04 5.307000000000000000e+04 8.151700000000000000e+04 7.960900000000000000e+04 1.541640000000000000e+05 4.535550000000000000e+05 6.698950000000000000e+05 1.517570000000000000e+06 4.806539000000000000e+06 1.121193900000000000e+07
1.325000000000000000e+03 6.040000000000000000e+02 8.650000000000000000e+02 8.310000000000000000e+02 1.510000000000000000e+03 3.965000000000000000e+03 5.444000000000000000e+03 8.910000000000000000e+03 2.021900000000000000e+04 1.896600000000000000e+04 2.179700000000000000e+04 4.588000000000000000e+04 6.080800000000000000e+04 1.099860000000000000e+05 3.293100000000000000e+05 5.080040000000000000e+05 1.261003000000000000e+06 4.403560000000000000e+06 7.504937000000000000e+06
7.700000000000000000e+02 6.030000000000000000e+02 1.071000000000000000e+03 1.149000000000000000e+03 1.857000000000000000e+03 4.703000000000000000e+03 6.952000000000000000e+03 1.098400000000000000e+04 2.304300000000000000e+04 2.598600000000000000e+04 3.616300000000000000e+04 6.222300000000000000e+04 5.595500000000000000e+04 1.026650000000000000e+05 3.015370000000000000e+05 4.183690000000000000e+05 1.079641000000000000e+06 4.126772000000000000e+06 9.940983000000000000e+06
1.300000000000000000e+01 1.900000000000000000e+01 8.100000000000000000e+01 1.120000000000000000e+02 1.910000000000000000e+02 4.180000000000000000e+02 6.430000000000000000e+02 8.500000000000000000e+02 1.793000000000000000e+03 1.977000000000000000e+03 2.116000000000000000e+03 3.670000000000000000e+03 5.419000000000000000e+03 7.736000000000000000e+03 2.118400000000000000e+04 2.381100000000000000e+04 5.223200000000000000e+04 1.679200000000000000e+05 3.153990000000000000e+05
2.007000000000000000e+03 1.338000000000000000e+03 2.560000000000000000e+03 2.800000000000000000e+03 4.255000000000000000e+03 1.080000000000000000e+04 1.536800000000000000e+04 2.319800000000000000e+04 5.323400000000000000e+04 5.434300000000000000e+04 9.278200000000000000e+04 1.872770000000000000e+05 1.992900000000000000e+05 3.706610000000000000e+05 1.131678000000000000e+06 1.711114000000000000e+06 3.747051000000000000e+06 1.234672300000000000e+07 2.667450200000000000e+07
2.198000000000000000e+03 1.176000000000000000e+03 2.141000000000000000e+03 2.551000000000000000e+03 4.009000000000000000e+03 1.014000000000000000e+04 1.408700000000000000e+04 2.165200000000000000e+04 4.758400000000000000e+04 5.121900000000000000e+04 7.263900000000000000e+04 1.480080000000000000e+05 1.775860000000000000e+05 3.256470000000000000e+05 9.887690000000000000e+05 1.556452000000000000e+06 3.205848000000000000e+06 1.112067500000000000e+07 2.430654800000000000e+07
