# {'chrom': '15', 'window_id': '2', 'statistic': 'H2', 'bounds': [62000000, 83000000], 'span': 21000000, 'n_sites': 12828055, 'coverage': 61.09, 'right_discontinuous': False, 'rows': "{0: 'Altai', 1: 'Chagyrskaya', 2: 'Denisova', 3: 'French-1', 4: 'Han-1', 5: 'Khomani_San-2', 6: 'Papuan-2', 7: 'Vindija', 8: 'Yoruba-1', 9: 'Yoruba-3'}"}
5.800000000000000000e+01 4.900000000000000000e+01 1.700000000000000000e+02 2.010000000000000000e+02 3.260000000000000000e+02 9.010000000000000000e+02 1.206000000000000000e+03 1.984000000000000000e+03 4.291000000000000000e+03 4.900000000000000000e+03 6.121000000000000000e+03 1.163600000000000000e+04 1.703800000000000000e+04 2.029700000000000000e+04 6.589600000000000000e+04 8.404700000000000000e+04 1.059740000000000000e+05 3.638540000000000000e+05 4.497790000000000000e+05
3.830000000000000000e+02 1.940000000000000000e+02 2.910000000000000000e+02 2.230000000000000000e+02 3.680000000000000000e+02 1.281000000000000000e+03 1.891000000000000000e+03 3.740000000000000000e+03 6.699000000000000000e+03 4.543000000000000000e+03 4.073000000000000000e+03 1.054800000000000000e+04 1.503700000000000000e+04 1.683600000000000000e+04 5.458800000000000000e+04 8.682000000000000000e+04 1.605080000000000000e+05 4.327110000000000000e+05 6.584430000000000000e+05
2.210000000000000000e+02 1.590000000000000000e+02 1.790000000000000000e+02 1.870000000000000000e+02 2.960000000000000000e+02 6.110000000000000000e+02 1.115000000000000000e+03 2.145000000000000000e+03 4.850000000000000000e+03 4.678000000000000000e+03 4.850000000000000000e+03 1.339300000000000000e+04 1.308400000000000000e+04 1.852900000000000000e+04 5.121200000000000000e+04 8.553600000000000000e+04 1.664110000000000000e+05 5.110070000000000000e+05 9.156840000000000000e+05
1.160000000000000000e+03 8.930000000000000000e+02 1.818000000000000000e+03 2.175000000000000000e+03 3.203000000000000000e+03 7.650000000000000000e+03 1.099900000000000000e+04 2.093500000000000000e+04 4.703400000000000000e+04 5.481300000000000000e+04 8.551700000000000000e+04 1.627790000000000000e+05 1.795560000000000000e+05 3.128430000000000000e+05 8.130670000000000000e+05 1.374309000000000000e+06 2.580365000000000000e+06 8.874055000000000000e+06 1.585609300000000000e+07
1.079000000000000000e+03 8.970000000000000000e+02 1.545000000000000000e+03 1.683000000000000000e+03 2.549000000000000000e+03 6.364000000000000000e+03 8.900000000000000000e+03 1.639900000000000000e+04 3.766100000000000000e+04 4.409100000000000000e+04 5.855500000000000000e+04 9.767600000000000000e+04 1.207610000000000000e+05 2.764270000000000000e+05 7.021660000000000000e+05 1.193046000000000000e+06 2.367310000000000000e+06 7.979921000000000000e+06 1.431556300000000000e+07
3.328000000000000000e+03 1.986000000000000000e+03 3.339000000000000000e+03 3.731000000000000000e+03 5.793000000000000000e+03 1.404800000000000000e+04 2.127500000000000000e+04 3.661700000000000000e+04 8.443000000000000000e+04 9.708700000000000000e+04 1.513450000000000000e+05 3.086030000000000000e+05 3.593870000000000000e+05 7.700630000000000000e+05 1.984405000000000000e+06 3.298689000000000000e+06 6.220000000000000000e+06 2.017762800000000000e+07 3.452081900000000000e+07
1.398000000000000000e+03 1.137000000000000000e+03 2.008000000000000000e+03 2.068000000000000000e+03 3.334000000000000000e+03 7.366000000000000000e+03 1.079100000000000000e+04 2.000200000000000000e+04 4.548500000000000000e+04 5.450200000000000000e+04 7.303600000000000000e+04 1.474010000000000000e+05 1.487760000000000000e+05 2.125840000000000000e+05 6.590430000000000000e+05 9.503760000000000000e+05 1.752776000000000000e+06 6.414400000000000000e+06 1.233660000000000000e+07
3.350000000000000000e+02 1.800000000000000000e+02 3.250000000000000000e+02 2.160000000000000000e+02 4.890000000000000000e+02 1.247000000000000000e+03 1.588000000000000000e+03 2.892000000000000000e+03 6.449000000000000000e+03 7.736000000000000000e+03 8.900000000000000000e+03 1.835100000000000000e+04 1.281900000000000000e+04 1.953100000000000000e+04 8.805800000000000000e+04 1.242140000000000000e+05 2.044830000000000000e+05 6.065150000000000000e+05 1.000414000000000000e+06
1.627000000000000000e+03 1.247000000000000000e+03 2.276000000000000000e+03 2.454000000000000000e+03 3.984000000000000000e+03 1.030600000000000000e+04 1.464100000000000000e+04 2.531400000000000000e+04 5.906500000000000000e+04 6.752500000000000000e+04 1.028310000000000000e+05 2.078170000000000000e+05 2.637340000000000000e+05 5.240380000000000000e+05 1.386405000000000000e+06 2.353401000000000000e+06 4.514973000000000000e+06 1.537401400000000000e+07 2.648395800000000000e+07
1.234000000000000000e+03 1.122000000000000000e+03 2.531000000000000000e+03 3.094000000000000000e+03 4.864000000000000000e+03 1.205400000000000000e+04 1.758500000000000000e+04 3.227500000000000000e+04 7.326800000000000000e+04 8.307300000000000000e+04 1.179170000000000000e+05 2.389210000000000000e+05 2.853320000000000000e+05 6.427070000000000000e+05 1.722944000000000000e+06 2.734025000000000000e+06 5.727965000000000000e+06 1.712613700000000000e+07 3.144537000000000000e+07
