# {'chrom': '15', 'window_id': '1', 'statistic': 'H2', 'bounds': [41000000, 62000000], 'span': 21000000, 'n_sites': 12628544, 'coverage': 60.14, 'right_discontinuous': False, 'rows': "{0: 'Altai', 1: 'Chagyrskaya', 2: 'Denisova', 3: 'French-1', 4: 'Han-1', 5: 'Khomani_San-2', 6: 'Papuan-2', 7: 'Vindija', 8: 'Yoruba-1', 9: 'Yoruba-3'}"}
5.800000000000000000e+01 5.600000000000000000e+01 9.200000000000000000e+01 1.020000000000000000e+02 1.830000000000000000e+02 4.460000000000000000e+02 6.740000000000000000e+02 1.131000000000000000e+03 2.385000000000000000e+03 2.735000000000000000e+03 3.956000000000000000e+03 8.996000000000000000e+03 7.504000000000000000e+03 1.624400000000000000e+04 4.472700000000000000e+04 4.633800000000000000e+04 5.480900000000000000e+04 9.399900000000000000e+04 4.051550000000000000e+05
1.319000000000000000e+03 1.960000000000000000e+02 2.100000000000000000e+02 2.540000000000000000e+02 4.310000000000000000e+02 8.770000000000000000e+02 2.333000000000000000e+03 1.669000000000000000e+03 4.383000000000000000e+03 4.296000000000000000e+03 6.691000000000000000e+03 1.179100000000000000e+04 1.155000000000000000e+04 2.496900000000000000e+04 6.256000000000000000e+04 9.340400000000000000e+04 1.995960000000000000e+05 3.799390000000000000e+05 6.041660000000000000e+05
3.830000000000000000e+02 3.640000000000000000e+02 7.500000000000000000e+02 5.430000000000000000e+02 7.010000000000000000e+02 1.414000000000000000e+03 1.977000000000000000e+03 4.190000000000000000e+03 9.148000000000000000e+03 8.893000000000000000e+03 1.447200000000000000e+04 2.252800000000000000e+04 2.203300000000000000e+04 3.353700000000000000e+04 9.253300000000000000e+04 1.367490000000000000e+05 3.317360000000000000e+05 8.969710000000000000e+05 1.272554000000000000e+06
4.860000000000000000e+02 3.480000000000000000e+02 9.580000000000000000e+02 1.293000000000000000e+03 1.913000000000000000e+03 4.298000000000000000e+03 5.773000000000000000e+03 1.107100000000000000e+04 2.654100000000000000e+04 3.053300000000000000e+04 4.577800000000000000e+04 8.758700000000000000e+04 1.071510000000000000e+05 1.991230000000000000e+05 5.775950000000000000e+05 1.021954000000000000e+06 1.909999000000000000e+06 5.015881000000000000e+06 8.366943000000000000e+06
2.234000000000000000e+03 1.152000000000000000e+03 1.869000000000000000e+03 2.317000000000000000e+03 3.693000000000000000e+03 9.040000000000000000e+03 1.363300000000000000e+04 2.406800000000000000e+04 5.663900000000000000e+04 6.980700000000000000e+04 9.874600000000000000e+04 1.659690000000000000e+05 2.117750000000000000e+05 2.762130000000000000e+05 1.007667000000000000e+06 1.668647000000000000e+06 3.614937000000000000e+06 1.078579300000000000e+07 1.659777600000000000e+07
4.906000000000000000e+03 2.942000000000000000e+03 4.586000000000000000e+03 4.474000000000000000e+03 7.068000000000000000e+03 1.802500000000000000e+04 2.668600000000000000e+04 4.851400000000000000e+04 1.087730000000000000e+05 1.308080000000000000e+05 1.951160000000000000e+05 3.889430000000000000e+05 4.925150000000000000e+05 9.532930000000000000e+05 2.776815000000000000e+06 4.493084000000000000e+06 9.050845000000000000e+06 2.735237000000000000e+07 4.201972600000000000e+07
5.767000000000000000e+03 3.102000000000000000e+03 3.484000000000000000e+03 3.503000000000000000e+03 4.761000000000000000e+03 1.334800000000000000e+04 2.188500000000000000e+04 4.010700000000000000e+04 8.710800000000000000e+04 1.051130000000000000e+05 1.551960000000000000e+05 3.017510000000000000e+05 2.687120000000000000e+05 4.827130000000000000e+05 1.365141000000000000e+06 2.257044000000000000e+06 4.537546000000000000e+06 1.324199100000000000e+07 1.852735600000000000e+07
1.400000000000000000e+01 2.400000000000000000e+01 8.600000000000000000e+01 1.370000000000000000e+02 2.280000000000000000e+02 5.520000000000000000e+02 6.420000000000000000e+02 1.022000000000000000e+03 1.925000000000000000e+03 2.159000000000000000e+03 2.445000000000000000e+03 7.111000000000000000e+03 7.292000000000000000e+03 9.689000000000000000e+03 2.725700000000000000e+04 2.321400000000000000e+04 5.361300000000000000e+04 1.990370000000000000e+05 2.855670000000000000e+05
4.278000000000000000e+03 2.801000000000000000e+03 3.987000000000000000e+03 4.296000000000000000e+03 7.088000000000000000e+03 1.527800000000000000e+04 2.410800000000000000e+04 4.054700000000000000e+04 9.245600000000000000e+04 1.082270000000000000e+05 1.490980000000000000e+05 2.992030000000000000e+05 4.086290000000000000e+05 7.465870000000000000e+05 1.935192000000000000e+06 3.427952000000000000e+06 6.701095000000000000e+06 2.124952300000000000e+07 3.479289100000000000e+07
3.966000000000000000e+03 2.332000000000000000e+03 3.814000000000000000e+03 3.891000000000000000e+03 5.890000000000000000e+03 1.456800000000000000e+04 2.343000000000000000e+04 3.859700000000000000e+04 8.288000000000000000e+04 9.864000000000000000e+04 1.451410000000000000e+05 2.797490000000000000e+05 3.834590000000000000e+05 7.809360000000000000e+05 2.084905000000000000e+06 3.291180000000000000e+06 6.754181000000000000e+06 2.129729000000000000e+07 3.428400000000000000e+07
