# {'chrom': '21', 'window_id': '0', 'statistic': 'H2', 'bounds': [15000000, 32000000], 'span': 17000000, 'n_sites': 10499201, 'coverage': 61.76, 'right_discontinuous': False, 'rows': "{0: 'Altai', 1: 'Chagyrskaya', 2: 'Denisova', 3: 'French-1', 4: 'Han-1', 5: 'Khomani_San-2', 6: 'Papuan-2', 7: 'Vindija', 8: 'Yoruba-1', 9: 'Yoruba-3'}"}
0.000000000000000000e+00 2.000000000000000000e+00 1.200000000000000000e+01 2.500000000000000000e+01 4.400000000000000000e+01 1.130000000000000000e+02 1.480000000000000000e+02 2.010000000000000000e+02 5.490000000000000000e+02 3.120000000000000000e+02 1.920000000000000000e+02 3.590000000000000000e+02 8.010000000000000000e+02 8.220000000000000000e+02 2.848000000000000000e+03 4.715000000000000000e+03 6.361000000000000000e+03 8.477000000000000000e+03 1.986300000000000000e+04
1.270000000000000000e+02 1.700000000000000000e+02 4.080000000000000000e+02 7.070000000000000000e+02 8.860000000000000000e+02 1.867000000000000000e+03 2.459000000000000000e+03 3.377000000000000000e+03 8.565000000000000000e+03 6.970000000000000000e+03 9.867000000000000000e+03 1.262500000000000000e+04 2.778900000000000000e+04 1.943000000000000000e+04 3.756100000000000000e+04 5.018600000000000000e+04 8.803000000000000000e+04 3.728700000000000000e+05 4.057180000000000000e+05
1.240000000000000000e+02 1.040000000000000000e+02 2.660000000000000000e+02 2.980000000000000000e+02 5.160000000000000000e+02 1.323000000000000000e+03 1.370000000000000000e+03 2.247000000000000000e+03 4.464000000000000000e+03 3.791000000000000000e+03 7.812000000000000000e+03 1.333800000000000000e+04 1.231900000000000000e+04 2.586300000000000000e+04 6.548200000000000000e+04 7.335500000000000000e+04 1.816440000000000000e+05 5.244290000000000000e+05 9.694260000000000000e+05
1.998000000000000000e+03 1.444000000000000000e+03 3.112000000000000000e+03 3.167000000000000000e+03 4.564000000000000000e+03 9.986000000000000000e+03 1.426700000000000000e+04 2.293700000000000000e+04 5.034400000000000000e+04 5.079200000000000000e+04 6.374800000000000000e+04 1.185490000000000000e+05 1.304260000000000000e+05 2.195560000000000000e+05 8.005530000000000000e+05 1.174968000000000000e+06 2.438646000000000000e+06 7.628660000000000000e+06 1.430712900000000000e+07
3.845000000000000000e+03 2.698000000000000000e+03 3.825000000000000000e+03 3.390000000000000000e+03 5.051000000000000000e+03 1.121100000000000000e+04 1.629100000000000000e+04 3.021600000000000000e+04 6.010600000000000000e+04 6.825500000000000000e+04 8.131700000000000000e+04 1.874000000000000000e+05 2.021440000000000000e+05 3.058880000000000000e+05 9.372290000000000000e+05 1.502906000000000000e+06 3.352175000000000000e+06 8.706317000000000000e+06 1.669917100000000000e+07
3.668000000000000000e+03 2.484000000000000000e+03 4.393000000000000000e+03 5.131000000000000000e+03 6.979000000000000000e+03 1.565600000000000000e+04 2.149600000000000000e+04 3.762300000000000000e+04 7.053700000000000000e+04 7.722600000000000000e+04 1.125420000000000000e+05 2.378810000000000000e+05 2.793390000000000000e+05 4.529900000000000000e+05 1.643020000000000000e+06 2.577682000000000000e+06 5.217565000000000000e+06 1.578533600000000000e+07 3.005556400000000000e+07
4.689000000000000000e+03 2.709000000000000000e+03 3.725000000000000000e+03 3.361000000000000000e+03 4.532000000000000000e+03 1.118200000000000000e+04 1.576700000000000000e+04 2.779800000000000000e+04 5.912000000000000000e+04 7.291100000000000000e+04 9.903500000000000000e+04 2.060830000000000000e+05 2.195410000000000000e+05 2.990880000000000000e+05 7.614400000000000000e+05 1.294462000000000000e+06 2.752148000000000000e+06 6.959403000000000000e+06 1.513378900000000000e+07
3.100000000000000000e+02 3.330000000000000000e+02 7.100000000000000000e+02 9.140000000000000000e+02 1.455000000000000000e+03 2.821000000000000000e+03 3.405000000000000000e+03 6.786000000000000000e+03 8.143000000000000000e+03 8.201000000000000000e+03 1.237700000000000000e+04 2.206900000000000000e+04 1.650300000000000000e+04 2.676600000000000000e+04 7.533500000000000000e+04 1.632750000000000000e+05 3.066530000000000000e+05 7.594550000000000000e+05 1.514342000000000000e+06
3.528000000000000000e+03 2.547000000000000000e+03 4.867000000000000000e+03 5.053000000000000000e+03 7.446000000000000000e+03 1.823500000000000000e+04 2.470200000000000000e+04 3.847600000000000000e+04 8.179000000000000000e+04 8.824400000000000000e+04 1.315050000000000000e+05 3.122490000000000000e+05 3.966850000000000000e+05 6.489030000000000000e+05 2.249606000000000000e+06 3.289422000000000000e+06 6.729287000000000000e+06 1.975101700000000000e+07 3.770990600000000000e+07
3.924000000000000000e+03 2.618000000000000000e+03 4.271000000000000000e+03 4.449000000000000000e+03 6.800000000000000000e+03 1.702100000000000000e+04 2.162500000000000000e+04 3.594700000000000000e+04 7.786800000000000000e+04 8.604800000000000000e+04 1.246900000000000000e+05 2.537910000000000000e+05 3.448960000000000000e+05 5.215150000000000000e+05 1.864769000000000000e+06 2.941429000000000000e+06 5.906896000000000000e+06 1.723572900000000000e+07 3.260101200000000000e+07
