# {'chrom': '21', 'window_id': '1', 'statistic': 'H2', 'bounds': [32000000, 49000000], 'span': 17000000, 'n_sites': 10330523, 'coverage': 60.77, 'right_discontinuous': True, 'rows': "{0: 'Altai', 1: 'Chagyrskaya', 2: 'Denisova', 3: 'French-1', 4: 'Han-1', 5: 'Khomani_San-2', 6: 'Papuan-2', 7: 'Vindija', 8: 'Yoruba-1', 9: 'Yoruba-3'}"}
5.800000000000000000e+01 7.200000000000000000e+01 2.050000000000000000e+02 3.010000000000000000e+02 5.680000000000000000e+02 1.336000000000000000e+03 1.844000000000000000e+03 3.143000000000000000e+03 6.554000000000000000e+03 8.194000000000000000e+03 8.932000000000000000e+03 1.683300000000000000e+04 1.332600000000000000e+04 1.507100000000000000e+04 5.548900000000000000e+04 6.610500000000000000e+04 1.700840000000000000e+05 4.923720000000000000e+05 6.467510000000000000e+05
1.260000000000000000e+02 5.300000000000000000e+01 1.780000000000000000e+02 2.370000000000000000e+02 4.260000000000000000e+02 1.017000000000000000e+03 1.014000000000000000e+03 1.415000000000000000e+03 2.899000000000000000e+03 3.312000000000000000e+03 3.067000000000000000e+03 6.834000000000000000e+03 5.871000000000000000e+03 8.447000000000000000e+03 2.873300000000000000e+04 4.957900000000000000e+04 8.075900000000000000e+04 2.210200000000000000e+05 3.682360000000000000e+05
2.800000000000000000e+01 3.800000000000000000e+01 1.360000000000000000e+02 2.330000000000000000e+02 4.170000000000000000e+02 1.093000000000000000e+03 1.485000000000000000e+03 2.580000000000000000e+03 5.346000000000000000e+03 6.142000000000000000e+03 7.569000000000000000e+03 1.251100000000000000e+04 1.336000000000000000e+04 1.665900000000000000e+04 6.437200000000000000e+04 8.242900000000000000e+04 1.614470000000000000e+05 4.181380000000000000e+05 7.186100000000000000e+05
2.097000000000000000e+03 9.550000000000000000e+02 1.752000000000000000e+03 2.136000000000000000e+03 3.359000000000000000e+03 8.263000000000000000e+03 1.289500000000000000e+04 2.244200000000000000e+04 5.005500000000000000e+04 5.841400000000000000e+04 7.999900000000000000e+04 1.707250000000000000e+05 1.696040000000000000e+05 2.316040000000000000e+05 6.945930000000000000e+05 1.264730000000000000e+06 2.498972000000000000e+06 7.498142000000000000e+06 1.111916400000000000e+07
2.438000000000000000e+03 8.870000000000000000e+02 1.943000000000000000e+03 2.183000000000000000e+03 3.133000000000000000e+03 8.797000000000000000e+03 1.232800000000000000e+04 2.017700000000000000e+04 4.712700000000000000e+04 4.976800000000000000e+04 6.274700000000000000e+04 1.430230000000000000e+05 1.454090000000000000e+05 1.940930000000000000e+05 5.770680000000000000e+05 1.101543000000000000e+06 2.046187000000000000e+06 6.055623000000000000e+06 8.640980000000000000e+06
2.984000000000000000e+03 1.618000000000000000e+03 3.188000000000000000e+03 3.534000000000000000e+03 5.543000000000000000e+03 1.476100000000000000e+04 2.152800000000000000e+04 3.798000000000000000e+04 8.373000000000000000e+04 8.814400000000000000e+04 1.118250000000000000e+05 2.515570000000000000e+05 2.697250000000000000e+05 4.136320000000000000e+05 1.494434000000000000e+06 2.425656000000000000e+06 4.754225000000000000e+06 1.376518100000000000e+07 1.988370600000000000e+07
1.699000000000000000e+03 1.003000000000000000e+03 1.897000000000000000e+03 2.340000000000000000e+03 3.506000000000000000e+03 9.031000000000000000e+03 1.375600000000000000e+04 2.424900000000000000e+04 5.625200000000000000e+04 6.078300000000000000e+04 7.365500000000000000e+04 1.667170000000000000e+05 1.399350000000000000e+05 1.743510000000000000e+05 7.176970000000000000e+05 1.067293000000000000e+06 2.261222000000000000e+06 6.817052000000000000e+06 1.019649300000000000e+07
5.950000000000000000e+02 4.550000000000000000e+02 9.260000000000000000e+02 5.350000000000000000e+02 6.720000000000000000e+02 2.187000000000000000e+03 2.135000000000000000e+03 3.130000000000000000e+03 8.114000000000000000e+03 9.545000000000000000e+03 1.278800000000000000e+04 2.399900000000000000e+04 1.639800000000000000e+04 1.537700000000000000e+04 3.894300000000000000e+04 6.537900000000000000e+04 1.534730000000000000e+05 3.875110000000000000e+05 6.899440000000000000e+05
2.985000000000000000e+03 1.228000000000000000e+03 2.623000000000000000e+03 3.450000000000000000e+03 4.858000000000000000e+03 1.166100000000000000e+04 1.799600000000000000e+04 2.888400000000000000e+04 6.142700000000000000e+04 7.764300000000000000e+04 1.102250000000000000e+05 2.347840000000000000e+05 2.442620000000000000e+05 3.892870000000000000e+05 1.353413000000000000e+06 2.138585000000000000e+06 4.278307000000000000e+06 1.256312900000000000e+07 1.857263000000000000e+07
2.386000000000000000e+03 9.870000000000000000e+02 2.179000000000000000e+03 2.973000000000000000e+03 4.120000000000000000e+03 1.032600000000000000e+04 1.486500000000000000e+04 2.355300000000000000e+04 5.158900000000000000e+04 6.312200000000000000e+04 8.453800000000000000e+04 1.770580000000000000e+05 1.984560000000000000e+05 2.878860000000000000e+05 1.032019000000000000e+06 1.726150000000000000e+06 3.342592000000000000e+06 9.922191000000000000e+06 1.486330100000000000e+07
