# 'name' : 'rogers_a02_b00_d00_g00'
# 'source' : 'rogers_a02_b00_d00_g00.yaml'
# 'sample_pops' : ['X', 'D', 'Y', 'N']
# 'sample_size' : 1
# 'n_reps' : 100
# 'n_windows' : 200
# 'seq_length' : 100000000.0
# 'window_length' : 500000.0
# 'recomb_rate' : 1e-08
# 'mut_rate' : 1e-08
# 'created' : None
0.000000000000000000e+00 0.000000000000000000e+00 0.000000000000000000e+00 0.000000000000000000e+00 2.621045832946944831e-04 0.000000000000000000e+00 0.000000000000000000e+00 0.000000000000000000e+00 7.278393205620989825e-04 7.463638925118667089e-04 0.000000000000000000e+00 0.000000000000000000e+00 7.916628474770415029e-04 8.057087489819803093e-04 1.249142073982556099e-04 0.000000000000000000e+00
0.000000000000000000e+00 0.000000000000000000e+00 0.000000000000000000e+00 0.000000000000000000e+00 2.594878225550636443e-04 0.000000000000000000e+00 0.000000000000000000e+00 0.000000000000000000e+00 7.233876054584295178e-04 7.457386783326126495e-04 0.000000000000000000e+00 0.000000000000000000e+00 7.993475056536369656e-04 8.175277661928967475e-04 1.292089096128567300e-04 0.000000000000000000e+00
0.000000000000000000e+00 0.000000000000000000e+00 0.000000000000000000e+00 0.000000000000000000e+00 2.595241322701774133e-04 0.000000000000000000e+00 0.000000000000000000e+00 0.000000000000000000e+00 7.214870839018811422e-04 7.438315213034086713e-04 0.000000000000000000e+00 0.000000000000000000e+00 7.940485801746271968e-04 8.105852748706682785e-04 1.214793769500909670e-04 0.000000000000000000e+00
0.000000000000000000e+00 0.000000000000000000e+00 0.000000000000000000e+00 0.000000000000000000e+00 2.679244038834913263e-04 0.000000000000000000e+00 0.000000000000000000e+00 0.000000000000000000e+00 7.291271139759313274e-04 7.450159402387809522e-04 0.000000000000000000e+00 0.000000000000000000e+00 7.767838094862326761e-04 7.850505519340454782e-04 1.155040625481921547e-04 0.000000000000000000e+00
0.000000000000000000e+00 0.000000000000000000e+00 0.000000000000000000e+00 0.000000000000000000e+00 2.639383868224116328e-04 0.000000000000000000e+00 0.000000000000000000e+00 0.000000000000000000e+00 7.285713143285093077e-04 7.488834782566683099e-04 0.000000000000000000e+00 0.000000000000000000e+00 7.997165355709456771e-04 8.132553095529876592e-04 1.301404737884795024e-04 0.000000000000000000e+00
0.000000000000000000e+00 0.000000000000000000e+00 0.000000000000000000e+00 0.000000000000000000e+00 2.591567241841326069e-04 0.000000000000000000e+00 0.000000000000000000e+00 0.000000000000000000e+00 7.295083505131341652e-04 7.532071397127826709e-04 0.000000000000000000e+00 0.000000000000000000e+00 7.930829338775692095e-04 8.122510147263274161e-04 1.220884399289177448e-04 0.000000000000000000e+00
0.000000000000000000e+00 0.000000000000000000e+00 0.000000000000000000e+00 0.000000000000000000e+00 2.601372361324500392e-04 0.000000000000000000e+00 0.000000000000000000e+00 0.000000000000000000e+00 7.482453365207708063e-04 7.726342670155021729e-04 0.000000000000000000e+00 0.000000000000000000e+00 8.063445403992265236e-04 8.244860852482105429e-04 1.480083353909206667e-04 0.000000000000000000e+00
0.000000000000000000e+00 0.000000000000000000e+00 0.000000000000000000e+00 0.000000000000000000e+00 2.647033677293838660e-04 0.000000000000000000e+00 0.000000000000000000e+00 0.000000000000000000e+00 7.298086870542934250e-04 7.516888111163702807e-04 0.000000000000000000e+00 0.000000000000000000e+00 8.034503412511439201e-04 8.178489373625790837e-04 1.295235569458183349e-04 0.000000000000000000e+00
0.000000000000000000e+00 0.000000000000000000e+00 0.000000000000000000e+00 0.000000000000000000e+00 2.604515302783441612e-04 0.000000000000000000e+00 0.000000000000000000e+00 0.000000000000000000e+00 7.224861999071437299e-04 7.427343941235165859e-04 0.000000000000000000e+00 0.000000000000000000e+00 7.936608798138291730e-04 8.095859562198483468e-04 1.258369295120741822e-04 0.000000000000000000e+00
0.000000000000000000e+00 0.000000000000000000e+00 0.000000000000000000e+00 0.000000000000000000e+00 2.655647500743834981e-04 0.000000000000000000e+00 0.000000000000000000e+00 0.000000000000000000e+00 7.217726567001411797e-04 7.424746237469520040e-04 0.000000000000000000e+00 0.000000000000000000e+00 7.844035817286997480e-04 7.967127994391323903e-04 1.277557355310134687e-04 0.000000000000000000e+00
0.000000000000000000e+00 0.000000000000000000e+00 0.000000000000000000e+00 0.000000000000000000e+00 2.649929161654465399e-04 0.000000000000000000e+00 0.000000000000000000e+00 0.000000000000000000e+00 7.361569245268992281e-04 7.584509772393984838e-04 0.000000000000000000e+00 0.000000000000000000e+00 7.928555574644917479e-04 8.081319541437852671e-04 1.292766641389637679e-04 0.000000000000000000e+00
0.000000000000000000e+00 0.000000000000000000e+00 0.000000000000000000e+00 0.000000000000000000e+00 2.655299826462167003e-04 0.000000000000000000e+00 0.000000000000000000e+00 0.000000000000000000e+00 7.328665978837095411e-04 7.531056468474636202e-04 0.000000000000000000e+00 0.000000000000000000e+00 7.706756601909548181e-04 7.826862445514845253e-04 1.196964128105708835e-04 0.000000000000000000e+00
0.000000000000000000e+00 0.000000000000000000e+00 0.000000000000000000e+00 0.000000000000000000e+00 2.692460947155182012e-04 0.000000000000000000e+00 0.000000000000000000e+00 0.000000000000000000e+00 7.251018247928396263e-04 7.450858475198757170e-04 0.000000000000000000e+00 0.000000000000000000e+00 7.887221163648042415e-04 8.022175784716739167e-04 1.269763569962792436e-04 0.000000000000000000e+00
0.000000000000000000e+00 0.000000000000000000e+00 0.000000000000000000e+00 0.000000000000000000e+00 2.662409811338182857e-04 0.000000000000000000e+00 0.000000000000000000e+00 0.000000000000000000e+00 7.329104301661415596e-04 7.552620916613691756e-04 0.000000000000000000e+00 0.000000000000000000e+00 7.968396146598077847e-04 8.137252936567233473e-04 1.396535436513397386e-04 0.000000000000000000e+00
0.000000000000000000e+00 0.000000000000000000e+00 0.000000000000000000e+00 0.000000000000000000e+00 2.634719652455585429e-04 0.000000000000000000e+00 0.000000000000000000e+00 0.000000000000000000e+00 7.259087568790190299e-04 7.448316865756879563e-04 0.000000000000000000e+00 0.000000000000000000e+00 7.962012462565731460e-04 8.123787541382811129e-04 1.355345659925601728e-04 0.000000000000000000e+00
0.000000000000000000e+00 0.000000000000000000e+00 0.000000000000000000e+00 0.000000000000000000e+00 2.693078059482613505e-04 0.000000000000000000e+00 0.000000000000000000e+00 0.000000000000000000e+00 7.329256020210092636e-04 7.581824504995628242e-04 0.000000000000000000e+00 0.000000000000000000e+00 7.949104769747035665e-04 8.144319665442476420e-04 1.271609192274059401e-04 0.000000000000000000e+00
0.000000000000000000e+00 0.000000000000000000e+00 0.000000000000000000e+00 0.000000000000000000e+00 2.611816235156254481e-04 0.000000000000000000e+00 0.000000000000000000e+00 0.000000000000000000e+00 7.355317620905986236e-04 7.517411576555776097e-04 0.000000000000000000e+00 0.000000000000000000e+00 8.018818761706439065e-04 8.142684554152200115e-04 1.237930209002488968e-04 0.000000000000000000e+00
0.000000000000000000e+00 0.000000000000000000e+00 0.000000000000000000e+00 0.000000000000000000e+00 2.623329874695951285e-04 0.000000000000000000e+00 0.000000000000000000e+00 0.000000000000000000e+00 7.094000272611045111e-04 7.341895672079595293e-04 0.000000000000000000e+00 0.000000000000000000e+00 7.809760575050663130e-04 7.996158902348532221e-04 1.125588436570602028e-04 0.000000000000000000e+00
0.000000000000000000e+00 0.000000000000000000e+00 0.000000000000000000e+00 0.000000000000000000e+00 2.608044381356135698e-04 0.000000000000000000e+00 0.000000000000000000e+00 0.000000000000000000e+00 7.365352990459983267e-04 7.573942254421430278e-04 0.000000000000000000e+00 0.000000000000000000e+00 8.154778849195709958e-04 8.323232451476729335e-04 1.404437155479360043e-04 0.000000000000000000e+00
0.000000000000000000e+00 0.000000000000000000e+00 0.000000000000000000e+00 0.000000000000000000e+00 2.645401503727876926e-04 0.000000000000000000e+00 0.000000000000000000e+00 0.000000000000000000e+00 7.345730474790103902e-04 7.504863438437695076e-04 0.000000000000000000e+00 0.000000000000000000e+00 7.973659020395094596e-04 8.095611484290124449e-04 1.188211430390725498e-04 0.000000000000000000e+00
0.000000000000000000e+00 0.000000000000000000e+00 0.000000000000000000e+00 0.000000000000000000e+00 2.592414281461956414e-04 0.000000000000000000e+00 0.000000000000000000e+00 0.000000000000000000e+00 7.409168810740542023e-04 7.628977063112079909e-04 0.000000000000000000e+00 0.000000000000000000e+00 7.977242005023810634e-04 8.144303884093942675e-04 1.215634662922160223e-04 0.000000000000000000e+00
0.000000000000000000e+00 0.000000000000000000e+00 0.000000000000000000e+00 0.000000000000000000e+00 2.606178689243754203e-04 0.000000000000000000e+00 0.000000000000000000e+00 0.000000000000000000e+00 7.383001429658647349e-04 7.617548972460185972e-04 0.000000000000000000e+00 0.000000000000000000e+00 7.988832617040046193e-04 8.166959454034164543e-04 1.195508965250878297e-04 0.000000000000000000e+00
0.000000000000000000e+00 0.000000000000000000e+00 0.000000000000000000e+00 0.000000000000000000e+00 2.649034067457020961e-04 0.000000000000000000e+00 0.000000000000000000e+00 0.000000000000000000e+00 7.308064531840522109e-04 7.514150329123271211e-04 0.000000000000000000e+00 0.000000000000000000e+00 7.891857626496774332e-04 8.037213756630303850e-04 1.222868342513055030e-04 0.000000000000000000e+00
0.000000000000000000e+00 0.000000000000000000e+00 0.000000000000000000e+00 0.000000000000000000e+00 2.626184182694964566e-04 0.000000000000000000e+00 0.000000000000000000e+00 0.000000000000000000e+00 7.223720432207556301e-04 7.450825421209023068e-04 0.000000000000000000e+00 0.000000000000000000e+00 7.917134016128212198e-04 8.092982091382977874e-04 1.200807994966967266e-04 0.000000000000000000e+00
0.000000000000000000e+00 0.000000000000000000e+00 0.000000000000000000e+00 0.000000000000000000e+00 2.719418559606727199e-04 0.000000000000000000e+00 0.000000000000000000e+00 0.000000000000000000e+00 7.192903033083481975e-04 7.410954380185852614e-04 0.000000000000000000e+00 0.000000000000000000e+00 7.962792563418969252e-04 8.145902215094930586e-04 1.332276583205356480e-04 0.000000000000000000e+00
0.000000000000000000e+00 0.000000000000000000e+00 0.000000000000000000e+00 0.000000000000000000e+00 2.707964085467766640e-04 0.000000000000000000e+00 0.000000000000000000e+00 0.000000000000000000e+00 7.368959804589441743e-04 7.600477940293286390e-04 0.000000000000000000e+00 0.000000000000000000e+00 7.927768022011483099e-04 8.088839298439060152e-04 1.395699979442475069e-04 0.000000000000000000e+00
0.000000000000000000e+00 0.000000000000000000e+00 0.000000000000000000e+00 0.000000000000000000e+00 2.693298736149626069e-04 0.000000000000000000e+00 0.000000000000000000e+00 0.000000000000000000e+00 7.328006764655366125e-04 7.506678948686083602e-04 0.000000000000000000e+00 0.000000000000000000e+00 7.971704069069287645e-04 8.071490083295612770e-04 1.281658871053583456e-04 0.000000000000000000e+00
0.000000000000000000e+00 0.000000000000000000e+00 0.000000000000000000e+00 0.000000000000000000e+00 2.572870279882526982e-04 0.000000000000000000e+00 0.000000000000000000e+00 0.000000000000000000e+00 7.291515497445505943e-04 7.511126793561953910e-04 0.000000000000000000e+00 0.000000000000000000e+00 7.914180151159666424e-04 8.081881532362872062e-04 1.243035755778055835e-04 0.000000000000000000e+00
0.000000000000000000e+00 0.000000000000000000e+00 0.000000000000000000e+00 0.000000000000000000e+00 2.648538924432711455e-04 0.000000000000000000e+00 0.000000000000000000e+00 0.000000000000000000e+00 7.367194512845954592e-04 7.579720546079325282e-04 0.000000000000000000e+00 0.000000000000000000e+00 8.035835225333566112e-04 8.186460607387097653e-04 1.255347912460352800e-04 0.000000000000000000e+00
0.000000000000000000e+00 0.000000000000000000e+00 0.000000000000000000e+00 0.000000000000000000e+00 2.622292203638295054e-04 0.000000000000000000e+00 0.000000000000000000e+00 0.000000000000000000e+00 7.396691403355030742e-04 7.610205159511207506e-04 0.000000000000000000e+00 0.000000000000000000e+00 8.025285569729661726e-04 8.171516911547313305e-04 1.367311266754033373e-04 0.000000000000000000e+00
0.000000000000000000e+00 0.000000000000000000e+00 0.000000000000000000e+00 0.000000000000000000e+00 2.634662130356052305e-04 0.000000000000000000e+00 0.000000000000000000e+00 0.000000000000000000e+00 7.144044297917064284e-04 7.357507312386097785e-04 0.000000000000000000e+00 0.000000000000000000e+00 7.759801153482102660e-04 7.929516130232790215e-04 1.085407187881525887e-04 0.000000000000000000e+00
0.000000000000000000e+00 0.000000000000000000e+00 0.000000000000000000e+00 0.000000000000000000e+00 2.621232515538004788e-04 0.000000000000000000e+00 0.000000000000000000e+00 0.000000000000000000e+00 7.349067620000548657e-04 7.556657145845967725e-04 0.000000000000000000e+00 0.000000000000000000e+00 7.958751332887003139e-04 8.086500215828376810e-04 1.276395269998669790e-04 0.000000000000000000e+00
0.000000000000000000e+00 0.000000000000000000e+00 0.000000000000000000e+00 0.000000000000000000e+00 2.630597851022905284e-04 0.000000000000000000e+00 0.000000000000000000e+00 0.000000000000000000e+00 7.293983230059422227e-04 7.504491075290691286e-04 0.000000000000000000e+00 0.000000000000000000e+00 7.903487742285693471e-04 8.058268119918043535e-04 1.208822587426289517e-04 0.000000000000000000e+00
0.000000000000000000e+00 0.000000000000000000e+00 0.000000000000000000e+00 0.000000000000000000e+00 2.589034862786065180e-04 0.000000000000000000e+00 0.000000000000000000e+00 0.000000000000000000e+00 7.314634750250991304e-04 7.519932377312041425e-04 0.000000000000000000e+00 0.000000000000000000e+00 8.009009196704529711e-04 8.171643973153907637e-04 1.250670981812060855e-04 0.000000000000000000e+00
0.000000000000000000e+00 0.000000000000000000e+00 0.000000000000000000e+00 0.000000000000000000e+00 2.652569501987764419e-04 0.000000000000000000e+00 0.000000000000000000e+00 0.000000000000000000e+00 7.224982534217642798e-04 7.452214896816609013e-04 0.000000000000000000e+00 0.000000000000000000e+00 7.901007201465003356e-04 8.066895601304035135e-04 1.246899910466476723e-04 0.000000000000000000e+00
0.000000000000000000e+00 0.000000000000000000e+00 0.000000000000000000e+00 0.000000000000000000e+00 2.597624274513600311e-04 0.000000000000000000e+00 0.000000000000000000e+00 0.000000000000000000e+00 7.398699454350767847e-04 7.633491620561691287e-04 0.000000000000000000e+00 0.000000000000000000e+00 8.035010677657684506e-04 8.235961670362176553e-04 1.312279821157121158e-04 0.000000000000000000e+00
0.000000000000000000e+00 0.000000000000000000e+00 0.000000000000000000e+00 0.000000000000000000e+00 2.655884106518044776e-04 0.000000000000000000e+00 0.000000000000000000e+00 0.000000000000000000e+00 7.277012037703232917e-04 7.523237516361067079e-04 0.000000000000000000e+00 0.000000000000000000e+00 7.800800543801480070e-04 8.002054679862244391e-04 1.249430910951597083e-04 0.000000000000000000e+00
0.000000000000000000e+00 0.000000000000000000e+00 0.000000000000000000e+00 0.000000000000000000e+00 2.670675874744246397e-04 0.000000000000000000e+00 0.000000000000000000e+00 0.000000000000000000e+00 7.274685001229290677e-04 7.488693347398405441e-04 0.000000000000000000e+00 0.000000000000000000e+00 7.882116778091796932e-04 8.009914945456135830e-04 1.220497736663376018e-04 0.000000000000000000e+00
0.000000000000000000e+00 0.000000000000000000e+00 0.000000000000000000e+00 0.000000000000000000e+00 2.631889139959547961e-04 0.000000000000000000e+00 0.000000000000000000e+00 0.000000000000000000e+00 7.210469186886284609e-04 7.432948028824024099e-04 0.000000000000000000e+00 0.000000000000000000e+00 7.976401367208966076e-04 8.133889589260113627e-04 1.214826006496707753e-04 0.000000000000000000e+00
0.000000000000000000e+00 0.000000000000000000e+00 0.000000000000000000e+00 0.000000000000000000e+00 2.660480772802879205e-04 0.000000000000000000e+00 0.000000000000000000e+00 0.000000000000000000e+00 7.322037730942903633e-04 7.516702836897775795e-04 0.000000000000000000e+00 0.000000000000000000e+00 7.959153273235102140e-04 8.065905142846822645e-04 1.317473008485617043e-04 0.000000000000000000e+00
0.000000000000000000e+00 0.000000000000000000e+00 0.000000000000000000e+00 0.000000000000000000e+00 2.636757539089919829e-04 0.000000000000000000e+00 0.000000000000000000e+00 0.000000000000000000e+00 7.303028676224116887e-04 7.525509741279430738e-04 0.000000000000000000e+00 0.000000000000000000e+00 7.960727850861625205e-04 8.125580745362908849e-04 1.270199867435562195e-04 0.000000000000000000e+00
0.000000000000000000e+00 0.000000000000000000e+00 0.000000000000000000e+00 0.000000000000000000e+00 2.667653188485057288e-04 0.000000000000000000e+00 0.000000000000000000e+00 0.000000000000000000e+00 7.205468513599451843e-04 7.392109899057155769e-04 0.000000000000000000e+00 0.000000000000000000e+00 7.758953423151747656e-04 7.886070986607618318e-04 1.157452529113281214e-04 0.000000000000000000e+00
0.000000000000000000e+00 0.000000000000000000e+00 0.000000000000000000e+00 0.000000000000000000e+00 2.661738908173550224e-04 0.000000000000000000e+00 0.000000000000000000e+00 0.000000000000000000e+00 7.395270916867342911e-04 7.581660149395932956e-04 0.000000000000000000e+00 0.000000000000000000e+00 7.988179085303514886e-04 8.119416623536324963e-04 1.290888141111401228e-04 0.000000000000000000e+00
0.000000000000000000e+00 0.000000000000000000e+00 0.000000000000000000e+00 0.000000000000000000e+00 2.645751249991780754e-04 0.000000000000000000e+00 0.000000000000000000e+00 0.000000000000000000e+00 7.409547771554167829e-04 7.601757008779492977e-04 0.000000000000000000e+00 0.000000000000000000e+00 7.994042076292899330e-04 8.121844706753483887e-04 1.238502028621154541e-04 0.000000000000000000e+00
0.000000000000000000e+00 0.000000000000000000e+00 0.000000000000000000e+00 0.000000000000000000e+00 2.652613741766807762e-04 0.000000000000000000e+00 0.000000000000000000e+00 0.000000000000000000e+00 7.244006402741156713e-04 7.477614544414953922e-04 0.000000000000000000e+00 0.000000000000000000e+00 7.948381036402968336e-04 8.099906628654529725e-04 1.289683444162522210e-04 0.000000000000000000e+00
0.000000000000000000e+00 0.000000000000000000e+00 0.000000000000000000e+00 0.000000000000000000e+00 2.680711635606232587e-04 0.000000000000000000e+00 0.000000000000000000e+00 0.000000000000000000e+00 7.314880982870605383e-04 7.494475045544266500e-04 0.000000000000000000e+00 0.000000000000000000e+00 8.061267541046891749e-04 8.193648469872394022e-04 1.356456791584059393e-04 0.000000000000000000e+00
0.000000000000000000e+00 0.000000000000000000e+00 0.000000000000000000e+00 0.000000000000000000e+00 2.660140951461243417e-04 0.000000000000000000e+00 0.000000000000000000e+00 0.000000000000000000e+00 7.425791082836594300e-04 7.675910690354450887e-04 0.000000000000000000e+00 0.000000000000000000e+00 8.014603060594243733e-04 8.194960952220815917e-04 1.464417008302949504e-04 0.000000000000000000e+00
0.000000000000000000e+00 0.000000000000000000e+00 0.000000000000000000e+00 0.000000000000000000e+00 2.647032376638626871e-04 0.000000000000000000e+00 0.000000000000000000e+00 0.000000000000000000e+00 7.353565949621320222e-04 7.548493788770892438e-04 0.000000000000000000e+00 0.000000000000000000e+00 8.065698106423124271e-04 8.185390795534282617e-04 1.338960381764801183e-04 0.000000000000000000e+00
0.000000000000000000e+00 0.000000000000000000e+00 0.000000000000000000e+00 0.000000000000000000e+00 2.742094215322611129e-04 0.000000000000000000e+00 0.000000000000000000e+00 0.000000000000000000e+00 7.396803355399252100e-04 7.657819905129270967e-04 0.000000000000000000e+00 0.000000000000000000e+00 7.936117823254951317e-04 8.115079794678917158e-04 1.224927824145508515e-04 0.000000000000000000e+00
0.000000000000000000e+00 0.000000000000000000e+00 0.000000000000000000e+00 0.000000000000000000e+00 2.614576841200473827e-04 0.000000000000000000e+00 0.000000000000000000e+00 0.000000000000000000e+00 7.245395259303051214e-04 7.473883140566628175e-04 0.000000000000000000e+00 0.000000000000000000e+00 7.775229812071767074e-04 7.946337611517586934e-04 1.181571978107299683e-04 0.000000000000000000e+00
0.000000000000000000e+00 0.000000000000000000e+00 0.000000000000000000e+00 0.000000000000000000e+00 2.668503321571749826e-04 0.000000000000000000e+00 0.000000000000000000e+00 0.000000000000000000e+00 7.272699611485294782e-04 7.439639740871639489e-04 0.000000000000000000e+00 0.000000000000000000e+00 7.940369785188275149e-04 8.043008199848649276e-04 1.304116293192678490e-04 0.000000000000000000e+00
0.000000000000000000e+00 0.000000000000000000e+00 0.000000000000000000e+00 0.000000000000000000e+00 2.722838238402873934e-04 0.000000000000000000e+00 0.000000000000000000e+00 0.000000000000000000e+00 7.210848545545151325e-04 7.446124724683035948e-04 0.000000000000000000e+00 0.000000000000000000e+00 7.976396714388775313e-04 8.140792634968491192e-04 1.190469300053819345e-04 0.000000000000000000e+00
0.000000000000000000e+00 0.000000000000000000e+00 0.000000000000000000e+00 0.000000000000000000e+00 2.576584972463798326e-04 0.000000000000000000e+00 0.000000000000000000e+00 0.000000000000000000e+00 7.282361626964963018e-04 7.479657625333023009e-04 0.000000000000000000e+00 0.000000000000000000e+00 7.843312143425449972e-04 7.980958143070752964e-04 1.223211995659478836e-04 0.000000000000000000e+00
0.000000000000000000e+00 0.000000000000000000e+00 0.000000000000000000e+00 0.000000000000000000e+00 2.669774506720770245e-04 0.000000000000000000e+00 0.000000000000000000e+00 0.000000000000000000e+00 7.256209497334363805e-04 7.451874318871692764e-04 0.000000000000000000e+00 0.000000000000000000e+00 7.801878965502190505e-04 7.939427787041889763e-04 1.166542823610653269e-04 0.000000000000000000e+00
0.000000000000000000e+00 0.000000000000000000e+00 0.000000000000000000e+00 0.000000000000000000e+00 2.657895408533047957e-04 0.000000000000000000e+00 0.000000000000000000e+00 0.000000000000000000e+00 7.334842445001473008e-04 7.552587397430722159e-04 0.000000000000000000e+00 0.000000000000000000e+00 7.876243091011327167e-04 8.057768095426796548e-04 1.148950467058321850e-04 0.000000000000000000e+00
0.000000000000000000e+00 0.000000000000000000e+00 0.000000000000000000e+00 0.000000000000000000e+00 2.667758107629071345e-04 0.000000000000000000e+00 0.000000000000000000e+00 0.000000000000000000e+00 7.315111112276393053e-04 7.507111741072298701e-04 0.000000000000000000e+00 0.000000000000000000e+00 7.996980183324913947e-04 8.142118212642466190e-04 1.204472467458345331e-04 0.000000000000000000e+00
0.000000000000000000e+00 0.000000000000000000e+00 0.000000000000000000e+00 0.000000000000000000e+00 2.632723058471806397e-04 0.000000000000000000e+00 0.000000000000000000e+00 0.000000000000000000e+00 7.358188690589922585e-04 7.645233621867790746e-04 0.000000000000000000e+00 0.000000000000000000e+00 7.884047792599959770e-04 8.097167162712272642e-04 1.273207576113367511e-04 0.000000000000000000e+00
0.000000000000000000e+00 0.000000000000000000e+00 0.000000000000000000e+00 0.000000000000000000e+00 2.636880928293309600e-04 0.000000000000000000e+00 0.000000000000000000e+00 0.000000000000000000e+00 7.302108894018373517e-04 7.516262058219903407e-04 0.000000000000000000e+00 0.000000000000000000e+00 7.958123897000078488e-04 8.089327855552289927e-04 1.455131389960964802e-04 0.000000000000000000e+00
0.000000000000000000e+00 0.000000000000000000e+00 0.000000000000000000e+00 0.000000000000000000e+00 2.642624924478166539e-04 0.000000000000000000e+00 0.000000000000000000e+00 0.000000000000000000e+00 7.296040634910063057e-04 7.499794083150601587e-04 0.000000000000000000e+00 0.000000000000000000e+00 7.979089322736798631e-04 8.139444911493772840e-04 1.378509283344228869e-04 0.000000000000000000e+00
0.000000000000000000e+00 0.000000000000000000e+00 0.000000000000000000e+00 0.000000000000000000e+00 2.786726915066106442e-04 0.000000000000000000e+00 0.000000000000000000e+00 0.000000000000000000e+00 7.298720626241666024e-04 7.475512623373091557e-04 0.000000000000000000e+00 0.000000000000000000e+00 7.954540060610194342e-04 8.100728283041418610e-04 1.319800484975579323e-04 0.000000000000000000e+00
0.000000000000000000e+00 0.000000000000000000e+00 0.000000000000000000e+00 0.000000000000000000e+00 2.656238680996410415e-04 0.000000000000000000e+00 0.000000000000000000e+00 0.000000000000000000e+00 7.298968958772818162e-04 7.535658224867643369e-04 0.000000000000000000e+00 0.000000000000000000e+00 8.135419841450025613e-04 8.340972914345649641e-04 1.350079671819718035e-04 0.000000000000000000e+00
0.000000000000000000e+00 0.000000000000000000e+00 0.000000000000000000e+00 0.000000000000000000e+00 2.614453567267260273e-04 0.000000000000000000e+00 0.000000000000000000e+00 0.000000000000000000e+00 7.340905335639721528e-04 7.590168026613310082e-04 0.000000000000000000e+00 0.000000000000000000e+00 7.900009515434232776e-04 8.097461006537830198e-04 1.284578187350955691e-04 0.000000000000000000e+00
0.000000000000000000e+00 0.000000000000000000e+00 0.000000000000000000e+00 0.000000000000000000e+00 2.615759771167735625e-04 0.000000000000000000e+00 0.000000000000000000e+00 0.000000000000000000e+00 7.483185414329591089e-04 7.642826592126268940e-04 0.000000000000000000e+00 0.000000000000000000e+00 8.053807835137253256e-04 8.131651411185551260e-04 1.446222503373153156e-04 0.000000000000000000e+00
0.000000000000000000e+00 0.000000000000000000e+00 0.000000000000000000e+00 0.000000000000000000e+00 2.680509976787884166e-04 0.000000000000000000e+00 0.000000000000000000e+00 0.000000000000000000e+00 7.228225972952130986e-04 7.390845541607879909e-04 0.000000000000000000e+00 0.000000000000000000e+00 7.980865233384634282e-04 8.086476336893574013e-04 1.265943233390552387e-04 0.000000000000000000e+00
0.000000000000000000e+00 0.000000000000000000e+00 0.000000000000000000e+00 0.000000000000000000e+00 2.641537870789944175e-04 0.000000000000000000e+00 0.000000000000000000e+00 0.000000000000000000e+00 7.299086870534209157e-04 7.529251058416464200e-04 0.000000000000000000e+00 0.000000000000000000e+00 7.864202299238929900e-04 8.046419809246531732e-04 1.238893436065350900e-04 0.000000000000000000e+00
0.000000000000000000e+00 0.000000000000000000e+00 0.000000000000000000e+00 0.000000000000000000e+00 2.626540303054042055e-04 0.000000000000000000e+00 0.000000000000000000e+00 0.000000000000000000e+00 7.386303352649453572e-04 7.583058918538196618e-04 0.000000000000000000e+00 0.000000000000000000e+00 8.034483852334835773e-04 8.175571312008236488e-04 1.273365612801367094e-04 0.000000000000000000e+00
0.000000000000000000e+00 0.000000000000000000e+00 0.000000000000000000e+00 0.000000000000000000e+00 2.688999750825827261e-04 0.000000000000000000e+00 0.000000000000000000e+00 0.000000000000000000e+00 7.323992049652511575e-04 7.503067469401962812e-04 0.000000000000000000e+00 0.000000000000000000e+00 7.956390937158816295e-04 8.072553222767235321e-04 1.263709266206788126e-04 0.000000000000000000e+00
0.000000000000000000e+00 0.000000000000000000e+00 0.000000000000000000e+00 0.000000000000000000e+00 2.664746618405395640e-04 0.000000000000000000e+00 0.000000000000000000e+00 0.000000000000000000e+00 7.312223449189435721e-04 7.527407492885773710e-04 0.000000000000000000e+00 0.000000000000000000e+00 7.903440752508276036e-04 8.052157830748248946e-04 1.195405006783398629e-04 0.000000000000000000e+00
0.000000000000000000e+00 0.000000000000000000e+00 0.000000000000000000e+00 0.000000000000000000e+00 2.693948073351226939e-04 0.000000000000000000e+00 0.000000000000000000e+00 0.000000000000000000e+00 7.270655507457645782e-04 7.501137954106901727e-04 0.000000000000000000e+00 0.000000000000000000e+00 7.981004038142716726e-04 8.162485606607897083e-04 1.225324658541155493e-04 0.000000000000000000e+00
0.000000000000000000e+00 0.000000000000000000e+00 0.000000000000000000e+00 0.000000000000000000e+00 2.632083585393992517e-04 0.000000000000000000e+00 0.000000000000000000e+00 0.000000000000000000e+00 7.374512768754537409e-04 7.583949418797499920e-04 0.000000000000000000e+00 0.000000000000000000e+00 7.948971400590895730e-04 8.093883095972451624e-04 1.357622979223640982e-04 0.000000000000000000e+00
0.000000000000000000e+00 0.000000000000000000e+00 0.000000000000000000e+00 0.000000000000000000e+00 2.650971393426551441e-04 0.000000000000000000e+00 0.000000000000000000e+00 0.000000000000000000e+00 7.267405568906531912e-04 7.488847945539006548e-04 0.000000000000000000e+00 0.000000000000000000e+00 7.815158909433196502e-04 7.979996948059614372e-04 1.169189504762785148e-04 0.000000000000000000e+00
0.000000000000000000e+00 0.000000000000000000e+00 0.000000000000000000e+00 0.000000000000000000e+00 2.624992711420690516e-04 0.000000000000000000e+00 0.000000000000000000e+00 0.000000000000000000e+00 7.337407925773583228e-04 7.526986129917242162e-04 0.000000000000000000e+00 0.000000000000000000e+00 8.050289895492197508e-04 8.183326174879093943e-04 1.395078432548506081e-04 0.000000000000000000e+00
0.000000000000000000e+00 0.000000000000000000e+00 0.000000000000000000e+00 0.000000000000000000e+00 2.675018037207398222e-04 0.000000000000000000e+00 0.000000000000000000e+00 0.000000000000000000e+00 7.271299653732885481e-04 7.475985903994136371e-04 0.000000000000000000e+00 0.000000000000000000e+00 7.825023112268229830e-04 7.970185052970967313e-04 1.099695398921282543e-04 0.000000000000000000e+00
0.000000000000000000e+00 0.000000000000000000e+00 0.000000000000000000e+00 0.000000000000000000e+00 2.628429618718576099e-04 0.000000000000000000e+00 0.000000000000000000e+00 0.000000000000000000e+00 7.293607015972612684e-04 7.530909257965311132e-04 0.000000000000000000e+00 0.000000000000000000e+00 7.952250057487397989e-04 8.134746967037081913e-04 1.395108102863840485e-04 0.000000000000000000e+00
0.000000000000000000e+00 0.000000000000000000e+00 0.000000000000000000e+00 0.000000000000000000e+00 2.612979774905990044e-04 0.000000000000000000e+00 0.000000000000000000e+00 0.000000000000000000e+00 7.401738682644783303e-04 7.628390797265376198e-04 0.000000000000000000e+00 0.000000000000000000e+00 7.932328768359172937e-04 8.098293807573338395e-04 1.122094362824071562e-04 0.000000000000000000e+00
0.000000000000000000e+00 0.000000000000000000e+00 0.000000000000000000e+00 0.000000000000000000e+00 2.636265731028495599e-04 0.000000000000000000e+00 0.000000000000000000e+00 0.000000000000000000e+00 7.335422006200348040e-04 7.533931154200774550e-04 0.000000000000000000e+00 0.000000000000000000e+00 7.953250677709281305e-04 8.088285807421807328e-04 1.371285244203754305e-04 0.000000000000000000e+00
0.000000000000000000e+00 0.000000000000000000e+00 0.000000000000000000e+00 0.000000000000000000e+00 2.715379631695888168e-04 0.000000000000000000e+00 0.000000000000000000e+00 0.000000000000000000e+00 7.288846429331688991e-04 7.482536161696042108e-04 0.000000000000000000e+00 0.000000000000000000e+00 7.925296543007327764e-04 8.064054174546427412e-04 1.164569386199121656e-04 0.000000000000000000e+00
0.000000000000000000e+00 0.000000000000000000e+00 0.000000000000000000e+00 0.000000000000000000e+00 2.645154011205474737e-04 0.000000000000000000e+00 0.000000000000000000e+00 0.000000000000000000e+00 7.234119229176730337e-04 7.489113560270331581e-04 0.000000000000000000e+00 0.000000000000000000e+00 7.878270659414395418e-04 8.058650650523030727e-04 1.351407056472581926e-04 0.000000000000000000e+00
0.000000000000000000e+00 0.000000000000000000e+00 0.000000000000000000e+00 0.000000000000000000e+00 2.603324891501545180e-04 0.000000000000000000e+00 0.000000000000000000e+00 0.000000000000000000e+00 7.408333870715472181e-04 7.558278263369601607e-04 0.000000000000000000e+00 0.000000000000000000e+00 7.994440842323011047e-04 8.093429827779180779e-04 1.223927645550224313e-04 0.000000000000000000e+00
0.000000000000000000e+00 0.000000000000000000e+00 0.000000000000000000e+00 0.000000000000000000e+00 2.669000539547684782e-04 0.000000000000000000e+00 0.000000000000000000e+00 0.000000000000000000e+00 7.464105065389600594e-04 7.639194542561275614e-04 0.000000000000000000e+00 0.000000000000000000e+00 8.078716214264185062e-04 8.215735271791957265e-04 1.359793456916843103e-04 0.000000000000000000e+00
0.000000000000000000e+00 0.000000000000000000e+00 0.000000000000000000e+00 0.000000000000000000e+00 2.619605760538853577e-04 0.000000000000000000e+00 0.000000000000000000e+00 0.000000000000000000e+00 7.318720866033062884e-04 7.553571369984900382e-04 0.000000000000000000e+00 0.000000000000000000e+00 7.942601683875841244e-04 8.114638739891536249e-04 1.361832655812217623e-04 0.000000000000000000e+00
0.000000000000000000e+00 0.000000000000000000e+00 0.000000000000000000e+00 0.000000000000000000e+00 2.619455420530088425e-04 0.000000000000000000e+00 0.000000000000000000e+00 0.000000000000000000e+00 7.347622605049405594e-04 7.525432932871408244e-04 0.000000000000000000e+00 0.000000000000000000e+00 7.971630892492344517e-04 8.093536624118255474e-04 1.258550919698296947e-04 0.000000000000000000e+00
0.000000000000000000e+00 0.000000000000000000e+00 0.000000000000000000e+00 0.000000000000000000e+00 2.653044578033831539e-04 0.000000000000000000e+00 0.000000000000000000e+00 0.000000000000000000e+00 7.222904796351549417e-04 7.460282038646566354e-04 0.000000000000000000e+00 0.000000000000000000e+00 7.995822059372161353e-04 8.180361095414121408e-04 1.261292973134883072e-04 0.000000000000000000e+00
0.000000000000000000e+00 0.000000000000000000e+00 0.000000000000000000e+00 0.000000000000000000e+00 2.561746856033079761e-04 0.000000000000000000e+00 0.000000000000000000e+00 0.000000000000000000e+00 7.212590969569474897e-04 7.441541080972298612e-04 0.000000000000000000e+00 0.000000000000000000e+00 7.894789596849410319e-04 8.061510251437761267e-04 1.194129399404199321e-04 0.000000000000000000e+00
0.000000000000000000e+00 0.000000000000000000e+00 0.000000000000000000e+00 0.000000000000000000e+00 2.664526567983504374e-04 0.000000000000000000e+00 0.000000000000000000e+00 0.000000000000000000e+00 7.338414366720958856e-04 7.532398744509108271e-04 0.000000000000000000e+00 0.000000000000000000e+00 8.011218681879561133e-04 8.156253262180310475e-04 1.230603026944187964e-04 0.000000000000000000e+00
0.000000000000000000e+00 0.000000000000000000e+00 0.000000000000000000e+00 0.000000000000000000e+00 2.699004015153650651e-04 0.000000000000000000e+00 0.000000000000000000e+00 0.000000000000000000e+00 7.286573862304860294e-04 7.493065341130167659e-04 0.000000000000000000e+00 0.000000000000000000e+00 8.014115895515401024e-04 8.163256493595446662e-04 1.381952212000756724e-04 0.000000000000000000e+00
0.000000000000000000e+00 0.000000000000000000e+00 0.000000000000000000e+00 0.000000000000000000e+00 2.608078329421079718e-04 0.000000000000000000e+00 0.000000000000000000e+00 0.000000000000000000e+00 7.245966946363102635e-04 7.472816324726182539e-04 0.000000000000000000e+00 0.000000000000000000e+00 7.797314785185833520e-04 7.949638882524377335e-04 1.173926766582744868e-04 0.000000000000000000e+00
0.000000000000000000e+00 0.000000000000000000e+00 0.000000000000000000e+00 0.000000000000000000e+00 2.645118313220021656e-04 0.000000000000000000e+00 0.000000000000000000e+00 0.000000000000000000e+00 7.454268668717386592e-04 7.659761198255106516e-04 0.000000000000000000e+00 0.000000000000000000e+00 7.866299979448031351e-04 8.005387202932306035e-04 1.221129817534927502e-04 0.000000000000000000e+00
0.000000000000000000e+00 0.000000000000000000e+00 0.000000000000000000e+00 0.000000000000000000e+00 2.682583478190792622e-04 0.000000000000000000e+00 0.000000000000000000e+00 0.000000000000000000e+00 7.174621317026325064e-04 7.436833044238419033e-04 0.000000000000000000e+00 0.000000000000000000e+00 7.922434194117171456e-04 8.152120004025921853e-04 1.233996742302793026e-04 0.000000000000000000e+00
0.000000000000000000e+00 0.000000000000000000e+00 0.000000000000000000e+00 0.000000000000000000e+00 2.667605857372060802e-04 0.000000000000000000e+00 0.000000000000000000e+00 0.000000000000000000e+00 7.326172652082972407e-04 7.527471674418797056e-04 0.000000000000000000e+00 0.000000000000000000e+00 7.887305963548159717e-04 8.020462481978279023e-04 1.186786912364851831e-04 0.000000000000000000e+00
0.000000000000000000e+00 0.000000000000000000e+00 0.000000000000000000e+00 0.000000000000000000e+00 2.655561209672365158e-04 0.000000000000000000e+00 0.000000000000000000e+00 0.000000000000000000e+00 7.310037109028607021e-04 7.489790882272555654e-04 0.000000000000000000e+00 0.000000000000000000e+00 7.983384960664238316e-04 8.100295659960840729e-04 1.290509558925912565e-04 0.000000000000000000e+00
0.000000000000000000e+00 0.000000000000000000e+00 0.000000000000000000e+00 0.000000000000000000e+00 2.658528157187312925e-04 0.000000000000000000e+00 0.000000000000000000e+00 0.000000000000000000e+00 7.368070459051725887e-04 7.599605057517004559e-04 0.000000000000000000e+00 0.000000000000000000e+00 7.970795734774606314e-04 8.136789168376982887e-04 1.319796377454669821e-04 0.000000000000000000e+00
0.000000000000000000e+00 0.000000000000000000e+00 0.000000000000000000e+00 0.000000000000000000e+00 2.702141292259933078e-04 0.000000000000000000e+00 0.000000000000000000e+00 0.000000000000000000e+00 7.329870008931013963e-04 7.558801180046582436e-04 0.000000000000000000e+00 0.000000000000000000e+00 7.971942164299326622e-04 8.152873740328213598e-04 1.275714430201193845e-04 0.000000000000000000e+00
0.000000000000000000e+00 0.000000000000000000e+00 0.000000000000000000e+00 0.000000000000000000e+00 2.612362617510059922e-04 0.000000000000000000e+00 0.000000000000000000e+00 0.000000000000000000e+00 7.334049358965404964e-04 7.532072638363033774e-04 0.000000000000000000e+00 0.000000000000000000e+00 7.932959471118154748e-04 8.082601614311071868e-04 1.237389284978585415e-04 0.000000000000000000e+00
0.000000000000000000e+00 0.000000000000000000e+00 0.000000000000000000e+00 0.000000000000000000e+00 2.633522010123794392e-04 0.000000000000000000e+00 0.000000000000000000e+00 0.000000000000000000e+00 7.341574992931593734e-04 7.582997975321791170e-04 0.000000000000000000e+00 0.000000000000000000e+00 8.009713021033249263e-04 8.215218199320767399e-04 1.329970461223415560e-04 0.000000000000000000e+00
0.000000000000000000e+00 0.000000000000000000e+00 0.000000000000000000e+00 0.000000000000000000e+00 2.709669178004586601e-04 0.000000000000000000e+00 0.000000000000000000e+00 0.000000000000000000e+00 7.270805678815607433e-04 7.466503966027045235e-04 0.000000000000000000e+00 0.000000000000000000e+00 7.968068165737300212e-04 8.090620208408015645e-04 1.348623929832133239e-04 0.000000000000000000e+00
0.000000000000000000e+00 0.000000000000000000e+00 0.000000000000000000e+00 0.000000000000000000e+00 2.725695758980793996e-04 0.000000000000000000e+00 0.000000000000000000e+00 0.000000000000000000e+00 7.322669958345868558e-04 7.561894228157832465e-04 0.000000000000000000e+00 0.000000000000000000e+00 8.024713534869683425e-04 8.202309580260118459e-04 1.292543601569748606e-04 0.000000000000000000e+00
0.000000000000000000e+00 0.000000000000000000e+00 0.000000000000000000e+00 0.000000000000000000e+00 2.641601090287404546e-04 0.000000000000000000e+00 0.000000000000000000e+00 0.000000000000000000e+00 7.423453962628459362e-04 7.585481841200216943e-04 0.000000000000000000e+00 0.000000000000000000e+00 8.085657169539686544e-04 8.226620335066948606e-04 1.350793941135371330e-04 0.000000000000000000e+00
0.000000000000000000e+00 0.000000000000000000e+00 0.000000000000000000e+00 0.000000000000000000e+00 2.656317668751327372e-04 0.000000000000000000e+00 0.000000000000000000e+00 0.000000000000000000e+00 7.229276524865604946e-04 7.448388756943114973e-04 0.000000000000000000e+00 0.000000000000000000e+00 7.813555661614653277e-04 7.973568818805022588e-04 1.143574105565128482e-04 0.000000000000000000e+00
0.000000000000000000e+00 0.000000000000000000e+00 0.000000000000000000e+00 0.000000000000000000e+00 2.697080474306743649e-04 0.000000000000000000e+00 0.000000000000000000e+00 0.000000000000000000e+00 7.291250581079665276e-04 7.517099485457283273e-04 0.000000000000000000e+00 0.000000000000000000e+00 7.898363318868714244e-04 8.073494697722605456e-04 1.129138515615330071e-04 0.000000000000000000e+00
