# 'name' : 'rogers_a02_b00_d00_g00'
# 'source' : 'rogers_a02_b00_d00_g00.yaml'
# 'sample_pops' : ['X', 'D', 'Y', 'N']
# 'sample_size' : 1
# 'n_reps' : 100
# 'n_windows' : 200
# 'seq_length' : 100000000.0
# 'window_length' : 500000.0
# 'recomb_rate' : 1e-08
# 'mut_rate' : 1e-08
# 'created' : None
0.000000000000000000e+00 0.000000000000000000e+00 0.000000000000000000e+00 0.000000000000000000e+00 4.612473077090000761e-01 0.000000000000000000e+00 0.000000000000000000e+00 0.000000000000000000e+00 4.042203396066156307e-01 4.192635301603157560e-01 0.000000000000000000e+00 0.000000000000000000e+00 4.624852628688943534e-01 4.767408832719152167e-01 7.299462272382870043e-02 0.000000000000000000e+00
0.000000000000000000e+00 0.000000000000000000e+00 0.000000000000000000e+00 0.000000000000000000e+00 4.587878633285855101e-01 0.000000000000000000e+00 0.000000000000000000e+00 0.000000000000000000e+00 3.952478269979750602e-01 4.124809721040897936e-01 0.000000000000000000e+00 0.000000000000000000e+00 4.635915139612147851e-01 4.815227921388487986e-01 7.415865843208430119e-02 0.000000000000000000e+00
0.000000000000000000e+00 0.000000000000000000e+00 0.000000000000000000e+00 0.000000000000000000e+00 4.521081218241170263e-01 0.000000000000000000e+00 0.000000000000000000e+00 0.000000000000000000e+00 3.935048860252247649e-01 4.109780903777259797e-01 0.000000000000000000e+00 0.000000000000000000e+00 4.628085203849762186e-01 4.799921824870356235e-01 7.022832215122466748e-02 0.000000000000000000e+00
0.000000000000000000e+00 0.000000000000000000e+00 0.000000000000000000e+00 0.000000000000000000e+00 4.649426377555188061e-01 0.000000000000000000e+00 0.000000000000000000e+00 0.000000000000000000e+00 4.017321504644199570e-01 4.145906976684784473e-01 0.000000000000000000e+00 0.000000000000000000e+00 4.502039760023756054e-01 4.611274967958360893e-01 6.582046465015732595e-02 0.000000000000000000e+00
0.000000000000000000e+00 0.000000000000000000e+00 0.000000000000000000e+00 0.000000000000000000e+00 4.527462158107857793e-01 0.000000000000000000e+00 0.000000000000000000e+00 0.000000000000000000e+00 3.970510931089375473e-01 4.125544282769434412e-01 0.000000000000000000e+00 0.000000000000000000e+00 4.639637458004099990e-01 4.787361940313589193e-01 7.520710938653235589e-02 0.000000000000000000e+00
0.000000000000000000e+00 0.000000000000000000e+00 0.000000000000000000e+00 0.000000000000000000e+00 4.541333405474767271e-01 0.000000000000000000e+00 0.000000000000000000e+00 0.000000000000000000e+00 4.026038034988626002e-01 4.206684918983997212e-01 0.000000000000000000e+00 0.000000000000000000e+00 4.621173806136826823e-01 4.807924774072500074e-01 7.212631837112704059e-02 0.000000000000000000e+00
0.000000000000000000e+00 0.000000000000000000e+00 0.000000000000000000e+00 0.000000000000000000e+00 4.556277438213776065e-01 0.000000000000000000e+00 0.000000000000000000e+00 0.000000000000000000e+00 4.131195359678709877e-01 4.323755941419416549e-01 0.000000000000000000e+00 0.000000000000000000e+00 4.691540490734455449e-01 4.877090125043525015e-01 8.778852358054449467e-02 0.000000000000000000e+00
0.000000000000000000e+00 0.000000000000000000e+00 0.000000000000000000e+00 0.000000000000000000e+00 4.638249617480804665e-01 0.000000000000000000e+00 0.000000000000000000e+00 0.000000000000000000e+00 3.984383015738019451e-01 4.152118580548816440e-01 0.000000000000000000e+00 0.000000000000000000e+00 4.659603694075460933e-01 4.818392785988296345e-01 7.486413941262269611e-02 0.000000000000000000e+00
0.000000000000000000e+00 0.000000000000000000e+00 0.000000000000000000e+00 0.000000000000000000e+00 4.582672913597874986e-01 0.000000000000000000e+00 0.000000000000000000e+00 0.000000000000000000e+00 3.973166122425931812e-01 4.132307650321954129e-01 0.000000000000000000e+00 0.000000000000000000e+00 4.628081285467018358e-01 4.795026504881645391e-01 7.376828855186970402e-02 0.000000000000000000e+00
0.000000000000000000e+00 0.000000000000000000e+00 0.000000000000000000e+00 0.000000000000000000e+00 4.622889763532491703e-01 0.000000000000000000e+00 0.000000000000000000e+00 0.000000000000000000e+00 3.966654067522120131e-01 4.125007549677738306e-01 0.000000000000000000e+00 0.000000000000000000e+00 4.594706319441657638e-01 4.735017713497429725e-01 7.418666352218523941e-02 0.000000000000000000e+00
0.000000000000000000e+00 0.000000000000000000e+00 0.000000000000000000e+00 0.000000000000000000e+00 4.604884685483252582e-01 0.000000000000000000e+00 0.000000000000000000e+00 0.000000000000000000e+00 4.043903143198172567e-01 4.220254939907082670e-01 0.000000000000000000e+00 0.000000000000000000e+00 4.584655509380907157e-01 4.748343797701906066e-01 7.556370322758328151e-02 0.000000000000000000e+00
0.000000000000000000e+00 0.000000000000000000e+00 0.000000000000000000e+00 0.000000000000000000e+00 4.651778119052447646e-01 0.000000000000000000e+00 0.000000000000000000e+00 0.000000000000000000e+00 4.027732649041624313e-01 4.194258583679226771e-01 0.000000000000000000e+00 0.000000000000000000e+00 4.440749329351391106e-01 4.579970093264739694e-01 6.892290742539039505e-02 0.000000000000000000e+00
0.000000000000000000e+00 0.000000000000000000e+00 0.000000000000000000e+00 0.000000000000000000e+00 4.667579983291163526e-01 0.000000000000000000e+00 0.000000000000000000e+00 0.000000000000000000e+00 3.962423890130324367e-01 4.119856728946511004e-01 0.000000000000000000e+00 0.000000000000000000e+00 4.592213564591496322e-01 4.746408793337876242e-01 7.270728307449361716e-02 0.000000000000000000e+00
0.000000000000000000e+00 0.000000000000000000e+00 0.000000000000000000e+00 0.000000000000000000e+00 4.621702317277117111e-01 0.000000000000000000e+00 0.000000000000000000e+00 0.000000000000000000e+00 4.015468981781469271e-01 4.187989004708090324e-01 0.000000000000000000e+00 0.000000000000000000e+00 4.628119707046448039e-01 4.793277184056112805e-01 8.006461788642070532e-02 0.000000000000000000e+00
0.000000000000000000e+00 0.000000000000000000e+00 0.000000000000000000e+00 0.000000000000000000e+00 4.518177275078128496e-01 0.000000000000000000e+00 0.000000000000000000e+00 0.000000000000000000e+00 4.007633757413690545e-01 4.159413115805415950e-01 0.000000000000000000e+00 0.000000000000000000e+00 4.661698501937893147e-01 4.821160922329145171e-01 7.946291464020567574e-02 0.000000000000000000e+00
0.000000000000000000e+00 0.000000000000000000e+00 0.000000000000000000e+00 0.000000000000000000e+00 4.688092805401563590e-01 0.000000000000000000e+00 0.000000000000000000e+00 0.000000000000000000e+00 4.006154971656983310e-01 4.200760117085960976e-01 0.000000000000000000e+00 0.000000000000000000e+00 4.615989778799319265e-01 4.809372099657018285e-01 7.344808528319987651e-02 0.000000000000000000e+00
0.000000000000000000e+00 0.000000000000000000e+00 0.000000000000000000e+00 0.000000000000000000e+00 4.530297189339633213e-01 0.000000000000000000e+00 0.000000000000000000e+00 0.000000000000000000e+00 4.030084178154506036e-01 4.159562194677849933e-01 0.000000000000000000e+00 0.000000000000000000e+00 4.675362108278226514e-01 4.801243479884926280e-01 7.196208055194580622e-02 0.000000000000000000e+00
0.000000000000000000e+00 0.000000000000000000e+00 0.000000000000000000e+00 0.000000000000000000e+00 4.615229692447785359e-01 0.000000000000000000e+00 0.000000000000000000e+00 0.000000000000000000e+00 3.899118748945260560e-01 4.086384153768122252e-01 0.000000000000000000e+00 0.000000000000000000e+00 4.583297971461744447e-01 4.766783839900130548e-01 6.565610477465465278e-02 0.000000000000000000e+00
0.000000000000000000e+00 0.000000000000000000e+00 0.000000000000000000e+00 0.000000000000000000e+00 4.636961734398291624e-01 0.000000000000000000e+00 0.000000000000000000e+00 0.000000000000000000e+00 4.033720990818359109e-01 4.201707082997097054e-01 0.000000000000000000e+00 0.000000000000000000e+00 4.788241543632547614e-01 4.967787745938938571e-01 8.285119586445566231e-02 0.000000000000000000e+00
0.000000000000000000e+00 0.000000000000000000e+00 0.000000000000000000e+00 0.000000000000000000e+00 4.616429203136146464e-01 0.000000000000000000e+00 0.000000000000000000e+00 0.000000000000000000e+00 4.045744922810644018e-01 4.170190602698187199e-01 0.000000000000000000e+00 0.000000000000000000e+00 4.636401827955244914e-01 4.757551563942384876e-01 6.949070909538944407e-02 0.000000000000000000e+00
0.000000000000000000e+00 0.000000000000000000e+00 0.000000000000000000e+00 0.000000000000000000e+00 4.548711334148156094e-01 0.000000000000000000e+00 0.000000000000000000e+00 0.000000000000000000e+00 4.055628838440237249e-01 4.223099434406485941e-01 0.000000000000000000e+00 0.000000000000000000e+00 4.611851971432809338e-01 4.774107829348620546e-01 7.164653957173811039e-02 0.000000000000000000e+00
0.000000000000000000e+00 0.000000000000000000e+00 0.000000000000000000e+00 0.000000000000000000e+00 4.634974803679368649e-01 0.000000000000000000e+00 0.000000000000000000e+00 0.000000000000000000e+00 4.011114188045830087e-01 4.191007906787897475e-01 0.000000000000000000e+00 0.000000000000000000e+00 4.594594192837792579e-01 4.772987214866385997e-01 6.886662735183322892e-02 0.000000000000000000e+00
0.000000000000000000e+00 0.000000000000000000e+00 0.000000000000000000e+00 0.000000000000000000e+00 4.583254625480012723e-01 0.000000000000000000e+00 0.000000000000000000e+00 0.000000000000000000e+00 3.998813642546227287e-01 4.167528062134576161e-01 0.000000000000000000e+00 0.000000000000000000e+00 4.572301913949563534e-01 4.736346474165590292e-01 7.155678584188172875e-02 0.000000000000000000e+00
0.000000000000000000e+00 0.000000000000000000e+00 0.000000000000000000e+00 0.000000000000000000e+00 4.527453803772075180e-01 0.000000000000000000e+00 0.000000000000000000e+00 0.000000000000000000e+00 3.940579643562470147e-01 4.111500659072894748e-01 0.000000000000000000e+00 0.000000000000000000e+00 4.595544767624724081e-01 4.769707189911603917e-01 6.922826564502257418e-02 0.000000000000000000e+00
0.000000000000000000e+00 0.000000000000000000e+00 0.000000000000000000e+00 0.000000000000000000e+00 4.681334899058846588e-01 0.000000000000000000e+00 0.000000000000000000e+00 0.000000000000000000e+00 3.953736636422313655e-01 4.125355444334980470e-01 0.000000000000000000e+00 0.000000000000000000e+00 4.675288421605184874e-01 4.853364113735409435e-01 7.826369598869196975e-02 0.000000000000000000e+00
0.000000000000000000e+00 0.000000000000000000e+00 0.000000000000000000e+00 0.000000000000000000e+00 4.698122536286128970e-01 0.000000000000000000e+00 0.000000000000000000e+00 0.000000000000000000e+00 4.091745567264624683e-01 4.272342110817921590e-01 0.000000000000000000e+00 0.000000000000000000e+00 4.629617346646243692e-01 4.802264749707863545e-01 8.228985331362595468e-02 0.000000000000000000e+00
0.000000000000000000e+00 0.000000000000000000e+00 0.000000000000000000e+00 0.000000000000000000e+00 4.725071336772051489e-01 0.000000000000000000e+00 0.000000000000000000e+00 0.000000000000000000e+00 4.051618885892086519e-01 4.183853033201260785e-01 0.000000000000000000e+00 0.000000000000000000e+00 4.668048379314575502e-01 4.789528044052228650e-01 7.495736527246749104e-02 0.000000000000000000e+00
0.000000000000000000e+00 0.000000000000000000e+00 0.000000000000000000e+00 0.000000000000000000e+00 4.504671437490537222e-01 0.000000000000000000e+00 0.000000000000000000e+00 0.000000000000000000e+00 4.000560365087321157e-01 4.175020505664663317e-01 0.000000000000000000e+00 0.000000000000000000e+00 4.591250923759147007e-01 4.759338299701004749e-01 7.237277848206322139e-02 0.000000000000000000e+00
0.000000000000000000e+00 0.000000000000000000e+00 0.000000000000000000e+00 0.000000000000000000e+00 4.607307194087632563e-01 0.000000000000000000e+00 0.000000000000000000e+00 0.000000000000000000e+00 4.022603043951070156e-01 4.183989925174729230e-01 0.000000000000000000e+00 0.000000000000000000e+00 4.645573692028456270e-01 4.797341798410716951e-01 7.385903716384245588e-02 0.000000000000000000e+00
0.000000000000000000e+00 0.000000000000000000e+00 0.000000000000000000e+00 0.000000000000000000e+00 4.618050649862407431e-01 0.000000000000000000e+00 0.000000000000000000e+00 0.000000000000000000e+00 4.064750626376301135e-01 4.227920208117018075e-01 0.000000000000000000e+00 0.000000000000000000e+00 4.663509409715611564e-01 4.819497142002605039e-01 7.953380379509762677e-02 0.000000000000000000e+00
0.000000000000000000e+00 0.000000000000000000e+00 0.000000000000000000e+00 0.000000000000000000e+00 4.664522056636266623e-01 0.000000000000000000e+00 0.000000000000000000e+00 0.000000000000000000e+00 3.920229303373468088e-01 4.093356902507798156e-01 0.000000000000000000e+00 0.000000000000000000e+00 4.532366354676962139e-01 4.710204166064435594e-01 6.278356173324571576e-02 0.000000000000000000e+00
0.000000000000000000e+00 0.000000000000000000e+00 0.000000000000000000e+00 0.000000000000000000e+00 4.658015060184904077e-01 0.000000000000000000e+00 0.000000000000000000e+00 0.000000000000000000e+00 4.030707090558354189e-01 4.187612076333078193e-01 0.000000000000000000e+00 0.000000000000000000e+00 4.644564942750070702e-01 4.793502820010989152e-01 7.436229044402090094e-02 0.000000000000000000e+00
0.000000000000000000e+00 0.000000000000000000e+00 0.000000000000000000e+00 0.000000000000000000e+00 4.648229935438752958e-01 0.000000000000000000e+00 0.000000000000000000e+00 0.000000000000000000e+00 3.983847523519774558e-01 4.143483426364611422e-01 0.000000000000000000e+00 0.000000000000000000e+00 4.562837563987390266e-01 4.718819689703198095e-01 6.853513036108019318e-02 0.000000000000000000e+00
0.000000000000000000e+00 0.000000000000000000e+00 0.000000000000000000e+00 0.000000000000000000e+00 4.565961352248133487e-01 0.000000000000000000e+00 0.000000000000000000e+00 0.000000000000000000e+00 3.973198518545191793e-01 4.130274206859422814e-01 0.000000000000000000e+00 0.000000000000000000e+00 4.667328601796701393e-01 4.827384714454873715e-01 7.217850286604493570e-02 0.000000000000000000e+00
0.000000000000000000e+00 0.000000000000000000e+00 0.000000000000000000e+00 0.000000000000000000e+00 4.622143934967021806e-01 0.000000000000000000e+00 0.000000000000000000e+00 0.000000000000000000e+00 3.958587505484599256e-01 4.136190992787521781e-01 0.000000000000000000e+00 0.000000000000000000e+00 4.609384768781186192e-01 4.789116799454927742e-01 7.231341920986598948e-02 0.000000000000000000e+00
0.000000000000000000e+00 0.000000000000000000e+00 0.000000000000000000e+00 0.000000000000000000e+00 4.559939674332900150e-01 0.000000000000000000e+00 0.000000000000000000e+00 0.000000000000000000e+00 4.055283949077664318e-01 4.242648819528255233e-01 0.000000000000000000e+00 0.000000000000000000e+00 4.641747489179575137e-01 4.830595912162216066e-01 7.750095185014739541e-02 0.000000000000000000e+00
0.000000000000000000e+00 0.000000000000000000e+00 0.000000000000000000e+00 0.000000000000000000e+00 4.564693145903837013e-01 0.000000000000000000e+00 0.000000000000000000e+00 0.000000000000000000e+00 4.000458475968477479e-01 4.190892194002343030e-01 0.000000000000000000e+00 0.000000000000000000e+00 4.546313540407262987e-01 4.736162129380104280e-01 7.177960737444136208e-02 0.000000000000000000e+00
0.000000000000000000e+00 0.000000000000000000e+00 0.000000000000000000e+00 0.000000000000000000e+00 4.556130794780484661e-01 0.000000000000000000e+00 0.000000000000000000e+00 0.000000000000000000e+00 3.965438247676247863e-01 4.127919010807075684e-01 0.000000000000000000e+00 0.000000000000000000e+00 4.585347491039541978e-01 4.734843429680641869e-01 7.008771704902908017e-02 0.000000000000000000e+00
0.000000000000000000e+00 0.000000000000000000e+00 0.000000000000000000e+00 0.000000000000000000e+00 4.627763149345975324e-01 0.000000000000000000e+00 0.000000000000000000e+00 0.000000000000000000e+00 3.941808146490647369e-01 4.112191941596964329e-01 0.000000000000000000e+00 0.000000000000000000e+00 4.657373131131618549e-01 4.825913910826659659e-01 7.160706384529161306e-02 0.000000000000000000e+00
0.000000000000000000e+00 0.000000000000000000e+00 0.000000000000000000e+00 0.000000000000000000e+00 4.639587363662610597e-01 0.000000000000000000e+00 0.000000000000000000e+00 0.000000000000000000e+00 4.037152319814605872e-01 4.182087975295238902e-01 0.000000000000000000e+00 0.000000000000000000e+00 4.674202305699960425e-01 4.806395134866109919e-01 7.841067488775721461e-02 0.000000000000000000e+00
0.000000000000000000e+00 0.000000000000000000e+00 0.000000000000000000e+00 0.000000000000000000e+00 4.666315329845903692e-01 0.000000000000000000e+00 0.000000000000000000e+00 0.000000000000000000e+00 4.006467111943799453e-01 4.174447161997562050e-01 0.000000000000000000e+00 0.000000000000000000e+00 4.648071967826669648e-01 4.820453002743340098e-01 7.380012966438960487e-02 0.000000000000000000e+00
0.000000000000000000e+00 0.000000000000000000e+00 0.000000000000000000e+00 0.000000000000000000e+00 4.610516308931434382e-01 0.000000000000000000e+00 0.000000000000000000e+00 0.000000000000000000e+00 3.981837076521010377e-01 4.124763600875405722e-01 0.000000000000000000e+00 0.000000000000000000e+00 4.513923413717949029e-01 4.641362478601701036e-01 6.665675659162642597e-02 0.000000000000000000e+00
0.000000000000000000e+00 0.000000000000000000e+00 0.000000000000000000e+00 0.000000000000000000e+00 4.630837257596685519e-01 0.000000000000000000e+00 0.000000000000000000e+00 0.000000000000000000e+00 4.077239864250159496e-01 4.225411630612771474e-01 0.000000000000000000e+00 0.000000000000000000e+00 4.647998959067013436e-01 4.797072876993715429e-01 7.644419926552864508e-02 0.000000000000000000e+00
0.000000000000000000e+00 0.000000000000000000e+00 0.000000000000000000e+00 0.000000000000000000e+00 4.613002124713063701e-01 0.000000000000000000e+00 0.000000000000000000e+00 0.000000000000000000e+00 4.054439316307699159e-01 4.207655407368330325e-01 0.000000000000000000e+00 0.000000000000000000e+00 4.671897471695815596e-01 4.825050095690482377e-01 7.372049303634593820e-02 0.000000000000000000e+00
0.000000000000000000e+00 0.000000000000000000e+00 0.000000000000000000e+00 0.000000000000000000e+00 4.613180191857901291e-01 0.000000000000000000e+00 0.000000000000000000e+00 0.000000000000000000e+00 3.978082668094350405e-01 4.151362814808565727e-01 0.000000000000000000e+00 0.000000000000000000e+00 4.636554361897637366e-01 4.798379774297130695e-01 7.395522443318043593e-02 0.000000000000000000e+00
0.000000000000000000e+00 0.000000000000000000e+00 0.000000000000000000e+00 0.000000000000000000e+00 4.639613122447567850e-01 0.000000000000000000e+00 0.000000000000000000e+00 0.000000000000000000e+00 4.011633645104392132e-01 4.154622955869528567e-01 0.000000000000000000e+00 0.000000000000000000e+00 4.721534590516981988e-01 4.858957932175037575e-01 7.963246567824475153e-02 0.000000000000000000e+00
0.000000000000000000e+00 0.000000000000000000e+00 0.000000000000000000e+00 0.000000000000000000e+00 4.599949862200818362e-01 0.000000000000000000e+00 0.000000000000000000e+00 0.000000000000000000e+00 4.071858489930345604e-01 4.262742332467530648e-01 0.000000000000000000e+00 0.000000000000000000e+00 4.714990694312821695e-01 4.915727812012649078e-01 8.688040018948740839e-02 0.000000000000000000e+00
0.000000000000000000e+00 0.000000000000000000e+00 0.000000000000000000e+00 0.000000000000000000e+00 4.591761478125965246e-01 0.000000000000000000e+00 0.000000000000000000e+00 0.000000000000000000e+00 4.003427377525041186e-01 4.159412919261849528e-01 0.000000000000000000e+00 0.000000000000000000e+00 4.696262301950121509e-01 4.847046680598334212e-01 7.818995742925269332e-02 0.000000000000000000e+00
0.000000000000000000e+00 0.000000000000000000e+00 0.000000000000000000e+00 0.000000000000000000e+00 4.717164964640989666e-01 0.000000000000000000e+00 0.000000000000000000e+00 0.000000000000000000e+00 4.034203258571676387e-01 4.230223919175123970e-01 0.000000000000000000e+00 0.000000000000000000e+00 4.576125546001207356e-01 4.761965838308702681e-01 7.040337975918049829e-02 0.000000000000000000e+00
0.000000000000000000e+00 0.000000000000000000e+00 0.000000000000000000e+00 0.000000000000000000e+00 4.582628125734970470e-01 0.000000000000000000e+00 0.000000000000000000e+00 0.000000000000000000e+00 3.968999311155931853e-01 4.151313735775987168e-01 0.000000000000000000e+00 0.000000000000000000e+00 4.514262214580226362e-01 4.691296618002351870e-01 6.865146161262652980e-02 0.000000000000000000e+00
0.000000000000000000e+00 0.000000000000000000e+00 0.000000000000000000e+00 0.000000000000000000e+00 4.689219887063567627e-01 0.000000000000000000e+00 0.000000000000000000e+00 0.000000000000000000e+00 3.997657645439954277e-01 4.127138066770959512e-01 0.000000000000000000e+00 0.000000000000000000e+00 4.680498707672880454e-01 4.793349430856909676e-01 7.571784359334012005e-02 0.000000000000000000e+00
0.000000000000000000e+00 0.000000000000000000e+00 0.000000000000000000e+00 0.000000000000000000e+00 4.641526303978861234e-01 0.000000000000000000e+00 0.000000000000000000e+00 0.000000000000000000e+00 3.917338563226135939e-01 4.092342053115228251e-01 0.000000000000000000e+00 0.000000000000000000e+00 4.632194304198281043e-01 4.798250301067658596e-01 6.788442395443353150e-02 0.000000000000000000e+00
0.000000000000000000e+00 0.000000000000000000e+00 0.000000000000000000e+00 0.000000000000000000e+00 4.552639142617463941e-01 0.000000000000000000e+00 0.000000000000000000e+00 0.000000000000000000e+00 3.980517689424829531e-01 4.135253068597125048e-01 0.000000000000000000e+00 0.000000000000000000e+00 4.587289509649241648e-01 4.745086366722331417e-01 7.126096130762010761e-02 0.000000000000000000e+00
0.000000000000000000e+00 0.000000000000000000e+00 0.000000000000000000e+00 0.000000000000000000e+00 4.653041479606189190e-01 0.000000000000000000e+00 0.000000000000000000e+00 0.000000000000000000e+00 3.977103744791765649e-01 4.131253136958725758e-01 0.000000000000000000e+00 0.000000000000000000e+00 4.535339682914428239e-01 4.684973554643532823e-01 6.794875306087937161e-02 0.000000000000000000e+00
0.000000000000000000e+00 0.000000000000000000e+00 0.000000000000000000e+00 0.000000000000000000e+00 4.596415915975288757e-01 0.000000000000000000e+00 0.000000000000000000e+00 0.000000000000000000e+00 4.005096889088941015e-01 4.169437824446443619e-01 0.000000000000000000e+00 0.000000000000000000e+00 4.522872465398867226e-01 4.683627540324881156e-01 6.640821807067011362e-02 0.000000000000000000e+00
0.000000000000000000e+00 0.000000000000000000e+00 0.000000000000000000e+00 0.000000000000000000e+00 4.691173761397519071e-01 0.000000000000000000e+00 0.000000000000000000e+00 0.000000000000000000e+00 3.996399489254604531e-01 4.145554574091277478e-01 0.000000000000000000e+00 0.000000000000000000e+00 4.638580097430804461e-01 4.787387952050141116e-01 6.981445004032632573e-02 0.000000000000000000e+00
0.000000000000000000e+00 0.000000000000000000e+00 0.000000000000000000e+00 0.000000000000000000e+00 4.572575487872310718e-01 0.000000000000000000e+00 0.000000000000000000e+00 0.000000000000000000e+00 3.987754025474103958e-01 4.200087213636649608e-01 0.000000000000000000e+00 0.000000000000000000e+00 4.541266614640822041e-01 4.751419850666325773e-01 7.297639825310892059e-02 0.000000000000000000e+00
0.000000000000000000e+00 0.000000000000000000e+00 0.000000000000000000e+00 0.000000000000000000e+00 4.593508417305255942e-01 0.000000000000000000e+00 0.000000000000000000e+00 0.000000000000000000e+00 4.034987510197627913e-01 4.199363334843624340e-01 0.000000000000000000e+00 0.000000000000000000e+00 4.647460285839843941e-01 4.797546673367030223e-01 8.533153567856660571e-02 0.000000000000000000e+00
0.000000000000000000e+00 0.000000000000000000e+00 0.000000000000000000e+00 0.000000000000000000e+00 4.602811182186858918e-01 0.000000000000000000e+00 0.000000000000000000e+00 0.000000000000000000e+00 4.029651307996113263e-01 4.193255085578942998e-01 0.000000000000000000e+00 0.000000000000000000e+00 4.670173623251449024e-01 4.838395228436770945e-01 8.103617573960310294e-02 0.000000000000000000e+00
0.000000000000000000e+00 0.000000000000000000e+00 0.000000000000000000e+00 0.000000000000000000e+00 4.768591293839891665e-01 0.000000000000000000e+00 0.000000000000000000e+00 0.000000000000000000e+00 4.016445574303261212e-01 4.160098373747084799e-01 0.000000000000000000e+00 0.000000000000000000e+00 4.640865241703563959e-01 4.789531333159011139e-01 7.596588977787797903e-02 0.000000000000000000e+00
0.000000000000000000e+00 0.000000000000000000e+00 0.000000000000000000e+00 0.000000000000000000e+00 4.731055723206758490e-01 0.000000000000000000e+00 0.000000000000000000e+00 0.000000000000000000e+00 4.005375615609091944e-01 4.186518365485481508e-01 0.000000000000000000e+00 0.000000000000000000e+00 4.766159558352117687e-01 4.959371424176726162e-01 8.092169116143961560e-02 0.000000000000000000e+00
0.000000000000000000e+00 0.000000000000000000e+00 0.000000000000000000e+00 0.000000000000000000e+00 4.508315034804992738e-01 0.000000000000000000e+00 0.000000000000000000e+00 0.000000000000000000e+00 4.023698341509859833e-01 4.214612481465210281e-01 0.000000000000000000e+00 0.000000000000000000e+00 4.563835468499356507e-01 4.752676133987416840e-01 7.369370478307603334e-02 0.000000000000000000e+00
0.000000000000000000e+00 0.000000000000000000e+00 0.000000000000000000e+00 0.000000000000000000e+00 4.622794688747516867e-01 0.000000000000000000e+00 0.000000000000000000e+00 0.000000000000000000e+00 4.137066948615920614e-01 4.259963654634799646e-01 0.000000000000000000e+00 0.000000000000000000e+00 4.726924669241238108e-01 4.838904035290021444e-01 8.541676579043326611e-02 0.000000000000000000e+00
0.000000000000000000e+00 0.000000000000000000e+00 0.000000000000000000e+00 0.000000000000000000e+00 4.746354164990291280e-01 0.000000000000000000e+00 0.000000000000000000e+00 0.000000000000000000e+00 3.987470809454921050e-01 4.119540597151991057e-01 0.000000000000000000e+00 0.000000000000000000e+00 4.678620799288609189e-01 4.804666680671260126e-01 7.383253184093481469e-02 0.000000000000000000e+00
0.000000000000000000e+00 0.000000000000000000e+00 0.000000000000000000e+00 0.000000000000000000e+00 4.599674126237128791e-01 0.000000000000000000e+00 0.000000000000000000e+00 0.000000000000000000e+00 3.998730901449369934e-01 4.169720143059882367e-01 0.000000000000000000e+00 0.000000000000000000e+00 4.567529855837145769e-01 4.734967930888522858e-01 7.003046367935281125e-02 0.000000000000000000e+00
0.000000000000000000e+00 0.000000000000000000e+00 0.000000000000000000e+00 0.000000000000000000e+00 4.613070499649588596e-01 0.000000000000000000e+00 0.000000000000000000e+00 0.000000000000000000e+00 4.063937396441284489e-01 4.220100619947462217e-01 0.000000000000000000e+00 0.000000000000000000e+00 4.686043702669382971e-01 4.835621263890824140e-01 7.669546470812899086e-02 0.000000000000000000e+00
0.000000000000000000e+00 0.000000000000000000e+00 0.000000000000000000e+00 0.000000000000000000e+00 4.692000346431132174e-01 0.000000000000000000e+00 0.000000000000000000e+00 0.000000000000000000e+00 4.037918321394268761e-01 4.178808625656122988e-01 0.000000000000000000e+00 0.000000000000000000e+00 4.641359174548030930e-01 4.771924028199638901e-01 7.368074479261600696e-02 0.000000000000000000e+00
0.000000000000000000e+00 0.000000000000000000e+00 0.000000000000000000e+00 0.000000000000000000e+00 4.642269915862102247e-01 0.000000000000000000e+00 0.000000000000000000e+00 0.000000000000000000e+00 4.002780807079327485e-01 4.173477779274111787e-01 0.000000000000000000e+00 0.000000000000000000e+00 4.588695139908450238e-01 4.756605516905518249e-01 6.990704834643751697e-02 0.000000000000000000e+00
0.000000000000000000e+00 0.000000000000000000e+00 0.000000000000000000e+00 0.000000000000000000e+00 4.730398107004814001e-01 0.000000000000000000e+00 0.000000000000000000e+00 0.000000000000000000e+00 3.985190817434628441e-01 4.160477267326912476e-01 0.000000000000000000e+00 0.000000000000000000e+00 4.635088370856774165e-01 4.808473132470432732e-01 7.054265541981769028e-02 0.000000000000000000e+00
0.000000000000000000e+00 0.000000000000000000e+00 0.000000000000000000e+00 0.000000000000000000e+00 4.594199542021757399e-01 0.000000000000000000e+00 0.000000000000000000e+00 0.000000000000000000e+00 4.063407193790865568e-01 4.229470830760976852e-01 0.000000000000000000e+00 0.000000000000000000e+00 4.632718370715148137e-01 4.788458857626938237e-01 8.154995791833793972e-02 0.000000000000000000e+00
0.000000000000000000e+00 0.000000000000000000e+00 0.000000000000000000e+00 0.000000000000000000e+00 4.617800906839352737e-01 0.000000000000000000e+00 0.000000000000000000e+00 0.000000000000000000e+00 3.994224900749504537e-01 4.168921232881059868e-01 0.000000000000000000e+00 0.000000000000000000e+00 4.509779781694929768e-01 4.680151348841626868e-01 6.808835068803914536e-02 0.000000000000000000e+00
0.000000000000000000e+00 0.000000000000000000e+00 0.000000000000000000e+00 0.000000000000000000e+00 4.565594377373215496e-01 0.000000000000000000e+00 0.000000000000000000e+00 0.000000000000000000e+00 4.026274336618286265e-01 4.172634197255160604e-01 0.000000000000000000e+00 0.000000000000000000e+00 4.705677421691790707e-01 4.844953501913505378e-01 8.144937761086294692e-02 0.000000000000000000e+00
0.000000000000000000e+00 0.000000000000000000e+00 0.000000000000000000e+00 0.000000000000000000e+00 4.706262823508922666e-01 0.000000000000000000e+00 0.000000000000000000e+00 0.000000000000000000e+00 3.985994221827693362e-01 4.145550840274521698e-01 0.000000000000000000e+00 0.000000000000000000e+00 4.535897083427653520e-01 4.686229260649302231e-01 6.310671386888851153e-02 0.000000000000000000e+00
0.000000000000000000e+00 0.000000000000000000e+00 0.000000000000000000e+00 0.000000000000000000e+00 4.644931600311727471e-01 0.000000000000000000e+00 0.000000000000000000e+00 0.000000000000000000e+00 4.007247139959320692e-01 4.194066080500988836e-01 0.000000000000000000e+00 0.000000000000000000e+00 4.675156151342618194e-01 4.859979861202499696e-01 8.151629857076773955e-02 0.000000000000000000e+00
0.000000000000000000e+00 0.000000000000000000e+00 0.000000000000000000e+00 0.000000000000000000e+00 4.561030032266756851e-01 0.000000000000000000e+00 0.000000000000000000e+00 0.000000000000000000e+00 4.030159097892650477e-01 4.200438752238813689e-01 0.000000000000000000e+00 0.000000000000000000e+00 4.536253780148816750e-01 4.702184215324477501e-01 6.493317441223085684e-02 0.000000000000000000e+00
0.000000000000000000e+00 0.000000000000000000e+00 0.000000000000000000e+00 0.000000000000000000e+00 4.608477255143607620e-01 0.000000000000000000e+00 0.000000000000000000e+00 0.000000000000000000e+00 4.048938813407259030e-01 4.207501941485302654e-01 0.000000000000000000e+00 0.000000000000000000e+00 4.647061336918042462e-01 4.799997472162682022e-01 8.032228272480969322e-02 0.000000000000000000e+00
0.000000000000000000e+00 0.000000000000000000e+00 0.000000000000000000e+00 0.000000000000000000e+00 4.682866135889903192e-01 0.000000000000000000e+00 0.000000000000000000e+00 0.000000000000000000e+00 4.005024295739378903e-01 4.150013218560676398e-01 0.000000000000000000e+00 0.000000000000000000e+00 4.631299368119776161e-01 4.772770898873425760e-01 6.905642518720815637e-02 0.000000000000000000e+00
0.000000000000000000e+00 0.000000000000000000e+00 0.000000000000000000e+00 0.000000000000000000e+00 4.605680765158423617e-01 0.000000000000000000e+00 0.000000000000000000e+00 0.000000000000000000e+00 3.981857428736676474e-01 4.177959865911690107e-01 0.000000000000000000e+00 0.000000000000000000e+00 4.679145365565710035e-01 4.875265253261399367e-01 8.013028188556443887e-02 0.000000000000000000e+00
0.000000000000000000e+00 0.000000000000000000e+00 0.000000000000000000e+00 0.000000000000000000e+00 4.519702673997887943e-01 0.000000000000000000e+00 0.000000000000000000e+00 0.000000000000000000e+00 4.027329260275213652e-01 4.146019948822089463e-01 0.000000000000000000e+00 0.000000000000000000e+00 4.629435571541575256e-01 4.739933491782458708e-01 7.145513582093805660e-02 0.000000000000000000e+00
0.000000000000000000e+00 0.000000000000000000e+00 0.000000000000000000e+00 0.000000000000000000e+00 4.630987577895895879e-01 0.000000000000000000e+00 0.000000000000000000e+00 0.000000000000000000e+00 4.108268186153340440e-01 4.251058116319421654e-01 0.000000000000000000e+00 0.000000000000000000e+00 4.710482395275123468e-01 4.855946365666039544e-01 7.974833707900887136e-02 0.000000000000000000e+00
0.000000000000000000e+00 0.000000000000000000e+00 0.000000000000000000e+00 0.000000000000000000e+00 4.534191812054211290e-01 0.000000000000000000e+00 0.000000000000000000e+00 0.000000000000000000e+00 4.039171475355080032e-01 4.227151717462265257e-01 0.000000000000000000e+00 0.000000000000000000e+00 4.635576458623709151e-01 4.818607040660404794e-01 8.050568106990528550e-02 0.000000000000000000e+00
0.000000000000000000e+00 0.000000000000000000e+00 0.000000000000000000e+00 0.000000000000000000e+00 4.588978655895992187e-01 0.000000000000000000e+00 0.000000000000000000e+00 0.000000000000000000e+00 4.009652125358721397e-01 4.143990316845780342e-01 0.000000000000000000e+00 0.000000000000000000e+00 4.631132049043228949e-01 4.758709431594052575e-01 7.252893896822225350e-02 0.000000000000000000e+00
0.000000000000000000e+00 0.000000000000000000e+00 0.000000000000000000e+00 0.000000000000000000e+00 4.580471868000658975e-01 0.000000000000000000e+00 0.000000000000000000e+00 0.000000000000000000e+00 3.925781227952787611e-01 4.102224256975403605e-01 0.000000000000000000e+00 0.000000000000000000e+00 4.654207673595201489e-01 4.836138226958859310e-01 7.329087241823169230e-02 0.000000000000000000e+00
0.000000000000000000e+00 0.000000000000000000e+00 0.000000000000000000e+00 0.000000000000000000e+00 4.536211458506003158e-01 0.000000000000000000e+00 0.000000000000000000e+00 0.000000000000000000e+00 3.974549582377954193e-01 4.154686248405622950e-01 0.000000000000000000e+00 0.000000000000000000e+00 4.604808431148193493e-01 4.777375258226247423e-01 7.056492513762073482e-02 0.000000000000000000e+00
0.000000000000000000e+00 0.000000000000000000e+00 0.000000000000000000e+00 0.000000000000000000e+00 4.688860298584580644e-01 0.000000000000000000e+00 0.000000000000000000e+00 0.000000000000000000e+00 4.029146572601437493e-01 4.176315033340785021e-01 0.000000000000000000e+00 0.000000000000000000e+00 4.667202604699503543e-01 4.809491820916720339e-01 7.135042806164461349e-02 0.000000000000000000e+00
0.000000000000000000e+00 0.000000000000000000e+00 0.000000000000000000e+00 0.000000000000000000e+00 4.688549419849429856e-01 0.000000000000000000e+00 0.000000000000000000e+00 0.000000000000000000e+00 4.023435819981335815e-01 4.184073895158246792e-01 0.000000000000000000e+00 0.000000000000000000e+00 4.683764546705794785e-01 4.842393502080373779e-01 8.102030764097736815e-02 0.000000000000000000e+00
0.000000000000000000e+00 0.000000000000000000e+00 0.000000000000000000e+00 0.000000000000000000e+00 4.506024509520972776e-01 0.000000000000000000e+00 0.000000000000000000e+00 0.000000000000000000e+00 3.978448714468110214e-01 4.150908587166078911e-01 0.000000000000000000e+00 0.000000000000000000e+00 4.520609635064677945e-01 4.686101722016327575e-01 6.836281124087906225e-02 0.000000000000000000e+00
0.000000000000000000e+00 0.000000000000000000e+00 0.000000000000000000e+00 0.000000000000000000e+00 4.632724457839801357e-01 0.000000000000000000e+00 0.000000000000000000e+00 0.000000000000000000e+00 4.096507605422798348e-01 4.264749106498264553e-01 0.000000000000000000e+00 0.000000000000000000e+00 4.536060959737509557e-01 4.691295094829192047e-01 7.136817527515804116e-02 0.000000000000000000e+00
0.000000000000000000e+00 0.000000000000000000e+00 0.000000000000000000e+00 0.000000000000000000e+00 4.666898109860067034e-01 0.000000000000000000e+00 0.000000000000000000e+00 0.000000000000000000e+00 3.961584722903546685e-01 4.161169036381018871e-01 0.000000000000000000e+00 0.000000000000000000e+00 4.616126525240785705e-01 4.819839937820735720e-01 7.228758849565015965e-02 0.000000000000000000e+00
0.000000000000000000e+00 0.000000000000000000e+00 0.000000000000000000e+00 0.000000000000000000e+00 4.630386591614083502e-01 0.000000000000000000e+00 0.000000000000000000e+00 0.000000000000000000e+00 4.011437869487112784e-01 4.164886335316003718e-01 0.000000000000000000e+00 0.000000000000000000e+00 4.575308624640455624e-01 4.710190793978296653e-01 7.104028980985079011e-02 0.000000000000000000e+00
0.000000000000000000e+00 0.000000000000000000e+00 0.000000000000000000e+00 0.000000000000000000e+00 4.649636913460773457e-01 0.000000000000000000e+00 0.000000000000000000e+00 0.000000000000000000e+00 3.980748962935671820e-01 4.131246646942488554e-01 0.000000000000000000e+00 0.000000000000000000e+00 4.658183842582268031e-01 4.802949991645338312e-01 7.437606388381649836e-02 0.000000000000000000e+00
0.000000000000000000e+00 0.000000000000000000e+00 0.000000000000000000e+00 0.000000000000000000e+00 4.659685540006622273e-01 0.000000000000000000e+00 0.000000000000000000e+00 0.000000000000000000e+00 4.046887034184283305e-01 4.225850676764566494e-01 0.000000000000000000e+00 0.000000000000000000e+00 4.641561299860517131e-01 4.818824695622825338e-01 7.745997337015382567e-02 0.000000000000000000e+00
0.000000000000000000e+00 0.000000000000000000e+00 0.000000000000000000e+00 0.000000000000000000e+00 4.722452182517000718e-01 0.000000000000000000e+00 0.000000000000000000e+00 0.000000000000000000e+00 4.040058758829407348e-01 4.221371108837377317e-01 0.000000000000000000e+00 0.000000000000000000e+00 4.617857694350049336e-01 4.801258892163808856e-01 7.361843406263757217e-02 0.000000000000000000e+00
0.000000000000000000e+00 0.000000000000000000e+00 0.000000000000000000e+00 0.000000000000000000e+00 4.608263977580562276e-01 0.000000000000000000e+00 0.000000000000000000e+00 0.000000000000000000e+00 4.028468309068043984e-01 4.183260466493125551e-01 0.000000000000000000e+00 0.000000000000000000e+00 4.617292128299730347e-01 4.765752804289148381e-01 7.146205463705386507e-02 0.000000000000000000e+00
0.000000000000000000e+00 0.000000000000000000e+00 0.000000000000000000e+00 0.000000000000000000e+00 4.629112604195946279e-01 0.000000000000000000e+00 0.000000000000000000e+00 0.000000000000000000e+00 4.035817043592187514e-01 4.222126658307208125e-01 0.000000000000000000e+00 0.000000000000000000e+00 4.655128282385800897e-01 4.849426014004915020e-01 7.860168624538020621e-02 0.000000000000000000e+00
0.000000000000000000e+00 0.000000000000000000e+00 0.000000000000000000e+00 0.000000000000000000e+00 4.748013101091999588e-01 0.000000000000000000e+00 0.000000000000000000e+00 0.000000000000000000e+00 4.010269421869850359e-01 4.169723487753798641e-01 0.000000000000000000e+00 0.000000000000000000e+00 4.678894701604940365e-01 4.830333124855574201e-01 7.889971119522877496e-02 0.000000000000000000e+00
0.000000000000000000e+00 0.000000000000000000e+00 0.000000000000000000e+00 0.000000000000000000e+00 4.755310946709970787e-01 0.000000000000000000e+00 0.000000000000000000e+00 0.000000000000000000e+00 3.999169269786810310e-01 4.186394559852238961e-01 0.000000000000000000e+00 0.000000000000000000e+00 4.671770114497093562e-01 4.857829216366880143e-01 7.568329332298734391e-02 0.000000000000000000e+00
0.000000000000000000e+00 0.000000000000000000e+00 0.000000000000000000e+00 0.000000000000000000e+00 4.602232589420779396e-01 0.000000000000000000e+00 0.000000000000000000e+00 0.000000000000000000e+00 4.060977711960717107e-01 4.195201831217644228e-01 0.000000000000000000e+00 0.000000000000000000e+00 4.709435747359840829e-01 4.851372484412444508e-01 7.940162484502703844e-02 0.000000000000000000e+00
0.000000000000000000e+00 0.000000000000000000e+00 0.000000000000000000e+00 0.000000000000000000e+00 4.633353025635792433e-01 0.000000000000000000e+00 0.000000000000000000e+00 0.000000000000000000e+00 3.980716258388284357e-01 4.155572672816321700e-01 0.000000000000000000e+00 0.000000000000000000e+00 4.554007917285225471e-01 4.718176089790309113e-01 6.684599685036320127e-02 0.000000000000000000e+00
0.000000000000000000e+00 0.000000000000000000e+00 0.000000000000000000e+00 0.000000000000000000e+00 4.673920145097918977e-01 0.000000000000000000e+00 0.000000000000000000e+00 0.000000000000000000e+00 3.990349844176293570e-01 4.158861124220356031e-01 0.000000000000000000e+00 0.000000000000000000e+00 4.574286246682022772e-01 4.744684290179819186e-01 6.484222914713164143e-02 0.000000000000000000e+00
