# 'name' : 'rogers_a02_b00_d00_g00'
# 'source' : 'rogers_a02_b00_d00_g00.yaml'
# 'sample_pops' : ['X', 'D', 'Y', 'N']
# 'sample_size' : 1
# 'n_reps' : 100
# 'n_windows' : 200
# 'seq_length' : 100000000.0
# 'window_length' : 500000.0
# 'recomb_rate' : 1e-08
# 'mut_rate' : 1e-08
# 'created' : None
1.742703709267484332e-04 1.364626030625764751e-04 9.063515852385107662e-04 7.604929882374175535e-04
1.772826710466132835e-04 1.341408910147409792e-04 9.330623124639586975e-04 7.595201779630193946e-04
1.816521439096821869e-04 1.363985002619248798e-04 9.349670184753139249e-04 7.546567205080192747e-04
1.722540838615663130e-04 1.390040947668142411e-04 9.197306994293756414e-04 7.867264180692018320e-04
1.807755805639826201e-04 1.403662189667174022e-04 9.294679693810178498e-04 7.559730487604536357e-04
1.801536732865733389e-04 1.342816823772440763e-04 9.122334107862019618e-04 7.594828160295032105e-04
1.810772813597835631e-04 1.340744264440156021e-04 8.931410456316184578e-04 7.422202089139445531e-04
1.758339443341528892e-04 1.336189565928220515e-04 9.316659419374368270e-04 7.546562094382403300e-04
1.771567586745274262e-04 1.352845198346782610e-04 9.232368113422711672e-04 7.579992638328214528e-04
1.755083749995794582e-04 1.350791588306134280e-04 9.294874319644846894e-04 7.621804488971884069e-04
1.786674617648532177e-04 1.332146292069276785e-04 9.149721871220696913e-04 7.690930203266828184e-04
1.759658760657912136e-04 1.331049757694758174e-04 9.175679011292074867e-04 7.972839600624564852e-04
1.763634488587258143e-04 1.340562070946272732e-04 9.333321569469816030e-04 7.681970675200538697e-04
1.779622775365853897e-04 1.347515287443374417e-04 9.205563847748637722e-04 7.588773191556011767e-04
1.803107746069201780e-04 1.412800752211672154e-04 9.123514918259180385e-04 7.468484483775853205e-04
1.788959495081849282e-04 1.295530695680522986e-04 9.218343262758786670e-04 7.646129983905560097e-04
1.761720134130338603e-04 1.413369628169548699e-04 9.184248304911571143e-04 7.550270568298300330e-04
1.789951329901804625e-04 1.309698942117913233e-04 9.341355993625690161e-04 7.607126202259285354e-04
1.749056676843041872e-04 1.313466079254015735e-04 9.181743480036077100e-04 7.312710539735727076e-04
1.713752259549765767e-04 1.388159435678583463e-04 9.153568781273313569e-04 7.685892228101811902e-04
1.783103320746016410e-04 1.351851697489663624e-04 9.141439334400625148e-04 7.687001669391185441e-04
1.757830374123666827e-04 1.301412025624255593e-04 9.309470597166229254e-04 7.745765361913836298e-04
1.799482108816071314e-04 1.350199244758941148e-04 9.224648979657627378e-04 7.690546227053937861e-04
1.823425537374175152e-04 1.379272738783101770e-04 9.312994116899646867e-04 7.667769856322550039e-04
1.779944297646092119e-04 1.337099144431416818e-04 9.285515827774979249e-04 7.438205691562395708e-04
1.768268551673080513e-04 1.318733698675122578e-04 8.967679745366445533e-04 7.527950344356985467e-04
1.695121242220609410e-04 1.349037276638037435e-04 9.121883232508584552e-04 7.569937975323154378e-04
1.818266885798569554e-04 1.360211448108601391e-04 9.161265806494941610e-04 7.645325834625465652e-04
1.768196033385342324e-04 1.358692778512762714e-04 9.244888172205585879e-04 7.596286530553953906e-04
1.755236712357116191e-04 1.339402031909505103e-04 9.113935601981074455e-04 7.567504915117015006e-04
1.748452236986664942e-04 1.293683643037790232e-04 9.375170073708479802e-04 7.762755256371468631e-04
1.718737315487948341e-04 1.325552421623673823e-04 9.197120906209427628e-04 7.600771120556088856e-04
1.738991204822581049e-04 1.323195689018129382e-04 9.334441209201012595e-04 7.813851004471923396e-04
1.764302838970714768e-04 1.361756901981601162e-04 9.353730990169852348e-04 7.554021689305493066e-04
1.790711664463222948e-04 1.324425185392242037e-04 9.289937757723644527e-04 7.615343452369898380e-04
1.808258457274576744e-04 1.332119189922014520e-04 9.096208300199043516e-04 7.636863252880525359e-04
1.836628000029846928e-04 1.344633497152125754e-04 9.132571167100836558e-04 7.637804208250382641e-04
1.819641064403732065e-04 1.399361002517135976e-04 9.282252363054809040e-04 7.624179519467856559e-04
1.763247140605629041e-04 1.319795747158537152e-04 9.404351464634296996e-04 7.557239214068299862e-04
1.728755669505686464e-04 1.367602080557616230e-04 9.155386146047965554e-04 7.494363510249013377e-04
1.746227487184641360e-04 1.317343796604483936e-04 9.248546582236439034e-04 7.603182926817720006e-04
1.754639410969297117e-04 1.393053600903166906e-04 9.187368052359161071e-04 7.813053239298522763e-04
1.759408167423042943e-04 1.361767559861460036e-04 9.088197725838166379e-04 7.570854303209907611e-04
1.752057096620551410e-04 1.349720572361463725e-04 9.168582058601780754e-04 7.546022923088876490e-04
1.781149256762885197e-04 1.358854902577899624e-04 9.215415258437617682e-04 7.534406043987534538e-04
1.760894574491847476e-04 1.383551059293892829e-04 9.209582328966348531e-04 7.402423956605515276e-04
1.814753003412079922e-04 1.319167172705115287e-04 9.061101430139342555e-04 7.334978911941969449e-04
1.768685444449760019e-04 1.358297674019289664e-04 9.285615407538367304e-04 7.479307317125816418e-04
1.790201462016840638e-04 1.293522892305481802e-04 9.192636092813393812e-04 7.738546756172777616e-04
1.805455003230061156e-04 1.329054035943323816e-04 9.257993727903782557e-04 7.792320674869284087e-04
1.712035373967631916e-04 1.368643137092556174e-04 9.240782049100771311e-04 7.476088356007477495e-04
1.797453844662569343e-04 1.349163351766986590e-04 9.428539588985186464e-04 7.584857210513585267e-04
1.759653922445062304e-04 1.353312076660660474e-04 9.278113608351719202e-04 7.675631303875052325e-04
1.755260164303045585e-04 1.350347532562465433e-04 9.267679057689270916e-04 7.825140569687323534e-04
1.787872748042744367e-04 1.368548587148267319e-04 9.260793361033356009e-04 7.909974804314129576e-04
1.734345288698060830e-04 1.339967745439463913e-04 9.295245167570910429e-04 7.630987123563793195e-04
1.845107741775259941e-04 1.303857748988298149e-04 9.296637354260086717e-04 7.750163049355396089e-04
1.773758568058471797e-04 1.364782524620950291e-04 9.123422379915764385e-04 7.532823917417165146e-04
1.769839257903444471e-04 1.340840732750316847e-04 9.093976786583341139e-04 7.542445429638691213e-04
1.715490148909851263e-04 1.332284823745132367e-04 9.203847036170081930e-04 7.614386998611611269e-04
1.742805067536788331e-04 1.273257699146511488e-04 9.247951567661468961e-04 7.382698011940271943e-04
1.846267436674991808e-04 1.362839008846761127e-04 9.109568917280370980e-04 7.687140170765426397e-04
1.696300472988596401e-04 1.376843701865120646e-04 8.994742764222282477e-04 7.456769360801129669e-04
1.676833527038342517e-04 1.330175833089271514e-04 9.269583389735963413e-04 7.561487471603938826e-04
1.769244496335475056e-04 1.346760521120405089e-04 9.227803248654177677e-04 7.677534564424268572e-04
1.751732571956504225e-04 1.357356086929277679e-04 9.104532128518033271e-04 7.543132111977660353e-04
1.724686982792710780e-04 1.360978865580991857e-04 9.151665042420562305e-04 7.582029595740815732e-04
1.770783518313431945e-04 1.319168443557093627e-04 9.258261992482731901e-04 7.700547948725453310e-04
1.736955427188761566e-04 1.288238691032087490e-04 9.279791375566982369e-04 7.648846664351367482e-04
1.771428738011754107e-04 1.357979254467402651e-04 9.118796524418652794e-04 7.621122410118049252e-04
1.776254337386822804e-04 1.327905390916574440e-04 9.232963513692936776e-04 7.867199455376104079e-04
1.762111488599128783e-04 1.380925874317889270e-04 9.190070864505908320e-04 7.443891437540618543e-04
1.726019281828262899e-04 1.320148916568945462e-04 9.299194965569684748e-04 7.820738685224179303e-04
1.778053214436645557e-04 1.293250065888648561e-04 9.182741516514967639e-04 7.448437711844646189e-04
1.787616994004961955e-04 1.345312743498043389e-04 9.230204727754715314e-04 7.887240306105311244e-04
1.760274944448632947e-04 1.352616444652179450e-04 9.080430432022351716e-04 7.579450929615469835e-04
1.744877617801094229e-04 1.360573557894461110e-04 9.232613209542716052e-04 7.647938738663571457e-04
1.813121301420174847e-04 1.312483203946523112e-04 9.158571311328636382e-04 7.361200599210971024e-04
1.750206413056024416e-04 1.437545695858850827e-04 9.282372780201530657e-04 7.675687264368300086e-04
1.740686316927760372e-04 1.371705161768670535e-04 9.028429061372399492e-04 7.494032127625425499e-04
1.822709519903986230e-04 1.351666695232325226e-04 9.060211940574787633e-04 7.515011345569887202e-04
1.737856167670392732e-04 1.391644478503338014e-04 9.261902626371367776e-04 7.641049186359145581e-04
1.803507280354514706e-04 1.356728193954155712e-04 9.399409684271575879e-04 7.580438670676731055e-04
1.785730142513486493e-04 1.330284660127715448e-04 9.208540302079295040e-04 7.593510907916934055e-04
1.709243895030125853e-04 1.345262688192826086e-04 9.202777835382023632e-04 7.592734594812218215e-04
1.737143186062387469e-04 1.336803649361522955e-04 9.154417237782752886e-04 7.496743755779003556e-04
1.818116909510626255e-04 1.373980944940929446e-04 9.227220767691012276e-04 7.736235061363764924e-04
1.759812391484941608e-04 1.327351648953450545e-04 9.114688490294436691e-04 7.835213460364365062e-04
1.799962183967487135e-04 1.297181424381979489e-04 9.191301284598308707e-04 7.570954377982427007e-04
1.758453246230379989e-04 1.370534860068327776e-04 9.231239872390607695e-04 7.766329947931345599e-04
1.751875587091814468e-04 1.333706277956458509e-04 9.346931660397816456e-04 7.558777676426326874e-04
1.777025027119418042e-04 1.309038261460849226e-04 9.148599745648472968e-04 7.575180824272490475e-04
1.759894749109146153e-04 1.302234474392862274e-04 9.110951104698973395e-04 7.662999776580571749e-04
1.740707534405907522e-04 1.353391777958006241e-04 9.162847794778852979e-04 7.655965684139627147e-04
1.794313629542910766e-04 1.299720764934155057e-04 9.149103750730122608e-04 7.545320513570369283e-04
1.720742453423332883e-04 1.309054518092262972e-04 9.232948086852204184e-04 7.511115832372733088e-04
1.759188823037604395e-04 1.270738543577876493e-04 9.293494886472937391e-04 7.529187351490475300e-04
1.741386487779056987e-04 1.393786229103616172e-04 9.174847876086108037e-04 7.505431030706187718e-04
1.788797495476197787e-04 1.332050217896975787e-04 9.178371521918319599e-04 7.704538658036462701e-04
1.763004079749248961e-04 1.329130268657719425e-04 9.245500708807863777e-04 7.753391428583536167e-04
