# 'name' : 'rogers_a02_b00_d00_g00'
# 'source' : 'rogers_a02_b00_d00_g00.yaml'
# 'sample_pops' : ['X', 'D', 'Y', 'N']
# 'sample_size' : 1
# 'n_reps' : 100
# 'n_windows' : 200
# 'seq_length' : 100000000.0
# 'window_length' : 500000.0
# 'recomb_rate' : 1e-08
# 'mut_rate' : 1e-08
# 'created' : None
0.000000000000000000e+00 0.000000000000000000e+00 0.000000000000000000e+00 0.000000000000000000e+00 4.174710702893574929e-04 0.000000000000000000e+00 0.000000000000000000e+00 0.000000000000000000e+00 1.268150298644728528e-03 1.267770986662410723e-03 0.000000000000000000e+00 0.000000000000000000e+00 1.259044527059124605e-03 1.254186544631977988e-03 9.583364941362205016e-04 0.000000000000000000e+00
0.000000000000000000e+00 0.000000000000000000e+00 0.000000000000000000e+00 0.000000000000000000e+00 4.151996035857406808e-04 0.000000000000000000e+00 0.000000000000000000e+00 0.000000000000000000e+00 1.278560097213716877e-03 1.279340280071963355e-03 0.000000000000000000e+00 0.000000000000000000e+00 1.267748930158452397e-03 1.264358300681777368e-03 9.755001548263458845e-04 0.000000000000000000e+00
0.000000000000000000e+00 0.000000000000000000e+00 0.000000000000000000e+00 0.000000000000000000e+00 4.185494543559808382e-04 0.000000000000000000e+00 0.000000000000000000e+00 0.000000000000000000e+00 1.279796665094379889e-03 1.279514280672028846e-03 0.000000000000000000e+00 0.000000000000000000e+00 1.262203012383477643e-03 1.256112885255640261e-03 9.662912464417579327e-04 0.000000000000000000e+00
0.000000000000000000e+00 0.000000000000000000e+00 0.000000000000000000e+00 0.000000000000000000e+00 4.235534931976817660e-04 0.000000000000000000e+00 0.000000000000000000e+00 0.000000000000000000e+00 1.275119505621401857e-03 1.274383337336875907e-03 0.000000000000000000e+00 0.000000000000000000e+00 1.256274060451615868e-03 1.247915808352054179e-03 9.687326212974806203e-04 0.000000000000000000e+00
0.000000000000000000e+00 0.000000000000000000e+00 0.000000000000000000e+00 0.000000000000000000e+00 4.245092865877617659e-04 0.000000000000000000e+00 0.000000000000000000e+00 0.000000000000000000e+00 1.283693089301009326e-03 1.283800572430536437e-03 0.000000000000000000e+00 0.000000000000000000e+00 1.268090850233164401e-03 1.261424943416573951e-03 9.728609828592151097e-04 0.000000000000000000e+00
0.000000000000000000e+00 0.000000000000000000e+00 0.000000000000000000e+00 0.000000000000000000e+00 4.163744020160416669e-04 0.000000000000000000e+00 0.000000000000000000e+00 0.000000000000000000e+00 1.275701892549521667e-03 1.276464686294505324e-03 0.000000000000000000e+00 0.000000000000000000e+00 1.262901178535608040e-03 1.259133263929701832e-03 9.579465533367709272e-04 0.000000000000000000e+00
0.000000000000000000e+00 0.000000000000000000e+00 0.000000000000000000e+00 0.000000000000000000e+00 4.177130900343495540e-04 0.000000000000000000e+00 0.000000000000000000e+00 0.000000000000000000e+00 1.285354500016472508e-03 1.286242003053319474e-03 0.000000000000000000e+00 0.000000000000000000e+00 1.267993285536091110e-03 1.262633402927190078e-03 9.656889626637019282e-04 0.000000000000000000e+00
0.000000000000000000e+00 0.000000000000000000e+00 0.000000000000000000e+00 0.000000000000000000e+00 4.194298181928714448e-04 0.000000000000000000e+00 0.000000000000000000e+00 0.000000000000000000e+00 1.283558630190087578e-03 1.284331260381498798e-03 0.000000000000000000e+00 0.000000000000000000e+00 1.268695418137340096e-03 1.261986520378111576e-03 9.726846326336571844e-04 0.000000000000000000e+00
0.000000000000000000e+00 0.000000000000000000e+00 0.000000000000000000e+00 0.000000000000000000e+00 4.166721695329466389e-04 0.000000000000000000e+00 0.000000000000000000e+00 0.000000000000000000e+00 1.272682984915543027e-03 1.271995059711991368e-03 0.000000000000000000e+00 0.000000000000000000e+00 1.261238891067502583e-03 1.256227848053598000e-03 9.664549670996206007e-04 0.000000000000000000e+00
0.000000000000000000e+00 0.000000000000000000e+00 0.000000000000000000e+00 0.000000000000000000e+00 4.208585169894796837e-04 0.000000000000000000e+00 0.000000000000000000e+00 0.000000000000000000e+00 1.274270560182174175e-03 1.274757919144501889e-03 0.000000000000000000e+00 0.000000000000000000e+00 1.253247993677083843e-03 1.245342603303033592e-03 9.735896759618500439e-04 0.000000000000000000e+00
0.000000000000000000e+00 0.000000000000000000e+00 0.000000000000000000e+00 0.000000000000000000e+00 4.209339616513367577e-04 0.000000000000000000e+00 0.000000000000000000e+00 0.000000000000000000e+00 1.282976748970360466e-03 1.282544385403897209e-03 0.000000000000000000e+00 0.000000000000000000e+00 1.266735798510260688e-03 1.259285778910590502e-03 9.713092678633401854e-04 0.000000000000000000e+00
0.000000000000000000e+00 0.000000000000000000e+00 0.000000000000000000e+00 0.000000000000000000e+00 4.200654085638504055e-04 0.000000000000000000e+00 0.000000000000000000e+00 0.000000000000000000e+00 1.279633486481208688e-03 1.278442085296805720e-03 0.000000000000000000e+00 0.000000000000000000e+00 1.257300578255078844e-03 1.247880712467450094e-03 9.771223434064035471e-04 0.000000000000000000e+00
0.000000000000000000e+00 0.000000000000000000e+00 0.000000000000000000e+00 0.000000000000000000e+00 4.244559226921944739e-04 0.000000000000000000e+00 0.000000000000000000e+00 0.000000000000000000e+00 1.279949627695693443e-03 1.278780029540680426e-03 0.000000000000000000e+00 0.000000000000000000e+00 1.261002374554194734e-03 1.253344215779015301e-03 9.777409692297968444e-04 0.000000000000000000e+00
0.000000000000000000e+00 0.000000000000000000e+00 0.000000000000000000e+00 0.000000000000000000e+00 4.225978842742799725e-04 0.000000000000000000e+00 0.000000000000000000e+00 0.000000000000000000e+00 1.282169761321866113e-03 1.282916048420970406e-03 0.000000000000000000e+00 0.000000000000000000e+00 1.265259413005900878e-03 1.260539717606692575e-03 9.793703956165716439e-04 0.000000000000000000e+00
0.000000000000000000e+00 0.000000000000000000e+00 0.000000000000000000e+00 0.000000000000000000e+00 4.242673901596023616e-04 0.000000000000000000e+00 0.000000000000000000e+00 0.000000000000000000e+00 1.272239890095438423e-03 1.271647470099231125e-03 0.000000000000000000e+00 0.000000000000000000e+00 1.259780857748826017e-03 1.256443015937656242e-03 9.651345360943118252e-04 0.000000000000000000e+00
0.000000000000000000e+00 0.000000000000000000e+00 0.000000000000000000e+00 0.000000000000000000e+00 4.235323154863805195e-04 0.000000000000000000e+00 0.000000000000000000e+00 0.000000000000000000e+00 1.283290739913042159e-03 1.283876148421528090e-03 0.000000000000000000e+00 0.000000000000000000e+00 1.266664950924074320e-03 1.261515000523552501e-03 9.703845815606236850e-04 0.000000000000000000e+00
0.000000000000000000e+00 0.000000000000000000e+00 0.000000000000000000e+00 0.000000000000000000e+00 4.199361116306200977e-04 0.000000000000000000e+00 0.000000000000000000e+00 0.000000000000000000e+00 1.282830184042693840e-03 1.281622054309633453e-03 0.000000000000000000e+00 0.000000000000000000e+00 1.267481411292076775e-03 1.262450465238613073e-03 9.605189645607420910e-04 0.000000000000000000e+00
0.000000000000000000e+00 0.000000000000000000e+00 0.000000000000000000e+00 0.000000000000000000e+00 4.173155010705812112e-04 0.000000000000000000e+00 0.000000000000000000e+00 0.000000000000000000e+00 1.265965393437479616e-03 1.266742313995140390e-03 0.000000000000000000e+00 0.000000000000000000e+00 1.250829934113120798e-03 1.245457147453714114e-03 9.599829534513086397e-04 0.000000000000000000e+00
0.000000000000000000e+00 0.000000000000000000e+00 0.000000000000000000e+00 0.000000000000000000e+00 4.139305759404662876e-04 0.000000000000000000e+00 0.000000000000000000e+00 0.000000000000000000e+00 1.283075306889954479e-03 1.282154703406648008e-03 0.000000000000000000e+00 0.000000000000000000e+00 1.268566245748510568e-03 1.263632076097160250e-03 9.651664165365255897e-04 0.000000000000000000e+00
0.000000000000000000e+00 0.000000000000000000e+00 0.000000000000000000e+00 0.000000000000000000e+00 4.196357351342048288e-04 0.000000000000000000e+00 0.000000000000000000e+00 0.000000000000000000e+00 1.277939099520163883e-03 1.277572754691364562e-03 0.000000000000000000e+00 0.000000000000000000e+00 1.267348126422087598e-03 1.263263731618031712e-03 9.607941935078284168e-04 0.000000000000000000e+00
0.000000000000000000e+00 0.000000000000000000e+00 0.000000000000000000e+00 0.000000000000000000e+00 4.159891790579797787e-04 0.000000000000000000e+00 0.000000000000000000e+00 0.000000000000000000e+00 1.287144013831387256e-03 1.287562257905723595e-03 0.000000000000000000e+00 0.000000000000000000e+00 1.271229450009242132e-03 1.266373056753436477e-03 9.629855164818069448e-04 0.000000000000000000e+00
0.000000000000000000e+00 0.000000000000000000e+00 0.000000000000000000e+00 0.000000000000000000e+00 4.135799889117711212e-04 0.000000000000000000e+00 0.000000000000000000e+00 0.000000000000000000e+00 1.291665191530359282e-03 1.292299028385543490e-03 0.000000000000000000e+00 0.000000000000000000e+00 1.274063048505879843e-03 1.269054814780320398e-03 9.723126944790922051e-04 0.000000000000000000e+00
0.000000000000000000e+00 0.000000000000000000e+00 0.000000000000000000e+00 0.000000000000000000e+00 4.223874744244528277e-04 0.000000000000000000e+00 0.000000000000000000e+00 0.000000000000000000e+00 1.282013007607736739e-03 1.280157444133155683e-03 0.000000000000000000e+00 0.000000000000000000e+00 1.263687179443177214e-03 1.255758649253673224e-03 9.680465945868828434e-04 0.000000000000000000e+00
0.000000000000000000e+00 0.000000000000000000e+00 0.000000000000000000e+00 0.000000000000000000e+00 4.227533320773601264e-04 0.000000000000000000e+00 0.000000000000000000e+00 0.000000000000000000e+00 1.279193025934445647e-03 1.279695884905040484e-03 0.000000000000000000e+00 0.000000000000000000e+00 1.266273171297657534e-03 1.261650338893580744e-03 9.691189981578059078e-04 0.000000000000000000e+00
0.000000000000000000e+00 0.000000000000000000e+00 0.000000000000000000e+00 0.000000000000000000e+00 4.277940280645481938e-04 0.000000000000000000e+00 0.000000000000000000e+00 0.000000000000000000e+00 1.272563309579401820e-03 1.272226186628905254e-03 0.000000000000000000e+00 0.000000000000000000e+00 1.257186755802322184e-03 1.253355463309183170e-03 9.694137342874044501e-04 0.000000000000000000e+00
0.000000000000000000e+00 0.000000000000000000e+00 0.000000000000000000e+00 0.000000000000000000e+00 4.251465210641863714e-04 0.000000000000000000e+00 0.000000000000000000e+00 0.000000000000000000e+00 1.273693395310920937e-03 1.274368466231406462e-03 0.000000000000000000e+00 0.000000000000000000e+00 1.257587747002652558e-03 1.251218131995511865e-03 9.643515024304194364e-04 0.000000000000000000e+00
0.000000000000000000e+00 0.000000000000000000e+00 0.000000000000000000e+00 0.000000000000000000e+00 4.215377995578951389e-04 0.000000000000000000e+00 0.000000000000000000e+00 0.000000000000000000e+00 1.273650900201995714e-03 1.274213920325940408e-03 0.000000000000000000e+00 0.000000000000000000e+00 1.260423367784116629e-03 1.253097770927619160e-03 9.627569474969452108e-04 0.000000000000000000e+00
0.000000000000000000e+00 0.000000000000000000e+00 0.000000000000000000e+00 0.000000000000000000e+00 4.162109446836112048e-04 0.000000000000000000e+00 0.000000000000000000e+00 0.000000000000000000e+00 1.278128184359225705e-03 1.277186542086372351e-03 0.000000000000000000e+00 0.000000000000000000e+00 1.264597651137169040e-03 1.258465017372990260e-03 9.646331576338255942e-04 0.000000000000000000e+00
0.000000000000000000e+00 0.000000000000000000e+00 0.000000000000000000e+00 0.000000000000000000e+00 4.211983330381764245e-04 0.000000000000000000e+00 0.000000000000000000e+00 0.000000000000000000e+00 1.287373661564141219e-03 1.288151102143849334e-03 0.000000000000000000e+00 0.000000000000000000e+00 1.271807650730320989e-03 1.266395026192045081e-03 9.675935263840125403e-04 0.000000000000000000e+00
0.000000000000000000e+00 0.000000000000000000e+00 0.000000000000000000e+00 0.000000000000000000e+00 4.169611575771605566e-04 0.000000000000000000e+00 0.000000000000000000e+00 0.000000000000000000e+00 1.283127756052411441e-03 1.283687397645649417e-03 0.000000000000000000e+00 0.000000000000000000e+00 1.268665638346673031e-03 1.262497038506056428e-03 9.708031525303075122e-04 0.000000000000000000e+00
0.000000000000000000e+00 0.000000000000000000e+00 0.000000000000000000e+00 0.000000000000000000e+00 4.155730070368282331e-04 0.000000000000000000e+00 0.000000000000000000e+00 0.000000000000000000e+00 1.270585545326464181e-03 1.269193417075923985e-03 0.000000000000000000e+00 0.000000000000000000e+00 1.251540490016116646e-03 1.245773557993741639e-03 9.654369852921505660e-04 0.000000000000000000e+00
0.000000000000000000e+00 0.000000000000000000e+00 0.000000000000000000e+00 0.000000000000000000e+00 4.143377384093814651e-04 0.000000000000000000e+00 0.000000000000000000e+00 0.000000000000000000e+00 1.280699673084923244e-03 1.281799380976250896e-03 0.000000000000000000e+00 0.000000000000000000e+00 1.261850555090901970e-03 1.254966198691826384e-03 9.675341283381421256e-04 0.000000000000000000e+00
0.000000000000000000e+00 0.000000000000000000e+00 0.000000000000000000e+00 0.000000000000000000e+00 4.161691297943259822e-04 0.000000000000000000e+00 0.000000000000000000e+00 0.000000000000000000e+00 1.283069943707121959e-03 1.283330952440026214e-03 0.000000000000000000e+00 0.000000000000000000e+00 1.267990884693295491e-03 1.262679146666308063e-03 9.782968694262753583e-04 0.000000000000000000e+00
0.000000000000000000e+00 0.000000000000000000e+00 0.000000000000000000e+00 0.000000000000000000e+00 4.152064733262225585e-04 0.000000000000000000e+00 0.000000000000000000e+00 0.000000000000000000e+00 1.287365166482127947e-03 1.287767632338777469e-03 0.000000000000000000e+00 0.000000000000000000e+00 1.266817146084262252e-03 1.262953326879745529e-03 9.704547321549739525e-04 0.000000000000000000e+00
0.000000000000000000e+00 0.000000000000000000e+00 0.000000000000000000e+00 0.000000000000000000e+00 4.210137926915495828e-04 0.000000000000000000e+00 0.000000000000000000e+00 0.000000000000000000e+00 1.276530724531107748e-03 1.275939636837455839e-03 0.000000000000000000e+00 0.000000000000000000e+00 1.260403475988156876e-03 1.253677992018510656e-03 9.699540515513246008e-04 0.000000000000000000e+00
0.000000000000000000e+00 0.000000000000000000e+00 0.000000000000000000e+00 0.000000000000000000e+00 4.167813098111895266e-04 0.000000000000000000e+00 0.000000000000000000e+00 0.000000000000000000e+00 1.285093283308759438e-03 1.284765536562222817e-03 0.000000000000000000e+00 0.000000000000000000e+00 1.275757153273522973e-03 1.272045289176345706e-03 9.678815597696906409e-04 0.000000000000000000e+00
0.000000000000000000e+00 0.000000000000000000e+00 0.000000000000000000e+00 0.000000000000000000e+00 4.246514855109030846e-04 0.000000000000000000e+00 0.000000000000000000e+00 0.000000000000000000e+00 1.276161162126857344e-03 1.276183984848755677e-03 0.000000000000000000e+00 0.000000000000000000e+00 1.253801664794158876e-03 1.249327353256349032e-03 9.634618598627209393e-04 0.000000000000000000e+00
0.000000000000000000e+00 0.000000000000000000e+00 0.000000000000000000e+00 0.000000000000000000e+00 4.280176908204680417e-04 0.000000000000000000e+00 0.000000000000000000e+00 0.000000000000000000e+00 1.282563171495856380e-03 1.282950003018437863e-03 0.000000000000000000e+00 0.000000000000000000e+00 1.260402707002757864e-03 1.252168520644862844e-03 9.673713677924702719e-04 0.000000000000000000e+00
0.000000000000000000e+00 0.000000000000000000e+00 0.000000000000000000e+00 0.000000000000000000e+00 4.173410583841630109e-04 0.000000000000000000e+00 0.000000000000000000e+00 0.000000000000000000e+00 1.279426848950624166e-03 1.279502163472043914e-03 0.000000000000000000e+00 0.000000000000000000e+00 1.263664454454592511e-03 1.257240706987354040e-03 9.695621345848008622e-04 0.000000000000000000e+00
0.000000000000000000e+00 0.000000000000000000e+00 0.000000000000000000e+00 0.000000000000000000e+00 4.208659647834529739e-04 0.000000000000000000e+00 0.000000000000000000e+00 0.000000000000000000e+00 1.276410863871972829e-03 1.277819695020056615e-03 0.000000000000000000e+00 0.000000000000000000e+00 1.257071286311246643e-03 1.249688793825014287e-03 9.642347836634110846e-04 0.000000000000000000e+00
0.000000000000000000e+00 0.000000000000000000e+00 0.000000000000000000e+00 0.000000000000000000e+00 4.168543180984480580e-04 0.000000000000000000e+00 0.000000000000000000e+00 0.000000000000000000e+00 1.280041571093465478e-03 1.280845493069988558e-03 0.000000000000000000e+00 0.000000000000000000e+00 1.263543305786280196e-03 1.258584410707401340e-03 9.696064621962643612e-04 0.000000000000000000e+00
0.000000000000000000e+00 0.000000000000000000e+00 0.000000000000000000e+00 0.000000000000000000e+00 4.241499694421286995e-04 0.000000000000000000e+00 0.000000000000000000e+00 0.000000000000000000e+00 1.267647224526368202e-03 1.268232072568832884e-03 0.000000000000000000e+00 0.000000000000000000e+00 1.254279974828566464e-03 1.248912440670845976e-03 9.657663174942122996e-04 0.000000000000000000e+00
0.000000000000000000e+00 0.000000000000000000e+00 0.000000000000000000e+00 0.000000000000000000e+00 4.222326771815799952e-04 0.000000000000000000e+00 0.000000000000000000e+00 0.000000000000000000e+00 1.281907386349795137e-03 1.280664279224574169e-03 0.000000000000000000e+00 0.000000000000000000e+00 1.265331032061999721e-03 1.258572755507200106e-03 9.620414155635441476e-04 0.000000000000000000e+00
0.000000000000000000e+00 0.000000000000000000e+00 0.000000000000000000e+00 0.000000000000000000e+00 4.196640084482791168e-04 0.000000000000000000e+00 0.000000000000000000e+00 0.000000000000000000e+00 1.286986734916533608e-03 1.286090832426111481e-03 0.000000000000000000e+00 0.000000000000000000e+00 1.264308208614761111e-03 1.256971645447864600e-03 9.595804519466478825e-04 0.000000000000000000e+00
0.000000000000000000e+00 0.000000000000000000e+00 0.000000000000000000e+00 0.000000000000000000e+00 4.222615821437202205e-04 0.000000000000000000e+00 0.000000000000000000e+00 0.000000000000000000e+00 1.274228866034139880e-03 1.276474962492271312e-03 0.000000000000000000e+00 0.000000000000000000e+00 1.260615868677817048e-03 1.254653710193724681e-03 9.664594095375100488e-04 0.000000000000000000e+00
0.000000000000000000e+00 0.000000000000000000e+00 0.000000000000000000e+00 0.000000000000000000e+00 4.252934452499104907e-04 0.000000000000000000e+00 0.000000000000000000e+00 0.000000000000000000e+00 1.280011943459971125e-03 1.279104173967438637e-03 0.000000000000000000e+00 0.000000000000000000e+00 1.264292680659557556e-03 1.258663597782210160e-03 9.662459934369992381e-04 0.000000000000000000e+00
0.000000000000000000e+00 0.000000000000000000e+00 0.000000000000000000e+00 0.000000000000000000e+00 4.227101039519841428e-04 0.000000000000000000e+00 0.000000000000000000e+00 0.000000000000000000e+00 1.286371829961231164e-03 1.286604499177668171e-03 0.000000000000000000e+00 0.000000000000000000e+00 1.258946901827127452e-03 1.252203399454436018e-03 9.662457179343607403e-04 0.000000000000000000e+00
0.000000000000000000e+00 0.000000000000000000e+00 0.000000000000000000e+00 0.000000000000000000e+00 4.210523935873154017e-04 0.000000000000000000e+00 0.000000000000000000e+00 0.000000000000000000e+00 1.288071637561537426e-03 1.287045032954971984e-03 0.000000000000000000e+00 0.000000000000000000e+00 1.268969448721092401e-03 1.260419329110683186e-03 9.721421744096896567e-04 0.000000000000000000e+00
0.000000000000000000e+00 0.000000000000000000e+00 0.000000000000000000e+00 0.000000000000000000e+00 4.283956392483770858e-04 0.000000000000000000e+00 0.000000000000000000e+00 0.000000000000000000e+00 1.288822213281438315e-03 1.290089939768870051e-03 0.000000000000000000e+00 0.000000000000000000e+00 1.270049193234976722e-03 1.263111461891804023e-03 9.690519248638585284e-04 0.000000000000000000e+00
0.000000000000000000e+00 0.000000000000000000e+00 0.000000000000000000e+00 0.000000000000000000e+00 4.181831360787163060e-04 0.000000000000000000e+00 0.000000000000000000e+00 0.000000000000000000e+00 1.277711962486997822e-03 1.276740702249018434e-03 0.000000000000000000e+00 0.000000000000000000e+00 1.257411765112144159e-03 1.250702496692389061e-03 9.706729179493839375e-04 0.000000000000000000e+00
0.000000000000000000e+00 0.000000000000000000e+00 0.000000000000000000e+00 0.000000000000000000e+00 4.208842577101839805e-04 0.000000000000000000e+00 0.000000000000000000e+00 0.000000000000000000e+00 1.274910832301949992e-03 1.274435233396830052e-03 0.000000000000000000e+00 0.000000000000000000e+00 1.253443165017582850e-03 1.246537394639866394e-03 9.662551495746806145e-04 0.000000000000000000e+00
0.000000000000000000e+00 0.000000000000000000e+00 0.000000000000000000e+00 0.000000000000000000e+00 4.296146836617651494e-04 0.000000000000000000e+00 0.000000000000000000e+00 0.000000000000000000e+00 1.282384526236902056e-03 1.283497619505912044e-03 0.000000000000000000e+00 0.000000000000000000e+00 1.266755224197685641e-03 1.260780291610879081e-03 9.697167699803210632e-04 0.000000000000000000e+00
0.000000000000000000e+00 0.000000000000000000e+00 0.000000000000000000e+00 0.000000000000000000e+00 4.133067972016662831e-04 0.000000000000000000e+00 0.000000000000000000e+00 0.000000000000000000e+00 1.280124539236335377e-03 1.279537046783921217e-03 0.000000000000000000e+00 0.000000000000000000e+00 1.256095475658550783e-03 1.249542983333860923e-03 9.700084451772857282e-04 0.000000000000000000e+00
0.000000000000000000e+00 0.000000000000000000e+00 0.000000000000000000e+00 0.000000000000000000e+00 4.222578355153525347e-04 0.000000000000000000e+00 0.000000000000000000e+00 0.000000000000000000e+00 1.276767910833053127e-03 1.276088761399756053e-03 0.000000000000000000e+00 0.000000000000000000e+00 1.259207933249736639e-03 1.252717183816677788e-03 9.712952637298941008e-04 0.000000000000000000e+00
0.000000000000000000e+00 0.000000000000000000e+00 0.000000000000000000e+00 0.000000000000000000e+00 4.236106076128556375e-04 0.000000000000000000e+00 0.000000000000000000e+00 0.000000000000000000e+00 1.285917549953951656e-03 1.286725837152153653e-03 0.000000000000000000e+00 0.000000000000000000e+00 1.272516686718975967e-03 1.269702979115799229e-03 9.734334549732062475e-04 0.000000000000000000e+00
0.000000000000000000e+00 0.000000000000000000e+00 0.000000000000000000e+00 0.000000000000000000e+00 4.204914624697832768e-04 0.000000000000000000e+00 0.000000000000000000e+00 0.000000000000000000e+00 1.282990634041088424e-03 1.282471819757747449e-03 0.000000000000000000e+00 0.000000000000000000e+00 1.267964638945584055e-03 1.262759564714409149e-03 9.667588613025694839e-04 0.000000000000000000e+00
0.000000000000000000e+00 0.000000000000000000e+00 0.000000000000000000e+00 0.000000000000000000e+00 4.207205803853585036e-04 0.000000000000000000e+00 0.000000000000000000e+00 0.000000000000000000e+00 1.292906123860759239e-03 1.294548117349198250e-03 0.000000000000000000e+00 0.000000000000000000e+00 1.268168318816527721e-03 1.262417756188411637e-03 9.796607777921115690e-04 0.000000000000000000e+00
0.000000000000000000e+00 0.000000000000000000e+00 0.000000000000000000e+00 0.000000000000000000e+00 4.206151474633021458e-04 0.000000000000000000e+00 0.000000000000000000e+00 0.000000000000000000e+00 1.275069936800549445e-03 1.276036451048826468e-03 0.000000000000000000e+00 0.000000000000000000e+00 1.261141513973790739e-03 1.253813107657135916e-03 9.783254538627433362e-04 0.000000000000000000e+00
0.000000000000000000e+00 0.000000000000000000e+00 0.000000000000000000e+00 0.000000000000000000e+00 4.197964919805048417e-04 0.000000000000000000e+00 0.000000000000000000e+00 0.000000000000000000e+00 1.272794865715344515e-03 1.271720284281743600e-03 0.000000000000000000e+00 0.000000000000000000e+00 1.263523166650787040e-03 1.258108799268827308e-03 9.696720391455233932e-04 0.000000000000000000e+00
0.000000000000000000e+00 0.000000000000000000e+00 0.000000000000000000e+00 0.000000000000000000e+00 4.310614401393597444e-04 0.000000000000000000e+00 0.000000000000000000e+00 0.000000000000000000e+00 1.275838921878162625e-03 1.274357855333069179e-03 0.000000000000000000e+00 0.000000000000000000e+00 1.261947863437092249e-03 1.257406419421978677e-03 9.728917502366423754e-04 0.000000000000000000e+00
0.000000000000000000e+00 0.000000000000000000e+00 0.000000000000000000e+00 0.000000000000000000e+00 4.164270064338058833e-04 0.000000000000000000e+00 0.000000000000000000e+00 0.000000000000000000e+00 1.279434727637195155e-03 1.279626285827163441e-03 0.000000000000000000e+00 0.000000000000000000e+00 1.269817138118855453e-03 1.266895076988904488e-03 9.665404461620595534e-04 0.000000000000000000e+00
0.000000000000000000e+00 0.000000000000000000e+00 0.000000000000000000e+00 0.000000000000000000e+00 4.219006790028136740e-04 0.000000000000000000e+00 0.000000000000000000e+00 0.000000000000000000e+00 1.281882351261739994e-03 1.282637198967687044e-03 0.000000000000000000e+00 0.000000000000000000e+00 1.266671331915443510e-03 1.262245059634392640e-03 9.682932731373858175e-04 0.000000000000000000e+00
0.000000000000000000e+00 0.000000000000000000e+00 0.000000000000000000e+00 0.000000000000000000e+00 4.152331858594594284e-04 0.000000000000000000e+00 0.000000000000000000e+00 0.000000000000000000e+00 1.282870703293503270e-03 1.282861982516997606e-03 0.000000000000000000e+00 0.000000000000000000e+00 1.263034275203211466e-03 1.254845794251868143e-03 9.671978565884862752e-04 0.000000000000000000e+00
0.000000000000000000e+00 0.000000000000000000e+00 0.000000000000000000e+00 0.000000000000000000e+00 4.184014656851695112e-04 0.000000000000000000e+00 0.000000000000000000e+00 0.000000000000000000e+00 1.270143443133927609e-03 1.269072515302049941e-03 0.000000000000000000e+00 0.000000000000000000e+00 1.260002573270577360e-03 1.253230798924016495e-03 9.681478664060507843e-04 0.000000000000000000e+00
0.000000000000000000e+00 0.000000000000000000e+00 0.000000000000000000e+00 0.000000000000000000e+00 4.199540379517882486e-04 0.000000000000000000e+00 0.000000000000000000e+00 0.000000000000000000e+00 1.279761074302903376e-03 1.281653294330374528e-03 0.000000000000000000e+00 0.000000000000000000e+00 1.258759182961880158e-03 1.255856735201887073e-03 9.691562342604573754e-04 0.000000000000000000e+00
0.000000000000000000e+00 0.000000000000000000e+00 0.000000000000000000e+00 0.000000000000000000e+00 4.181084632496931516e-04 0.000000000000000000e+00 0.000000000000000000e+00 0.000000000000000000e+00 1.281443570288673438e-03 1.281400302626185643e-03 0.000000000000000000e+00 0.000000000000000000e+00 1.268191619430191278e-03 1.262581541146170876e-03 9.597197733049214448e-04 0.000000000000000000e+00
0.000000000000000000e+00 0.000000000000000000e+00 0.000000000000000000e+00 0.000000000000000000e+00 4.231832675012680883e-04 0.000000000000000000e+00 0.000000000000000000e+00 0.000000000000000000e+00 1.276216806225914961e-03 1.275938942340272553e-03 0.000000000000000000e+00 0.000000000000000000e+00 1.260974922642558267e-03 1.254405745342814047e-03 9.630556585287477957e-04 0.000000000000000000e+00
0.000000000000000000e+00 0.000000000000000000e+00 0.000000000000000000e+00 0.000000000000000000e+00 4.209722599340661136e-04 0.000000000000000000e+00 0.000000000000000000e+00 0.000000000000000000e+00 1.282674620458752225e-03 1.281612271090569162e-03 0.000000000000000000e+00 0.000000000000000000e+00 1.263910648602771785e-03 1.256201602688952540e-03 9.674809977387494216e-04 0.000000000000000000e+00
0.000000000000000000e+00 0.000000000000000000e+00 0.000000000000000000e+00 0.000000000000000000e+00 4.206545132461649841e-04 0.000000000000000000e+00 0.000000000000000000e+00 0.000000000000000000e+00 1.277902890883552073e-03 1.278515298740644018e-03 0.000000000000000000e+00 0.000000000000000000e+00 1.267390508391278477e-03 1.263102828429962538e-03 9.689643678500335297e-04 0.000000000000000000e+00
0.000000000000000000e+00 0.000000000000000000e+00 0.000000000000000000e+00 0.000000000000000000e+00 4.196787581633574962e-04 0.000000000000000000e+00 0.000000000000000000e+00 0.000000000000000000e+00 1.281962539996974642e-03 1.282233730824052127e-03 0.000000000000000000e+00 0.000000000000000000e+00 1.264524697465581110e-03 1.258343392826517500e-03 9.727582446491994444e-04 0.000000000000000000e+00
0.000000000000000000e+00 0.000000000000000000e+00 0.000000000000000000e+00 0.000000000000000000e+00 4.203051257578252638e-04 0.000000000000000000e+00 0.000000000000000000e+00 0.000000000000000000e+00 1.277201449444641170e-03 1.276928239784376256e-03 0.000000000000000000e+00 0.000000000000000000e+00 1.263688580581466808e-03 1.257754937120596000e-03 9.719270989297311945e-04 0.000000000000000000e+00
0.000000000000000000e+00 0.000000000000000000e+00 0.000000000000000000e+00 0.000000000000000000e+00 4.196511392879198458e-04 0.000000000000000000e+00 0.000000000000000000e+00 0.000000000000000000e+00 1.281349910232610625e-03 1.281248449932913865e-03 0.000000000000000000e+00 0.000000000000000000e+00 1.265329135856208161e-03 1.259573483080835259e-03 9.712059583571766531e-04 0.000000000000000000e+00
0.000000000000000000e+00 0.000000000000000000e+00 0.000000000000000000e+00 0.000000000000000000e+00 4.198102136406001725e-04 0.000000000000000000e+00 0.000000000000000000e+00 0.000000000000000000e+00 1.278390677743185483e-03 1.278565784506345039e-03 0.000000000000000000e+00 0.000000000000000000e+00 1.259840209579444429e-03 1.254062885386753295e-03 9.659662224318216195e-04 0.000000000000000000e+00
0.000000000000000000e+00 0.000000000000000000e+00 0.000000000000000000e+00 0.000000000000000000e+00 4.164081258881221939e-04 0.000000000000000000e+00 0.000000000000000000e+00 0.000000000000000000e+00 1.277400438144842823e-03 1.276890504916711449e-03 0.000000000000000000e+00 0.000000000000000000e+00 1.256549552062804142e-03 1.250559085590372292e-03 9.710697717043637912e-04 0.000000000000000000e+00
0.000000000000000000e+00 0.000000000000000000e+00 0.000000000000000000e+00 0.000000000000000000e+00 4.179444643657494749e-04 0.000000000000000000e+00 0.000000000000000000e+00 0.000000000000000000e+00 1.291064954352462695e-03 1.291614953289176070e-03 0.000000000000000000e+00 0.000000000000000000e+00 1.276975741841430805e-03 1.271457033237501869e-03 9.680816879754087145e-04 0.000000000000000000e+00
0.000000000000000000e+00 0.000000000000000000e+00 0.000000000000000000e+00 0.000000000000000000e+00 4.192711425578899494e-04 0.000000000000000000e+00 0.000000000000000000e+00 0.000000000000000000e+00 1.275577469443584444e-03 1.275045459253805165e-03 0.000000000000000000e+00 0.000000000000000000e+00 1.262311361474133080e-03 1.255431949455563427e-03 9.701225925022663454e-04 0.000000000000000000e+00
0.000000000000000000e+00 0.000000000000000000e+00 0.000000000000000000e+00 0.000000000000000000e+00 4.268105219543670580e-04 0.000000000000000000e+00 0.000000000000000000e+00 0.000000000000000000e+00 1.277759184300359752e-03 1.277912954541462988e-03 0.000000000000000000e+00 0.000000000000000000e+00 1.262170472123966183e-03 1.256831032282543312e-03 9.604845360302266630e-04 0.000000000000000000e+00
0.000000000000000000e+00 0.000000000000000000e+00 0.000000000000000000e+00 0.000000000000000000e+00 4.207956263888822904e-04 0.000000000000000000e+00 0.000000000000000000e+00 0.000000000000000000e+00 1.271996553555112836e-03 1.272464081790790130e-03 0.000000000000000000e+00 0.000000000000000000e+00 1.246543160972996347e-03 1.239549255210178023e-03 9.611293011742384545e-04 0.000000000000000000e+00
0.000000000000000000e+00 0.000000000000000000e+00 0.000000000000000000e+00 0.000000000000000000e+00 4.197200945958980633e-04 0.000000000000000000e+00 0.000000000000000000e+00 0.000000000000000000e+00 1.292462346734425324e-03 1.291823750139980184e-03 0.000000000000000000e+00 0.000000000000000000e+00 1.270738768103517628e-03 1.265004630789274892e-03 9.702957667835139955e-04 0.000000000000000000e+00
0.000000000000000000e+00 0.000000000000000000e+00 0.000000000000000000e+00 0.000000000000000000e+00 4.225196278895904166e-04 0.000000000000000000e+00 0.000000000000000000e+00 0.000000000000000000e+00 1.284866275453967971e-03 1.283926165413180887e-03 0.000000000000000000e+00 0.000000000000000000e+00 1.269607543654078206e-03 1.264860391648901274e-03 9.621024051415746382e-04 0.000000000000000000e+00
0.000000000000000000e+00 0.000000000000000000e+00 0.000000000000000000e+00 0.000000000000000000e+00 4.206793868107011744e-04 0.000000000000000000e+00 0.000000000000000000e+00 0.000000000000000000e+00 1.276018159627245090e-03 1.275951068788844841e-03 0.000000000000000000e+00 0.000000000000000000e+00 1.261146211661277579e-03 1.254797776029264924e-03 9.649444298884561275e-04 0.000000000000000000e+00
0.000000000000000000e+00 0.000000000000000000e+00 0.000000000000000000e+00 0.000000000000000000e+00 4.184205743616955966e-04 0.000000000000000000e+00 0.000000000000000000e+00 0.000000000000000000e+00 1.284750200207028341e-03 1.285220648530874732e-03 0.000000000000000000e+00 0.000000000000000000e+00 1.266108356950712858e-03 1.260988345654949754e-03 9.710026826063545766e-04 0.000000000000000000e+00
0.000000000000000000e+00 0.000000000000000000e+00 0.000000000000000000e+00 0.000000000000000000e+00 4.233162315188167832e-04 0.000000000000000000e+00 0.000000000000000000e+00 0.000000000000000000e+00 1.282436327866460840e-03 1.283835097775944123e-03 0.000000000000000000e+00 0.000000000000000000e+00 1.268779503488777841e-03 1.264894452772955761e-03 9.751217150609036268e-04 0.000000000000000000e+00
0.000000000000000000e+00 0.000000000000000000e+00 0.000000000000000000e+00 0.000000000000000000e+00 4.119754257353682087e-04 0.000000000000000000e+00 0.000000000000000000e+00 0.000000000000000000e+00 1.270972619186586106e-03 1.271095356207580440e-03 0.000000000000000000e+00 0.000000000000000000e+00 1.258441012206461436e-03 1.252340803546008168e-03 9.595155004402314411e-04 0.000000000000000000e+00
0.000000000000000000e+00 0.000000000000000000e+00 0.000000000000000000e+00 0.000000000000000000e+00 4.191779859594977633e-04 0.000000000000000000e+00 0.000000000000000000e+00 0.000000000000000000e+00 1.279442523192703997e-03 1.280641900629652568e-03 0.000000000000000000e+00 0.000000000000000000e+00 1.266220792680073032e-03 1.262525190368283872e-03 9.628359242041314037e-04 0.000000000000000000e+00
0.000000000000000000e+00 0.000000000000000000e+00 0.000000000000000000e+00 0.000000000000000000e+00 4.235977432865607761e-04 0.000000000000000000e+00 0.000000000000000000e+00 0.000000000000000000e+00 1.273235407422743277e-03 1.273867578470230843e-03 0.000000000000000000e+00 0.000000000000000000e+00 1.263105936643610155e-03 1.258003019616571981e-03 9.707532708781639553e-04 0.000000000000000000e+00
0.000000000000000000e+00 0.000000000000000000e+00 0.000000000000000000e+00 0.000000000000000000e+00 4.204127256646855671e-04 0.000000000000000000e+00 0.000000000000000000e+00 0.000000000000000000e+00 1.276863578496394494e-03 1.277341718104216262e-03 0.000000000000000000e+00 0.000000000000000000e+00 1.257449077062303047e-03 1.250474688567672181e-03 9.655654681110137534e-04 0.000000000000000000e+00
0.000000000000000000e+00 0.000000000000000000e+00 0.000000000000000000e+00 0.000000000000000000e+00 4.188700333439224102e-04 0.000000000000000000e+00 0.000000000000000000e+00 0.000000000000000000e+00 1.289151910960707140e-03 1.288078126787905271e-03 0.000000000000000000e+00 0.000000000000000000e+00 1.266381290537267872e-03 1.258666975759121804e-03 9.696080792864331631e-04 0.000000000000000000e+00
0.000000000000000000e+00 0.000000000000000000e+00 0.000000000000000000e+00 0.000000000000000000e+00 4.231155282365527018e-04 0.000000000000000000e+00 0.000000000000000000e+00 0.000000000000000000e+00 1.267025305130921797e-03 1.268107439872856543e-03 0.000000000000000000e+00 0.000000000000000000e+00 1.260789247509212568e-03 1.258618790520812849e-03 9.615124573593158714e-04 0.000000000000000000e+00
0.000000000000000000e+00 0.000000000000000000e+00 0.000000000000000000e+00 0.000000000000000000e+00 4.232099910521414684e-04 0.000000000000000000e+00 0.000000000000000000e+00 0.000000000000000000e+00 1.282101921139346123e-03 1.282835904064826872e-03 0.000000000000000000e+00 0.000000000000000000e+00 1.264969756062902509e-03 1.258889488597811097e-03 9.685571822525822650e-04 0.000000000000000000e+00
0.000000000000000000e+00 0.000000000000000000e+00 0.000000000000000000e+00 0.000000000000000000e+00 4.198352142196500156e-04 0.000000000000000000e+00 0.000000000000000000e+00 0.000000000000000000e+00 1.285944073277342330e-03 1.283010985144968866e-03 0.000000000000000000e+00 0.000000000000000000e+00 1.263871159242330655e-03 1.254653763715223112e-03 9.743364227337982875e-04 0.000000000000000000e+00
0.000000000000000000e+00 0.000000000000000000e+00 0.000000000000000000e+00 0.000000000000000000e+00 4.201559801477446152e-04 0.000000000000000000e+00 0.000000000000000000e+00 0.000000000000000000e+00 1.283088284543566597e-03 1.282842406107166308e-03 0.000000000000000000e+00 0.000000000000000000e+00 1.264689866047055081e-03 1.257889871124364366e-03 9.681686662415152356e-04 0.000000000000000000e+00
0.000000000000000000e+00 0.000000000000000000e+00 0.000000000000000000e+00 0.000000000000000000e+00 4.233205904010934988e-04 0.000000000000000000e+00 0.000000000000000000e+00 0.000000000000000000e+00 1.276529293583508404e-03 1.276539396959250556e-03 0.000000000000000000e+00 0.000000000000000000e+00 1.268338942714419262e-03 1.263549086581492505e-03 9.662689870840973465e-04 0.000000000000000000e+00
0.000000000000000000e+00 0.000000000000000000e+00 0.000000000000000000e+00 0.000000000000000000e+00 4.159412273692016126e-04 0.000000000000000000e+00 0.000000000000000000e+00 0.000000000000000000e+00 1.278582702355778901e-03 1.279019242473146759e-03 0.000000000000000000e+00 0.000000000000000000e+00 1.263129608039092154e-03 1.258728034535989493e-03 9.646796024437829815e-04 0.000000000000000000e+00
0.000000000000000000e+00 0.000000000000000000e+00 0.000000000000000000e+00 0.000000000000000000e+00 4.180539207362327981e-04 0.000000000000000000e+00 0.000000000000000000e+00 0.000000000000000000e+00 1.281328368306811896e-03 1.280741023315392323e-03 0.000000000000000000e+00 0.000000000000000000e+00 1.267953009258989457e-03 1.263773883857303689e-03 9.677182593373662590e-04 0.000000000000000000e+00
0.000000000000000000e+00 0.000000000000000000e+00 0.000000000000000000e+00 0.000000000000000000e+00 4.224567663762383851e-04 0.000000000000000000e+00 0.000000000000000000e+00 0.000000000000000000e+00 1.274765094895337651e-03 1.273750526849926675e-03 0.000000000000000000e+00 0.000000000000000000e+00 1.258399730863533645e-03 1.250070538364051950e-03 9.720655889444606212e-04 0.000000000000000000e+00
0.000000000000000000e+00 0.000000000000000000e+00 0.000000000000000000e+00 0.000000000000000000e+00 4.240659442288535795e-04 0.000000000000000000e+00 0.000000000000000000e+00 0.000000000000000000e+00 1.284901181310113810e-03 1.284401094318323236e-03 0.000000000000000000e+00 0.000000000000000000e+00 1.266890162213371758e-03 1.260227252779429381e-03 9.703884720551459288e-04 0.000000000000000000e+00
0.000000000000000000e+00 0.000000000000000000e+00 0.000000000000000000e+00 0.000000000000000000e+00 4.209187448728743158e-04 0.000000000000000000e+00 0.000000000000000000e+00 0.000000000000000000e+00 1.288157114456105245e-03 1.286979889379507918e-03 0.000000000000000000e+00 0.000000000000000000e+00 1.270906592878230917e-03 1.267622896497183930e-03 9.690933394531519749e-04 0.000000000000000000e+00
0.000000000000000000e+00 0.000000000000000000e+00 0.000000000000000000e+00 0.000000000000000000e+00 4.216741525437914294e-04 0.000000000000000000e+00 0.000000000000000000e+00 0.000000000000000000e+00 1.271286103356286147e-03 1.270359962685077256e-03 0.000000000000000000e+00 0.000000000000000000e+00 1.256022373837098948e-03 1.249186325677175335e-03 9.585029195542521530e-04 0.000000000000000000e+00
0.000000000000000000e+00 0.000000000000000000e+00 0.000000000000000000e+00 0.000000000000000000e+00 4.243147648510226487e-04 0.000000000000000000e+00 0.000000000000000000e+00 0.000000000000000000e+00 1.279550297535821893e-03 1.280441497419006376e-03 0.000000000000000000e+00 0.000000000000000000e+00 1.265656107303510247e-03 1.261475554634323461e-03 9.628584584311022454e-04 0.000000000000000000e+00
