# {'chrom': '6', 'window_id': '0', 'statistic': 'H2', 'bounds': [0, 19000000], 'span': 19000000, 'n_sites': 12096523, 'coverage': 63.67, 'right_discontinuous': False, 'rows': "{0: 'Altai', 1: 'Chagyrskaya', 2: 'Denisova', 3: 'French-1', 4: 'Han-1', 5: 'Khomani_San-2', 6: 'Papuan-2', 7: 'Vindija', 8: 'Yoruba-1', 9: 'Yoruba-3'}"}
5.800000000000000000e+01 7.700000000000000000e+01 2.440000000000000000e+02 4.230000000000000000e+02 8.160000000000000000e+02 1.825000000000000000e+03 2.041000000000000000e+03 3.048000000000000000e+03 6.948000000000000000e+03 6.706000000000000000e+03 9.354000000000000000e+03 1.288000000000000000e+04 2.266600000000000000e+04 2.885600000000000000e+04 8.697400000000000000e+04 8.206600000000000000e+04 1.839090000000000000e+05 5.736890000000000000e+05 1.364707000000000000e+06
1.590000000000000000e+02 1.510000000000000000e+02 3.180000000000000000e+02 5.280000000000000000e+02 9.610000000000000000e+02 1.560000000000000000e+03 2.334000000000000000e+03 3.866000000000000000e+03 9.776000000000000000e+03 1.061000000000000000e+04 1.181800000000000000e+04 1.688900000000000000e+04 2.533000000000000000e+04 2.948900000000000000e+04 8.709800000000000000e+04 8.330800000000000000e+04 1.873430000000000000e+05 4.833280000000000000e+05 9.460940000000000000e+05
5.800000000000000000e+01 2.700000000000000000e+01 1.230000000000000000e+02 2.270000000000000000e+02 3.640000000000000000e+02 9.690000000000000000e+02 1.362000000000000000e+03 2.016000000000000000e+03 4.069000000000000000e+03 4.520000000000000000e+03 6.334000000000000000e+03 1.011900000000000000e+04 1.345300000000000000e+04 2.621500000000000000e+04 8.307000000000000000e+04 1.305890000000000000e+05 2.373550000000000000e+05 8.123570000000000000e+05 1.353056000000000000e+06
3.115000000000000000e+03 1.235000000000000000e+03 2.126000000000000000e+03 2.455000000000000000e+03 3.642000000000000000e+03 9.921000000000000000e+03 1.314700000000000000e+04 2.236900000000000000e+04 4.631800000000000000e+04 5.422600000000000000e+04 7.420100000000000000e+04 1.389340000000000000e+05 1.981450000000000000e+05 3.403820000000000000e+05 8.537890000000000000e+05 1.309191000000000000e+06 2.974236000000000000e+06 9.050088000000000000e+06 1.782578000000000000e+07
2.751000000000000000e+03 9.050000000000000000e+02 1.460000000000000000e+03 1.770000000000000000e+03 2.774000000000000000e+03 7.547000000000000000e+03 1.121700000000000000e+04 1.712400000000000000e+04 3.423800000000000000e+04 4.026700000000000000e+04 5.442200000000000000e+04 9.198400000000000000e+04 1.522380000000000000e+05 2.692570000000000000e+05 7.021580000000000000e+05 1.052768000000000000e+06 2.188157000000000000e+06 7.110600000000000000e+06 1.396508200000000000e+07
2.349000000000000000e+03 1.280000000000000000e+03 2.421000000000000000e+03 3.066000000000000000e+03 4.516000000000000000e+03 1.277500000000000000e+04 1.673400000000000000e+04 2.798300000000000000e+04 5.934000000000000000e+04 6.737800000000000000e+04 9.604600000000000000e+04 2.026960000000000000e+05 3.087060000000000000e+05 5.440810000000000000e+05 1.555130000000000000e+06 2.505204000000000000e+06 4.984942000000000000e+06 1.564186000000000000e+07 3.001803600000000000e+07
1.865000000000000000e+03 6.210000000000000000e+02 1.228000000000000000e+03 1.510000000000000000e+03 2.115000000000000000e+03 5.883000000000000000e+03 8.282000000000000000e+03 1.379500000000000000e+04 2.684600000000000000e+04 3.143000000000000000e+04 3.558400000000000000e+04 7.349900000000000000e+04 8.876400000000000000e+04 1.883950000000000000e+05 4.043860000000000000e+05 6.079190000000000000e+05 1.192154000000000000e+06 4.078690000000000000e+06 7.618930000000000000e+06
3.600000000000000000e+01 3.700000000000000000e+01 1.420000000000000000e+02 2.020000000000000000e+02 3.700000000000000000e+02 7.090000000000000000e+02 1.059000000000000000e+03 1.942000000000000000e+03 3.789000000000000000e+03 4.237000000000000000e+03 6.600000000000000000e+03 9.559000000000000000e+03 1.255300000000000000e+04 1.007000000000000000e+04 2.481500000000000000e+04 3.667600000000000000e+04 7.915900000000000000e+04 2.541150000000000000e+05 6.509620000000000000e+05
3.459000000000000000e+03 1.460000000000000000e+03 2.913000000000000000e+03 3.261000000000000000e+03 5.098000000000000000e+03 1.454100000000000000e+04 1.947700000000000000e+04 2.845300000000000000e+04 7.105200000000000000e+04 7.735700000000000000e+04 1.104270000000000000e+05 2.414880000000000000e+05 2.851760000000000000e+05 5.746670000000000000e+05 1.565039000000000000e+06 2.479857000000000000e+06 4.935812000000000000e+06 1.610970800000000000e+07 2.990301400000000000e+07
4.775000000000000000e+03 1.782000000000000000e+03 2.971000000000000000e+03 3.503000000000000000e+03 5.321000000000000000e+03 1.564000000000000000e+04 2.003900000000000000e+04 3.208600000000000000e+04 7.221400000000000000e+04 7.680000000000000000e+04 1.054760000000000000e+05 2.444570000000000000e+05 2.943100000000000000e+05 5.834390000000000000e+05 1.723998000000000000e+06 2.847099000000000000e+06 5.620507000000000000e+06 1.776498000000000000e+07 3.396791600000000000e+07
