# {'chrom': '6', 'window_id': '4', 'statistic': 'H2', 'bounds': [80000000, 98000000], 'span': 18000000, 'n_sites': 11102251, 'coverage': 61.68, 'right_discontinuous': False, 'rows': "{0: 'Altai', 1: 'Chagyrskaya', 2: 'Denisova', 3: 'French-1', 4: 'Han-1', 5: 'Khomani_San-2', 6: 'Papuan-2', 7: 'Vindija', 8: 'Yoruba-1', 9: 'Yoruba-3'}"}
5.310000000000000000e+02 4.140000000000000000e+02 6.850000000000000000e+02 7.950000000000000000e+02 1.163000000000000000e+03 2.570000000000000000e+03 3.520000000000000000e+03 5.225000000000000000e+03 1.196300000000000000e+04 1.274500000000000000e+04 1.687800000000000000e+04 3.611000000000000000e+04 6.455800000000000000e+04 9.563000000000000000e+04 1.698710000000000000e+05 2.518810000000000000e+05 3.958180000000000000e+05 1.078761000000000000e+06 1.981832000000000000e+06
1.977000000000000000e+03 1.371000000000000000e+03 3.020000000000000000e+03 2.655000000000000000e+03 3.591000000000000000e+03 7.703000000000000000e+03 5.851000000000000000e+03 1.711500000000000000e+04 1.567900000000000000e+04 1.565100000000000000e+04 1.552200000000000000e+04 2.767200000000000000e+04 2.219500000000000000e+04 1.056430000000000000e+05 8.317500000000000000e+04 1.400530000000000000e+05 3.238090000000000000e+05 8.347090000000000000e+05 1.620772000000000000e+06
8.250000000000000000e+02 4.300000000000000000e+02 2.710000000000000000e+02 2.850000000000000000e+02 4.410000000000000000e+02 1.030000000000000000e+03 2.166000000000000000e+03 4.254000000000000000e+03 7.533000000000000000e+03 4.900000000000000000e+03 4.169000000000000000e+03 1.029200000000000000e+04 1.958000000000000000e+04 2.703300000000000000e+04 7.351400000000000000e+04 1.077100000000000000e+05 2.581610000000000000e+05 7.471130000000000000e+05 1.196429000000000000e+06
6.902000000000000000e+03 2.915000000000000000e+03 3.689000000000000000e+03 3.321000000000000000e+03 4.066000000000000000e+03 1.114600000000000000e+04 2.015400000000000000e+04 3.085300000000000000e+04 6.203000000000000000e+04 7.319800000000000000e+04 1.052270000000000000e+05 2.233580000000000000e+05 2.664210000000000000e+05 5.428140000000000000e+05 1.634564000000000000e+06 2.293435000000000000e+06 4.608721000000000000e+06 1.394722600000000000e+07 2.472443900000000000e+07
7.614000000000000000e+03 2.496000000000000000e+03 3.199000000000000000e+03 2.835000000000000000e+03 3.624000000000000000e+03 9.830000000000000000e+03 1.695600000000000000e+04 2.726200000000000000e+04 5.886000000000000000e+04 6.767600000000000000e+04 7.936300000000000000e+04 2.050660000000000000e+05 2.706070000000000000e+05 4.934840000000000000e+05 1.355793000000000000e+06 1.627527000000000000e+06 3.636033000000000000e+06 1.224871400000000000e+07 1.974586800000000000e+07
7.858000000000000000e+03 2.966000000000000000e+03 4.350000000000000000e+03 4.098000000000000000e+03 5.513000000000000000e+03 1.170200000000000000e+04 2.115000000000000000e+04 3.570800000000000000e+04 7.708200000000000000e+04 8.143500000000000000e+04 1.131320000000000000e+05 2.444100000000000000e+05 3.399650000000000000e+05 7.953050000000000000e+05 2.177231000000000000e+06 2.784830000000000000e+06 5.134167000000000000e+06 1.624823800000000000e+07 3.093569700000000000e+07
4.425000000000000000e+03 1.677000000000000000e+03 1.774000000000000000e+03 1.636000000000000000e+03 2.341000000000000000e+03 6.885000000000000000e+03 1.133600000000000000e+04 1.821000000000000000e+04 3.528700000000000000e+04 3.772300000000000000e+04 4.972200000000000000e+04 1.285180000000000000e+05 1.601180000000000000e+05 2.794330000000000000e+05 7.217750000000000000e+05 8.814970000000000000e+05 2.023901000000000000e+06 3.899450000000000000e+06 8.034259000000000000e+06
4.780000000000000000e+02 3.660000000000000000e+02 5.420000000000000000e+02 6.190000000000000000e+02 8.420000000000000000e+02 1.859000000000000000e+03 2.642000000000000000e+03 4.459000000000000000e+03 8.869000000000000000e+03 9.580000000000000000e+03 1.199700000000000000e+04 1.656000000000000000e+04 2.580400000000000000e+04 4.414200000000000000e+04 1.141250000000000000e+05 1.534690000000000000e+05 3.620340000000000000e+05 8.649010000000000000e+05 1.384585000000000000e+06
1.199700000000000000e+04 4.895000000000000000e+03 6.345000000000000000e+03 5.810000000000000000e+03 7.056000000000000000e+03 1.686400000000000000e+04 2.974500000000000000e+04 4.916300000000000000e+04 1.058700000000000000e+05 1.179370000000000000e+05 1.806760000000000000e+05 4.330290000000000000e+05 6.279390000000000000e+05 1.175813000000000000e+06 3.444412000000000000e+06 4.758364000000000000e+06 8.605479000000000000e+06 2.305739100000000000e+07 4.363932900000000000e+07
9.994000000000000000e+03 3.772000000000000000e+03 4.734000000000000000e+03 4.317000000000000000e+03 6.113000000000000000e+03 1.642600000000000000e+04 2.593300000000000000e+04 4.087100000000000000e+04 8.942500000000000000e+04 9.837500000000000000e+04 1.429780000000000000e+05 3.503440000000000000e+05 4.892620000000000000e+05 9.407490000000000000e+05 2.795151000000000000e+06 3.967139000000000000e+06 7.587105000000000000e+06 2.114996100000000000e+07 3.956503600000000000e+07
