# {'chrom': '6', 'window_id': '7', 'statistic': 'H2', 'bounds': [134000000, 152000000], 'span': 18000000, 'n_sites': 11549916, 'coverage': 64.17, 'right_discontinuous': False, 'rows': "{0: 'Altai', 1: 'Chagyrskaya', 2: 'Denisova', 3: 'French-1', 4: 'Han-1', 5: 'Khomani_San-2', 6: 'Papuan-2', 7: 'Vindija', 8: 'Yoruba-1', 9: 'Yoruba-3'}"}
2.760000000000000000e+02 2.050000000000000000e+02 4.130000000000000000e+02 5.670000000000000000e+02 7.580000000000000000e+02 1.522000000000000000e+03 2.518000000000000000e+03 4.252000000000000000e+03 1.155000000000000000e+04 1.330900000000000000e+04 1.952500000000000000e+04 3.133700000000000000e+04 3.903000000000000000e+04 1.781600000000000000e+04 7.504400000000000000e+04 7.944900000000000000e+04 1.284550000000000000e+05 4.744750000000000000e+05 7.018250000000000000e+05
2.730000000000000000e+02 2.450000000000000000e+02 4.450000000000000000e+02 3.750000000000000000e+02 5.280000000000000000e+02 1.339000000000000000e+03 1.770000000000000000e+03 3.325000000000000000e+03 7.673000000000000000e+03 1.096900000000000000e+04 1.253600000000000000e+04 2.598800000000000000e+04 3.701900000000000000e+04 5.394800000000000000e+04 4.806200000000000000e+04 4.750300000000000000e+04 7.399300000000000000e+04 3.057070000000000000e+05 5.352500000000000000e+05
1.530000000000000000e+02 1.090000000000000000e+02 2.350000000000000000e+02 2.250000000000000000e+02 4.260000000000000000e+02 1.112000000000000000e+03 1.211000000000000000e+03 1.944000000000000000e+03 4.328000000000000000e+03 5.058000000000000000e+03 6.951000000000000000e+03 1.889800000000000000e+04 2.332800000000000000e+04 3.751300000000000000e+04 6.920800000000000000e+04 8.041700000000000000e+04 2.232260000000000000e+05 6.494360000000000000e+05 1.044502000000000000e+06
6.207000000000000000e+03 2.227000000000000000e+03 2.522000000000000000e+03 2.033000000000000000e+03 2.880000000000000000e+03 8.916000000000000000e+03 1.440400000000000000e+04 2.498000000000000000e+04 5.068100000000000000e+04 6.786400000000000000e+04 9.669700000000000000e+04 1.749730000000000000e+05 2.254440000000000000e+05 3.149170000000000000e+05 8.502200000000000000e+05 1.355810000000000000e+06 2.672244000000000000e+06 8.913305000000000000e+06 1.463843300000000000e+07
2.771000000000000000e+03 1.605000000000000000e+03 2.565000000000000000e+03 2.434000000000000000e+03 3.265000000000000000e+03 8.335000000000000000e+03 1.298100000000000000e+04 2.158600000000000000e+04 4.844300000000000000e+04 6.212700000000000000e+04 8.044900000000000000e+04 1.463840000000000000e+05 1.952740000000000000e+05 4.421570000000000000e+05 9.022560000000000000e+05 1.166364000000000000e+06 2.559564000000000000e+06 8.554193000000000000e+06 1.428083500000000000e+07
5.692000000000000000e+03 2.293000000000000000e+03 3.604000000000000000e+03 3.683000000000000000e+03 5.554000000000000000e+03 1.471500000000000000e+04 2.128000000000000000e+04 3.432600000000000000e+04 7.765100000000000000e+04 1.025450000000000000e+05 1.418300000000000000e+05 3.333370000000000000e+05 4.473710000000000000e+05 7.680590000000000000e+05 2.006930000000000000e+06 3.058778000000000000e+06 5.808527000000000000e+06 1.900152100000000000e+07 3.118497400000000000e+07
2.119000000000000000e+03 1.271000000000000000e+03 2.390000000000000000e+03 2.192000000000000000e+03 3.488000000000000000e+03 8.604000000000000000e+03 1.292200000000000000e+04 1.932400000000000000e+04 4.733700000000000000e+04 5.973100000000000000e+04 7.564700000000000000e+04 1.526820000000000000e+05 2.190220000000000000e+05 3.707320000000000000e+05 1.025414000000000000e+06 1.401626000000000000e+06 2.334333000000000000e+06 8.187930000000000000e+06 1.512071900000000000e+07
2.140000000000000000e+02 2.040000000000000000e+02 3.280000000000000000e+02 2.490000000000000000e+02 2.580000000000000000e+02 6.840000000000000000e+02 9.280000000000000000e+02 2.196000000000000000e+03 4.462000000000000000e+03 7.171000000000000000e+03 8.011000000000000000e+03 8.766000000000000000e+03 9.862000000000000000e+03 1.154700000000000000e+04 3.737800000000000000e+04 4.599200000000000000e+04 9.992400000000000000e+04 2.416650000000000000e+05 1.938130000000000000e+05
5.895000000000000000e+03 2.651000000000000000e+03 3.785000000000000000e+03 3.330000000000000000e+03 4.715000000000000000e+03 1.319100000000000000e+04 2.076300000000000000e+04 3.589500000000000000e+04 8.325100000000000000e+04 1.046790000000000000e+05 1.512710000000000000e+05 3.205210000000000000e+05 3.543300000000000000e+05 7.073900000000000000e+05 1.877670000000000000e+06 2.694035000000000000e+06 5.088662000000000000e+06 1.768530200000000000e+07 2.977374300000000000e+07
4.583000000000000000e+03 1.981000000000000000e+03 3.346000000000000000e+03 3.084000000000000000e+03 4.595000000000000000e+03 1.098500000000000000e+04 1.759100000000000000e+04 2.839800000000000000e+04 6.780300000000000000e+04 8.981500000000000000e+04 1.361750000000000000e+05 2.688470000000000000e+05 3.315960000000000000e+05 6.051530000000000000e+05 1.699354000000000000e+06 2.455838000000000000e+06 4.879782000000000000e+06 1.532333200000000000e+07 2.590760200000000000e+07
