# {'chrom': '6', 'window_id': '2', 'statistic': 'H2', 'bounds': [39000000, 59000000], 'span': 20000000, 'n_sites': 12165908, 'coverage': 60.83, 'right_discontinuous': True, 'rows': "{0: 'Altai', 1: 'Chagyrskaya', 2: 'Denisova', 3: 'French-1', 4: 'Han-1', 5: 'Khomani_San-2', 6: 'Papuan-2', 7: 'Vindija', 8: 'Yoruba-1', 9: 'Yoruba-3'}"}
2.146000000000000000e+03 9.990000000000000000e+02 1.735000000000000000e+03 1.387000000000000000e+03 2.159000000000000000e+03 5.892000000000000000e+03 8.529000000000000000e+03 1.076300000000000000e+04 2.291400000000000000e+04 3.142000000000000000e+04 5.042200000000000000e+04 1.095150000000000000e+05 1.224930000000000000e+05 1.844100000000000000e+05 4.935670000000000000e+05 4.554890000000000000e+05 9.403860000000000000e+05 2.066150000000000000e+06 1.458198000000000000e+06
1.438000000000000000e+03 7.330000000000000000e+02 1.174000000000000000e+03 1.010000000000000000e+03 1.158000000000000000e+03 2.532000000000000000e+03 4.014000000000000000e+03 4.558000000000000000e+03 9.490000000000000000e+03 1.049400000000000000e+04 1.386900000000000000e+04 3.046000000000000000e+04 3.526500000000000000e+04 8.564100000000000000e+04 1.887920000000000000e+05 2.781020000000000000e+05 3.242810000000000000e+05 6.319270000000000000e+05 4.599780000000000000e+05
4.540000000000000000e+03 1.759000000000000000e+03 3.358000000000000000e+03 2.895000000000000000e+03 4.159000000000000000e+03 1.070800000000000000e+04 1.211400000000000000e+04 2.432600000000000000e+04 4.912600000000000000e+04 6.408200000000000000e+04 8.546100000000000000e+04 2.246850000000000000e+05 2.883990000000000000e+05 5.222920000000000000e+05 1.646196000000000000e+06 2.436526000000000000e+06 2.823804000000000000e+06 2.278084000000000000e+06 2.244497000000000000e+06
1.519600000000000000e+04 3.108000000000000000e+03 3.614000000000000000e+03 3.163000000000000000e+03 3.933000000000000000e+03 1.278000000000000000e+04 1.766200000000000000e+04 3.502600000000000000e+04 7.287400000000000000e+04 7.952900000000000000e+04 1.279580000000000000e+05 2.199940000000000000e+05 2.481380000000000000e+05 5.164480000000000000e+05 1.482248000000000000e+06 1.973532000000000000e+06 3.463291000000000000e+06 8.273761000000000000e+06 9.074219000000000000e+06
5.696000000000000000e+03 1.481000000000000000e+03 2.436000000000000000e+03 2.640000000000000000e+03 3.650000000000000000e+03 1.088600000000000000e+04 1.352800000000000000e+04 2.575300000000000000e+04 5.500800000000000000e+04 5.266300000000000000e+04 6.670300000000000000e+04 1.594950000000000000e+05 1.788880000000000000e+05 4.220800000000000000e+05 1.073362000000000000e+06 1.489067000000000000e+06 2.433250000000000000e+06 6.592633000000000000e+06 7.774152000000000000e+06
8.359000000000000000e+03 2.819000000000000000e+03 4.453000000000000000e+03 4.706000000000000000e+03 6.759000000000000000e+03 1.795900000000000000e+04 2.152100000000000000e+04 3.738600000000000000e+04 8.079100000000000000e+04 9.483700000000000000e+04 1.566500000000000000e+05 3.631510000000000000e+05 4.527250000000000000e+05 7.705830000000000000e+05 2.475935000000000000e+06 3.962068000000000000e+06 6.136083000000000000e+06 1.600155700000000000e+07 1.741442300000000000e+07
6.885000000000000000e+03 2.197000000000000000e+03 3.316000000000000000e+03 3.302000000000000000e+03 4.159000000000000000e+03 1.188500000000000000e+04 1.637200000000000000e+04 3.147600000000000000e+04 5.981700000000000000e+04 7.164500000000000000e+04 1.014950000000000000e+05 2.145520000000000000e+05 2.859280000000000000e+05 4.428770000000000000e+05 1.432462000000000000e+06 2.069471000000000000e+06 3.439117000000000000e+06 8.965788000000000000e+06 8.334078000000000000e+06
1.133000000000000000e+03 5.100000000000000000e+02 9.350000000000000000e+02 1.132000000000000000e+03 1.758000000000000000e+03 3.699000000000000000e+03 4.692000000000000000e+03 9.613000000000000000e+03 2.252800000000000000e+04 2.946400000000000000e+04 4.083400000000000000e+04 6.127100000000000000e+04 4.953400000000000000e+04 7.201100000000000000e+04 1.867310000000000000e+05 3.443070000000000000e+05 4.185810000000000000e+05 1.491044000000000000e+06 1.262451000000000000e+06
7.295000000000000000e+03 3.550000000000000000e+03 6.187000000000000000e+03 5.860000000000000000e+03 7.691000000000000000e+03 1.740800000000000000e+04 2.562300000000000000e+04 4.623200000000000000e+04 9.667800000000000000e+04 1.147000000000000000e+05 1.628950000000000000e+05 3.730280000000000000e+05 4.313840000000000000e+05 8.839800000000000000e+05 2.506964000000000000e+06 4.253459000000000000e+06 6.705786000000000000e+06 1.833026000000000000e+07 2.023256300000000000e+07
7.504000000000000000e+03 3.022000000000000000e+03 5.131000000000000000e+03 4.956000000000000000e+03 6.204000000000000000e+03 1.743000000000000000e+04 2.254700000000000000e+04 4.118800000000000000e+04 8.260900000000000000e+04 1.018650000000000000e+05 1.497700000000000000e+05 3.653270000000000000e+05 4.774700000000000000e+05 8.467710000000000000e+05 2.673211000000000000e+06 3.984858000000000000e+06 6.217619000000000000e+06 1.708284700000000000e+07 1.848137800000000000e+07
