# {'chrom': '6', 'window_id': '8', 'statistic': 'H2', 'bounds': [152000000, 171000000], 'span': 19000000, 'n_sites': 12080243, 'coverage': 63.58, 'right_discontinuous': True, 'rows': "{0: 'Altai', 1: 'Chagyrskaya', 2: 'Denisova', 3: 'French-1', 4: 'Han-1', 5: 'Khomani_San-2', 6: 'Papuan-2', 7: 'Vindija', 8: 'Yoruba-1', 9: 'Yoruba-3'}"}
3.500000000000000000e+02 3.370000000000000000e+02 6.750000000000000000e+02 6.980000000000000000e+02 1.118000000000000000e+03 2.563000000000000000e+03 3.662000000000000000e+03 5.069000000000000000e+03 1.394100000000000000e+04 1.567100000000000000e+04 1.233300000000000000e+04 1.804300000000000000e+04 1.529500000000000000e+04 3.726200000000000000e+04 9.087900000000000000e+04 1.109940000000000000e+05 2.463080000000000000e+05 7.512280000000000000e+05 1.120431000000000000e+06
1.164000000000000000e+03 4.920000000000000000e+02 3.570000000000000000e+02 5.130000000000000000e+02 8.110000000000000000e+02 1.752000000000000000e+03 2.434000000000000000e+03 5.549000000000000000e+03 9.787000000000000000e+03 8.836000000000000000e+03 6.012000000000000000e+03 6.654000000000000000e+03 1.188000000000000000e+04 1.902900000000000000e+04 5.204600000000000000e+04 7.044900000000000000e+04 1.233440000000000000e+05 3.579820000000000000e+05 5.706890000000000000e+05
1.420000000000000000e+02 1.440000000000000000e+02 2.780000000000000000e+02 3.610000000000000000e+02 5.880000000000000000e+02 1.510000000000000000e+03 1.862000000000000000e+03 3.203000000000000000e+03 5.743000000000000000e+03 8.272000000000000000e+03 1.161300000000000000e+04 1.704300000000000000e+04 1.876000000000000000e+04 3.407800000000000000e+04 7.964300000000000000e+04 1.281920000000000000e+05 2.791690000000000000e+05 7.367370000000000000e+05 1.131371000000000000e+06
3.292000000000000000e+03 1.572000000000000000e+03 2.814000000000000000e+03 2.971000000000000000e+03 5.014000000000000000e+03 1.216500000000000000e+04 1.669600000000000000e+04 2.853400000000000000e+04 6.376100000000000000e+04 7.988400000000000000e+04 1.172790000000000000e+05 2.042980000000000000e+05 2.678960000000000000e+05 3.967640000000000000e+05 1.080665000000000000e+06 1.521365000000000000e+06 3.303981000000000000e+06 9.926864000000000000e+06 1.564326800000000000e+07
5.068000000000000000e+03 2.271000000000000000e+03 3.198000000000000000e+03 2.721000000000000000e+03 4.148000000000000000e+03 1.145200000000000000e+04 1.708900000000000000e+04 2.879200000000000000e+04 6.328200000000000000e+04 7.820900000000000000e+04 1.028080000000000000e+05 1.432520000000000000e+05 1.691770000000000000e+05 3.030330000000000000e+05 9.673170000000000000e+05 1.492599000000000000e+06 2.911669000000000000e+06 8.406497000000000000e+06 1.435141100000000000e+07
3.851000000000000000e+03 1.683000000000000000e+03 3.057000000000000000e+03 3.250000000000000000e+03 5.053000000000000000e+03 1.403800000000000000e+04 1.985500000000000000e+04 3.250500000000000000e+04 7.200500000000000000e+04 8.486800000000000000e+04 1.177970000000000000e+05 2.381580000000000000e+05 2.954140000000000000e+05 6.251190000000000000e+05 1.666915000000000000e+06 2.710184000000000000e+06 5.623483000000000000e+06 1.551890000000000000e+07 2.506259200000000000e+07
3.971000000000000000e+03 1.155000000000000000e+03 1.829000000000000000e+03 2.236000000000000000e+03 3.465000000000000000e+03 9.652000000000000000e+03 1.351800000000000000e+04 2.166300000000000000e+04 4.837100000000000000e+04 5.851200000000000000e+04 8.116900000000000000e+04 1.249510000000000000e+05 1.416940000000000000e+05 2.458930000000000000e+05 6.713020000000000000e+05 1.093910000000000000e+06 2.209945000000000000e+06 5.802054000000000000e+06 1.027543600000000000e+07
1.140000000000000000e+02 1.660000000000000000e+02 4.580000000000000000e+02 5.950000000000000000e+02 1.004000000000000000e+03 2.082000000000000000e+03 3.083000000000000000e+03 3.991000000000000000e+03 7.328000000000000000e+03 8.939000000000000000e+03 1.420700000000000000e+04 1.611300000000000000e+04 1.944800000000000000e+04 1.347100000000000000e+04 6.217000000000000000e+04 8.032500000000000000e+04 1.688630000000000000e+05 3.980790000000000000e+05 5.090470000000000000e+05
2.749000000000000000e+03 2.145000000000000000e+03 3.785000000000000000e+03 3.969000000000000000e+03 5.504000000000000000e+03 1.369200000000000000e+04 2.003500000000000000e+04 3.581200000000000000e+04 7.931300000000000000e+04 9.851600000000000000e+04 1.328390000000000000e+05 2.525750000000000000e+05 3.131050000000000000e+05 6.129030000000000000e+05 1.729431000000000000e+06 2.904611000000000000e+06 5.652479000000000000e+06 1.519807700000000000e+07 2.489728300000000000e+07
5.035000000000000000e+03 2.485000000000000000e+03 3.133000000000000000e+03 3.650000000000000000e+03 5.539000000000000000e+03 1.449500000000000000e+04 2.129300000000000000e+04 3.919500000000000000e+04 8.154600000000000000e+04 9.190600000000000000e+04 1.264400000000000000e+05 2.395220000000000000e+05 3.120400000000000000e+05 6.140680000000000000e+05 1.721796000000000000e+06 2.928936000000000000e+06 5.869400000000000000e+06 1.573026800000000000e+07 2.607086500000000000e+07
