# {'chrom': '6', 'window_id': '3', 'statistic': 'H2', 'bounds': [61000000, 80000000], 'span': 19000000, 'n_sites': 10789960, 'coverage': 56.79, 'right_discontinuous': False, 'rows': "{0: 'Altai', 1: 'Chagyrskaya', 2: 'Denisova', 3: 'French-1', 4: 'Han-1', 5: 'Khomani_San-2', 6: 'Papuan-2', 7: 'Vindija', 8: 'Yoruba-1', 9: 'Yoruba-3'}"}
1.364000000000000000e+03 6.630000000000000000e+02 1.227000000000000000e+03 1.117000000000000000e+03 1.812000000000000000e+03 4.096000000000000000e+03 5.432000000000000000e+03 9.783000000000000000e+03 2.210100000000000000e+04 2.334700000000000000e+04 2.894300000000000000e+04 2.483000000000000000e+04 2.770400000000000000e+04 9.996700000000000000e+04 1.538730000000000000e+05 2.379260000000000000e+05 4.534850000000000000e+05 1.841191000000000000e+06 2.723100000000000000e+06
2.100000000000000000e+01 3.300000000000000000e+01 7.100000000000000000e+01 7.200000000000000000e+01 1.130000000000000000e+02 1.840000000000000000e+02 3.050000000000000000e+02 5.240000000000000000e+02 9.540000000000000000e+02 1.077000000000000000e+03 1.140000000000000000e+03 2.874000000000000000e+03 2.846000000000000000e+03 6.584000000000000000e+03 1.645300000000000000e+04 3.256600000000000000e+04 7.161700000000000000e+04 2.725430000000000000e+05 5.755140000000000000e+05
8.690000000000000000e+02 5.320000000000000000e+02 7.040000000000000000e+02 5.100000000000000000e+02 6.580000000000000000e+02 2.047000000000000000e+03 3.090000000000000000e+03 5.342000000000000000e+03 9.728000000000000000e+03 1.240100000000000000e+04 1.918800000000000000e+04 3.101200000000000000e+04 4.157100000000000000e+04 6.865300000000000000e+04 1.452300000000000000e+05 2.234710000000000000e+05 5.456980000000000000e+05 1.547847000000000000e+06 2.155474000000000000e+06
8.355000000000000000e+03 3.981000000000000000e+03 5.541000000000000000e+03 4.635000000000000000e+03 6.333000000000000000e+03 1.747600000000000000e+04 3.033600000000000000e+04 4.619900000000000000e+04 1.073170000000000000e+05 1.258250000000000000e+05 1.809920000000000000e+05 3.641030000000000000e+05 4.470040000000000000e+05 9.190550000000000000e+05 2.313447000000000000e+06 3.134540000000000000e+06 6.721785000000000000e+06 2.078946700000000000e+07 3.211417400000000000e+07
9.938000000000000000e+03 4.034000000000000000e+03 5.003000000000000000e+03 4.276000000000000000e+03 5.167000000000000000e+03 1.484000000000000000e+04 2.464900000000000000e+04 3.887400000000000000e+04 8.581100000000000000e+04 1.221130000000000000e+05 2.132210000000000000e+05 4.546120000000000000e+05 6.083520000000000000e+05 9.803990000000000000e+05 1.582703000000000000e+06 2.586988000000000000e+06 4.950899000000000000e+06 1.601780100000000000e+07 2.741633600000000000e+07
5.914000000000000000e+03 3.574000000000000000e+03 5.011000000000000000e+03 4.422000000000000000e+03 5.675000000000000000e+03 1.485400000000000000e+04 2.407800000000000000e+04 3.996100000000000000e+04 8.833700000000000000e+04 1.158170000000000000e+05 1.829840000000000000e+05 3.797440000000000000e+05 4.480370000000000000e+05 1.036445000000000000e+06 2.667005000000000000e+06 3.111443000000000000e+06 5.194407000000000000e+06 2.198783600000000000e+07 3.615829400000000000e+07
5.205000000000000000e+03 1.912000000000000000e+03 2.753000000000000000e+03 2.577000000000000000e+03 3.592000000000000000e+03 8.944000000000000000e+03 1.351700000000000000e+04 2.502600000000000000e+04 5.544800000000000000e+04 6.451200000000000000e+04 1.059680000000000000e+05 2.029150000000000000e+05 2.120780000000000000e+05 5.086550000000000000e+05 1.284179000000000000e+06 1.471001000000000000e+06 2.277482000000000000e+06 7.628733000000000000e+06 1.262982000000000000e+07
2.330000000000000000e+02 1.480000000000000000e+02 1.870000000000000000e+02 1.450000000000000000e+02 1.690000000000000000e+02 4.210000000000000000e+02 6.570000000000000000e+02 1.403000000000000000e+03 2.014000000000000000e+03 2.386000000000000000e+03 2.731000000000000000e+03 6.429000000000000000e+03 8.286000000000000000e+03 1.844200000000000000e+04 3.463500000000000000e+04 6.067100000000000000e+04 1.050620000000000000e+05 3.701920000000000000e+05 8.477140000000000000e+05
9.395000000000000000e+03 4.049000000000000000e+03 6.050000000000000000e+03 4.547000000000000000e+03 5.862000000000000000e+03 1.654100000000000000e+04 2.554100000000000000e+04 4.466600000000000000e+04 9.071200000000000000e+04 1.280500000000000000e+05 2.051900000000000000e+05 4.755190000000000000e+05 6.701620000000000000e+05 1.024220000000000000e+06 2.174471000000000000e+06 3.632412000000000000e+06 9.857587000000000000e+06 2.718220300000000000e+07 4.617865900000000000e+07
7.266000000000000000e+03 3.792000000000000000e+03 5.530000000000000000e+03 4.791000000000000000e+03 6.173000000000000000e+03 1.609000000000000000e+04 2.420900000000000000e+04 3.946200000000000000e+04 8.647100000000000000e+04 1.000230000000000000e+05 1.630500000000000000e+05 3.532630000000000000e+05 5.070440000000000000e+05 9.690040000000000000e+05 2.599253000000000000e+06 3.510596000000000000e+06 7.926034000000000000e+06 2.425079500000000000e+07 4.137531100000000000e+07
