# {'chrom': '6', 'window_id': '6', 'statistic': 'H2', 'bounds': [116000000, 134000000], 'span': 18000000, 'n_sites': 11808493, 'coverage': 65.6, 'right_discontinuous': False, 'rows': "{0: 'Altai', 1: 'Chagyrskaya', 2: 'Denisova', 3: 'French-1', 4: 'Han-1', 5: 'Khomani_San-2', 6: 'Papuan-2', 7: 'Vindija', 8: 'Yoruba-1', 9: 'Yoruba-3'}"}
2.570000000000000000e+02 2.500000000000000000e+02 4.720000000000000000e+02 5.030000000000000000e+02 7.100000000000000000e+02 1.713000000000000000e+03 2.075000000000000000e+03 3.885000000000000000e+03 8.497000000000000000e+03 8.205000000000000000e+03 1.072700000000000000e+04 2.156700000000000000e+04 2.226200000000000000e+04 3.250900000000000000e+04 1.057610000000000000e+05 1.405790000000000000e+05 2.719780000000000000e+05 8.912160000000000000e+05 1.595769000000000000e+06
3.200000000000000000e+01 5.300000000000000000e+01 1.230000000000000000e+02 1.830000000000000000e+02 3.400000000000000000e+02 8.390000000000000000e+02 1.119000000000000000e+03 1.723000000000000000e+03 3.837000000000000000e+03 4.377000000000000000e+03 5.543000000000000000e+03 1.168500000000000000e+04 1.379300000000000000e+04 2.240900000000000000e+04 3.511200000000000000e+04 5.003000000000000000e+04 7.854200000000000000e+04 2.871770000000000000e+05 6.974980000000000000e+05
2.530000000000000000e+02 1.510000000000000000e+02 3.090000000000000000e+02 3.590000000000000000e+02 4.410000000000000000e+02 1.002000000000000000e+03 1.187000000000000000e+03 2.299000000000000000e+03 4.927000000000000000e+03 6.460000000000000000e+03 9.165000000000000000e+03 2.070400000000000000e+04 2.077200000000000000e+04 2.198700000000000000e+04 3.834200000000000000e+04 6.334000000000000000e+04 1.277690000000000000e+05 4.307300000000000000e+05 8.790370000000000000e+05
3.804000000000000000e+03 1.862000000000000000e+03 2.800000000000000000e+03 2.766000000000000000e+03 3.641000000000000000e+03 8.269000000000000000e+03 1.203600000000000000e+04 2.340600000000000000e+04 4.901500000000000000e+04 6.276200000000000000e+04 8.611000000000000000e+04 1.782270000000000000e+05 1.979940000000000000e+05 3.882910000000000000e+05 9.332850000000000000e+05 1.300310000000000000e+06 2.740694000000000000e+06 7.463557000000000000e+06 1.413907100000000000e+07
5.418000000000000000e+03 1.679000000000000000e+03 2.646000000000000000e+03 2.662000000000000000e+03 3.678000000000000000e+03 8.578000000000000000e+03 1.345300000000000000e+04 2.732900000000000000e+04 5.154300000000000000e+04 6.580300000000000000e+04 9.120700000000000000e+04 1.706140000000000000e+05 2.250840000000000000e+05 3.709860000000000000e+05 9.950080000000000000e+05 1.552809000000000000e+06 2.908988000000000000e+06 7.762093000000000000e+06 1.324168200000000000e+07
9.367000000000000000e+03 3.241000000000000000e+03 5.798000000000000000e+03 5.645000000000000000e+03 7.391000000000000000e+03 1.666800000000000000e+04 2.470100000000000000e+04 4.578400000000000000e+04 9.539200000000000000e+04 1.041840000000000000e+05 1.644190000000000000e+05 3.743450000000000000e+05 5.204230000000000000e+05 1.031553000000000000e+06 2.725537000000000000e+06 4.465773000000000000e+06 8.111244000000000000e+06 2.007109200000000000e+07 3.748378400000000000e+07
6.962000000000000000e+03 2.220000000000000000e+03 3.711000000000000000e+03 3.532000000000000000e+03 4.934000000000000000e+03 1.123300000000000000e+04 1.798200000000000000e+04 3.305800000000000000e+04 6.415300000000000000e+04 8.810600000000000000e+04 1.241640000000000000e+05 2.596390000000000000e+05 2.675140000000000000e+05 4.923830000000000000e+05 1.133592000000000000e+06 1.689125000000000000e+06 3.490444000000000000e+06 8.897861000000000000e+06 1.732910200000000000e+07
1.460000000000000000e+02 7.500000000000000000e+01 1.920000000000000000e+02 2.630000000000000000e+02 2.280000000000000000e+02 5.340000000000000000e+02 9.640000000000000000e+02 1.789000000000000000e+03 3.371000000000000000e+03 3.426000000000000000e+03 5.437000000000000000e+03 1.228700000000000000e+04 1.623200000000000000e+04 2.901600000000000000e+04 8.237700000000000000e+04 1.114180000000000000e+05 1.376250000000000000e+05 2.777740000000000000e+05 3.783920000000000000e+05
6.979000000000000000e+03 2.214000000000000000e+03 4.406000000000000000e+03 4.500000000000000000e+03 6.478000000000000000e+03 1.568500000000000000e+04 2.313800000000000000e+04 3.990000000000000000e+04 7.873200000000000000e+04 1.011280000000000000e+05 1.629470000000000000e+05 3.676010000000000000e+05 4.420000000000000000e+05 8.404690000000000000e+05 2.565841000000000000e+06 3.785456000000000000e+06 7.139069000000000000e+06 1.879442100000000000e+07 3.536066900000000000e+07
6.978000000000000000e+03 2.642000000000000000e+03 4.457000000000000000e+03 4.104000000000000000e+03 5.576000000000000000e+03 1.310100000000000000e+04 1.991300000000000000e+04 3.808000000000000000e+04 7.205500000000000000e+04 9.555000000000000000e+04 1.484840000000000000e+05 3.299030000000000000e+05 4.245380000000000000e+05 8.682370000000000000e+05 2.189059000000000000e+06 3.636952000000000000e+06 7.031701000000000000e+06 1.627089500000000000e+07 3.012411800000000000e+07
