# {'chrom': '6', 'window_id': '5', 'statistic': 'H2', 'bounds': [98000000, 116000000], 'span': 18000000, 'n_sites': 11395352, 'coverage': 63.31, 'right_discontinuous': False, 'rows': "{0: 'Altai', 1: 'Chagyrskaya', 2: 'Denisova', 3: 'French-1', 4: 'Han-1', 5: 'Khomani_San-2', 6: 'Papuan-2', 7: 'Vindija', 8: 'Yoruba-1', 9: 'Yoruba-3'}"}
3.770000000000000000e+02 3.660000000000000000e+02 7.690000000000000000e+02 7.600000000000000000e+02 1.108000000000000000e+03 2.076000000000000000e+03 3.412000000000000000e+03 4.880000000000000000e+03 8.254000000000000000e+03 1.168600000000000000e+04 1.971400000000000000e+04 3.277500000000000000e+04 2.427800000000000000e+04 3.473800000000000000e+04 1.441620000000000000e+05 1.733600000000000000e+05 2.420830000000000000e+05 1.069651000000000000e+06 1.682830000000000000e+06
1.590000000000000000e+02 9.300000000000000000e+01 1.130000000000000000e+02 1.880000000000000000e+02 2.360000000000000000e+02 6.380000000000000000e+02 9.780000000000000000e+02 1.842000000000000000e+03 3.396000000000000000e+03 3.747000000000000000e+03 4.118000000000000000e+03 7.958000000000000000e+03 9.591000000000000000e+03 2.178500000000000000e+04 6.483600000000000000e+04 8.522600000000000000e+04 1.649270000000000000e+05 3.355670000000000000e+05 3.133880000000000000e+05
8.300000000000000000e+01 1.150000000000000000e+02 2.820000000000000000e+02 3.450000000000000000e+02 5.690000000000000000e+02 1.285000000000000000e+03 1.683000000000000000e+03 2.965000000000000000e+03 6.660000000000000000e+03 6.794000000000000000e+03 8.807000000000000000e+03 1.786300000000000000e+04 1.724600000000000000e+04 2.705200000000000000e+04 1.042700000000000000e+05 1.179700000000000000e+05 2.993510000000000000e+05 5.047490000000000000e+05 7.465290000000000000e+05
6.193000000000000000e+03 2.208000000000000000e+03 3.275000000000000000e+03 2.975000000000000000e+03 4.060000000000000000e+03 1.049200000000000000e+04 1.830600000000000000e+04 3.095900000000000000e+04 6.603200000000000000e+04 7.869600000000000000e+04 1.215460000000000000e+05 2.572380000000000000e+05 2.958680000000000000e+05 3.938910000000000000e+05 1.387535000000000000e+06 1.862454000000000000e+06 4.615519000000000000e+06 1.195885400000000000e+07 1.786693300000000000e+07
3.910000000000000000e+03 1.596000000000000000e+03 3.095000000000000000e+03 2.897000000000000000e+03 3.891000000000000000e+03 8.812000000000000000e+03 1.581000000000000000e+04 2.540200000000000000e+04 5.525700000000000000e+04 6.324400000000000000e+04 8.770900000000000000e+04 2.253060000000000000e+05 3.132570000000000000e+05 3.926620000000000000e+05 1.122575000000000000e+06 1.611228000000000000e+06 3.806201000000000000e+06 1.071940900000000000e+07 1.807795200000000000e+07
3.377000000000000000e+03 2.425000000000000000e+03 4.081000000000000000e+03 4.515000000000000000e+03 6.325000000000000000e+03 1.462700000000000000e+04 2.260500000000000000e+04 3.891000000000000000e+04 8.541000000000000000e+04 9.917500000000000000e+04 1.542340000000000000e+05 3.208530000000000000e+05 4.490520000000000000e+05 6.686360000000000000e+05 2.357405000000000000e+06 3.693178000000000000e+06 8.019541000000000000e+06 2.528067500000000000e+07 3.896599800000000000e+07
2.944000000000000000e+03 1.702000000000000000e+03 2.725000000000000000e+03 2.471000000000000000e+03 2.910000000000000000e+03 7.024000000000000000e+03 1.218800000000000000e+04 1.991600000000000000e+04 4.167200000000000000e+04 5.032100000000000000e+04 7.158500000000000000e+04 1.232850000000000000e+05 1.155920000000000000e+05 2.385740000000000000e+05 9.622060000000000000e+05 1.284452000000000000e+06 2.464308000000000000e+06 8.186554000000000000e+06 1.254632500000000000e+07
6.500000000000000000e+01 4.200000000000000000e+01 7.500000000000000000e+01 1.170000000000000000e+02 1.560000000000000000e+02 3.410000000000000000e+02 5.510000000000000000e+02 1.062000000000000000e+03 2.097000000000000000e+03 2.589000000000000000e+03 3.441000000000000000e+03 6.770000000000000000e+03 9.284000000000000000e+03 1.031300000000000000e+04 4.040900000000000000e+04 5.148000000000000000e+04 1.079460000000000000e+05 3.640470000000000000e+05 6.996000000000000000e+05
6.592000000000000000e+03 1.829000000000000000e+03 3.667000000000000000e+03 3.721000000000000000e+03 5.335000000000000000e+03 1.231700000000000000e+04 2.146000000000000000e+04 3.288300000000000000e+04 6.902800000000000000e+04 8.016700000000000000e+04 1.221460000000000000e+05 2.481150000000000000e+05 3.093160000000000000e+05 5.422660000000000000e+05 1.887611000000000000e+06 3.229337000000000000e+06 6.225545000000000000e+06 2.006778000000000000e+07 3.350319700000000000e+07
5.890000000000000000e+03 2.402000000000000000e+03 3.933000000000000000e+03 3.745000000000000000e+03 5.442000000000000000e+03 1.346700000000000000e+04 2.154700000000000000e+04 3.739300000000000000e+04 8.008400000000000000e+04 9.118000000000000000e+04 1.427780000000000000e+05 2.689880000000000000e+05 3.777340000000000000e+05 6.086220000000000000e+05 2.227576000000000000e+06 3.365232000000000000e+06 7.459487000000000000e+06 2.224250300000000000e+07 3.366847100000000000e+07
