# {'chrom': '6', 'window_id': '1', 'statistic': 'H2', 'bounds': [19000000, 39000000], 'span': 20000000, 'n_sites': 11488786, 'coverage': 57.44, 'right_discontinuous': False, 'rows': "{0: 'Altai', 1: 'Chagyrskaya', 2: 'Denisova', 3: 'French-1', 4: 'Han-1', 5: 'Khomani_San-2', 6: 'Papuan-2', 7: 'Vindija', 8: 'Yoruba-1', 9: 'Yoruba-3'}"}
6.371000000000000000e+03 3.252000000000000000e+03 3.136000000000000000e+03 2.288000000000000000e+03 3.014000000000000000e+03 7.865000000000000000e+03 1.347100000000000000e+04 2.469500000000000000e+04 5.351100000000000000e+04 5.334900000000000000e+04 8.453900000000000000e+04 1.719790000000000000e+05 2.414160000000000000e+05 3.555370000000000000e+05 1.185644000000000000e+06 1.714968000000000000e+06 2.889176000000000000e+06 5.020904000000000000e+06 7.205454000000000000e+06
4.055000000000000000e+03 2.008000000000000000e+03 2.704000000000000000e+03 2.063000000000000000e+03 2.712000000000000000e+03 6.879000000000000000e+03 1.224400000000000000e+04 2.158600000000000000e+04 4.554700000000000000e+04 4.813900000000000000e+04 7.539400000000000000e+04 1.491440000000000000e+05 2.366550000000000000e+05 4.333310000000000000e+05 1.331839000000000000e+06 1.870905000000000000e+06 2.911913000000000000e+06 3.016233000000000000e+06 5.149019000000000000e+06
5.853000000000000000e+03 2.724000000000000000e+03 2.983000000000000000e+03 2.915000000000000000e+03 4.978000000000000000e+03 1.248500000000000000e+04 1.749400000000000000e+04 3.546800000000000000e+04 7.017900000000000000e+04 8.037000000000000000e+04 1.132430000000000000e+05 2.564830000000000000e+05 4.127940000000000000e+05 5.706650000000000000e+05 1.866539000000000000e+06 2.855467000000000000e+06 5.215447000000000000e+06 1.151750600000000000e+07 9.508867000000000000e+06
2.010900000000000000e+04 1.490800000000000000e+04 2.151700000000000000e+04 1.037300000000000000e+04 9.990000000000000000e+03 2.060400000000000000e+04 3.478100000000000000e+04 5.721800000000000000e+04 1.361890000000000000e+05 1.658590000000000000e+05 1.935070000000000000e+05 5.601230000000000000e+05 5.997140000000000000e+05 1.226047000000000000e+06 3.916012000000000000e+06 5.165174000000000000e+06 9.196093000000000000e+06 2.355793000000000000e+07 3.440521100000000000e+07
6.352000000000000000e+03 3.627000000000000000e+03 4.265000000000000000e+03 3.711000000000000000e+03 5.339000000000000000e+03 1.246800000000000000e+04 1.929000000000000000e+04 3.469500000000000000e+04 8.197300000000000000e+04 1.025100000000000000e+05 1.463120000000000000e+05 3.340610000000000000e+05 3.559830000000000000e+05 5.848230000000000000e+05 1.820881000000000000e+06 2.863929000000000000e+06 5.654037000000000000e+06 1.468393800000000000e+07 2.426320800000000000e+07
4.662000000000000000e+03 2.353000000000000000e+03 3.072000000000000000e+03 3.102000000000000000e+03 4.784000000000000000e+03 1.242200000000000000e+04 1.938200000000000000e+04 3.658700000000000000e+04 7.367600000000000000e+04 9.204300000000000000e+04 1.469340000000000000e+05 3.120560000000000000e+05 3.961620000000000000e+05 8.067560000000000000e+05 2.001541000000000000e+06 3.808023000000000000e+06 7.567493000000000000e+06 2.213895200000000000e+07 3.680005100000000000e+07
3.773000000000000000e+03 1.967000000000000000e+03 1.964000000000000000e+03 1.542000000000000000e+03 2.348000000000000000e+03 5.897000000000000000e+03 1.051500000000000000e+04 2.162100000000000000e+04 4.600000000000000000e+04 4.933800000000000000e+04 6.764000000000000000e+04 1.261200000000000000e+05 1.409120000000000000e+05 2.323720000000000000e+05 7.149970000000000000e+05 9.344470000000000000e+05 1.895363000000000000e+06 5.679755000000000000e+06 9.015410000000000000e+06
5.079000000000000000e+03 2.277000000000000000e+03 2.983000000000000000e+03 2.032000000000000000e+03 3.213000000000000000e+03 8.142000000000000000e+03 1.301800000000000000e+04 2.202200000000000000e+04 4.788300000000000000e+04 5.381100000000000000e+04 8.249600000000000000e+04 1.613900000000000000e+05 2.346270000000000000e+05 4.594350000000000000e+05 1.344231000000000000e+06 1.984018000000000000e+06 3.236679000000000000e+06 5.087958000000000000e+06 6.548354000000000000e+06
2.275800000000000000e+04 1.572100000000000000e+04 2.312500000000000000e+04 1.245400000000000000e+04 1.372800000000000000e+04 2.708300000000000000e+04 3.899300000000000000e+04 6.425500000000000000e+04 1.515340000000000000e+05 1.972350000000000000e+05 2.357300000000000000e+05 5.863510000000000000e+05 8.267140000000000000e+05 1.643475000000000000e+06 4.988674000000000000e+06 6.587755000000000000e+06 1.092541100000000000e+07 2.590942400000000000e+07 4.428845700000000000e+07
5.565000000000000000e+03 3.227000000000000000e+03 5.170000000000000000e+03 4.277000000000000000e+03 6.120000000000000000e+03 1.320700000000000000e+04 2.158200000000000000e+04 3.957000000000000000e+04 9.155700000000000000e+04 1.151350000000000000e+05 1.674830000000000000e+05 3.901500000000000000e+05 5.837540000000000000e+05 9.588340000000000000e+05 3.047330000000000000e+06 4.662366000000000000e+06 8.384121000000000000e+06 2.479146300000000000e+07 3.892901000000000000e+07
