# {'chrom': '14', 'window_id': '2', 'statistic': 'H2', 'bounds': [64000000, 86000000], 'span': 22000000, 'n_sites': 14053737, 'coverage': 63.88, 'right_discontinuous': False, 'rows': "{0: 'Altai', 1: 'Chagyrskaya', 2: 'Denisova', 3: 'French-1', 4: 'Han-1', 5: 'Khomani_San-2', 6: 'Papuan-2', 7: 'Vindija', 8: 'Yoruba-1', 9: 'Yoruba-3'}"}
0.000000000000000000e+00 0.000000000000000000e+00 0.000000000000000000e+00 3.800000000000000000e+01 1.500000000000000000e+01 2.100000000000000000e+01 6.000000000000000000e+00 2.000000000000000000e+01 4.200000000000000000e+01 7.000000000000000000e+01 1.260000000000000000e+02 8.500000000000000000e+01 3.900000000000000000e+01 2.470000000000000000e+02 4.310000000000000000e+02 5.530000000000000000e+02 2.308000000000000000e+03 5.231000000000000000e+03 7.797000000000000000e+03
9.000000000000000000e+01 5.700000000000000000e+01 1.210000000000000000e+02 1.490000000000000000e+02 4.110000000000000000e+02 7.510000000000000000e+02 1.176000000000000000e+03 2.374000000000000000e+03 3.822000000000000000e+03 5.365000000000000000e+03 7.571000000000000000e+03 1.150700000000000000e+04 1.450700000000000000e+04 2.200200000000000000e+04 5.527800000000000000e+04 8.558600000000000000e+04 1.879090000000000000e+05 5.363020000000000000e+05 7.766010000000000000e+05
8.100000000000000000e+01 7.000000000000000000e+01 2.120000000000000000e+02 3.690000000000000000e+02 4.990000000000000000e+02 1.208000000000000000e+03 1.375000000000000000e+03 3.310000000000000000e+03 6.346000000000000000e+03 6.566000000000000000e+03 7.336000000000000000e+03 9.324000000000000000e+03 1.038200000000000000e+04 2.828200000000000000e+04 4.260900000000000000e+04 8.262200000000000000e+04 1.495790000000000000e+05 4.959960000000000000e+05 9.025110000000000000e+05
2.105000000000000000e+03 1.613000000000000000e+03 2.311000000000000000e+03 2.262000000000000000e+03 3.903000000000000000e+03 9.115000000000000000e+03 1.439100000000000000e+04 2.502700000000000000e+04 5.860300000000000000e+04 6.609600000000000000e+04 9.511700000000000000e+04 2.084540000000000000e+05 2.563270000000000000e+05 3.972410000000000000e+05 1.119855000000000000e+06 1.880711000000000000e+06 3.943416000000000000e+06 1.175855400000000000e+07 1.953342800000000000e+07
5.749000000000000000e+03 2.972000000000000000e+03 3.892000000000000000e+03 2.820000000000000000e+03 4.252000000000000000e+03 1.086500000000000000e+04 2.024700000000000000e+04 3.897600000000000000e+04 7.909000000000000000e+04 1.033870000000000000e+05 1.676970000000000000e+05 3.395710000000000000e+05 2.485070000000000000e+05 4.466440000000000000e+05 1.190993000000000000e+06 2.428817000000000000e+06 4.058418000000000000e+06 1.127329200000000000e+07 1.906261800000000000e+07
3.475000000000000000e+03 2.841000000000000000e+03 4.580000000000000000e+03 3.765000000000000000e+03 5.715000000000000000e+03 1.367400000000000000e+04 2.249600000000000000e+04 4.508200000000000000e+04 1.005520000000000000e+05 1.276710000000000000e+05 1.994530000000000000e+05 3.606880000000000000e+05 3.219680000000000000e+05 5.882320000000000000e+05 1.750843000000000000e+06 3.369333000000000000e+06 6.167376000000000000e+06 1.864006400000000000e+07 2.973885000000000000e+07
2.068000000000000000e+03 1.145000000000000000e+03 1.532000000000000000e+03 1.577000000000000000e+03 2.625000000000000000e+03 6.501000000000000000e+03 1.010300000000000000e+04 1.648200000000000000e+04 3.471100000000000000e+04 4.182300000000000000e+04 5.418900000000000000e+04 1.095870000000000000e+05 1.336260000000000000e+05 1.910250000000000000e+05 5.865560000000000000e+05 8.403200000000000000e+05 1.777967000000000000e+06 5.065237000000000000e+06 8.857052000000000000e+06
3.240000000000000000e+02 2.370000000000000000e+02 4.660000000000000000e+02 4.550000000000000000e+02 7.650000000000000000e+02 1.544000000000000000e+03 2.234000000000000000e+03 4.324000000000000000e+03 7.836000000000000000e+03 1.057200000000000000e+04 1.483400000000000000e+04 1.612400000000000000e+04 2.032400000000000000e+04 2.710600000000000000e+04 5.465700000000000000e+04 1.254610000000000000e+05 2.521390000000000000e+05 7.230470000000000000e+05 1.005195000000000000e+06
3.038000000000000000e+03 2.218000000000000000e+03 4.002000000000000000e+03 4.231000000000000000e+03 6.061000000000000000e+03 1.399700000000000000e+04 2.329300000000000000e+04 3.636500000000000000e+04 7.697200000000000000e+04 9.638700000000000000e+04 1.392470000000000000e+05 3.027830000000000000e+05 3.975740000000000000e+05 6.311070000000000000e+05 1.860215000000000000e+06 3.445174000000000000e+06 6.494779000000000000e+06 2.133602400000000000e+07 3.541626700000000000e+07
4.328000000000000000e+03 2.917000000000000000e+03 4.286000000000000000e+03 3.746000000000000000e+03 6.062000000000000000e+03 1.362500000000000000e+04 2.504200000000000000e+04 4.166200000000000000e+04 9.482700000000000000e+04 1.189150000000000000e+05 1.760990000000000000e+05 3.375000000000000000e+05 3.949470000000000000e+05 7.408990000000000000e+05 1.864341000000000000e+06 3.906813000000000000e+06 7.357489000000000000e+06 2.163101700000000000e+07 3.425631200000000000e+07
