# {'chrom': '14', 'window_id': '1', 'statistic': 'H2', 'bounds': [42000000, 64000000], 'span': 22000000, 'n_sites': 13599196, 'coverage': 61.81, 'right_discontinuous': False, 'rows': "{0: 'Altai', 1: 'Chagyrskaya', 2: 'Denisova', 3: 'French-1', 4: 'Han-1', 5: 'Khomani_San-2', 6: 'Papuan-2', 7: 'Vindija', 8: 'Yoruba-1', 9: 'Yoruba-3'}"}
8.000000000000000000e+00 1.100000000000000000e+01 4.600000000000000000e+01 9.300000000000000000e+01 2.030000000000000000e+02 4.830000000000000000e+02 6.800000000000000000e+02 1.199000000000000000e+03 2.543000000000000000e+03 3.502000000000000000e+03 4.827000000000000000e+03 8.480000000000000000e+03 9.489000000000000000e+03 1.598000000000000000e+04 4.034300000000000000e+04 7.828000000000000000e+04 1.038960000000000000e+05 6.842100000000000000e+04 3.661100000000000000e+04
1.650000000000000000e+02 1.000000000000000000e+02 2.290000000000000000e+02 3.350000000000000000e+02 4.430000000000000000e+02 1.295000000000000000e+03 2.175000000000000000e+03 3.299000000000000000e+03 7.061000000000000000e+03 8.624000000000000000e+03 1.329200000000000000e+04 1.809600000000000000e+04 2.198000000000000000e+04 3.765700000000000000e+04 9.152400000000000000e+04 9.085200000000000000e+04 2.639580000000000000e+05 7.932430000000000000e+05 1.057778000000000000e+06
1.170000000000000000e+02 1.650000000000000000e+02 4.550000000000000000e+02 5.560000000000000000e+02 8.990000000000000000e+02 2.170000000000000000e+03 2.759000000000000000e+03 4.649000000000000000e+03 1.081300000000000000e+04 1.102000000000000000e+04 1.720500000000000000e+04 2.966900000000000000e+04 3.894000000000000000e+04 8.674300000000000000e+04 1.737780000000000000e+05 2.547430000000000000e+05 5.757790000000000000e+05 1.254685000000000000e+06 1.833216000000000000e+06
5.290000000000000000e+03 1.709000000000000000e+03 2.529000000000000000e+03 3.201000000000000000e+03 4.311000000000000000e+03 1.305600000000000000e+04 2.260300000000000000e+04 3.398800000000000000e+04 7.964400000000000000e+04 1.045080000000000000e+05 1.478220000000000000e+05 2.929810000000000000e+05 3.555190000000000000e+05 5.706470000000000000e+05 1.807823000000000000e+06 2.122841000000000000e+06 4.805312000000000000e+06 1.303506900000000000e+07 2.042454300000000000e+07
1.626000000000000000e+03 1.006000000000000000e+03 2.296000000000000000e+03 3.306000000000000000e+03 4.839000000000000000e+03 1.259600000000000000e+04 1.911600000000000000e+04 3.253700000000000000e+04 7.413700000000000000e+04 9.273600000000000000e+04 1.421950000000000000e+05 2.784440000000000000e+05 3.354380000000000000e+05 6.042360000000000000e+05 1.699020000000000000e+06 2.552423000000000000e+06 5.641463000000000000e+06 1.709372200000000000e+07 2.651053000000000000e+07
1.820000000000000000e+03 1.177000000000000000e+03 2.614000000000000000e+03 3.543000000000000000e+03 5.570000000000000000e+03 1.482300000000000000e+04 2.179600000000000000e+04 3.801100000000000000e+04 8.498800000000000000e+04 1.022150000000000000e+05 1.546640000000000000e+05 3.600540000000000000e+05 4.861960000000000000e+05 8.943730000000000000e+05 2.412919000000000000e+06 3.853209000000000000e+06 8.161898000000000000e+06 2.511353800000000000e+07 4.256362200000000000e+07
2.990000000000000000e+03 8.440000000000000000e+02 1.601000000000000000e+03 1.981000000000000000e+03 2.888000000000000000e+03 8.555000000000000000e+03 1.548600000000000000e+04 2.442000000000000000e+04 5.260600000000000000e+04 6.316100000000000000e+04 8.610100000000000000e+04 1.537240000000000000e+05 1.773200000000000000e+05 3.399870000000000000e+05 9.089400000000000000e+05 1.374175000000000000e+06 2.769880000000000000e+06 8.445747000000000000e+06 1.304276000000000000e+07
4.300000000000000000e+01 2.700000000000000000e+01 1.400000000000000000e+02 2.000000000000000000e+02 4.180000000000000000e+02 9.640000000000000000e+02 1.554000000000000000e+03 2.523000000000000000e+03 5.972000000000000000e+03 6.707000000000000000e+03 1.024700000000000000e+04 1.523500000000000000e+04 1.272400000000000000e+04 2.752100000000000000e+04 9.498000000000000000e+04 1.468120000000000000e+05 2.349500000000000000e+05 3.607090000000000000e+05 7.833200000000000000e+05
5.845000000000000000e+03 2.262000000000000000e+03 3.066000000000000000e+03 3.212000000000000000e+03 5.236000000000000000e+03 1.553500000000000000e+04 2.531700000000000000e+04 4.139200000000000000e+04 8.666600000000000000e+04 1.020140000000000000e+05 1.495800000000000000e+05 3.415120000000000000e+05 4.429920000000000000e+05 9.112980000000000000e+05 2.287902000000000000e+06 3.694847000000000000e+06 7.527413000000000000e+06 2.195489800000000000e+07 3.729767000000000000e+07
4.529000000000000000e+03 2.024000000000000000e+03 3.462000000000000000e+03 4.295000000000000000e+03 6.123000000000000000e+03 1.645200000000000000e+04 2.773800000000000000e+04 4.529900000000000000e+04 9.959700000000000000e+04 1.245400000000000000e+05 1.794330000000000000e+05 4.118570000000000000e+05 5.611220000000000000e+05 1.050249000000000000e+06 2.994132000000000000e+06 4.348188000000000000e+06 8.867020000000000000e+06 2.605412900000000000e+07 4.394393100000000000e+07
