# 'name' : 'rogers_a02_b02_d03_g03'
# 'source' : 'rogers_a02_b02_d03_g03.yaml'
# 'sample_pops' : ['X', 'Y', 'D', 'N']
# 'sample_size' : 1
# 'n_reps' : 100
# 'n_windows' : 200
# 'seq_length' : 100000000.0
# 'window_length' : 500000.0
# 'recomb_rate' : 1e-08
# 'mut_rate' : 1e-08
# 'created' : None
0.000000000000000000e+00 0.000000000000000000e+00 0.000000000000000000e+00 0.000000000000000000e+00 4.534435201526503256e-01 0.000000000000000000e+00 0.000000000000000000e+00 0.000000000000000000e+00 3.929260377188183440e-01 4.056102654900554660e-01 0.000000000000000000e+00 0.000000000000000000e+00 4.532671467449052027e-01 4.664744728428880105e-01 6.747671235106461607e-02 0.000000000000000000e+00
0.000000000000000000e+00 0.000000000000000000e+00 0.000000000000000000e+00 0.000000000000000000e+00 4.470490680815981666e-01 0.000000000000000000e+00 0.000000000000000000e+00 0.000000000000000000e+00 4.005662464837604353e-01 4.121213530876263187e-01 0.000000000000000000e+00 0.000000000000000000e+00 4.588152952274865970e-01 4.710487954233013586e-01 7.053294752643558818e-02 0.000000000000000000e+00
0.000000000000000000e+00 0.000000000000000000e+00 0.000000000000000000e+00 0.000000000000000000e+00 4.405205427481190261e-01 0.000000000000000000e+00 0.000000000000000000e+00 0.000000000000000000e+00 3.981095975373533102e-01 4.124254060438485858e-01 0.000000000000000000e+00 0.000000000000000000e+00 4.567992803324585904e-01 4.722796287302178930e-01 7.324531913682864881e-02 0.000000000000000000e+00
0.000000000000000000e+00 0.000000000000000000e+00 0.000000000000000000e+00 0.000000000000000000e+00 4.627227792021879060e-01 0.000000000000000000e+00 0.000000000000000000e+00 0.000000000000000000e+00 4.066861811769079127e-01 4.245376066145685190e-01 0.000000000000000000e+00 0.000000000000000000e+00 4.692668275286852042e-01 4.884147690447972479e-01 8.026567669560760732e-02 0.000000000000000000e+00
0.000000000000000000e+00 0.000000000000000000e+00 0.000000000000000000e+00 0.000000000000000000e+00 4.649655494395569244e-01 0.000000000000000000e+00 0.000000000000000000e+00 0.000000000000000000e+00 4.055241312728201653e-01 4.194050574838318890e-01 0.000000000000000000e+00 0.000000000000000000e+00 4.748879394064553505e-01 4.903516108971936460e-01 8.667175440676315457e-02 0.000000000000000000e+00
0.000000000000000000e+00 0.000000000000000000e+00 0.000000000000000000e+00 0.000000000000000000e+00 4.507769161762710808e-01 0.000000000000000000e+00 0.000000000000000000e+00 0.000000000000000000e+00 3.987024106930434075e-01 4.102144400847271277e-01 0.000000000000000000e+00 0.000000000000000000e+00 4.550387339153003086e-01 4.650333004854250718e-01 6.922156449288088820e-02 0.000000000000000000e+00
0.000000000000000000e+00 0.000000000000000000e+00 0.000000000000000000e+00 0.000000000000000000e+00 4.743791642233450845e-01 0.000000000000000000e+00 0.000000000000000000e+00 0.000000000000000000e+00 4.011566721791067769e-01 4.181800691045800544e-01 0.000000000000000000e+00 0.000000000000000000e+00 4.524652860261724197e-01 4.689819058256990969e-01 7.126475213701446987e-02 0.000000000000000000e+00
0.000000000000000000e+00 0.000000000000000000e+00 0.000000000000000000e+00 0.000000000000000000e+00 4.438376572665509445e-01 0.000000000000000000e+00 0.000000000000000000e+00 0.000000000000000000e+00 3.927157091458966520e-01 4.168970047772102006e-01 0.000000000000000000e+00 0.000000000000000000e+00 4.536282266232454785e-01 4.788433968131736163e-01 6.898642498874905937e-02 0.000000000000000000e+00
0.000000000000000000e+00 0.000000000000000000e+00 0.000000000000000000e+00 0.000000000000000000e+00 4.679731386174322827e-01 0.000000000000000000e+00 0.000000000000000000e+00 0.000000000000000000e+00 4.097967528015323269e-01 4.215736491545127307e-01 0.000000000000000000e+00 0.000000000000000000e+00 4.690022046364948904e-01 4.824752414269103395e-01 7.976103647573638822e-02 0.000000000000000000e+00
0.000000000000000000e+00 0.000000000000000000e+00 0.000000000000000000e+00 0.000000000000000000e+00 4.518835939401791291e-01 0.000000000000000000e+00 0.000000000000000000e+00 0.000000000000000000e+00 3.963737796112256628e-01 4.189147100615007169e-01 0.000000000000000000e+00 0.000000000000000000e+00 4.579068421427821556e-01 4.805508549966941434e-01 7.845830842584120002e-02 0.000000000000000000e+00
0.000000000000000000e+00 0.000000000000000000e+00 0.000000000000000000e+00 0.000000000000000000e+00 4.541906187199649114e-01 0.000000000000000000e+00 0.000000000000000000e+00 0.000000000000000000e+00 3.938061253128599115e-01 4.057599505441684129e-01 0.000000000000000000e+00 0.000000000000000000e+00 4.626089321622594563e-01 4.754604667658610118e-01 6.648278897920645303e-02 0.000000000000000000e+00
0.000000000000000000e+00 0.000000000000000000e+00 0.000000000000000000e+00 0.000000000000000000e+00 4.769832367234473347e-01 0.000000000000000000e+00 0.000000000000000000e+00 0.000000000000000000e+00 3.996206797052307969e-01 4.148737117019977716e-01 0.000000000000000000e+00 0.000000000000000000e+00 4.487015235331870966e-01 4.633678422071579317e-01 6.661696953793208587e-02 0.000000000000000000e+00
0.000000000000000000e+00 0.000000000000000000e+00 0.000000000000000000e+00 0.000000000000000000e+00 4.440446152783474321e-01 0.000000000000000000e+00 0.000000000000000000e+00 0.000000000000000000e+00 3.956037073075133192e-01 4.122926950901287246e-01 0.000000000000000000e+00 0.000000000000000000e+00 4.454120906114434897e-01 4.628791322931253838e-01 6.817374561908091934e-02 0.000000000000000000e+00
0.000000000000000000e+00 0.000000000000000000e+00 0.000000000000000000e+00 0.000000000000000000e+00 4.665427667723369143e-01 0.000000000000000000e+00 0.000000000000000000e+00 0.000000000000000000e+00 4.044745156569050648e-01 4.195432024661321369e-01 0.000000000000000000e+00 0.000000000000000000e+00 4.668850020527242628e-01 4.830730698903896170e-01 7.468603269652823728e-02 0.000000000000000000e+00
0.000000000000000000e+00 0.000000000000000000e+00 0.000000000000000000e+00 0.000000000000000000e+00 4.663886100226302678e-01 0.000000000000000000e+00 0.000000000000000000e+00 0.000000000000000000e+00 3.995044279683205857e-01 4.194215692151687103e-01 0.000000000000000000e+00 0.000000000000000000e+00 4.594945548406211833e-01 4.797799664719639146e-01 7.670359976064221319e-02 0.000000000000000000e+00
0.000000000000000000e+00 0.000000000000000000e+00 0.000000000000000000e+00 0.000000000000000000e+00 4.634542782156488294e-01 0.000000000000000000e+00 0.000000000000000000e+00 0.000000000000000000e+00 4.011179853896576497e-01 4.149718395154022299e-01 0.000000000000000000e+00 0.000000000000000000e+00 4.630220916405424214e-01 4.766613105308396547e-01 7.563745956696160677e-02 0.000000000000000000e+00
0.000000000000000000e+00 0.000000000000000000e+00 0.000000000000000000e+00 0.000000000000000000e+00 4.481958666515197254e-01 0.000000000000000000e+00 0.000000000000000000e+00 0.000000000000000000e+00 4.004954361079247072e-01 4.135582468939833500e-01 0.000000000000000000e+00 0.000000000000000000e+00 4.631648810729954158e-01 4.780479496720632104e-01 7.464185691175652393e-02 0.000000000000000000e+00
0.000000000000000000e+00 0.000000000000000000e+00 0.000000000000000000e+00 0.000000000000000000e+00 4.580553338078476866e-01 0.000000000000000000e+00 0.000000000000000000e+00 0.000000000000000000e+00 3.995977685556799663e-01 4.176196818677261891e-01 0.000000000000000000e+00 0.000000000000000000e+00 4.575804071777984094e-01 4.770090228359880613e-01 7.340804187921917690e-02 0.000000000000000000e+00
0.000000000000000000e+00 0.000000000000000000e+00 0.000000000000000000e+00 0.000000000000000000e+00 4.518902035323468236e-01 0.000000000000000000e+00 0.000000000000000000e+00 0.000000000000000000e+00 4.030164899482177043e-01 4.228604776637778229e-01 0.000000000000000000e+00 0.000000000000000000e+00 4.649959227733426737e-01 4.863650515820872600e-01 7.864587369928130456e-02 0.000000000000000000e+00
0.000000000000000000e+00 0.000000000000000000e+00 0.000000000000000000e+00 0.000000000000000000e+00 4.663590169973653721e-01 0.000000000000000000e+00 0.000000000000000000e+00 0.000000000000000000e+00 4.049943275077678151e-01 4.209980455616186834e-01 0.000000000000000000e+00 0.000000000000000000e+00 4.559477706030163890e-01 4.713085910541934265e-01 7.398470303344026333e-02 0.000000000000000000e+00
0.000000000000000000e+00 0.000000000000000000e+00 0.000000000000000000e+00 0.000000000000000000e+00 4.707024565258621784e-01 0.000000000000000000e+00 0.000000000000000000e+00 0.000000000000000000e+00 4.018797747729778713e-01 4.162189110728840569e-01 0.000000000000000000e+00 0.000000000000000000e+00 4.636677075886568300e-01 4.795891257628502324e-01 7.766474421277246021e-02 0.000000000000000000e+00
0.000000000000000000e+00 0.000000000000000000e+00 0.000000000000000000e+00 0.000000000000000000e+00 4.608939054663228063e-01 0.000000000000000000e+00 0.000000000000000000e+00 0.000000000000000000e+00 4.033283418371935714e-01 4.183144936109897682e-01 0.000000000000000000e+00 0.000000000000000000e+00 4.656825912058079608e-01 4.818856057037947949e-01 7.238953120915640749e-02 0.000000000000000000e+00
0.000000000000000000e+00 0.000000000000000000e+00 0.000000000000000000e+00 0.000000000000000000e+00 4.566315897365885723e-01 0.000000000000000000e+00 0.000000000000000000e+00 0.000000000000000000e+00 3.983203634342896704e-01 4.146322481132169724e-01 0.000000000000000000e+00 0.000000000000000000e+00 4.628424744546282277e-01 4.801827472272568453e-01 7.816197732990820546e-02 0.000000000000000000e+00
0.000000000000000000e+00 0.000000000000000000e+00 0.000000000000000000e+00 0.000000000000000000e+00 4.572131563860969417e-01 0.000000000000000000e+00 0.000000000000000000e+00 0.000000000000000000e+00 4.057121321855952645e-01 4.214269976220313407e-01 0.000000000000000000e+00 0.000000000000000000e+00 4.604348248524193221e-01 4.779476458071237333e-01 7.359980212747588291e-02 0.000000000000000000e+00
0.000000000000000000e+00 0.000000000000000000e+00 0.000000000000000000e+00 0.000000000000000000e+00 4.653888912260611965e-01 0.000000000000000000e+00 0.000000000000000000e+00 0.000000000000000000e+00 4.033514613187543785e-01 4.237946530247869714e-01 0.000000000000000000e+00 0.000000000000000000e+00 4.523772568819772744e-01 4.740301143333829903e-01 7.065881688327788068e-02 0.000000000000000000e+00
0.000000000000000000e+00 0.000000000000000000e+00 0.000000000000000000e+00 0.000000000000000000e+00 4.566076792434806686e-01 0.000000000000000000e+00 0.000000000000000000e+00 0.000000000000000000e+00 4.065263986662916440e-01 4.237052416094069240e-01 0.000000000000000000e+00 0.000000000000000000e+00 4.508994947099516648e-01 4.689871985755958983e-01 7.457892377634048331e-02 0.000000000000000000e+00
0.000000000000000000e+00 0.000000000000000000e+00 0.000000000000000000e+00 0.000000000000000000e+00 4.542565269860663335e-01 0.000000000000000000e+00 0.000000000000000000e+00 0.000000000000000000e+00 4.088383398507316469e-01 4.326746751209612496e-01 0.000000000000000000e+00 0.000000000000000000e+00 4.515618897919094210e-01 4.768855058817396686e-01 8.153658467991541092e-02 0.000000000000000000e+00
0.000000000000000000e+00 0.000000000000000000e+00 0.000000000000000000e+00 0.000000000000000000e+00 4.470163299142484448e-01 0.000000000000000000e+00 0.000000000000000000e+00 0.000000000000000000e+00 4.001287115788301207e-01 4.188749804721774717e-01 0.000000000000000000e+00 0.000000000000000000e+00 4.608783352482679896e-01 4.808675678216969840e-01 7.854376235079305046e-02 0.000000000000000000e+00
0.000000000000000000e+00 0.000000000000000000e+00 0.000000000000000000e+00 0.000000000000000000e+00 4.620601665411344650e-01 0.000000000000000000e+00 0.000000000000000000e+00 0.000000000000000000e+00 4.057746317919622703e-01 4.254852347097358711e-01 0.000000000000000000e+00 0.000000000000000000e+00 4.576404257759829064e-01 4.774667035759878608e-01 6.982230828346604190e-02 0.000000000000000000e+00
0.000000000000000000e+00 0.000000000000000000e+00 0.000000000000000000e+00 0.000000000000000000e+00 4.583515515247349459e-01 0.000000000000000000e+00 0.000000000000000000e+00 0.000000000000000000e+00 4.028417053105618484e-01 4.239828558109860479e-01 0.000000000000000000e+00 0.000000000000000000e+00 4.627385204063302337e-01 4.835122410568436502e-01 7.262899168022385332e-02 0.000000000000000000e+00
0.000000000000000000e+00 0.000000000000000000e+00 0.000000000000000000e+00 0.000000000000000000e+00 4.598347147653569222e-01 0.000000000000000000e+00 0.000000000000000000e+00 0.000000000000000000e+00 4.056236999130288234e-01 4.199407678248035514e-01 0.000000000000000000e+00 0.000000000000000000e+00 4.566450613875480125e-01 4.697590467352004140e-01 7.378395209027194257e-02 0.000000000000000000e+00
0.000000000000000000e+00 0.000000000000000000e+00 0.000000000000000000e+00 0.000000000000000000e+00 4.480582778840070390e-01 0.000000000000000000e+00 0.000000000000000000e+00 0.000000000000000000e+00 3.980103820644749213e-01 4.148106223386214819e-01 0.000000000000000000e+00 0.000000000000000000e+00 4.554005546508719249e-01 4.740847582616903866e-01 7.436134870226719651e-02 0.000000000000000000e+00
0.000000000000000000e+00 0.000000000000000000e+00 0.000000000000000000e+00 0.000000000000000000e+00 4.389296114290078266e-01 0.000000000000000000e+00 0.000000000000000000e+00 0.000000000000000000e+00 3.947104858102787883e-01 4.121323144657599857e-01 0.000000000000000000e+00 0.000000000000000000e+00 4.549068537265970602e-01 4.732788513025124044e-01 7.644646502744682770e-02 0.000000000000000000e+00
0.000000000000000000e+00 0.000000000000000000e+00 0.000000000000000000e+00 0.000000000000000000e+00 4.555306595587187979e-01 0.000000000000000000e+00 0.000000000000000000e+00 0.000000000000000000e+00 4.049490082830271565e-01 4.250594722530505742e-01 0.000000000000000000e+00 0.000000000000000000e+00 4.491088405790822913e-01 4.684912698954738497e-01 6.934605380870914604e-02 0.000000000000000000e+00
0.000000000000000000e+00 0.000000000000000000e+00 0.000000000000000000e+00 0.000000000000000000e+00 4.784809337768646254e-01 0.000000000000000000e+00 0.000000000000000000e+00 0.000000000000000000e+00 4.106083948846247500e-01 4.228011308845502358e-01 0.000000000000000000e+00 0.000000000000000000e+00 4.615430355815497987e-01 4.719964955739640589e-01 7.134240440161890295e-02 0.000000000000000000e+00
0.000000000000000000e+00 0.000000000000000000e+00 0.000000000000000000e+00 0.000000000000000000e+00 4.589920434107517822e-01 0.000000000000000000e+00 0.000000000000000000e+00 0.000000000000000000e+00 3.977937529686275120e-01 4.140291139228849393e-01 0.000000000000000000e+00 0.000000000000000000e+00 4.597153656759634388e-01 4.765257851901644193e-01 8.557902569114851643e-02 0.000000000000000000e+00
0.000000000000000000e+00 0.000000000000000000e+00 0.000000000000000000e+00 0.000000000000000000e+00 4.479763040585553746e-01 0.000000000000000000e+00 0.000000000000000000e+00 0.000000000000000000e+00 3.979455170171330436e-01 4.128606718483460725e-01 0.000000000000000000e+00 0.000000000000000000e+00 4.508017878108672716e-01 4.662274867933620670e-01 7.131294238025680243e-02 0.000000000000000000e+00
0.000000000000000000e+00 0.000000000000000000e+00 0.000000000000000000e+00 0.000000000000000000e+00 4.533034421403050462e-01 0.000000000000000000e+00 0.000000000000000000e+00 0.000000000000000000e+00 3.940719758720161447e-01 4.057314780825652112e-01 0.000000000000000000e+00 0.000000000000000000e+00 4.564639003209943757e-01 4.691551504522057936e-01 6.964154806103167727e-02 0.000000000000000000e+00
0.000000000000000000e+00 0.000000000000000000e+00 0.000000000000000000e+00 0.000000000000000000e+00 4.592698742847333704e-01 0.000000000000000000e+00 0.000000000000000000e+00 0.000000000000000000e+00 3.954741470398542291e-01 4.084070592295759861e-01 0.000000000000000000e+00 0.000000000000000000e+00 4.568241547579819373e-01 4.689950204784051335e-01 7.749824592711307414e-02 0.000000000000000000e+00
0.000000000000000000e+00 0.000000000000000000e+00 0.000000000000000000e+00 0.000000000000000000e+00 4.647065031579504790e-01 0.000000000000000000e+00 0.000000000000000000e+00 0.000000000000000000e+00 3.999054354007066103e-01 4.160724791063866168e-01 0.000000000000000000e+00 0.000000000000000000e+00 4.560873176623949643e-01 4.726670347846835263e-01 7.078080359136017241e-02 0.000000000000000000e+00
0.000000000000000000e+00 0.000000000000000000e+00 0.000000000000000000e+00 0.000000000000000000e+00 4.612097859943560252e-01 0.000000000000000000e+00 0.000000000000000000e+00 0.000000000000000000e+00 4.039451485287404719e-01 4.223431079475989391e-01 0.000000000000000000e+00 0.000000000000000000e+00 4.565787580410511914e-01 4.752180275078381477e-01 7.256768529621740460e-02 0.000000000000000000e+00
0.000000000000000000e+00 0.000000000000000000e+00 0.000000000000000000e+00 0.000000000000000000e+00 4.684618179222748147e-01 0.000000000000000000e+00 0.000000000000000000e+00 0.000000000000000000e+00 4.042952056262374416e-01 4.198934867374138902e-01 0.000000000000000000e+00 0.000000000000000000e+00 4.648242967939305026e-01 4.817824943239671920e-01 7.357445881989238545e-02 0.000000000000000000e+00
0.000000000000000000e+00 0.000000000000000000e+00 0.000000000000000000e+00 0.000000000000000000e+00 4.567784441352149005e-01 0.000000000000000000e+00 0.000000000000000000e+00 0.000000000000000000e+00 4.053127848185514859e-01 4.223380416358242240e-01 0.000000000000000000e+00 0.000000000000000000e+00 4.614262698366979887e-01 4.781613289970673697e-01 7.546929092492896118e-02 0.000000000000000000e+00
0.000000000000000000e+00 0.000000000000000000e+00 0.000000000000000000e+00 0.000000000000000000e+00 4.632386160479303183e-01 0.000000000000000000e+00 0.000000000000000000e+00 0.000000000000000000e+00 4.024419855920232658e-01 4.173647687265196193e-01 0.000000000000000000e+00 0.000000000000000000e+00 4.498305718897018801e-01 4.653118943000900121e-01 7.902901239306368841e-02 0.000000000000000000e+00
0.000000000000000000e+00 0.000000000000000000e+00 0.000000000000000000e+00 0.000000000000000000e+00 4.683600746866530273e-01 0.000000000000000000e+00 0.000000000000000000e+00 0.000000000000000000e+00 4.034666126296382327e-01 4.199842255405276670e-01 0.000000000000000000e+00 0.000000000000000000e+00 4.633768265049653112e-01 4.796525189498591635e-01 7.309607371916239382e-02 0.000000000000000000e+00
0.000000000000000000e+00 0.000000000000000000e+00 0.000000000000000000e+00 0.000000000000000000e+00 4.509930441600064066e-01 0.000000000000000000e+00 0.000000000000000000e+00 0.000000000000000000e+00 4.003995053175412044e-01 4.171739647043508636e-01 0.000000000000000000e+00 0.000000000000000000e+00 4.596004531923824077e-01 4.774743892457612993e-01 7.696121754794511827e-02 0.000000000000000000e+00
0.000000000000000000e+00 0.000000000000000000e+00 0.000000000000000000e+00 0.000000000000000000e+00 4.610930839574745033e-01 0.000000000000000000e+00 0.000000000000000000e+00 0.000000000000000000e+00 4.053133516169891704e-01 4.214399482877763115e-01 0.000000000000000000e+00 0.000000000000000000e+00 4.510113426617049504e-01 4.679093993324163203e-01 6.461908474690596094e-02 0.000000000000000000e+00
0.000000000000000000e+00 0.000000000000000000e+00 0.000000000000000000e+00 0.000000000000000000e+00 4.617912176925791923e-01 0.000000000000000000e+00 0.000000000000000000e+00 0.000000000000000000e+00 4.006582076209719845e-01 4.163484631987198759e-01 0.000000000000000000e+00 0.000000000000000000e+00 4.665490915846204900e-01 4.832541732701279291e-01 7.297421950737535690e-02 0.000000000000000000e+00
0.000000000000000000e+00 0.000000000000000000e+00 0.000000000000000000e+00 0.000000000000000000e+00 4.565303804489471151e-01 0.000000000000000000e+00 0.000000000000000000e+00 0.000000000000000000e+00 3.964901684793219472e-01 4.146548062022267778e-01 0.000000000000000000e+00 0.000000000000000000e+00 4.588415260688584740e-01 4.774413651177206175e-01 7.323284276507058266e-02 0.000000000000000000e+00
0.000000000000000000e+00 0.000000000000000000e+00 0.000000000000000000e+00 0.000000000000000000e+00 4.687665332074645863e-01 0.000000000000000000e+00 0.000000000000000000e+00 0.000000000000000000e+00 4.006752060985882546e-01 4.171286005660087559e-01 0.000000000000000000e+00 0.000000000000000000e+00 4.572428907932264974e-01 4.740238116502439869e-01 6.975148697490625438e-02 0.000000000000000000e+00
0.000000000000000000e+00 0.000000000000000000e+00 0.000000000000000000e+00 0.000000000000000000e+00 4.483262766530005106e-01 0.000000000000000000e+00 0.000000000000000000e+00 0.000000000000000000e+00 3.942542343701948004e-01 4.071544271496088663e-01 0.000000000000000000e+00 0.000000000000000000e+00 4.591915148997000595e-01 4.726531743740316482e-01 6.388140705965164590e-02 0.000000000000000000e+00
0.000000000000000000e+00 0.000000000000000000e+00 0.000000000000000000e+00 0.000000000000000000e+00 4.578868295547984801e-01 0.000000000000000000e+00 0.000000000000000000e+00 0.000000000000000000e+00 3.942630948577990901e-01 4.087066320039031142e-01 0.000000000000000000e+00 0.000000000000000000e+00 4.491590734174966126e-01 4.658390414456541340e-01 6.513407802040653560e-02 0.000000000000000000e+00
0.000000000000000000e+00 0.000000000000000000e+00 0.000000000000000000e+00 0.000000000000000000e+00 4.493011079128990670e-01 0.000000000000000000e+00 0.000000000000000000e+00 0.000000000000000000e+00 4.015401381796340763e-01 4.166137218789417451e-01 0.000000000000000000e+00 0.000000000000000000e+00 4.610597841166023114e-01 4.784428711514627786e-01 7.005607109093514584e-02 0.000000000000000000e+00
0.000000000000000000e+00 0.000000000000000000e+00 0.000000000000000000e+00 0.000000000000000000e+00 4.666713503289846576e-01 0.000000000000000000e+00 0.000000000000000000e+00 0.000000000000000000e+00 4.054400772329463387e-01 4.234534388615519007e-01 0.000000000000000000e+00 0.000000000000000000e+00 4.577890264308632773e-01 4.742984613868345134e-01 7.837788701614779863e-02 0.000000000000000000e+00
0.000000000000000000e+00 0.000000000000000000e+00 0.000000000000000000e+00 0.000000000000000000e+00 4.500030117764169391e-01 0.000000000000000000e+00 0.000000000000000000e+00 0.000000000000000000e+00 3.922723446470764985e-01 4.096611662919136809e-01 0.000000000000000000e+00 0.000000000000000000e+00 4.529049808275285582e-01 4.712351764613186833e-01 6.987886585399756545e-02 0.000000000000000000e+00
0.000000000000000000e+00 0.000000000000000000e+00 0.000000000000000000e+00 0.000000000000000000e+00 4.587151643315172111e-01 0.000000000000000000e+00 0.000000000000000000e+00 0.000000000000000000e+00 3.974922245738288229e-01 4.183398544721618761e-01 0.000000000000000000e+00 0.000000000000000000e+00 4.504941550111460913e-01 4.697546970922495402e-01 7.136216384397642276e-02 0.000000000000000000e+00
0.000000000000000000e+00 0.000000000000000000e+00 0.000000000000000000e+00 0.000000000000000000e+00 4.623771687265200714e-01 0.000000000000000000e+00 0.000000000000000000e+00 0.000000000000000000e+00 4.034838417640578268e-01 4.206702976207347677e-01 0.000000000000000000e+00 0.000000000000000000e+00 4.698092237949005878e-01 4.901173457066695938e-01 8.559003987545103775e-02 0.000000000000000000e+00
0.000000000000000000e+00 0.000000000000000000e+00 0.000000000000000000e+00 0.000000000000000000e+00 4.595398028132993140e-01 0.000000000000000000e+00 0.000000000000000000e+00 0.000000000000000000e+00 4.080349037388451006e-01 4.222185653609163425e-01 0.000000000000000000e+00 0.000000000000000000e+00 4.564404003866520121e-01 4.705020957326692677e-01 7.242178142399530172e-02 0.000000000000000000e+00
0.000000000000000000e+00 0.000000000000000000e+00 0.000000000000000000e+00 0.000000000000000000e+00 4.514839941983906368e-01 0.000000000000000000e+00 0.000000000000000000e+00 0.000000000000000000e+00 4.024132304107800318e-01 4.264256845882684610e-01 0.000000000000000000e+00 0.000000000000000000e+00 4.593580733769487279e-01 4.833058215187058804e-01 7.893436244350982012e-02 0.000000000000000000e+00
0.000000000000000000e+00 0.000000000000000000e+00 0.000000000000000000e+00 0.000000000000000000e+00 4.487276614544654652e-01 0.000000000000000000e+00 0.000000000000000000e+00 0.000000000000000000e+00 4.017264446549357881e-01 4.143220225201039164e-01 0.000000000000000000e+00 0.000000000000000000e+00 4.643075576248189562e-01 4.779916326286012818e-01 8.090392561653964032e-02 0.000000000000000000e+00
0.000000000000000000e+00 0.000000000000000000e+00 0.000000000000000000e+00 0.000000000000000000e+00 4.544295831775210237e-01 0.000000000000000000e+00 0.000000000000000000e+00 0.000000000000000000e+00 4.018989188913058563e-01 4.164506531213742480e-01 0.000000000000000000e+00 0.000000000000000000e+00 4.520406389497720889e-01 4.661104152996045080e-01 7.192360977178617609e-02 0.000000000000000000e+00
0.000000000000000000e+00 0.000000000000000000e+00 0.000000000000000000e+00 0.000000000000000000e+00 4.546164531943829856e-01 0.000000000000000000e+00 0.000000000000000000e+00 0.000000000000000000e+00 4.006494343347797860e-01 4.157408379239314056e-01 0.000000000000000000e+00 0.000000000000000000e+00 4.671823297543141185e-01 4.830434216324433483e-01 8.414610631153177089e-02 0.000000000000000000e+00
0.000000000000000000e+00 0.000000000000000000e+00 0.000000000000000000e+00 0.000000000000000000e+00 4.480249135487940904e-01 0.000000000000000000e+00 0.000000000000000000e+00 0.000000000000000000e+00 3.930942376378926961e-01 4.092603488079919472e-01 0.000000000000000000e+00 0.000000000000000000e+00 4.516749702490812091e-01 4.675608698906886795e-01 7.053753742059815091e-02 0.000000000000000000e+00
0.000000000000000000e+00 0.000000000000000000e+00 0.000000000000000000e+00 0.000000000000000000e+00 4.544769424856581752e-01 0.000000000000000000e+00 0.000000000000000000e+00 0.000000000000000000e+00 3.998147873483339776e-01 4.148392590641322708e-01 0.000000000000000000e+00 0.000000000000000000e+00 4.505968826250195125e-01 4.637483037339501513e-01 7.135905016719436278e-02 0.000000000000000000e+00
0.000000000000000000e+00 0.000000000000000000e+00 0.000000000000000000e+00 0.000000000000000000e+00 4.577560234611688927e-01 0.000000000000000000e+00 0.000000000000000000e+00 0.000000000000000000e+00 3.916482688234280696e-01 4.152547092130539630e-01 0.000000000000000000e+00 0.000000000000000000e+00 4.445905218225059685e-01 4.708619203375903894e-01 6.402143950152307250e-02 0.000000000000000000e+00
0.000000000000000000e+00 0.000000000000000000e+00 0.000000000000000000e+00 0.000000000000000000e+00 4.494470804482203485e-01 0.000000000000000000e+00 0.000000000000000000e+00 0.000000000000000000e+00 3.943659663205578703e-01 4.164209057709841733e-01 0.000000000000000000e+00 0.000000000000000000e+00 4.507660265463837579e-01 4.749040750481676731e-01 7.095574647759855802e-02 0.000000000000000000e+00
0.000000000000000000e+00 0.000000000000000000e+00 0.000000000000000000e+00 0.000000000000000000e+00 4.563680773481908481e-01 0.000000000000000000e+00 0.000000000000000000e+00 0.000000000000000000e+00 4.013182733467758334e-01 4.162464879971847775e-01 0.000000000000000000e+00 0.000000000000000000e+00 4.521320738655687510e-01 4.670810333171061535e-01 7.117953076865307649e-02 0.000000000000000000e+00
0.000000000000000000e+00 0.000000000000000000e+00 0.000000000000000000e+00 0.000000000000000000e+00 4.616766365705307074e-01 0.000000000000000000e+00 0.000000000000000000e+00 0.000000000000000000e+00 4.047030502406268049e-01 4.196103330637974693e-01 0.000000000000000000e+00 0.000000000000000000e+00 4.695464648679220088e-01 4.860658343654430391e-01 7.406637160014428733e-02 0.000000000000000000e+00
0.000000000000000000e+00 0.000000000000000000e+00 0.000000000000000000e+00 0.000000000000000000e+00 4.493970569944739646e-01 0.000000000000000000e+00 0.000000000000000000e+00 0.000000000000000000e+00 4.007546506101950512e-01 4.181840680859460480e-01 0.000000000000000000e+00 0.000000000000000000e+00 4.522747572462107457e-01 4.704526484659426466e-01 6.672863229863187917e-02 0.000000000000000000e+00
0.000000000000000000e+00 0.000000000000000000e+00 0.000000000000000000e+00 0.000000000000000000e+00 4.512103298790403061e-01 0.000000000000000000e+00 0.000000000000000000e+00 0.000000000000000000e+00 4.033235837317652450e-01 4.198772147672327204e-01 0.000000000000000000e+00 0.000000000000000000e+00 4.537990027132690063e-01 4.709861772669882152e-01 7.040222896330952662e-02 0.000000000000000000e+00
0.000000000000000000e+00 0.000000000000000000e+00 0.000000000000000000e+00 0.000000000000000000e+00 4.587196206988453651e-01 0.000000000000000000e+00 0.000000000000000000e+00 0.000000000000000000e+00 4.112631136322820180e-01 4.221362404991543804e-01 0.000000000000000000e+00 0.000000000000000000e+00 4.592728807560751414e-01 4.701537515895769515e-01 7.507910484555624375e-02 0.000000000000000000e+00
0.000000000000000000e+00 0.000000000000000000e+00 0.000000000000000000e+00 0.000000000000000000e+00 4.706686960632777694e-01 0.000000000000000000e+00 0.000000000000000000e+00 0.000000000000000000e+00 4.062551530007174061e-01 4.202326753490654432e-01 0.000000000000000000e+00 0.000000000000000000e+00 4.589033993701817082e-01 4.731227001295739143e-01 7.017035473374610977e-02 0.000000000000000000e+00
0.000000000000000000e+00 0.000000000000000000e+00 0.000000000000000000e+00 0.000000000000000000e+00 4.466559945179777724e-01 0.000000000000000000e+00 0.000000000000000000e+00 0.000000000000000000e+00 3.973226501004114009e-01 4.139497751794010139e-01 0.000000000000000000e+00 0.000000000000000000e+00 4.571193930643947523e-01 4.744545263480678954e-01 7.369789574267854304e-02 0.000000000000000000e+00
0.000000000000000000e+00 0.000000000000000000e+00 0.000000000000000000e+00 0.000000000000000000e+00 4.584505248747962058e-01 0.000000000000000000e+00 0.000000000000000000e+00 0.000000000000000000e+00 4.040509193656514064e-01 4.183939386300435936e-01 0.000000000000000000e+00 0.000000000000000000e+00 4.612987328987021574e-01 4.766246045956558652e-01 7.900381187894899016e-02 0.000000000000000000e+00
0.000000000000000000e+00 0.000000000000000000e+00 0.000000000000000000e+00 0.000000000000000000e+00 4.615208519476323157e-01 0.000000000000000000e+00 0.000000000000000000e+00 0.000000000000000000e+00 4.041815674774942857e-01 4.189368935087642298e-01 0.000000000000000000e+00 0.000000000000000000e+00 4.566362048246219163e-01 4.717328725736539274e-01 7.234908547041755955e-02 0.000000000000000000e+00
0.000000000000000000e+00 0.000000000000000000e+00 0.000000000000000000e+00 0.000000000000000000e+00 4.561038995956989139e-01 0.000000000000000000e+00 0.000000000000000000e+00 0.000000000000000000e+00 3.916451989848319104e-01 4.049977090602093210e-01 0.000000000000000000e+00 0.000000000000000000e+00 4.574144096509061286e-01 4.696699331757653861e-01 6.925860002308986685e-02 0.000000000000000000e+00
0.000000000000000000e+00 0.000000000000000000e+00 0.000000000000000000e+00 0.000000000000000000e+00 4.471745250175699349e-01 0.000000000000000000e+00 0.000000000000000000e+00 0.000000000000000000e+00 4.058807144752289986e-01 4.192781398639669477e-01 0.000000000000000000e+00 0.000000000000000000e+00 4.519903101304044157e-01 4.667828616362689198e-01 7.275316869500805805e-02 0.000000000000000000e+00
0.000000000000000000e+00 0.000000000000000000e+00 0.000000000000000000e+00 0.000000000000000000e+00 4.635727718907853845e-01 0.000000000000000000e+00 0.000000000000000000e+00 0.000000000000000000e+00 4.027830006018657816e-01 4.176446081769742413e-01 0.000000000000000000e+00 0.000000000000000000e+00 4.600608703171302771e-01 4.767539501770409194e-01 7.412676002326906710e-02 0.000000000000000000e+00
0.000000000000000000e+00 0.000000000000000000e+00 0.000000000000000000e+00 0.000000000000000000e+00 4.616692148974161913e-01 0.000000000000000000e+00 0.000000000000000000e+00 0.000000000000000000e+00 4.056053101772619240e-01 4.206243078141592706e-01 0.000000000000000000e+00 0.000000000000000000e+00 4.670400119568657860e-01 4.830890531511297104e-01 8.197429170213407779e-02 0.000000000000000000e+00
0.000000000000000000e+00 0.000000000000000000e+00 0.000000000000000000e+00 0.000000000000000000e+00 4.643469995753375379e-01 0.000000000000000000e+00 0.000000000000000000e+00 0.000000000000000000e+00 4.060802820497719789e-01 4.210308015299347173e-01 0.000000000000000000e+00 0.000000000000000000e+00 4.637227224808141424e-01 4.796040048839049219e-01 7.183814820933688561e-02 0.000000000000000000e+00
0.000000000000000000e+00 0.000000000000000000e+00 0.000000000000000000e+00 0.000000000000000000e+00 4.670513692800355443e-01 0.000000000000000000e+00 0.000000000000000000e+00 0.000000000000000000e+00 3.992681119229369302e-01 4.136881500471158990e-01 0.000000000000000000e+00 0.000000000000000000e+00 4.548600080769676923e-01 4.691114420227314730e-01 7.122140911690945375e-02 0.000000000000000000e+00
0.000000000000000000e+00 0.000000000000000000e+00 0.000000000000000000e+00 0.000000000000000000e+00 4.516234534975214210e-01 0.000000000000000000e+00 0.000000000000000000e+00 0.000000000000000000e+00 3.939477033746276446e-01 4.117137264615868264e-01 0.000000000000000000e+00 0.000000000000000000e+00 4.573924347630786702e-01 4.758986993779974473e-01 7.836491337584319816e-02 0.000000000000000000e+00
0.000000000000000000e+00 0.000000000000000000e+00 0.000000000000000000e+00 0.000000000000000000e+00 4.521460271900097916e-01 0.000000000000000000e+00 0.000000000000000000e+00 0.000000000000000000e+00 4.004311500266149459e-01 4.148377790655595754e-01 0.000000000000000000e+00 0.000000000000000000e+00 4.567164628647086833e-01 4.706706125981564015e-01 7.304760850825456342e-02 0.000000000000000000e+00
0.000000000000000000e+00 0.000000000000000000e+00 0.000000000000000000e+00 0.000000000000000000e+00 4.609332221927140427e-01 0.000000000000000000e+00 0.000000000000000000e+00 0.000000000000000000e+00 3.992629991584577542e-01 4.094737295408013011e-01 0.000000000000000000e+00 0.000000000000000000e+00 4.587066924723889327e-01 4.698306933810219022e-01 7.058784223987003836e-02 0.000000000000000000e+00
0.000000000000000000e+00 0.000000000000000000e+00 0.000000000000000000e+00 0.000000000000000000e+00 4.791280167104946530e-01 0.000000000000000000e+00 0.000000000000000000e+00 0.000000000000000000e+00 4.084893851839875301e-01 4.212213150153718555e-01 0.000000000000000000e+00 0.000000000000000000e+00 4.533488932276186767e-01 4.661986198339436727e-01 6.818327538709817448e-02 0.000000000000000000e+00
0.000000000000000000e+00 0.000000000000000000e+00 0.000000000000000000e+00 0.000000000000000000e+00 4.591825296862461214e-01 0.000000000000000000e+00 0.000000000000000000e+00 0.000000000000000000e+00 3.964425173531695434e-01 4.193565204385702461e-01 0.000000000000000000e+00 0.000000000000000000e+00 4.539038565414592608e-01 4.764735477333766900e-01 7.273114060993467189e-02 0.000000000000000000e+00
0.000000000000000000e+00 0.000000000000000000e+00 0.000000000000000000e+00 0.000000000000000000e+00 4.719450267739170868e-01 0.000000000000000000e+00 0.000000000000000000e+00 0.000000000000000000e+00 3.958745338593837593e-01 4.121178005226359131e-01 0.000000000000000000e+00 0.000000000000000000e+00 4.556081537004380011e-01 4.725112677999645516e-01 6.443399943361773075e-02 0.000000000000000000e+00
0.000000000000000000e+00 0.000000000000000000e+00 0.000000000000000000e+00 0.000000000000000000e+00 4.710992039588915992e-01 0.000000000000000000e+00 0.000000000000000000e+00 0.000000000000000000e+00 4.046055055031330672e-01 4.169207127551791681e-01 0.000000000000000000e+00 0.000000000000000000e+00 4.676345163063226340e-01 4.812490514947335152e-01 7.372069655479542016e-02 0.000000000000000000e+00
0.000000000000000000e+00 0.000000000000000000e+00 0.000000000000000000e+00 0.000000000000000000e+00 4.564165957644685800e-01 0.000000000000000000e+00 0.000000000000000000e+00 0.000000000000000000e+00 4.045352353135186485e-01 4.180706960629146929e-01 0.000000000000000000e+00 0.000000000000000000e+00 4.647345919415901139e-01 4.788703570027327272e-01 7.444745096099372739e-02 0.000000000000000000e+00
0.000000000000000000e+00 0.000000000000000000e+00 0.000000000000000000e+00 0.000000000000000000e+00 4.493772355618167458e-01 0.000000000000000000e+00 0.000000000000000000e+00 0.000000000000000000e+00 3.965619532788173252e-01 4.131032071318724297e-01 0.000000000000000000e+00 0.000000000000000000e+00 4.575098910978580569e-01 4.746179359324795288e-01 7.391096836571627027e-02 0.000000000000000000e+00
0.000000000000000000e+00 0.000000000000000000e+00 0.000000000000000000e+00 0.000000000000000000e+00 4.595516342473439653e-01 0.000000000000000000e+00 0.000000000000000000e+00 0.000000000000000000e+00 4.019125195859785116e-01 4.090974489523855340e-01 0.000000000000000000e+00 0.000000000000000000e+00 4.643011518750413402e-01 4.710671649311016784e-01 6.906608285198879982e-02 0.000000000000000000e+00
0.000000000000000000e+00 0.000000000000000000e+00 0.000000000000000000e+00 0.000000000000000000e+00 4.654106032127739434e-01 0.000000000000000000e+00 0.000000000000000000e+00 0.000000000000000000e+00 4.006662474062798185e-01 4.152445866061441615e-01 0.000000000000000000e+00 0.000000000000000000e+00 4.584585639200077778e-01 4.720564215943325315e-01 6.706767104398297930e-02 0.000000000000000000e+00
0.000000000000000000e+00 0.000000000000000000e+00 0.000000000000000000e+00 0.000000000000000000e+00 4.397205901664604788e-01 0.000000000000000000e+00 0.000000000000000000e+00 0.000000000000000000e+00 3.943646635663218825e-01 4.161831050074731864e-01 0.000000000000000000e+00 0.000000000000000000e+00 4.403788788222175454e-01 4.618100680196006724e-01 6.591256553278936059e-02 0.000000000000000000e+00
0.000000000000000000e+00 0.000000000000000000e+00 0.000000000000000000e+00 0.000000000000000000e+00 4.675814953706385890e-01 0.000000000000000000e+00 0.000000000000000000e+00 0.000000000000000000e+00 4.016314821596522200e-01 4.189871908921389276e-01 0.000000000000000000e+00 0.000000000000000000e+00 4.615300168120538005e-01 4.792722552042995576e-01 7.210730830456729690e-02 0.000000000000000000e+00
0.000000000000000000e+00 0.000000000000000000e+00 0.000000000000000000e+00 0.000000000000000000e+00 4.619772599870068386e-01 0.000000000000000000e+00 0.000000000000000000e+00 0.000000000000000000e+00 4.028606705145967304e-01 4.202999572021869357e-01 0.000000000000000000e+00 0.000000000000000000e+00 4.756118867090577407e-01 4.958759491304043365e-01 8.567945503131049745e-02 0.000000000000000000e+00
0.000000000000000000e+00 0.000000000000000000e+00 0.000000000000000000e+00 0.000000000000000000e+00 4.633908063190368964e-01 0.000000000000000000e+00 0.000000000000000000e+00 0.000000000000000000e+00 4.013790901154233870e-01 4.193478340888291411e-01 0.000000000000000000e+00 0.000000000000000000e+00 4.538351780073390795e-01 4.718903948907168244e-01 6.762645105166811832e-02 0.000000000000000000e+00
0.000000000000000000e+00 0.000000000000000000e+00 0.000000000000000000e+00 0.000000000000000000e+00 4.773511087998628666e-01 0.000000000000000000e+00 0.000000000000000000e+00 0.000000000000000000e+00 4.090288673938155539e-01 4.313222644226719638e-01 0.000000000000000000e+00 0.000000000000000000e+00 4.705361250705245579e-01 4.943521547705221897e-01 7.662712517770513265e-02 0.000000000000000000e+00
0.000000000000000000e+00 0.000000000000000000e+00 0.000000000000000000e+00 0.000000000000000000e+00 4.623773871776320488e-01 0.000000000000000000e+00 0.000000000000000000e+00 0.000000000000000000e+00 4.126163722938251954e-01 4.288923952190026312e-01 0.000000000000000000e+00 0.000000000000000000e+00 4.586647779983705764e-01 4.753777011088793913e-01 7.488385207075248795e-02 0.000000000000000000e+00
0.000000000000000000e+00 0.000000000000000000e+00 0.000000000000000000e+00 0.000000000000000000e+00 4.541847774664768966e-01 0.000000000000000000e+00 0.000000000000000000e+00 0.000000000000000000e+00 4.057998921925204394e-01 4.226723147998581731e-01 0.000000000000000000e+00 0.000000000000000000e+00 4.688537435027114175e-01 4.878665346804400005e-01 7.613320187665545413e-02 0.000000000000000000e+00
0.000000000000000000e+00 0.000000000000000000e+00 0.000000000000000000e+00 0.000000000000000000e+00 4.531919458701457182e-01 0.000000000000000000e+00 0.000000000000000000e+00 0.000000000000000000e+00 4.017865250517412834e-01 4.168875234978859368e-01 0.000000000000000000e+00 0.000000000000000000e+00 4.656493609046168380e-01 4.823029745571086324e-01 7.793599472632216363e-02 0.000000000000000000e+00
