# 'name' : 'rogers_null'
# 'source' : 'rogers_null.yaml'
# 'sample_pops' : ['X', 'Y', 'D', 'N']
# 'sample_size' : 1
# 'n_reps' : 100
# 'n_windows' : 200
# 'seq_length' : 100000000.0
# 'window_length' : 500000.0
# 'recomb_rate' : 1e-08
# 'mut_rate' : 1e-08
# 'created' : None
0.000000000000000000e+00 0.000000000000000000e+00 0.000000000000000000e+00 0.000000000000000000e+00 3.009190208080076302e-04 0.000000000000000000e+00 0.000000000000000000e+00 0.000000000000000000e+00 7.578305843771675600e-04 7.721502771735959088e-04 0.000000000000000000e+00 0.000000000000000000e+00 8.226776564645141071e-04 8.310287976220885348e-04 1.245142650967876147e-04 0.000000000000000000e+00
0.000000000000000000e+00 0.000000000000000000e+00 0.000000000000000000e+00 0.000000000000000000e+00 3.176189568664745987e-04 0.000000000000000000e+00 0.000000000000000000e+00 0.000000000000000000e+00 7.732452549284754518e-04 7.791374469598127527e-04 0.000000000000000000e+00 0.000000000000000000e+00 8.333236382651837242e-04 8.373606347312068229e-04 1.187613040273453831e-04 0.000000000000000000e+00
0.000000000000000000e+00 0.000000000000000000e+00 0.000000000000000000e+00 0.000000000000000000e+00 3.056084754007584378e-04 0.000000000000000000e+00 0.000000000000000000e+00 0.000000000000000000e+00 7.651182643364408268e-04 7.842842802127132770e-04 0.000000000000000000e+00 0.000000000000000000e+00 8.263117106346818883e-04 8.406486809177505072e-04 1.214461164318520636e-04 0.000000000000000000e+00
0.000000000000000000e+00 0.000000000000000000e+00 0.000000000000000000e+00 0.000000000000000000e+00 3.013309897618149228e-04 0.000000000000000000e+00 0.000000000000000000e+00 0.000000000000000000e+00 7.565276576364471459e-04 7.722273401193971692e-04 0.000000000000000000e+00 0.000000000000000000e+00 8.237340569473619849e-04 8.369264596093374487e-04 1.312170006769973994e-04 0.000000000000000000e+00
0.000000000000000000e+00 0.000000000000000000e+00 0.000000000000000000e+00 0.000000000000000000e+00 3.068325940988739838e-04 0.000000000000000000e+00 0.000000000000000000e+00 0.000000000000000000e+00 7.732427963805748152e-04 7.866865357359677235e-04 0.000000000000000000e+00 0.000000000000000000e+00 8.296921560939844557e-04 8.357698482811741318e-04 1.395848984365332291e-04 0.000000000000000000e+00
0.000000000000000000e+00 0.000000000000000000e+00 0.000000000000000000e+00 0.000000000000000000e+00 2.931827980812115901e-04 0.000000000000000000e+00 0.000000000000000000e+00 0.000000000000000000e+00 7.406244817824410385e-04 7.623141723695012065e-04 0.000000000000000000e+00 0.000000000000000000e+00 8.007584355439921952e-04 8.181651763202013160e-04 1.302093969746355093e-04 0.000000000000000000e+00
0.000000000000000000e+00 0.000000000000000000e+00 0.000000000000000000e+00 0.000000000000000000e+00 2.972147340843445443e-04 0.000000000000000000e+00 0.000000000000000000e+00 0.000000000000000000e+00 7.467761779863454907e-04 7.642634396716736864e-04 0.000000000000000000e+00 0.000000000000000000e+00 8.112390449467852833e-04 8.265273126200579565e-04 1.254873627274467386e-04 0.000000000000000000e+00
0.000000000000000000e+00 0.000000000000000000e+00 0.000000000000000000e+00 0.000000000000000000e+00 2.989428160413732673e-04 0.000000000000000000e+00 0.000000000000000000e+00 0.000000000000000000e+00 7.476256688446771513e-04 7.626487906081147765e-04 0.000000000000000000e+00 0.000000000000000000e+00 8.086837444580905875e-04 8.159649286904592470e-04 1.209887895276557924e-04 0.000000000000000000e+00
0.000000000000000000e+00 0.000000000000000000e+00 0.000000000000000000e+00 0.000000000000000000e+00 3.203464468436713298e-04 0.000000000000000000e+00 0.000000000000000000e+00 0.000000000000000000e+00 7.767583894895740623e-04 7.848375171506694363e-04 0.000000000000000000e+00 0.000000000000000000e+00 8.429104280983323828e-04 8.468230998615287886e-04 1.270938887639124523e-04 0.000000000000000000e+00
0.000000000000000000e+00 0.000000000000000000e+00 0.000000000000000000e+00 0.000000000000000000e+00 3.068294691149095694e-04 0.000000000000000000e+00 0.000000000000000000e+00 0.000000000000000000e+00 7.763665007077584718e-04 7.947431108656177832e-04 0.000000000000000000e+00 0.000000000000000000e+00 8.527555702316169878e-04 8.672489272895677649e-04 1.396394617072129038e-04 0.000000000000000000e+00
0.000000000000000000e+00 0.000000000000000000e+00 0.000000000000000000e+00 0.000000000000000000e+00 2.996132343673354407e-04 0.000000000000000000e+00 0.000000000000000000e+00 0.000000000000000000e+00 7.706421521383187466e-04 7.828991852606116339e-04 0.000000000000000000e+00 0.000000000000000000e+00 8.377001253489258252e-04 8.429950243331732007e-04 1.317809176183320293e-04 0.000000000000000000e+00
0.000000000000000000e+00 0.000000000000000000e+00 0.000000000000000000e+00 0.000000000000000000e+00 3.061462750314503925e-04 0.000000000000000000e+00 0.000000000000000000e+00 0.000000000000000000e+00 7.595893693352626444e-04 7.828332575066985046e-04 0.000000000000000000e+00 0.000000000000000000e+00 8.209431505006770016e-04 8.399516944233656208e-04 1.100435803626895773e-04 0.000000000000000000e+00
0.000000000000000000e+00 0.000000000000000000e+00 0.000000000000000000e+00 0.000000000000000000e+00 3.085818017418887993e-04 0.000000000000000000e+00 0.000000000000000000e+00 0.000000000000000000e+00 7.517960520248318131e-04 7.634409970183615290e-04 0.000000000000000000e+00 0.000000000000000000e+00 8.293446426199060527e-04 8.364357356967027333e-04 1.170756021332990994e-04 0.000000000000000000e+00
0.000000000000000000e+00 0.000000000000000000e+00 0.000000000000000000e+00 0.000000000000000000e+00 3.171446800305523206e-04 0.000000000000000000e+00 0.000000000000000000e+00 0.000000000000000000e+00 7.842590110984916331e-04 8.020079718926515161e-04 0.000000000000000000e+00 0.000000000000000000e+00 8.545431879157794341e-04 8.667226820908282637e-04 1.412871571887309757e-04 0.000000000000000000e+00
0.000000000000000000e+00 0.000000000000000000e+00 0.000000000000000000e+00 0.000000000000000000e+00 2.979841952053867925e-04 0.000000000000000000e+00 0.000000000000000000e+00 0.000000000000000000e+00 7.617641896255981622e-04 7.778861264891228722e-04 0.000000000000000000e+00 0.000000000000000000e+00 8.210462128774144528e-04 8.340148614097025754e-04 1.150958332772218765e-04 0.000000000000000000e+00
0.000000000000000000e+00 0.000000000000000000e+00 0.000000000000000000e+00 0.000000000000000000e+00 3.158124893603080313e-04 0.000000000000000000e+00 0.000000000000000000e+00 0.000000000000000000e+00 7.660483969872444775e-04 7.779232979819959834e-04 0.000000000000000000e+00 0.000000000000000000e+00 8.404584592123127973e-04 8.472002865449806616e-04 1.215476369276383508e-04 0.000000000000000000e+00
0.000000000000000000e+00 0.000000000000000000e+00 0.000000000000000000e+00 0.000000000000000000e+00 3.015296244058448248e-04 0.000000000000000000e+00 0.000000000000000000e+00 0.000000000000000000e+00 7.493493879104428735e-04 7.630349181055641212e-04 0.000000000000000000e+00 0.000000000000000000e+00 8.369901367680226013e-04 8.446074823411988146e-04 1.447184822660536494e-04 0.000000000000000000e+00
0.000000000000000000e+00 0.000000000000000000e+00 0.000000000000000000e+00 0.000000000000000000e+00 2.958185304998281950e-04 0.000000000000000000e+00 0.000000000000000000e+00 0.000000000000000000e+00 7.646666826710408994e-04 7.810706680968674620e-04 0.000000000000000000e+00 0.000000000000000000e+00 8.146844513727133840e-04 8.269271451209320688e-04 1.256597306371325801e-04 0.000000000000000000e+00
0.000000000000000000e+00 0.000000000000000000e+00 0.000000000000000000e+00 0.000000000000000000e+00 3.013904982317194034e-04 0.000000000000000000e+00 0.000000000000000000e+00 0.000000000000000000e+00 7.606261795412600380e-04 7.823528326270131738e-04 0.000000000000000000e+00 0.000000000000000000e+00 8.288766927692556817e-04 8.440778821708518195e-04 1.211178555963369021e-04 0.000000000000000000e+00
0.000000000000000000e+00 0.000000000000000000e+00 0.000000000000000000e+00 0.000000000000000000e+00 3.153507281542390476e-04 0.000000000000000000e+00 0.000000000000000000e+00 0.000000000000000000e+00 7.577216288538847011e-04 7.688638794002995974e-04 0.000000000000000000e+00 0.000000000000000000e+00 8.309990331774419307e-04 8.358306343004159823e-04 1.229553530641397233e-04 0.000000000000000000e+00
0.000000000000000000e+00 0.000000000000000000e+00 0.000000000000000000e+00 0.000000000000000000e+00 2.958942279789229541e-04 0.000000000000000000e+00 0.000000000000000000e+00 0.000000000000000000e+00 7.404040669858140931e-04 7.649864059054459165e-04 0.000000000000000000e+00 0.000000000000000000e+00 8.007136454697926214e-04 8.206060148475094896e-04 1.303551234327171126e-04 0.000000000000000000e+00
0.000000000000000000e+00 0.000000000000000000e+00 0.000000000000000000e+00 0.000000000000000000e+00 3.138807804925783330e-04 0.000000000000000000e+00 0.000000000000000000e+00 0.000000000000000000e+00 7.829820727276135288e-04 8.002494374533076832e-04 0.000000000000000000e+00 0.000000000000000000e+00 8.548656029879426804e-04 8.670994560026557474e-04 1.414978565640439276e-04 0.000000000000000000e+00
0.000000000000000000e+00 0.000000000000000000e+00 0.000000000000000000e+00 0.000000000000000000e+00 2.972247488904710788e-04 0.000000000000000000e+00 0.000000000000000000e+00 0.000000000000000000e+00 7.626966920747011401e-04 7.821925928731081595e-04 0.000000000000000000e+00 0.000000000000000000e+00 8.382161016808211242e-04 8.509660190518589240e-04 1.193732136521887519e-04 0.000000000000000000e+00
0.000000000000000000e+00 0.000000000000000000e+00 0.000000000000000000e+00 0.000000000000000000e+00 3.037080865254473158e-04 0.000000000000000000e+00 0.000000000000000000e+00 0.000000000000000000e+00 7.631398963248237424e-04 7.710452374580560814e-04 0.000000000000000000e+00 0.000000000000000000e+00 8.214097870566775851e-04 8.226770569125975300e-04 1.142041408747404953e-04 0.000000000000000000e+00
0.000000000000000000e+00 0.000000000000000000e+00 0.000000000000000000e+00 0.000000000000000000e+00 3.045366672441422620e-04 0.000000000000000000e+00 0.000000000000000000e+00 0.000000000000000000e+00 7.632984875093826171e-04 7.829656823555223959e-04 0.000000000000000000e+00 0.000000000000000000e+00 8.322841441520921479e-04 8.463453847002602292e-04 1.336401099966059546e-04 0.000000000000000000e+00
0.000000000000000000e+00 0.000000000000000000e+00 0.000000000000000000e+00 0.000000000000000000e+00 3.128185695392386593e-04 0.000000000000000000e+00 0.000000000000000000e+00 0.000000000000000000e+00 7.678803069932343007e-04 7.788400114895358212e-04 0.000000000000000000e+00 0.000000000000000000e+00 8.453494718250444346e-04 8.489768344274592959e-04 1.385683445022459497e-04 0.000000000000000000e+00
0.000000000000000000e+00 0.000000000000000000e+00 0.000000000000000000e+00 0.000000000000000000e+00 3.226389200237182167e-04 0.000000000000000000e+00 0.000000000000000000e+00 0.000000000000000000e+00 7.801098423527987004e-04 7.952718097239924559e-04 0.000000000000000000e+00 0.000000000000000000e+00 8.440321688180824370e-04 8.487478392728043134e-04 1.376499399591706344e-04 0.000000000000000000e+00
0.000000000000000000e+00 0.000000000000000000e+00 0.000000000000000000e+00 0.000000000000000000e+00 2.972729662555440651e-04 0.000000000000000000e+00 0.000000000000000000e+00 0.000000000000000000e+00 7.551498975711755770e-04 7.698617063301603156e-04 0.000000000000000000e+00 0.000000000000000000e+00 8.173481390353670630e-04 8.273503914740018951e-04 1.280796332525235164e-04 0.000000000000000000e+00
0.000000000000000000e+00 0.000000000000000000e+00 0.000000000000000000e+00 0.000000000000000000e+00 3.190271408327732794e-04 0.000000000000000000e+00 0.000000000000000000e+00 0.000000000000000000e+00 7.898769696815596689e-04 8.116335988973981180e-04 0.000000000000000000e+00 0.000000000000000000e+00 8.443474062427559724e-04 8.597390628428170940e-04 1.138969999378412908e-04 0.000000000000000000e+00
0.000000000000000000e+00 0.000000000000000000e+00 0.000000000000000000e+00 0.000000000000000000e+00 3.013947246429974844e-04 0.000000000000000000e+00 0.000000000000000000e+00 0.000000000000000000e+00 7.679994690977412324e-04 7.795035514887513339e-04 0.000000000000000000e+00 0.000000000000000000e+00 8.230173148164790899e-04 8.274843494114714031e-04 1.235491067228779096e-04 0.000000000000000000e+00
0.000000000000000000e+00 0.000000000000000000e+00 0.000000000000000000e+00 0.000000000000000000e+00 3.169630311806287924e-04 0.000000000000000000e+00 0.000000000000000000e+00 0.000000000000000000e+00 7.658077680045877363e-04 7.775135199134909159e-04 0.000000000000000000e+00 0.000000000000000000e+00 8.264169422946995814e-04 8.317659047358043302e-04 1.267942970498514110e-04 0.000000000000000000e+00
0.000000000000000000e+00 0.000000000000000000e+00 0.000000000000000000e+00 0.000000000000000000e+00 2.977039847808680365e-04 0.000000000000000000e+00 0.000000000000000000e+00 0.000000000000000000e+00 7.625327413823347654e-04 7.788200711477854176e-04 0.000000000000000000e+00 0.000000000000000000e+00 8.176896556823611863e-04 8.274847007521917005e-04 1.409788032537647904e-04 0.000000000000000000e+00
0.000000000000000000e+00 0.000000000000000000e+00 0.000000000000000000e+00 0.000000000000000000e+00 3.037459751312326104e-04 0.000000000000000000e+00 0.000000000000000000e+00 0.000000000000000000e+00 7.731772540237081019e-04 7.881066497248573636e-04 0.000000000000000000e+00 0.000000000000000000e+00 8.251683611747127889e-04 8.338567445020797844e-04 1.332151240771956252e-04 0.000000000000000000e+00
0.000000000000000000e+00 0.000000000000000000e+00 0.000000000000000000e+00 0.000000000000000000e+00 2.934303807485070105e-04 0.000000000000000000e+00 0.000000000000000000e+00 0.000000000000000000e+00 7.387143976408067992e-04 7.628759343360184833e-04 0.000000000000000000e+00 0.000000000000000000e+00 8.060804592173531971e-04 8.191731438627217286e-04 1.320159830796554439e-04 0.000000000000000000e+00
0.000000000000000000e+00 0.000000000000000000e+00 0.000000000000000000e+00 0.000000000000000000e+00 3.100260133833970138e-04 0.000000000000000000e+00 0.000000000000000000e+00 0.000000000000000000e+00 7.786572131085799185e-04 7.936373643160152128e-04 0.000000000000000000e+00 0.000000000000000000e+00 8.444591662666742432e-04 8.555328110003989923e-04 1.388802641250684133e-04 0.000000000000000000e+00
0.000000000000000000e+00 0.000000000000000000e+00 0.000000000000000000e+00 0.000000000000000000e+00 3.153590803953120175e-04 0.000000000000000000e+00 0.000000000000000000e+00 0.000000000000000000e+00 7.605881756184548672e-04 7.877869200155669400e-04 0.000000000000000000e+00 0.000000000000000000e+00 8.343694946162153424e-04 8.550383787157190716e-04 1.413929974292895298e-04 0.000000000000000000e+00
0.000000000000000000e+00 0.000000000000000000e+00 0.000000000000000000e+00 0.000000000000000000e+00 3.155927938772833119e-04 0.000000000000000000e+00 0.000000000000000000e+00 0.000000000000000000e+00 7.506912015328627173e-04 7.587888550096440719e-04 0.000000000000000000e+00 0.000000000000000000e+00 8.143372956252066530e-04 8.172075160227453916e-04 1.205229717525523633e-04 0.000000000000000000e+00
0.000000000000000000e+00 0.000000000000000000e+00 0.000000000000000000e+00 0.000000000000000000e+00 2.910688312348314131e-04 0.000000000000000000e+00 0.000000000000000000e+00 0.000000000000000000e+00 7.644804051412186410e-04 7.783100304871875836e-04 0.000000000000000000e+00 0.000000000000000000e+00 8.146890736893768175e-04 8.199950108785012369e-04 1.216574593593579154e-04 0.000000000000000000e+00
0.000000000000000000e+00 0.000000000000000000e+00 0.000000000000000000e+00 0.000000000000000000e+00 3.084947943015004185e-04 0.000000000000000000e+00 0.000000000000000000e+00 0.000000000000000000e+00 7.668796298806292502e-04 7.790963947732268673e-04 0.000000000000000000e+00 0.000000000000000000e+00 8.174866495742052694e-04 8.222868289280388203e-04 1.259504192310115852e-04 0.000000000000000000e+00
0.000000000000000000e+00 0.000000000000000000e+00 0.000000000000000000e+00 0.000000000000000000e+00 3.084753426520945273e-04 0.000000000000000000e+00 0.000000000000000000e+00 0.000000000000000000e+00 7.802860884483267230e-04 7.990857910603854338e-04 0.000000000000000000e+00 0.000000000000000000e+00 8.493457161347962598e-04 8.593637616578978086e-04 1.475528928840406158e-04 0.000000000000000000e+00
0.000000000000000000e+00 0.000000000000000000e+00 0.000000000000000000e+00 0.000000000000000000e+00 3.028278321597433821e-04 0.000000000000000000e+00 0.000000000000000000e+00 0.000000000000000000e+00 7.794945220522454419e-04 8.003879497514863927e-04 0.000000000000000000e+00 0.000000000000000000e+00 8.344194236418017415e-04 8.474090082728568231e-04 1.133544585660217698e-04 0.000000000000000000e+00
0.000000000000000000e+00 0.000000000000000000e+00 0.000000000000000000e+00 0.000000000000000000e+00 3.070736348743753402e-04 0.000000000000000000e+00 0.000000000000000000e+00 0.000000000000000000e+00 7.864395379777108785e-04 8.087989308032628123e-04 0.000000000000000000e+00 0.000000000000000000e+00 8.415787180763884424e-04 8.585986292586402250e-04 1.309273218515601080e-04 0.000000000000000000e+00
0.000000000000000000e+00 0.000000000000000000e+00 0.000000000000000000e+00 0.000000000000000000e+00 3.125557995979241191e-04 0.000000000000000000e+00 0.000000000000000000e+00 0.000000000000000000e+00 7.752476215054484102e-04 7.891724291366339827e-04 0.000000000000000000e+00 0.000000000000000000e+00 8.344098164612400196e-04 8.429881412939732935e-04 1.147996947949533382e-04 0.000000000000000000e+00
0.000000000000000000e+00 0.000000000000000000e+00 0.000000000000000000e+00 0.000000000000000000e+00 3.040999117245703014e-04 0.000000000000000000e+00 0.000000000000000000e+00 0.000000000000000000e+00 7.849192802509948530e-04 7.983957702661668510e-04 0.000000000000000000e+00 0.000000000000000000e+00 8.310398021751894430e-04 8.387070344739392790e-04 1.335494604951714594e-04 0.000000000000000000e+00
0.000000000000000000e+00 0.000000000000000000e+00 0.000000000000000000e+00 0.000000000000000000e+00 3.178359677878141707e-04 0.000000000000000000e+00 0.000000000000000000e+00 0.000000000000000000e+00 7.781724881591367462e-04 7.841534606169360848e-04 0.000000000000000000e+00 0.000000000000000000e+00 8.356906147479556011e-04 8.348803979500731519e-04 1.370584781201953598e-04 0.000000000000000000e+00
0.000000000000000000e+00 0.000000000000000000e+00 0.000000000000000000e+00 0.000000000000000000e+00 3.111283158148232201e-04 0.000000000000000000e+00 0.000000000000000000e+00 0.000000000000000000e+00 7.818648296100049952e-04 7.964679540686734867e-04 0.000000000000000000e+00 0.000000000000000000e+00 8.385730878661128325e-04 8.475120761536141488e-04 1.094112796611169231e-04 0.000000000000000000e+00
0.000000000000000000e+00 0.000000000000000000e+00 0.000000000000000000e+00 0.000000000000000000e+00 2.948796706218677777e-04 0.000000000000000000e+00 0.000000000000000000e+00 0.000000000000000000e+00 7.627336748433616699e-04 7.718719763279711975e-04 0.000000000000000000e+00 0.000000000000000000e+00 8.192283924335198950e-04 8.239890850456340699e-04 1.185164930591790447e-04 0.000000000000000000e+00
0.000000000000000000e+00 0.000000000000000000e+00 0.000000000000000000e+00 0.000000000000000000e+00 3.063974257601345327e-04 0.000000000000000000e+00 0.000000000000000000e+00 0.000000000000000000e+00 7.578880970954778896e-04 7.694571746811695694e-04 0.000000000000000000e+00 0.000000000000000000e+00 8.097929016639756217e-04 8.137924315987885319e-04 1.092229171513249845e-04 0.000000000000000000e+00
0.000000000000000000e+00 0.000000000000000000e+00 0.000000000000000000e+00 0.000000000000000000e+00 3.123001244884395780e-04 0.000000000000000000e+00 0.000000000000000000e+00 0.000000000000000000e+00 7.599256683411687030e-04 7.666144964011678813e-04 0.000000000000000000e+00 0.000000000000000000e+00 8.058959404577780003e-04 8.071514376993195895e-04 1.176831291839014281e-04 0.000000000000000000e+00
0.000000000000000000e+00 0.000000000000000000e+00 0.000000000000000000e+00 0.000000000000000000e+00 3.135586475455328964e-04 0.000000000000000000e+00 0.000000000000000000e+00 0.000000000000000000e+00 7.813206225578941868e-04 7.910002273370450587e-04 0.000000000000000000e+00 0.000000000000000000e+00 8.324974762590460573e-04 8.347130111451828149e-04 1.328575126198055774e-04 0.000000000000000000e+00
0.000000000000000000e+00 0.000000000000000000e+00 0.000000000000000000e+00 0.000000000000000000e+00 3.108832949721029751e-04 0.000000000000000000e+00 0.000000000000000000e+00 0.000000000000000000e+00 7.827780964903383217e-04 7.944684144979146127e-04 0.000000000000000000e+00 0.000000000000000000e+00 8.475429649900633996e-04 8.524291501089196858e-04 1.291524742541659944e-04 0.000000000000000000e+00
0.000000000000000000e+00 0.000000000000000000e+00 0.000000000000000000e+00 0.000000000000000000e+00 2.878214541226215679e-04 0.000000000000000000e+00 0.000000000000000000e+00 0.000000000000000000e+00 7.515525193757684706e-04 7.657285771447404441e-04 0.000000000000000000e+00 0.000000000000000000e+00 8.207376412309540627e-04 8.306781345677027428e-04 1.384712596260520307e-04 0.000000000000000000e+00
0.000000000000000000e+00 0.000000000000000000e+00 0.000000000000000000e+00 0.000000000000000000e+00 3.089652751789733788e-04 0.000000000000000000e+00 0.000000000000000000e+00 0.000000000000000000e+00 7.706451616725558005e-04 7.844023755927369409e-04 0.000000000000000000e+00 0.000000000000000000e+00 8.245956058407252591e-04 8.289981829890003158e-04 1.075736574075161284e-04 0.000000000000000000e+00
0.000000000000000000e+00 0.000000000000000000e+00 0.000000000000000000e+00 0.000000000000000000e+00 2.931243366661830715e-04 0.000000000000000000e+00 0.000000000000000000e+00 0.000000000000000000e+00 7.607463412093346282e-04 7.797007380360353136e-04 0.000000000000000000e+00 0.000000000000000000e+00 8.385333633712234403e-04 8.508780907768346245e-04 1.347812358974458872e-04 0.000000000000000000e+00
0.000000000000000000e+00 0.000000000000000000e+00 0.000000000000000000e+00 0.000000000000000000e+00 3.063411740164941532e-04 0.000000000000000000e+00 0.000000000000000000e+00 0.000000000000000000e+00 7.583063468019004974e-04 7.741868684783028949e-04 0.000000000000000000e+00 0.000000000000000000e+00 8.308383834089925731e-04 8.416066690338075808e-04 1.244974558856951313e-04 0.000000000000000000e+00
0.000000000000000000e+00 0.000000000000000000e+00 0.000000000000000000e+00 0.000000000000000000e+00 3.030727629997240452e-04 0.000000000000000000e+00 0.000000000000000000e+00 0.000000000000000000e+00 7.574133774643101004e-04 7.738433378085185412e-04 0.000000000000000000e+00 0.000000000000000000e+00 8.294422257664090447e-04 8.401987568908766968e-04 1.303428607456800332e-04 0.000000000000000000e+00
0.000000000000000000e+00 0.000000000000000000e+00 0.000000000000000000e+00 0.000000000000000000e+00 2.960353046290391103e-04 0.000000000000000000e+00 0.000000000000000000e+00 0.000000000000000000e+00 7.568745471111596986e-04 7.721336027803957355e-04 0.000000000000000000e+00 0.000000000000000000e+00 8.289652399958857701e-04 8.375578989014202625e-04 1.364698477118643115e-04 0.000000000000000000e+00
0.000000000000000000e+00 0.000000000000000000e+00 0.000000000000000000e+00 0.000000000000000000e+00 3.119647324645230318e-04 0.000000000000000000e+00 0.000000000000000000e+00 0.000000000000000000e+00 7.557357287542647252e-04 7.638483807405948905e-04 0.000000000000000000e+00 0.000000000000000000e+00 8.110034937319405592e-04 8.137928009734833167e-04 1.153444884813147633e-04 0.000000000000000000e+00
0.000000000000000000e+00 0.000000000000000000e+00 0.000000000000000000e+00 0.000000000000000000e+00 3.076486904546676081e-04 0.000000000000000000e+00 0.000000000000000000e+00 0.000000000000000000e+00 7.566150875326624120e-04 7.698891018038982658e-04 0.000000000000000000e+00 0.000000000000000000e+00 8.340466171049225720e-04 8.419288536327881878e-04 1.392136116310386054e-04 0.000000000000000000e+00
0.000000000000000000e+00 0.000000000000000000e+00 0.000000000000000000e+00 0.000000000000000000e+00 2.981421582255028963e-04 0.000000000000000000e+00 0.000000000000000000e+00 0.000000000000000000e+00 7.604538465271941730e-04 7.784657657807556421e-04 0.000000000000000000e+00 0.000000000000000000e+00 8.289248624310349874e-04 8.418977127613177201e-04 1.227963119996978276e-04 0.000000000000000000e+00
0.000000000000000000e+00 0.000000000000000000e+00 0.000000000000000000e+00 0.000000000000000000e+00 2.962299032017111887e-04 0.000000000000000000e+00 0.000000000000000000e+00 0.000000000000000000e+00 7.603416764183010268e-04 7.755232629423779080e-04 0.000000000000000000e+00 0.000000000000000000e+00 8.094853597532902876e-04 8.190106247169516790e-04 1.279483972111190198e-04 0.000000000000000000e+00
0.000000000000000000e+00 0.000000000000000000e+00 0.000000000000000000e+00 0.000000000000000000e+00 2.976622677254911063e-04 0.000000000000000000e+00 0.000000000000000000e+00 0.000000000000000000e+00 7.474517681276321348e-04 7.680594141626034908e-04 0.000000000000000000e+00 0.000000000000000000e+00 8.237261131053370475e-04 8.387008702719191480e-04 1.136705569244739054e-04 0.000000000000000000e+00
0.000000000000000000e+00 0.000000000000000000e+00 0.000000000000000000e+00 0.000000000000000000e+00 3.230300652374466590e-04 0.000000000000000000e+00 0.000000000000000000e+00 0.000000000000000000e+00 7.722793421566926915e-04 7.853517579557367989e-04 0.000000000000000000e+00 0.000000000000000000e+00 8.462774047412780247e-04 8.553023144602705987e-04 1.314802269486406883e-04 0.000000000000000000e+00
0.000000000000000000e+00 0.000000000000000000e+00 0.000000000000000000e+00 0.000000000000000000e+00 3.085859258531029525e-04 0.000000000000000000e+00 0.000000000000000000e+00 0.000000000000000000e+00 7.687432445786432627e-04 7.874243128114516562e-04 0.000000000000000000e+00 0.000000000000000000e+00 8.268455177123265566e-04 8.376512475646611744e-04 1.326132047819452656e-04 0.000000000000000000e+00
0.000000000000000000e+00 0.000000000000000000e+00 0.000000000000000000e+00 0.000000000000000000e+00 3.007818000700257662e-04 0.000000000000000000e+00 0.000000000000000000e+00 0.000000000000000000e+00 7.787729477401332838e-04 7.934713207077668954e-04 0.000000000000000000e+00 0.000000000000000000e+00 8.401372038654395273e-04 8.490948769596909536e-04 1.232680271377183145e-04 0.000000000000000000e+00
0.000000000000000000e+00 0.000000000000000000e+00 0.000000000000000000e+00 0.000000000000000000e+00 3.118855189112470605e-04 0.000000000000000000e+00 0.000000000000000000e+00 0.000000000000000000e+00 7.863807777259646187e-04 8.039683662439827978e-04 0.000000000000000000e+00 0.000000000000000000e+00 8.488924436736234105e-04 8.603971385083949075e-04 1.336929535037354746e-04 0.000000000000000000e+00
0.000000000000000000e+00 0.000000000000000000e+00 0.000000000000000000e+00 0.000000000000000000e+00 2.952889816174542547e-04 0.000000000000000000e+00 0.000000000000000000e+00 0.000000000000000000e+00 7.599336989061267287e-04 7.783465419383499544e-04 0.000000000000000000e+00 0.000000000000000000e+00 8.142030169194229994e-04 8.246823221336294259e-04 1.275701799681809557e-04 0.000000000000000000e+00
0.000000000000000000e+00 0.000000000000000000e+00 0.000000000000000000e+00 0.000000000000000000e+00 2.921571875692926461e-04 0.000000000000000000e+00 0.000000000000000000e+00 0.000000000000000000e+00 7.613080434445157084e-04 7.740516570000591668e-04 0.000000000000000000e+00 0.000000000000000000e+00 8.268381151033131525e-04 8.350846506555757937e-04 1.276158984606585501e-04 0.000000000000000000e+00
0.000000000000000000e+00 0.000000000000000000e+00 0.000000000000000000e+00 0.000000000000000000e+00 3.075417398237189313e-04 0.000000000000000000e+00 0.000000000000000000e+00 0.000000000000000000e+00 7.728254009160257345e-04 7.835097484706292749e-04 0.000000000000000000e+00 0.000000000000000000e+00 8.381897861260364808e-04 8.408450648721793553e-04 1.186231283593317686e-04 0.000000000000000000e+00
0.000000000000000000e+00 0.000000000000000000e+00 0.000000000000000000e+00 0.000000000000000000e+00 3.088371767779651074e-04 0.000000000000000000e+00 0.000000000000000000e+00 0.000000000000000000e+00 7.632706479315084971e-04 7.805956078421436191e-04 0.000000000000000000e+00 0.000000000000000000e+00 8.245390607082515779e-04 8.370964438481992521e-04 1.300434813006265118e-04 0.000000000000000000e+00
0.000000000000000000e+00 0.000000000000000000e+00 0.000000000000000000e+00 0.000000000000000000e+00 3.021868192830342334e-04 0.000000000000000000e+00 0.000000000000000000e+00 0.000000000000000000e+00 7.581827250442265201e-04 7.803202273633302400e-04 0.000000000000000000e+00 0.000000000000000000e+00 8.222005873726686599e-04 8.401935054499473426e-04 1.193966444571053229e-04 0.000000000000000000e+00
0.000000000000000000e+00 0.000000000000000000e+00 0.000000000000000000e+00 0.000000000000000000e+00 3.159133023955770802e-04 0.000000000000000000e+00 0.000000000000000000e+00 0.000000000000000000e+00 7.567924370884658450e-04 7.783632329779088983e-04 0.000000000000000000e+00 0.000000000000000000e+00 8.105091760713053779e-04 8.226457399918925186e-04 1.053453993139305019e-04 0.000000000000000000e+00
0.000000000000000000e+00 0.000000000000000000e+00 0.000000000000000000e+00 0.000000000000000000e+00 3.221758021637452702e-04 0.000000000000000000e+00 0.000000000000000000e+00 0.000000000000000000e+00 8.034600355509000959e-04 8.134229543960052114e-04 0.000000000000000000e+00 0.000000000000000000e+00 8.557033726091412169e-04 8.565039529424110657e-04 1.380618281873178567e-04 0.000000000000000000e+00
0.000000000000000000e+00 0.000000000000000000e+00 0.000000000000000000e+00 0.000000000000000000e+00 2.892962364042177379e-04 0.000000000000000000e+00 0.000000000000000000e+00 0.000000000000000000e+00 7.699998299319349686e-04 7.835361666756814362e-04 0.000000000000000000e+00 0.000000000000000000e+00 8.347758628268860592e-04 8.417091321599278050e-04 1.330988165332220913e-04 0.000000000000000000e+00
0.000000000000000000e+00 0.000000000000000000e+00 0.000000000000000000e+00 0.000000000000000000e+00 3.096362425009785684e-04 0.000000000000000000e+00 0.000000000000000000e+00 0.000000000000000000e+00 7.674719479036095932e-04 7.830520265446992830e-04 0.000000000000000000e+00 0.000000000000000000e+00 8.357116812990660407e-04 8.450985085653607955e-04 1.354068937663519142e-04 0.000000000000000000e+00
0.000000000000000000e+00 0.000000000000000000e+00 0.000000000000000000e+00 0.000000000000000000e+00 3.176420748042441036e-04 0.000000000000000000e+00 0.000000000000000000e+00 0.000000000000000000e+00 7.629783346742471765e-04 7.764432984287423633e-04 0.000000000000000000e+00 0.000000000000000000e+00 8.326639829672874069e-04 8.436362268711801926e-04 1.237060447661611940e-04 0.000000000000000000e+00
0.000000000000000000e+00 0.000000000000000000e+00 0.000000000000000000e+00 0.000000000000000000e+00 3.015002053156179244e-04 0.000000000000000000e+00 0.000000000000000000e+00 0.000000000000000000e+00 7.572431182450008137e-04 7.745188667104680163e-04 0.000000000000000000e+00 0.000000000000000000e+00 8.149153520892519998e-04 8.274354463903536719e-04 1.362921524607785555e-04 0.000000000000000000e+00
0.000000000000000000e+00 0.000000000000000000e+00 0.000000000000000000e+00 0.000000000000000000e+00 3.089508390544104251e-04 0.000000000000000000e+00 0.000000000000000000e+00 0.000000000000000000e+00 7.773384327805271578e-04 7.905228119166597634e-04 0.000000000000000000e+00 0.000000000000000000e+00 8.253377228270688051e-04 8.307983494138591711e-04 1.197375204769622923e-04 0.000000000000000000e+00
0.000000000000000000e+00 0.000000000000000000e+00 0.000000000000000000e+00 0.000000000000000000e+00 3.183358293748840312e-04 0.000000000000000000e+00 0.000000000000000000e+00 0.000000000000000000e+00 7.688169283196697986e-04 7.769300716091467841e-04 0.000000000000000000e+00 0.000000000000000000e+00 8.232213032627207737e-04 8.234417289173547039e-04 1.093761685516038038e-04 0.000000000000000000e+00
0.000000000000000000e+00 0.000000000000000000e+00 0.000000000000000000e+00 0.000000000000000000e+00 3.144187080878694911e-04 0.000000000000000000e+00 0.000000000000000000e+00 0.000000000000000000e+00 7.726523822186303096e-04 7.799684403310301259e-04 0.000000000000000000e+00 0.000000000000000000e+00 8.182140646471873936e-04 8.179513390533125821e-04 1.355672227615921160e-04 0.000000000000000000e+00
0.000000000000000000e+00 0.000000000000000000e+00 0.000000000000000000e+00 0.000000000000000000e+00 3.113054569998774499e-04 0.000000000000000000e+00 0.000000000000000000e+00 0.000000000000000000e+00 7.647258843468743295e-04 7.781912151606889790e-04 0.000000000000000000e+00 0.000000000000000000e+00 8.135114662872970203e-04 8.191708372294851000e-04 1.135005319917371152e-04 0.000000000000000000e+00
0.000000000000000000e+00 0.000000000000000000e+00 0.000000000000000000e+00 0.000000000000000000e+00 2.998106009626755829e-04 0.000000000000000000e+00 0.000000000000000000e+00 0.000000000000000000e+00 7.667495720596412484e-04 7.866323631407798160e-04 0.000000000000000000e+00 0.000000000000000000e+00 8.201575290026923062e-04 8.337031892630189771e-04 1.217307920830272756e-04 0.000000000000000000e+00
0.000000000000000000e+00 0.000000000000000000e+00 0.000000000000000000e+00 0.000000000000000000e+00 3.041716990536904208e-04 0.000000000000000000e+00 0.000000000000000000e+00 0.000000000000000000e+00 7.584340595462181044e-04 7.665902284249832919e-04 0.000000000000000000e+00 0.000000000000000000e+00 8.174664663638680790e-04 8.174574384563342315e-04 1.250972089512952432e-04 0.000000000000000000e+00
0.000000000000000000e+00 0.000000000000000000e+00 0.000000000000000000e+00 0.000000000000000000e+00 2.925910286689180199e-04 0.000000000000000000e+00 0.000000000000000000e+00 0.000000000000000000e+00 7.502486797773101970e-04 7.778270239614002790e-04 0.000000000000000000e+00 0.000000000000000000e+00 8.033966749767008919e-04 8.260854547953673304e-04 1.252975141362463161e-04 0.000000000000000000e+00
0.000000000000000000e+00 0.000000000000000000e+00 0.000000000000000000e+00 0.000000000000000000e+00 3.172732306208166293e-04 0.000000000000000000e+00 0.000000000000000000e+00 0.000000000000000000e+00 7.465413507625899602e-04 7.650327692730232287e-04 0.000000000000000000e+00 0.000000000000000000e+00 8.220109329582564114e-04 8.337958349893253174e-04 1.171758097264813565e-04 0.000000000000000000e+00
0.000000000000000000e+00 0.000000000000000000e+00 0.000000000000000000e+00 0.000000000000000000e+00 3.134791845451652533e-04 0.000000000000000000e+00 0.000000000000000000e+00 0.000000000000000000e+00 7.730736773623334218e-04 7.941877381540634988e-04 0.000000000000000000e+00 0.000000000000000000e+00 8.272157024319405898e-04 8.412082722096531203e-04 1.201694058957034896e-04 0.000000000000000000e+00
0.000000000000000000e+00 0.000000000000000000e+00 0.000000000000000000e+00 0.000000000000000000e+00 2.959534368429227332e-04 0.000000000000000000e+00 0.000000000000000000e+00 0.000000000000000000e+00 7.441235717687952507e-04 7.626416428540352954e-04 0.000000000000000000e+00 0.000000000000000000e+00 8.141241407842984444e-04 8.298506454902030956e-04 1.235482095724706685e-04 0.000000000000000000e+00
0.000000000000000000e+00 0.000000000000000000e+00 0.000000000000000000e+00 0.000000000000000000e+00 2.987040536671016922e-04 0.000000000000000000e+00 0.000000000000000000e+00 0.000000000000000000e+00 7.589833759669487295e-04 7.789792122829988612e-04 0.000000000000000000e+00 0.000000000000000000e+00 8.149621576131238542e-04 8.287969012133972278e-04 1.295826674470045600e-04 0.000000000000000000e+00
0.000000000000000000e+00 0.000000000000000000e+00 0.000000000000000000e+00 0.000000000000000000e+00 3.049002433476990181e-04 0.000000000000000000e+00 0.000000000000000000e+00 0.000000000000000000e+00 7.436816403685908876e-04 7.669958841554482074e-04 0.000000000000000000e+00 0.000000000000000000e+00 7.988239050803182468e-04 8.139063183885259217e-04 1.245074893860989118e-04 0.000000000000000000e+00
0.000000000000000000e+00 0.000000000000000000e+00 0.000000000000000000e+00 0.000000000000000000e+00 3.131246067675914316e-04 0.000000000000000000e+00 0.000000000000000000e+00 0.000000000000000000e+00 7.912638629588328136e-04 8.002298583734268741e-04 0.000000000000000000e+00 0.000000000000000000e+00 8.337930328356069455e-04 8.373318046329800059e-04 1.302962195502736732e-04 0.000000000000000000e+00
0.000000000000000000e+00 0.000000000000000000e+00 0.000000000000000000e+00 0.000000000000000000e+00 2.916385480336258470e-04 0.000000000000000000e+00 0.000000000000000000e+00 0.000000000000000000e+00 7.583275332608345161e-04 7.785341053089133876e-04 0.000000000000000000e+00 0.000000000000000000e+00 8.154241954148094742e-04 8.273089343401185273e-04 1.148586883792198819e-04 0.000000000000000000e+00
0.000000000000000000e+00 0.000000000000000000e+00 0.000000000000000000e+00 0.000000000000000000e+00 3.135856072773011050e-04 0.000000000000000000e+00 0.000000000000000000e+00 0.000000000000000000e+00 7.627111653224409680e-04 7.844158179178946583e-04 0.000000000000000000e+00 0.000000000000000000e+00 8.043196067916416267e-04 8.183090852008695001e-04 1.224430920702675001e-04 0.000000000000000000e+00
0.000000000000000000e+00 0.000000000000000000e+00 0.000000000000000000e+00 0.000000000000000000e+00 2.978084575854157852e-04 0.000000000000000000e+00 0.000000000000000000e+00 0.000000000000000000e+00 7.446564285775637447e-04 7.685757340347220768e-04 0.000000000000000000e+00 0.000000000000000000e+00 8.103156200225682636e-04 8.263969089800915751e-04 1.283773032431954680e-04 0.000000000000000000e+00
0.000000000000000000e+00 0.000000000000000000e+00 0.000000000000000000e+00 0.000000000000000000e+00 2.950465570450473848e-04 0.000000000000000000e+00 0.000000000000000000e+00 0.000000000000000000e+00 7.455091476443171218e-04 7.696399047776665472e-04 0.000000000000000000e+00 0.000000000000000000e+00 8.150876247369213045e-04 8.323316360020592422e-04 1.243310641176580817e-04 0.000000000000000000e+00
0.000000000000000000e+00 0.000000000000000000e+00 0.000000000000000000e+00 0.000000000000000000e+00 3.059970067317208304e-04 0.000000000000000000e+00 0.000000000000000000e+00 0.000000000000000000e+00 7.480664152529839387e-04 7.688571208995952002e-04 0.000000000000000000e+00 0.000000000000000000e+00 8.165220018990991232e-04 8.304785006945713611e-04 1.285923288751807418e-04 0.000000000000000000e+00
0.000000000000000000e+00 0.000000000000000000e+00 0.000000000000000000e+00 0.000000000000000000e+00 3.110922887567276309e-04 0.000000000000000000e+00 0.000000000000000000e+00 0.000000000000000000e+00 7.688365722601203222e-04 7.782270971790598716e-04 0.000000000000000000e+00 0.000000000000000000e+00 8.304969499055779277e-04 8.343564772822369179e-04 1.222887833370317880e-04 0.000000000000000000e+00
0.000000000000000000e+00 0.000000000000000000e+00 0.000000000000000000e+00 0.000000000000000000e+00 3.155699945143826575e-04 0.000000000000000000e+00 0.000000000000000000e+00 0.000000000000000000e+00 7.948673765854524830e-04 7.982890115201209981e-04 0.000000000000000000e+00 0.000000000000000000e+00 8.424161993399336855e-04 8.390841814442861687e-04 1.314689374936140528e-04 0.000000000000000000e+00
0.000000000000000000e+00 0.000000000000000000e+00 0.000000000000000000e+00 0.000000000000000000e+00 2.935187987738008372e-04 0.000000000000000000e+00 0.000000000000000000e+00 0.000000000000000000e+00 7.524245914391461572e-04 7.708558124743020070e-04 0.000000000000000000e+00 0.000000000000000000e+00 8.429557873299753541e-04 8.564638898298608527e-04 1.364846072891155097e-04 0.000000000000000000e+00
0.000000000000000000e+00 0.000000000000000000e+00 0.000000000000000000e+00 0.000000000000000000e+00 2.882494882243881343e-04 0.000000000000000000e+00 0.000000000000000000e+00 0.000000000000000000e+00 7.484290991248897197e-04 7.688063012424782528e-04 0.000000000000000000e+00 0.000000000000000000e+00 8.045218876456295158e-04 8.185349251687794704e-04 1.251502943078368422e-04 0.000000000000000000e+00
0.000000000000000000e+00 0.000000000000000000e+00 0.000000000000000000e+00 0.000000000000000000e+00 3.008505442558126399e-04 0.000000000000000000e+00 0.000000000000000000e+00 0.000000000000000000e+00 7.633841028203756755e-04 7.785236437442456673e-04 0.000000000000000000e+00 0.000000000000000000e+00 8.280195298992330420e-04 8.386780013997202198e-04 1.133449205029804843e-04 0.000000000000000000e+00
