# 'name' : 'rogers_null'
# 'source' : 'rogers_null.yaml'
# 'sample_pops' : ['X', 'Y', 'D', 'N']
# 'sample_size' : 1
# 'n_reps' : 100
# 'n_windows' : 200
# 'seq_length' : 100000000.0
# 'window_length' : 500000.0
# 'recomb_rate' : 1e-08
# 'mut_rate' : 1e-08
# 'created' : None
0.000000000000000000e+00 0.000000000000000000e+00 0.000000000000000000e+00 0.000000000000000000e+00 4.567586344350542671e-01 0.000000000000000000e+00 0.000000000000000000e+00 0.000000000000000000e+00 4.007514287613514470e-01 4.182927685031778697e-01 0.000000000000000000e+00 0.000000000000000000e+00 4.624400011942197408e-01 4.804468791121619398e-01 7.399998872189059163e-02 0.000000000000000000e+00
0.000000000000000000e+00 0.000000000000000000e+00 0.000000000000000000e+00 0.000000000000000000e+00 4.743127481833894210e-01 0.000000000000000000e+00 0.000000000000000000e+00 0.000000000000000000e+00 4.068633474118465432e-01 4.232719473374176311e-01 0.000000000000000000e+00 0.000000000000000000e+00 4.608265494783955751e-01 4.796676821995934370e-01 6.860132431439462664e-02 0.000000000000000000e+00
0.000000000000000000e+00 0.000000000000000000e+00 0.000000000000000000e+00 0.000000000000000000e+00 4.565909842541557850e-01 0.000000000000000000e+00 0.000000000000000000e+00 0.000000000000000000e+00 4.032377874444315058e-01 4.266501939336194704e-01 0.000000000000000000e+00 0.000000000000000000e+00 4.558221181793459809e-01 4.798792139975119331e-01 7.085976540855766503e-02 0.000000000000000000e+00
0.000000000000000000e+00 0.000000000000000000e+00 0.000000000000000000e+00 0.000000000000000000e+00 4.566941271209558062e-01 0.000000000000000000e+00 0.000000000000000000e+00 0.000000000000000000e+00 4.001860194399388670e-01 4.214888883062448133e-01 0.000000000000000000e+00 0.000000000000000000e+00 4.624925864330070024e-01 4.859479363079898251e-01 7.836756889059770526e-02 0.000000000000000000e+00
0.000000000000000000e+00 0.000000000000000000e+00 0.000000000000000000e+00 0.000000000000000000e+00 4.555994595786463375e-01 0.000000000000000000e+00 0.000000000000000000e+00 0.000000000000000000e+00 4.086069123653352508e-01 4.304605946519433068e-01 0.000000000000000000e+00 0.000000000000000000e+00 4.616997131817672795e-01 4.840695925573628156e-01 8.224638034894599103e-02 0.000000000000000000e+00
0.000000000000000000e+00 0.000000000000000000e+00 0.000000000000000000e+00 0.000000000000000000e+00 4.399404790898578388e-01 0.000000000000000000e+00 0.000000000000000000e+00 0.000000000000000000e+00 3.899475096632729065e-01 4.171701940842888479e-01 0.000000000000000000e+00 0.000000000000000000e+00 4.480279064727091254e-01 4.774047903126162340e-01 7.514189889725642058e-02 0.000000000000000000e+00
0.000000000000000000e+00 0.000000000000000000e+00 0.000000000000000000e+00 0.000000000000000000e+00 4.578339056799198836e-01 0.000000000000000000e+00 0.000000000000000000e+00 0.000000000000000000e+00 3.991276199120422086e-01 4.192209290757108464e-01 0.000000000000000000e+00 0.000000000000000000e+00 4.581866919724143505e-01 4.805399401883672095e-01 7.247149215853856963e-02 0.000000000000000000e+00
0.000000000000000000e+00 0.000000000000000000e+00 0.000000000000000000e+00 0.000000000000000000e+00 4.539169454076650290e-01 0.000000000000000000e+00 0.000000000000000000e+00 0.000000000000000000e+00 3.962505596401685315e-01 4.169384368362752946e-01 0.000000000000000000e+00 0.000000000000000000e+00 4.529812940019539713e-01 4.739560478808317878e-01 7.016794833356508609e-02 0.000000000000000000e+00
0.000000000000000000e+00 0.000000000000000000e+00 0.000000000000000000e+00 0.000000000000000000e+00 4.616574507945984118e-01 0.000000000000000000e+00 0.000000000000000000e+00 0.000000000000000000e+00 4.017201759583721721e-01 4.199481212753961579e-01 0.000000000000000000e+00 0.000000000000000000e+00 4.620754484807363394e-01 4.810939174107128347e-01 7.346465097807187983e-02 0.000000000000000000e+00
0.000000000000000000e+00 0.000000000000000000e+00 0.000000000000000000e+00 0.000000000000000000e+00 4.626380943561559933e-01 0.000000000000000000e+00 0.000000000000000000e+00 0.000000000000000000e+00 4.073450604026768174e-01 4.312781041091440226e-01 0.000000000000000000e+00 0.000000000000000000e+00 4.732491376586224763e-01 4.995522573732527061e-01 8.276445797276948957e-02 0.000000000000000000e+00
0.000000000000000000e+00 0.000000000000000000e+00 0.000000000000000000e+00 0.000000000000000000e+00 4.634871413932187267e-01 0.000000000000000000e+00 0.000000000000000000e+00 0.000000000000000000e+00 4.011269195975179502e-01 4.202745302053841892e-01 0.000000000000000000e+00 0.000000000000000000e+00 4.675151242725128498e-01 4.879466757103272379e-01 7.590574357024350294e-02 0.000000000000000000e+00
0.000000000000000000e+00 0.000000000000000000e+00 0.000000000000000000e+00 0.000000000000000000e+00 4.601668774464447997e-01 0.000000000000000000e+00 0.000000000000000000e+00 0.000000000000000000e+00 3.973800010350717615e-01 4.228610793201456053e-01 0.000000000000000000e+00 0.000000000000000000e+00 4.502322165032242030e-01 4.777788424322696459e-01 6.337078376438874672e-02 0.000000000000000000e+00
0.000000000000000000e+00 0.000000000000000000e+00 0.000000000000000000e+00 0.000000000000000000e+00 4.546377940459579992e-01 0.000000000000000000e+00 0.000000000000000000e+00 0.000000000000000000e+00 3.939044555768876354e-01 4.130091516200382062e-01 0.000000000000000000e+00 0.000000000000000000e+00 4.601755773423094609e-01 4.810950098306711609e-01 6.726420043278005800e-02 0.000000000000000000e+00
0.000000000000000000e+00 0.000000000000000000e+00 0.000000000000000000e+00 0.000000000000000000e+00 4.573425312365847484e-01 0.000000000000000000e+00 0.000000000000000000e+00 0.000000000000000000e+00 4.046226445503999791e-01 4.272779436114860219e-01 0.000000000000000000e+00 0.000000000000000000e+00 4.701041595406650897e-01 4.943540774770498469e-01 8.257040510408299172e-02 0.000000000000000000e+00
0.000000000000000000e+00 0.000000000000000000e+00 0.000000000000000000e+00 0.000000000000000000e+00 4.443772368750047441e-01 0.000000000000000000e+00 0.000000000000000000e+00 0.000000000000000000e+00 3.980137897739470798e-01 4.199701566119629081e-01 0.000000000000000000e+00 0.000000000000000000e+00 4.491191252300418268e-01 4.728663741587997293e-01 6.605749420182184528e-02 0.000000000000000000e+00
0.000000000000000000e+00 0.000000000000000000e+00 0.000000000000000000e+00 0.000000000000000000e+00 4.574692721970781140e-01 0.000000000000000000e+00 0.000000000000000000e+00 0.000000000000000000e+00 3.998377156344921635e-01 4.216236976990678231e-01 0.000000000000000000e+00 0.000000000000000000e+00 4.678358745293932919e-01 4.901613418971902392e-01 7.232505432072701412e-02 0.000000000000000000e+00
0.000000000000000000e+00 0.000000000000000000e+00 0.000000000000000000e+00 0.000000000000000000e+00 4.596391570316408215e-01 0.000000000000000000e+00 0.000000000000000000e+00 0.000000000000000000e+00 3.982296824902393229e-01 4.206815699342702497e-01 0.000000000000000000e+00 0.000000000000000000e+00 4.740565840960240251e-01 4.984901698049266638e-01 8.590682780370073601e-02 0.000000000000000000e+00
0.000000000000000000e+00 0.000000000000000000e+00 0.000000000000000000e+00 0.000000000000000000e+00 4.524201388468843121e-01 0.000000000000000000e+00 0.000000000000000000e+00 0.000000000000000000e+00 4.045769038954515895e-01 4.262955631352424168e-01 0.000000000000000000e+00 0.000000000000000000e+00 4.512409062237191515e-01 4.737707502102900814e-01 7.214817870932192789e-02 0.000000000000000000e+00
0.000000000000000000e+00 0.000000000000000000e+00 0.000000000000000000e+00 0.000000000000000000e+00 4.467961343785950001e-01 0.000000000000000000e+00 0.000000000000000000e+00 0.000000000000000000e+00 3.958768792259399483e-01 4.203865216061346555e-01 0.000000000000000000e+00 0.000000000000000000e+00 4.560170971086101033e-01 4.808698767685731790e-01 7.059620867292776270e-02 0.000000000000000000e+00
0.000000000000000000e+00 0.000000000000000000e+00 0.000000000000000000e+00 0.000000000000000000e+00 4.642155845008996140e-01 0.000000000000000000e+00 0.000000000000000000e+00 0.000000000000000000e+00 3.943276895581731001e-01 4.165284975536966416e-01 0.000000000000000000e+00 0.000000000000000000e+00 4.627992073881834756e-01 4.861696912718595498e-01 7.270979806451033367e-02 0.000000000000000000e+00
0.000000000000000000e+00 0.000000000000000000e+00 0.000000000000000000e+00 0.000000000000000000e+00 4.565625370067454281e-01 0.000000000000000000e+00 0.000000000000000000e+00 0.000000000000000000e+00 3.970921747657403800e-01 4.231726406990191092e-01 0.000000000000000000e+00 0.000000000000000000e+00 4.527894954887980994e-01 4.809863071568439286e-01 7.681477166170473658e-02 0.000000000000000000e+00
0.000000000000000000e+00 0.000000000000000000e+00 0.000000000000000000e+00 0.000000000000000000e+00 4.699942012777302836e-01 0.000000000000000000e+00 0.000000000000000000e+00 0.000000000000000000e+00 4.079536628693867240e-01 4.299417055507636087e-01 0.000000000000000000e+00 0.000000000000000000e+00 4.716443092984959340e-01 4.954409196828251094e-01 8.297410739943610058e-02 0.000000000000000000e+00
0.000000000000000000e+00 0.000000000000000000e+00 0.000000000000000000e+00 0.000000000000000000e+00 4.495387759552666451e-01 0.000000000000000000e+00 0.000000000000000000e+00 0.000000000000000000e+00 3.932499262096296744e-01 4.167662686945922124e-01 0.000000000000000000e+00 0.000000000000000000e+00 4.610937805985911297e-01 4.863141179263500424e-01 6.763300098331054278e-02 0.000000000000000000e+00
0.000000000000000000e+00 0.000000000000000000e+00 0.000000000000000000e+00 0.000000000000000000e+00 4.647498424885420087e-01 0.000000000000000000e+00 0.000000000000000000e+00 0.000000000000000000e+00 4.033010162161839718e-01 4.186418865516977617e-01 0.000000000000000000e+00 0.000000000000000000e+00 4.573751582275815686e-01 4.730493770620035066e-01 6.588486512908918458e-02 0.000000000000000000e+00
0.000000000000000000e+00 0.000000000000000000e+00 0.000000000000000000e+00 0.000000000000000000e+00 4.623194340746191733e-01 0.000000000000000000e+00 0.000000000000000000e+00 0.000000000000000000e+00 4.009528027683559315e-01 4.251911818470219262e-01 0.000000000000000000e+00 0.000000000000000000e+00 4.628862345382921961e-01 4.892747485473114555e-01 7.831465177259225308e-02 0.000000000000000000e+00
0.000000000000000000e+00 0.000000000000000000e+00 0.000000000000000000e+00 0.000000000000000000e+00 4.578403683383758804e-01 0.000000000000000000e+00 0.000000000000000000e+00 0.000000000000000000e+00 4.002042622702501884e-01 4.204261651822421286e-01 0.000000000000000000e+00 0.000000000000000000e+00 4.687863506892880339e-01 4.898412944802151281e-01 8.084881757282881554e-02 0.000000000000000000e+00
0.000000000000000000e+00 0.000000000000000000e+00 0.000000000000000000e+00 0.000000000000000000e+00 4.625411221057668110e-01 0.000000000000000000e+00 0.000000000000000000e+00 0.000000000000000000e+00 4.029220110882226202e-01 4.238834522511656377e-01 0.000000000000000000e+00 0.000000000000000000e+00 4.687925550420077858e-01 4.897163511894611077e-01 8.175654579960277279e-02 0.000000000000000000e+00
0.000000000000000000e+00 0.000000000000000000e+00 0.000000000000000000e+00 0.000000000000000000e+00 4.529841016290631628e-01 0.000000000000000000e+00 0.000000000000000000e+00 0.000000000000000000e+00 4.007587432388312609e-01 4.214170040903282843e-01 0.000000000000000000e+00 0.000000000000000000e+00 4.572542324188128560e-01 4.792482954995390676e-01 7.434434644677075099e-02 0.000000000000000000e+00
0.000000000000000000e+00 0.000000000000000000e+00 0.000000000000000000e+00 0.000000000000000000e+00 4.691732658461003069e-01 0.000000000000000000e+00 0.000000000000000000e+00 0.000000000000000000e+00 4.058374244616793081e-01 4.333790493098108043e-01 0.000000000000000000e+00 0.000000000000000000e+00 4.550453656553950510e-01 4.843272669546437315e-01 6.595156524759258898e-02 0.000000000000000000e+00
0.000000000000000000e+00 0.000000000000000000e+00 0.000000000000000000e+00 0.000000000000000000e+00 4.537055453189917653e-01 0.000000000000000000e+00 0.000000000000000000e+00 0.000000000000000000e+00 4.019925063007182553e-01 4.236730279959882717e-01 0.000000000000000000e+00 0.000000000000000000e+00 4.530898227092176600e-01 4.749332561487611959e-01 7.188145852831047400e-02 0.000000000000000000e+00
0.000000000000000000e+00 0.000000000000000000e+00 0.000000000000000000e+00 0.000000000000000000e+00 4.656221001601507092e-01 0.000000000000000000e+00 0.000000000000000000e+00 0.000000000000000000e+00 3.991781962928622751e-01 4.185398214751189228e-01 0.000000000000000000e+00 0.000000000000000000e+00 4.589452874669717186e-01 4.791886514496921934e-01 7.328417467521602946e-02 0.000000000000000000e+00
0.000000000000000000e+00 0.000000000000000000e+00 0.000000000000000000e+00 0.000000000000000000e+00 4.585629641450533756e-01 0.000000000000000000e+00 0.000000000000000000e+00 0.000000000000000000e+00 4.053461957394865478e-01 4.272649757560717521e-01 0.000000000000000000e+00 0.000000000000000000e+00 4.596753819499502791e-01 4.820095242990097839e-01 8.308278227456526721e-02 0.000000000000000000e+00
0.000000000000000000e+00 0.000000000000000000e+00 0.000000000000000000e+00 0.000000000000000000e+00 4.555047695272271269e-01 0.000000000000000000e+00 0.000000000000000000e+00 0.000000000000000000e+00 4.072953522719890418e-01 4.293526296622737770e-01 0.000000000000000000e+00 0.000000000000000000e+00 4.576213907584570917e-01 4.800398862219813489e-01 7.857019333520894044e-02 0.000000000000000000e+00
0.000000000000000000e+00 0.000000000000000000e+00 0.000000000000000000e+00 0.000000000000000000e+00 4.421510152007014360e-01 0.000000000000000000e+00 0.000000000000000000e+00 0.000000000000000000e+00 3.889680930830748395e-01 4.147955346951370248e-01 0.000000000000000000e+00 0.000000000000000000e+00 4.513965662612526852e-01 4.779615449649846082e-01 7.631380827061057248e-02 0.000000000000000000e+00
0.000000000000000000e+00 0.000000000000000000e+00 0.000000000000000000e+00 0.000000000000000000e+00 4.671975566238594224e-01 0.000000000000000000e+00 0.000000000000000000e+00 0.000000000000000000e+00 4.062391825089964881e-01 4.290808947900647263e-01 0.000000000000000000e+00 0.000000000000000000e+00 4.663987146673070350e-01 4.916904911950642498e-01 8.114547682119885308e-02 0.000000000000000000e+00
0.000000000000000000e+00 0.000000000000000000e+00 0.000000000000000000e+00 0.000000000000000000e+00 4.610614355627369321e-01 0.000000000000000000e+00 0.000000000000000000e+00 0.000000000000000000e+00 4.000070646385294193e-01 4.259672832168119316e-01 0.000000000000000000e+00 0.000000000000000000e+00 4.677493082889452314e-01 4.948135001134539301e-01 8.252402713366813192e-02 0.000000000000000000e+00
0.000000000000000000e+00 0.000000000000000000e+00 0.000000000000000000e+00 0.000000000000000000e+00 4.545215397032124072e-01 0.000000000000000000e+00 0.000000000000000000e+00 0.000000000000000000e+00 3.931149595518377837e-01 4.146302485472506127e-01 0.000000000000000000e+00 0.000000000000000000e+00 4.518921835557248023e-01 4.755139724680485513e-01 7.022867473698182761e-02 0.000000000000000000e+00
0.000000000000000000e+00 0.000000000000000000e+00 0.000000000000000000e+00 0.000000000000000000e+00 4.468777225945549381e-01 0.000000000000000000e+00 0.000000000000000000e+00 0.000000000000000000e+00 4.019987150693996591e-01 4.221314039847645638e-01 0.000000000000000000e+00 0.000000000000000000e+00 4.560792154770921258e-01 4.761728910417774574e-01 7.213656282397422348e-02 0.000000000000000000e+00
0.000000000000000000e+00 0.000000000000000000e+00 0.000000000000000000e+00 0.000000000000000000e+00 4.560805100334978102e-01 0.000000000000000000e+00 0.000000000000000000e+00 0.000000000000000000e+00 4.050277508688075456e-01 4.252622997827363860e-01 0.000000000000000000e+00 0.000000000000000000e+00 4.550596905275542392e-01 4.749100290088683618e-01 7.436361964411358771e-02 0.000000000000000000e+00
0.000000000000000000e+00 0.000000000000000000e+00 0.000000000000000000e+00 0.000000000000000000e+00 4.595876122026623101e-01 0.000000000000000000e+00 0.000000000000000000e+00 0.000000000000000000e+00 4.101679316817168353e-01 4.320808390333658600e-01 0.000000000000000000e+00 0.000000000000000000e+00 4.680106471982277694e-01 4.899218526856804479e-01 8.466264201751971807e-02 0.000000000000000000e+00
0.000000000000000000e+00 0.000000000000000000e+00 0.000000000000000000e+00 0.000000000000000000e+00 4.533929527231844725e-01 0.000000000000000000e+00 0.000000000000000000e+00 0.000000000000000000e+00 4.015747335597189549e-01 4.260429013811393162e-01 0.000000000000000000e+00 0.000000000000000000e+00 4.516727269765345998e-01 4.780165097497134363e-01 6.406919173362708719e-02 0.000000000000000000e+00
0.000000000000000000e+00 0.000000000000000000e+00 0.000000000000000000e+00 0.000000000000000000e+00 4.487718225909936298e-01 0.000000000000000000e+00 0.000000000000000000e+00 0.000000000000000000e+00 4.040020541297397738e-01 4.318872377595651679e-01 0.000000000000000000e+00 0.000000000000000000e+00 4.592805134248905130e-01 4.888753880043839040e-01 7.689749093897489673e-02 0.000000000000000000e+00
0.000000000000000000e+00 0.000000000000000000e+00 0.000000000000000000e+00 0.000000000000000000e+00 4.580943905055420151e-01 0.000000000000000000e+00 0.000000000000000000e+00 0.000000000000000000e+00 4.008350017300255641e-01 4.200387400781525615e-01 0.000000000000000000e+00 0.000000000000000000e+00 4.571563484468998961e-01 4.775731969676724753e-01 6.572294889727568756e-02 0.000000000000000000e+00
0.000000000000000000e+00 0.000000000000000000e+00 0.000000000000000000e+00 0.000000000000000000e+00 4.552606550796785001e-01 0.000000000000000000e+00 0.000000000000000000e+00 0.000000000000000000e+00 4.079893282106581975e-01 4.302555593180655280e-01 0.000000000000000000e+00 0.000000000000000000e+00 4.555755998105819882e-01 4.794644431134051366e-01 7.808896326816193445e-02 0.000000000000000000e+00
0.000000000000000000e+00 0.000000000000000000e+00 0.000000000000000000e+00 0.000000000000000000e+00 4.629808900330503740e-01 0.000000000000000000e+00 0.000000000000000000e+00 0.000000000000000000e+00 4.065965801881295527e-01 4.256192426225339775e-01 0.000000000000000000e+00 0.000000000000000000e+00 4.601771528960022506e-01 4.808719651191064037e-01 8.240992818488761251e-02 0.000000000000000000e+00
0.000000000000000000e+00 0.000000000000000000e+00 0.000000000000000000e+00 0.000000000000000000e+00 4.642599041645812941e-01 0.000000000000000000e+00 0.000000000000000000e+00 0.000000000000000000e+00 4.028774680898037919e-01 4.217932935062488897e-01 0.000000000000000000e+00 0.000000000000000000e+00 4.564154772663219783e-01 4.757812956292052364e-01 6.263794666860925120e-02 0.000000000000000000e+00
0.000000000000000000e+00 0.000000000000000000e+00 0.000000000000000000e+00 0.000000000000000000e+00 4.559156081319326592e-01 0.000000000000000000e+00 0.000000000000000000e+00 0.000000000000000000e+00 4.036641422895990150e-01 4.203315973286598228e-01 0.000000000000000000e+00 0.000000000000000000e+00 4.567298865114802209e-01 4.740700848325521966e-01 6.900791348848529794e-02 0.000000000000000000e+00
0.000000000000000000e+00 0.000000000000000000e+00 0.000000000000000000e+00 0.000000000000000000e+00 4.605704146436998547e-01 0.000000000000000000e+00 0.000000000000000000e+00 0.000000000000000000e+00 3.953442700511652919e-01 4.149787743170283427e-01 0.000000000000000000e+00 0.000000000000000000e+00 4.498698334165760482e-01 4.697977617638333103e-01 6.314129110816657509e-02 0.000000000000000000e+00
0.000000000000000000e+00 0.000000000000000000e+00 0.000000000000000000e+00 0.000000000000000000e+00 4.632341776376992515e-01 0.000000000000000000e+00 0.000000000000000000e+00 0.000000000000000000e+00 4.032786966259172545e-01 4.200029601940276636e-01 0.000000000000000000e+00 0.000000000000000000e+00 4.473595336998654193e-01 4.634375624738105159e-01 6.871014309960624122e-02 0.000000000000000000e+00
0.000000000000000000e+00 0.000000000000000000e+00 0.000000000000000000e+00 0.000000000000000000e+00 4.613336871647218951e-01 0.000000000000000000e+00 0.000000000000000000e+00 0.000000000000000000e+00 4.071082167148995512e-01 4.259857226538789621e-01 0.000000000000000000e+00 0.000000000000000000e+00 4.595275583654832574e-01 4.798206128987256847e-01 7.621468525014116202e-02 0.000000000000000000e+00
0.000000000000000000e+00 0.000000000000000000e+00 0.000000000000000000e+00 0.000000000000000000e+00 4.575069499997853617e-01 0.000000000000000000e+00 0.000000000000000000e+00 0.000000000000000000e+00 4.067078403468648573e-01 4.275442300695911357e-01 0.000000000000000000e+00 0.000000000000000000e+00 4.656559655928125263e-01 4.879866197416090068e-01 7.579468105691895830e-02 0.000000000000000000e+00
0.000000000000000000e+00 0.000000000000000000e+00 0.000000000000000000e+00 0.000000000000000000e+00 4.479613918913728510e-01 0.000000000000000000e+00 0.000000000000000000e+00 0.000000000000000000e+00 4.021344867474694329e-01 4.226145404538036998e-01 0.000000000000000000e+00 0.000000000000000000e+00 4.635080975529474734e-01 4.855580318694434072e-01 8.068963600425801963e-02 0.000000000000000000e+00
0.000000000000000000e+00 0.000000000000000000e+00 0.000000000000000000e+00 0.000000000000000000e+00 4.527949740065800865e-01 0.000000000000000000e+00 0.000000000000000000e+00 0.000000000000000000e+00 3.984926941923039312e-01 4.199312597345004616e-01 0.000000000000000000e+00 0.000000000000000000e+00 4.517849959897294876e-01 4.720209624264770087e-01 6.117150308480463067e-02 0.000000000000000000e+00
0.000000000000000000e+00 0.000000000000000000e+00 0.000000000000000000e+00 0.000000000000000000e+00 4.471305194530315608e-01 0.000000000000000000e+00 0.000000000000000000e+00 0.000000000000000000e+00 3.986890247931098030e-01 4.213504040114204874e-01 0.000000000000000000e+00 0.000000000000000000e+00 4.698115283516390295e-01 4.946291516830065293e-01 7.901842777357950820e-02 0.000000000000000000e+00
0.000000000000000000e+00 0.000000000000000000e+00 0.000000000000000000e+00 0.000000000000000000e+00 4.538804472335333240e-01 0.000000000000000000e+00 0.000000000000000000e+00 0.000000000000000000e+00 3.963553462084814516e-01 4.192066516390584030e-01 0.000000000000000000e+00 0.000000000000000000e+00 4.599152618002936288e-01 4.845013906708526275e-01 7.319805303369973648e-02 0.000000000000000000e+00
0.000000000000000000e+00 0.000000000000000000e+00 0.000000000000000000e+00 0.000000000000000000e+00 4.562169872371690804e-01 0.000000000000000000e+00 0.000000000000000000e+00 0.000000000000000000e+00 3.978381596901393036e-01 4.220953644463527055e-01 0.000000000000000000e+00 0.000000000000000000e+00 4.640653912031856287e-01 4.906695841251979551e-01 7.668789330995924580e-02 0.000000000000000000e+00
0.000000000000000000e+00 0.000000000000000000e+00 0.000000000000000000e+00 0.000000000000000000e+00 4.563185466883638020e-01 0.000000000000000000e+00 0.000000000000000000e+00 0.000000000000000000e+00 4.037046172280214229e-01 4.225396713010443617e-01 0.000000000000000000e+00 0.000000000000000000e+00 4.672011511137148521e-01 4.867979868775993424e-01 7.971398620838729410e-02 0.000000000000000000e+00
0.000000000000000000e+00 0.000000000000000000e+00 0.000000000000000000e+00 0.000000000000000000e+00 4.677952078375333667e-01 0.000000000000000000e+00 0.000000000000000000e+00 0.000000000000000000e+00 3.973073198960499486e-01 4.169486734778811154e-01 0.000000000000000000e+00 0.000000000000000000e+00 4.508275994410022025e-01 4.716395094404380317e-01 6.542040028423003195e-02 0.000000000000000000e+00
0.000000000000000000e+00 0.000000000000000000e+00 0.000000000000000000e+00 0.000000000000000000e+00 4.732808061930525168e-01 0.000000000000000000e+00 0.000000000000000000e+00 0.000000000000000000e+00 4.061179051706323984e-01 4.232564128966387895e-01 0.000000000000000000e+00 0.000000000000000000e+00 4.775199628174429667e-01 4.969681010790212294e-01 8.308698000459824318e-02 0.000000000000000000e+00
0.000000000000000000e+00 0.000000000000000000e+00 0.000000000000000000e+00 0.000000000000000000e+00 4.444442654545063820e-01 0.000000000000000000e+00 0.000000000000000000e+00 0.000000000000000000e+00 3.961257567273872571e-01 4.195094948257718226e-01 0.000000000000000000e+00 0.000000000000000000e+00 4.564883809323989072e-01 4.820877385020542749e-01 7.063593268701379158e-02 0.000000000000000000e+00
0.000000000000000000e+00 0.000000000000000000e+00 0.000000000000000000e+00 0.000000000000000000e+00 4.492324841876195185e-01 0.000000000000000000e+00 0.000000000000000000e+00 0.000000000000000000e+00 4.006666155262847973e-01 4.236266819772935843e-01 0.000000000000000000e+00 0.000000000000000000e+00 4.514371213913911940e-01 4.751156389641975064e-01 7.449621140873124991e-02 0.000000000000000000e+00
0.000000000000000000e+00 0.000000000000000000e+00 0.000000000000000000e+00 0.000000000000000000e+00 4.497087458048353303e-01 0.000000000000000000e+00 0.000000000000000000e+00 0.000000000000000000e+00 3.889665895921766703e-01 4.118556119917191616e-01 0.000000000000000000e+00 0.000000000000000000e+00 4.597106781668010567e-01 4.841759976883857064e-01 6.598761037051439904e-02 0.000000000000000000e+00
0.000000000000000000e+00 0.000000000000000000e+00 0.000000000000000000e+00 0.000000000000000000e+00 4.677526715094751375e-01 0.000000000000000000e+00 0.000000000000000000e+00 0.000000000000000000e+00 4.037384253008594603e-01 4.240052579763238239e-01 0.000000000000000000e+00 0.000000000000000000e+00 4.697759153420343892e-01 4.920650607182135428e-01 7.561671565580656285e-02 0.000000000000000000e+00
0.000000000000000000e+00 0.000000000000000000e+00 0.000000000000000000e+00 0.000000000000000000e+00 4.663638950564410468e-01 0.000000000000000000e+00 0.000000000000000000e+00 0.000000000000000000e+00 4.034202453567695690e-01 4.264536870398890622e-01 0.000000000000000000e+00 0.000000000000000000e+00 4.596118810318076120e-01 4.821679114496098539e-01 7.591150195185854266e-02 0.000000000000000000e+00
0.000000000000000000e+00 0.000000000000000000e+00 0.000000000000000000e+00 0.000000000000000000e+00 4.601991616209332170e-01 0.000000000000000000e+00 0.000000000000000000e+00 0.000000000000000000e+00 4.039032463733173706e-01 4.224070456333878232e-01 0.000000000000000000e+00 0.000000000000000000e+00 4.613591696017069754e-01 4.799123327171868625e-01 7.072790830892784764e-02 0.000000000000000000e+00
0.000000000000000000e+00 0.000000000000000000e+00 0.000000000000000000e+00 0.000000000000000000e+00 4.667107069282663279e-01 0.000000000000000000e+00 0.000000000000000000e+00 0.000000000000000000e+00 4.096778539232665550e-01 4.310157413147310268e-01 0.000000000000000000e+00 0.000000000000000000e+00 4.680630136655427043e-01 4.902350224261193823e-01 7.856015641964059215e-02 0.000000000000000000e+00
0.000000000000000000e+00 0.000000000000000000e+00 0.000000000000000000e+00 0.000000000000000000e+00 4.539034173789620596e-01 0.000000000000000000e+00 0.000000000000000000e+00 0.000000000000000000e+00 4.001111756411217524e-01 4.214175132092933262e-01 0.000000000000000000e+00 0.000000000000000000e+00 4.580836595968938441e-01 4.796407316449504687e-01 7.481980240111772706e-02 0.000000000000000000e+00
0.000000000000000000e+00 0.000000000000000000e+00 0.000000000000000000e+00 0.000000000000000000e+00 4.501406825528571631e-01 0.000000000000000000e+00 0.000000000000000000e+00 0.000000000000000000e+00 4.030863506308445809e-01 4.221776234680982287e-01 0.000000000000000000e+00 0.000000000000000000e+00 4.639466739971463416e-01 4.830755311710875910e-01 7.644068927563058002e-02 0.000000000000000000e+00
0.000000000000000000e+00 0.000000000000000000e+00 0.000000000000000000e+00 0.000000000000000000e+00 4.628326907559536241e-01 0.000000000000000000e+00 0.000000000000000000e+00 0.000000000000000000e+00 3.995511228281292682e-01 4.178156832507410323e-01 0.000000000000000000e+00 0.000000000000000000e+00 4.623889925983516447e-01 4.795205361649418907e-01 6.867341512531974224e-02 0.000000000000000000e+00
0.000000000000000000e+00 0.000000000000000000e+00 0.000000000000000000e+00 0.000000000000000000e+00 4.626605401970866338e-01 0.000000000000000000e+00 0.000000000000000000e+00 0.000000000000000000e+00 4.021470816484590260e-01 4.232620826951089543e-01 0.000000000000000000e+00 0.000000000000000000e+00 4.607925311236671373e-01 4.842821145383408576e-01 7.726956295558695675e-02 0.000000000000000000e+00
0.000000000000000000e+00 0.000000000000000000e+00 0.000000000000000000e+00 0.000000000000000000e+00 4.392229163753204602e-01 0.000000000000000000e+00 0.000000000000000000e+00 0.000000000000000000e+00 3.950082270306029542e-01 4.212570584476323932e-01 0.000000000000000000e+00 0.000000000000000000e+00 4.519130294475028342e-01 4.797739353997201306e-01 6.889657657194737939e-02 0.000000000000000000e+00
0.000000000000000000e+00 0.000000000000000000e+00 0.000000000000000000e+00 0.000000000000000000e+00 4.623513575726944103e-01 0.000000000000000000e+00 0.000000000000000000e+00 0.000000000000000000e+00 3.930902594901348746e-01 4.187831172028382287e-01 0.000000000000000000e+00 0.000000000000000000e+00 4.457159707048440889e-01 4.712652499570764708e-01 6.051670728180694875e-02 0.000000000000000000e+00
0.000000000000000000e+00 0.000000000000000000e+00 0.000000000000000000e+00 0.000000000000000000e+00 4.741164194586272029e-01 0.000000000000000000e+00 0.000000000000000000e+00 0.000000000000000000e+00 4.204060845406465963e-01 4.359161232606218461e-01 0.000000000000000000e+00 0.000000000000000000e+00 4.721546809269663303e-01 4.868725273679271326e-01 8.100707141234649022e-02 0.000000000000000000e+00
0.000000000000000000e+00 0.000000000000000000e+00 0.000000000000000000e+00 0.000000000000000000e+00 4.541565046873774492e-01 0.000000000000000000e+00 0.000000000000000000e+00 0.000000000000000000e+00 4.029137610345194798e-01 4.243950179283060287e-01 0.000000000000000000e+00 0.000000000000000000e+00 4.655213901258028475e-01 4.888351108284151314e-01 7.781291270101345359e-02 0.000000000000000000e+00
0.000000000000000000e+00 0.000000000000000000e+00 0.000000000000000000e+00 0.000000000000000000e+00 4.639953401230558772e-01 0.000000000000000000e+00 0.000000000000000000e+00 0.000000000000000000e+00 4.031832735729715678e-01 4.254794699214010656e-01 0.000000000000000000e+00 0.000000000000000000e+00 4.646713560731721149e-01 4.884598316076245728e-01 7.978608918899218749e-02 0.000000000000000000e+00
0.000000000000000000e+00 0.000000000000000000e+00 0.000000000000000000e+00 0.000000000000000000e+00 4.666221098825943381e-01 0.000000000000000000e+00 0.000000000000000000e+00 0.000000000000000000e+00 4.012152313455185082e-01 4.224657238207791266e-01 0.000000000000000000e+00 0.000000000000000000e+00 4.623499702932558630e-01 4.868383032688835543e-01 7.262969659676850320e-02 0.000000000000000000e+00
0.000000000000000000e+00 0.000000000000000000e+00 0.000000000000000000e+00 0.000000000000000000e+00 4.629793463721125768e-01 0.000000000000000000e+00 0.000000000000000000e+00 0.000000000000000000e+00 4.038871017406343578e-01 4.245415981861652699e-01 0.000000000000000000e+00 0.000000000000000000e+00 4.626814671156977976e-01 4.850589676324739141e-01 8.029458796796941356e-02 0.000000000000000000e+00
0.000000000000000000e+00 0.000000000000000000e+00 0.000000000000000000e+00 0.000000000000000000e+00 4.593771399932214394e-01 0.000000000000000000e+00 0.000000000000000000e+00 0.000000000000000000e+00 4.041450853163795487e-01 4.245499000632771414e-01 0.000000000000000000e+00 0.000000000000000000e+00 4.536076068555112140e-01 4.733649857413007034e-01 6.949615523971777731e-02 0.000000000000000000e+00
0.000000000000000000e+00 0.000000000000000000e+00 0.000000000000000000e+00 0.000000000000000000e+00 4.728295522074962287e-01 0.000000000000000000e+00 0.000000000000000000e+00 0.000000000000000000e+00 4.007388296262366922e-01 4.178441086202808186e-01 0.000000000000000000e+00 0.000000000000000000e+00 4.555627105377834107e-01 4.717115283324169739e-01 6.300624808155019796e-02 0.000000000000000000e+00
0.000000000000000000e+00 0.000000000000000000e+00 0.000000000000000000e+00 0.000000000000000000e+00 4.639884559656766716e-01 0.000000000000000000e+00 0.000000000000000000e+00 0.000000000000000000e+00 4.084070151449593067e-01 4.268667850114589157e-01 0.000000000000000000e+00 0.000000000000000000e+00 4.541497228883209503e-01 4.730215035308094063e-01 8.098292553735714217e-02 0.000000000000000000e+00
0.000000000000000000e+00 0.000000000000000000e+00 0.000000000000000000e+00 0.000000000000000000e+00 4.550837963605078307e-01 0.000000000000000000e+00 0.000000000000000000e+00 0.000000000000000000e+00 3.980231882443170943e-01 4.200661268447956065e-01 0.000000000000000000e+00 0.000000000000000000e+00 4.474894391362775337e-01 4.696188888721045118e-01 6.614759321653951307e-02 0.000000000000000000e+00
0.000000000000000000e+00 0.000000000000000000e+00 0.000000000000000000e+00 0.000000000000000000e+00 4.596649243222162839e-01 0.000000000000000000e+00 0.000000000000000000e+00 0.000000000000000000e+00 4.049145952743403165e-01 4.278717007991504340e-01 0.000000000000000000e+00 0.000000000000000000e+00 4.564755494060534491e-01 4.805789801222381530e-01 7.118905060547264796e-02 0.000000000000000000e+00
0.000000000000000000e+00 0.000000000000000000e+00 0.000000000000000000e+00 0.000000000000000000e+00 4.612709262439229629e-01 0.000000000000000000e+00 0.000000000000000000e+00 0.000000000000000000e+00 3.981940342226359952e-01 4.152063846192147190e-01 0.000000000000000000e+00 0.000000000000000000e+00 4.555676069939220141e-01 4.722288725434941048e-01 7.163092270193603672e-02 0.000000000000000000e+00
0.000000000000000000e+00 0.000000000000000000e+00 0.000000000000000000e+00 0.000000000000000000e+00 4.470908829793337480e-01 0.000000000000000000e+00 0.000000000000000000e+00 0.000000000000000000e+00 3.956788024072870336e-01 4.248258002993223759e-01 0.000000000000000000e+00 0.000000000000000000e+00 4.479518385850206341e-01 4.789493643869052186e-01 7.312120429022467283e-02 0.000000000000000000e+00
0.000000000000000000e+00 0.000000000000000000e+00 0.000000000000000000e+00 0.000000000000000000e+00 4.631154521918161016e-01 0.000000000000000000e+00 0.000000000000000000e+00 0.000000000000000000e+00 3.906858232728956382e-01 4.152084412204979924e-01 0.000000000000000000e+00 0.000000000000000000e+00 4.543025741301092157e-01 4.809211898439647026e-01 6.777235335808745598e-02 0.000000000000000000e+00
0.000000000000000000e+00 0.000000000000000000e+00 0.000000000000000000e+00 0.000000000000000000e+00 4.544507216068076061e-01 0.000000000000000000e+00 0.000000000000000000e+00 0.000000000000000000e+00 3.965396229269596007e-01 4.217322350274295140e-01 0.000000000000000000e+00 0.000000000000000000e+00 4.518620485475005055e-01 4.771283843619149589e-01 6.825600864576535087e-02 0.000000000000000000e+00
0.000000000000000000e+00 0.000000000000000000e+00 0.000000000000000000e+00 0.000000000000000000e+00 4.398364135213582160e-01 0.000000000000000000e+00 0.000000000000000000e+00 0.000000000000000000e+00 3.903721088646994741e-01 4.140754560881619861e-01 0.000000000000000000e+00 0.000000000000000000e+00 4.541951507493277584e-01 4.810423247601580132e-01 7.170143995119078462e-02 0.000000000000000000e+00
0.000000000000000000e+00 0.000000000000000000e+00 0.000000000000000000e+00 0.000000000000000000e+00 4.500982331802177439e-01 0.000000000000000000e+00 0.000000000000000000e+00 0.000000000000000000e+00 4.005550645441235402e-01 4.231911671500683259e-01 0.000000000000000000e+00 0.000000000000000000e+00 4.552857058359561782e-01 4.789045194615696999e-01 7.478096528425128009e-02 0.000000000000000000e+00
0.000000000000000000e+00 0.000000000000000000e+00 0.000000000000000000e+00 0.000000000000000000e+00 4.576372681441471246e-01 0.000000000000000000e+00 0.000000000000000000e+00 0.000000000000000000e+00 3.943269060151152194e-01 4.205816909395805880e-01 0.000000000000000000e+00 0.000000000000000000e+00 4.503965631857533292e-01 4.770129671192030463e-01 7.150153468440206828e-02 0.000000000000000000e+00
0.000000000000000000e+00 0.000000000000000000e+00 0.000000000000000000e+00 0.000000000000000000e+00 4.698379922323224767e-01 0.000000000000000000e+00 0.000000000000000000e+00 0.000000000000000000e+00 4.158051682451769371e-01 4.330443047138081147e-01 0.000000000000000000e+00 0.000000000000000000e+00 4.628933964372008436e-01 4.806256919916942483e-01 7.509760100333436050e-02 0.000000000000000000e+00
0.000000000000000000e+00 0.000000000000000000e+00 0.000000000000000000e+00 0.000000000000000000e+00 4.499720574878803281e-01 0.000000000000000000e+00 0.000000000000000000e+00 0.000000000000000000e+00 3.980680778430790157e-01 4.209478186813831457e-01 0.000000000000000000e+00 0.000000000000000000e+00 4.538887766734502338e-01 4.772347112749930065e-01 6.662708452713167473e-02 0.000000000000000000e+00
0.000000000000000000e+00 0.000000000000000000e+00 0.000000000000000000e+00 0.000000000000000000e+00 4.443550177579037030e-01 0.000000000000000000e+00 0.000000000000000000e+00 0.000000000000000000e+00 4.002838265597227219e-01 4.269441238088523272e-01 0.000000000000000000e+00 0.000000000000000000e+00 4.402386091363436060e-01 4.661539157641009234e-01 7.058564125355168417e-02 0.000000000000000000e+00
0.000000000000000000e+00 0.000000000000000000e+00 0.000000000000000000e+00 0.000000000000000000e+00 4.543852489580272880e-01 0.000000000000000000e+00 0.000000000000000000e+00 0.000000000000000000e+00 3.929921667772680594e-01 4.197620347757487491e-01 0.000000000000000000e+00 0.000000000000000000e+00 4.555275727307397937e-01 4.830843589734655774e-01 7.505550089103202316e-02 0.000000000000000000e+00
0.000000000000000000e+00 0.000000000000000000e+00 0.000000000000000000e+00 0.000000000000000000e+00 4.429519064548484986e-01 0.000000000000000000e+00 0.000000000000000000e+00 0.000000000000000000e+00 3.919316700229180661e-01 4.178773195079436564e-01 0.000000000000000000e+00 0.000000000000000000e+00 4.543565549061642783e-01 4.807650721311568787e-01 7.191633142109715715e-02 0.000000000000000000e+00
0.000000000000000000e+00 0.000000000000000000e+00 0.000000000000000000e+00 0.000000000000000000e+00 4.576544122483601762e-01 0.000000000000000000e+00 0.000000000000000000e+00 0.000000000000000000e+00 3.950158200451375223e-01 4.226929690543239082e-01 0.000000000000000000e+00 0.000000000000000000e+00 4.550642651617609613e-01 4.852632632320550421e-01 7.544064995363068682e-02 0.000000000000000000e+00
0.000000000000000000e+00 0.000000000000000000e+00 0.000000000000000000e+00 0.000000000000000000e+00 4.677343935535007713e-01 0.000000000000000000e+00 0.000000000000000000e+00 0.000000000000000000e+00 4.029956566650179095e-01 4.213856252315515416e-01 0.000000000000000000e+00 0.000000000000000000e+00 4.605282942794602374e-01 4.800673924345623123e-01 7.067520307084908249e-02 0.000000000000000000e+00
0.000000000000000000e+00 0.000000000000000000e+00 0.000000000000000000e+00 0.000000000000000000e+00 4.716944281020395979e-01 0.000000000000000000e+00 0.000000000000000000e+00 0.000000000000000000e+00 4.139777891035714696e-01 4.315556177641831082e-01 0.000000000000000000e+00 0.000000000000000000e+00 4.630285094734325479e-01 4.819194373081367444e-01 7.644331263047482450e-02 0.000000000000000000e+00
0.000000000000000000e+00 0.000000000000000000e+00 0.000000000000000000e+00 0.000000000000000000e+00 4.480860098866865093e-01 0.000000000000000000e+00 0.000000000000000000e+00 0.000000000000000000e+00 3.946993617821531464e-01 4.143572331777062301e-01 0.000000000000000000e+00 0.000000000000000000e+00 4.753651651962866320e-01 4.970229980502366973e-01 7.913080206400253946e-02 0.000000000000000000e+00
0.000000000000000000e+00 0.000000000000000000e+00 0.000000000000000000e+00 0.000000000000000000e+00 4.419350357563477383e-01 0.000000000000000000e+00 0.000000000000000000e+00 0.000000000000000000e+00 3.957659655269682997e-01 4.221161968877552018e-01 0.000000000000000000e+00 0.000000000000000000e+00 4.484289935277311900e-01 4.763817780413384662e-01 7.427418164961506475e-02 0.000000000000000000e+00
0.000000000000000000e+00 0.000000000000000000e+00 0.000000000000000000e+00 0.000000000000000000e+00 4.508762313014952339e-01 0.000000000000000000e+00 0.000000000000000000e+00 0.000000000000000000e+00 3.991568036852571888e-01 4.202568217716337040e-01 0.000000000000000000e+00 0.000000000000000000e+00 4.573827151838822935e-01 4.795385396501696817e-01 6.647794892970970704e-02 0.000000000000000000e+00
