# 'name' : 'rogers_a02_b00_d00_g03'
# 'source' : 'rogers_a02_b00_d00_g03.yaml'
# 'sample_pops' : ['X', 'D', 'Y', 'N']
# 'sample_size' : 1
# 'n_reps' : 100
# 'n_windows' : 200
# 'seq_length' : 100000000.0
# 'window_length' : 500000.0
# 'recomb_rate' : 1e-08
# 'mut_rate' : 1e-08
# 'created' : None
0.000000000000000000e+00 0.000000000000000000e+00 0.000000000000000000e+00 0.000000000000000000e+00 2.782566625479844665e-04 0.000000000000000000e+00 0.000000000000000000e+00 0.000000000000000000e+00 7.231631309245369196e-04 7.345603766241909144e-04 0.000000000000000000e+00 0.000000000000000000e+00 7.901264396527729996e-04 7.952040229301639371e-04 1.324631262516017113e-04 0.000000000000000000e+00
0.000000000000000000e+00 0.000000000000000000e+00 0.000000000000000000e+00 0.000000000000000000e+00 2.800712320491606034e-04 0.000000000000000000e+00 0.000000000000000000e+00 0.000000000000000000e+00 7.189474816516154554e-04 7.258978958064099323e-04 0.000000000000000000e+00 0.000000000000000000e+00 7.973815557054921488e-04 7.973887084084519111e-04 1.280600760252648227e-04 0.000000000000000000e+00
0.000000000000000000e+00 0.000000000000000000e+00 0.000000000000000000e+00 0.000000000000000000e+00 2.720031776828449907e-04 0.000000000000000000e+00 0.000000000000000000e+00 0.000000000000000000e+00 7.193965828741418237e-04 7.238681817130690867e-04 0.000000000000000000e+00 0.000000000000000000e+00 7.679749148125938852e-04 7.665548975623380588e-04 1.077485559730108740e-04 0.000000000000000000e+00
0.000000000000000000e+00 0.000000000000000000e+00 0.000000000000000000e+00 0.000000000000000000e+00 2.727572067805363694e-04 0.000000000000000000e+00 0.000000000000000000e+00 0.000000000000000000e+00 7.176422473951908111e-04 7.286284870151210928e-04 0.000000000000000000e+00 0.000000000000000000e+00 7.855376226041088910e-04 7.907007484892128587e-04 1.319890153920465507e-04 0.000000000000000000e+00
0.000000000000000000e+00 0.000000000000000000e+00 0.000000000000000000e+00 0.000000000000000000e+00 2.778338253349787535e-04 0.000000000000000000e+00 0.000000000000000000e+00 0.000000000000000000e+00 7.245358900636676269e-04 7.287788368244063402e-04 0.000000000000000000e+00 0.000000000000000000e+00 7.915015497799170229e-04 7.899914048241842447e-04 1.246265015810901885e-04 0.000000000000000000e+00
0.000000000000000000e+00 0.000000000000000000e+00 0.000000000000000000e+00 0.000000000000000000e+00 2.772777658510792043e-04 0.000000000000000000e+00 0.000000000000000000e+00 0.000000000000000000e+00 7.274642419593773789e-04 7.344574239713692887e-04 0.000000000000000000e+00 0.000000000000000000e+00 7.919189824505640067e-04 7.940111869155908183e-04 1.238981724579029373e-04 0.000000000000000000e+00
0.000000000000000000e+00 0.000000000000000000e+00 0.000000000000000000e+00 0.000000000000000000e+00 2.852530069386678083e-04 0.000000000000000000e+00 0.000000000000000000e+00 0.000000000000000000e+00 7.227652883479284297e-04 7.246447014345455207e-04 0.000000000000000000e+00 0.000000000000000000e+00 7.897205166269181606e-04 7.888739307822541626e-04 1.063262821942412934e-04 0.000000000000000000e+00
0.000000000000000000e+00 0.000000000000000000e+00 0.000000000000000000e+00 0.000000000000000000e+00 2.832137260754737660e-04 0.000000000000000000e+00 0.000000000000000000e+00 0.000000000000000000e+00 7.260934542169596466e-04 7.338506143324497952e-04 0.000000000000000000e+00 0.000000000000000000e+00 7.960214440453057885e-04 7.984524989933601460e-04 1.217681448176490466e-04 0.000000000000000000e+00
0.000000000000000000e+00 0.000000000000000000e+00 0.000000000000000000e+00 0.000000000000000000e+00 2.914079552425749651e-04 0.000000000000000000e+00 0.000000000000000000e+00 0.000000000000000000e+00 7.215450875732482179e-04 7.256720470778046678e-04 0.000000000000000000e+00 0.000000000000000000e+00 7.887867416709926126e-04 7.873841276690652291e-04 1.246367307292093371e-04 0.000000000000000000e+00
0.000000000000000000e+00 0.000000000000000000e+00 0.000000000000000000e+00 0.000000000000000000e+00 2.856320218869168857e-04 0.000000000000000000e+00 0.000000000000000000e+00 0.000000000000000000e+00 7.354398485252117406e-04 7.422115251295581095e-04 0.000000000000000000e+00 0.000000000000000000e+00 8.069706217030442504e-04 8.081740437726935228e-04 1.342054667614911185e-04 0.000000000000000000e+00
0.000000000000000000e+00 0.000000000000000000e+00 0.000000000000000000e+00 0.000000000000000000e+00 2.875646661063656221e-04 0.000000000000000000e+00 0.000000000000000000e+00 0.000000000000000000e+00 7.137890217049371565e-04 7.207966978530748079e-04 0.000000000000000000e+00 0.000000000000000000e+00 7.873987339866584789e-04 7.871060986113544156e-04 1.103145808760522023e-04 0.000000000000000000e+00
0.000000000000000000e+00 0.000000000000000000e+00 0.000000000000000000e+00 0.000000000000000000e+00 2.867762612947661314e-04 0.000000000000000000e+00 0.000000000000000000e+00 0.000000000000000000e+00 7.334242110996583601e-04 7.409144871025018491e-04 0.000000000000000000e+00 0.000000000000000000e+00 8.146307068295979966e-04 8.171725712728171529e-04 1.307999550802184364e-04 0.000000000000000000e+00
0.000000000000000000e+00 0.000000000000000000e+00 0.000000000000000000e+00 0.000000000000000000e+00 2.797521071942280228e-04 0.000000000000000000e+00 0.000000000000000000e+00 0.000000000000000000e+00 7.253836209654527948e-04 7.318655116984853961e-04 0.000000000000000000e+00 0.000000000000000000e+00 7.797410324224669743e-04 7.813384567019526425e-04 1.220826681783318112e-04 0.000000000000000000e+00
0.000000000000000000e+00 0.000000000000000000e+00 0.000000000000000000e+00 0.000000000000000000e+00 2.826494376569602574e-04 0.000000000000000000e+00 0.000000000000000000e+00 0.000000000000000000e+00 7.247718634594485032e-04 7.332615000317623324e-04 0.000000000000000000e+00 0.000000000000000000e+00 7.791813462136458522e-04 7.816348512281959130e-04 1.032725547097259168e-04 0.000000000000000000e+00
0.000000000000000000e+00 0.000000000000000000e+00 0.000000000000000000e+00 0.000000000000000000e+00 2.838946226896310620e-04 0.000000000000000000e+00 0.000000000000000000e+00 0.000000000000000000e+00 7.253133786742772642e-04 7.349990377034420000e-04 0.000000000000000000e+00 0.000000000000000000e+00 7.724230539183148548e-04 7.740241211755657848e-04 1.090279678264218676e-04 0.000000000000000000e+00
0.000000000000000000e+00 0.000000000000000000e+00 0.000000000000000000e+00 0.000000000000000000e+00 2.845342774328333494e-04 0.000000000000000000e+00 0.000000000000000000e+00 0.000000000000000000e+00 7.302519535882681483e-04 7.421428025225346430e-04 0.000000000000000000e+00 0.000000000000000000e+00 7.982120800954588778e-04 8.041652293311457849e-04 1.261140630543625726e-04 0.000000000000000000e+00
0.000000000000000000e+00 0.000000000000000000e+00 0.000000000000000000e+00 0.000000000000000000e+00 2.811436828889845923e-04 0.000000000000000000e+00 0.000000000000000000e+00 0.000000000000000000e+00 7.298498438502233924e-04 7.356935177662239297e-04 0.000000000000000000e+00 0.000000000000000000e+00 7.929731851497060988e-04 7.930550989400778940e-04 1.188850050221270397e-04 0.000000000000000000e+00
0.000000000000000000e+00 0.000000000000000000e+00 0.000000000000000000e+00 0.000000000000000000e+00 2.793779909274547615e-04 0.000000000000000000e+00 0.000000000000000000e+00 0.000000000000000000e+00 7.277611917358687730e-04 7.387493838814768697e-04 0.000000000000000000e+00 0.000000000000000000e+00 7.813768481367204359e-04 7.824519190694789218e-04 1.174645589797221546e-04 0.000000000000000000e+00
0.000000000000000000e+00 0.000000000000000000e+00 0.000000000000000000e+00 0.000000000000000000e+00 2.811932746091943278e-04 0.000000000000000000e+00 0.000000000000000000e+00 0.000000000000000000e+00 7.245986218269901986e-04 7.322811348243524112e-04 0.000000000000000000e+00 0.000000000000000000e+00 7.795249985237940032e-04 7.805127324725479173e-04 1.046878437653142460e-04 0.000000000000000000e+00
0.000000000000000000e+00 0.000000000000000000e+00 0.000000000000000000e+00 0.000000000000000000e+00 2.847891069578082517e-04 0.000000000000000000e+00 0.000000000000000000e+00 0.000000000000000000e+00 7.408748028225360790e-04 7.441620774143552349e-04 0.000000000000000000e+00 0.000000000000000000e+00 7.979642784146634676e-04 7.973497488837653696e-04 1.181131455012079370e-04 0.000000000000000000e+00
0.000000000000000000e+00 0.000000000000000000e+00 0.000000000000000000e+00 0.000000000000000000e+00 2.735398908225515190e-04 0.000000000000000000e+00 0.000000000000000000e+00 0.000000000000000000e+00 7.333395354248463394e-04 7.413598008626840321e-04 0.000000000000000000e+00 0.000000000000000000e+00 7.983206311535654331e-04 7.999313500480113382e-04 1.349054199594815207e-04 0.000000000000000000e+00
0.000000000000000000e+00 0.000000000000000000e+00 0.000000000000000000e+00 0.000000000000000000e+00 2.756105236011872819e-04 0.000000000000000000e+00 0.000000000000000000e+00 0.000000000000000000e+00 7.341231909706075372e-04 7.368777534227273496e-04 0.000000000000000000e+00 0.000000000000000000e+00 7.969870861076432372e-04 7.966014831366475223e-04 1.300381320860297671e-04 0.000000000000000000e+00
0.000000000000000000e+00 0.000000000000000000e+00 0.000000000000000000e+00 0.000000000000000000e+00 2.834401141486812131e-04 0.000000000000000000e+00 0.000000000000000000e+00 0.000000000000000000e+00 7.279632056987507668e-04 7.338985821971166605e-04 0.000000000000000000e+00 0.000000000000000000e+00 7.855214668422497160e-04 7.893416135610567151e-04 1.138858819115986246e-04 0.000000000000000000e+00
0.000000000000000000e+00 0.000000000000000000e+00 0.000000000000000000e+00 0.000000000000000000e+00 2.767517040196818467e-04 0.000000000000000000e+00 0.000000000000000000e+00 0.000000000000000000e+00 7.327401398629575409e-04 7.434192035898193112e-04 0.000000000000000000e+00 0.000000000000000000e+00 7.968458067389874808e-04 8.013689043848792708e-04 1.254504873169190904e-04 0.000000000000000000e+00
0.000000000000000000e+00 0.000000000000000000e+00 0.000000000000000000e+00 0.000000000000000000e+00 2.820823135700418539e-04 0.000000000000000000e+00 0.000000000000000000e+00 0.000000000000000000e+00 7.197597079050956992e-04 7.325505009797690604e-04 0.000000000000000000e+00 0.000000000000000000e+00 7.872986890115221768e-04 7.914704882015147604e-04 1.230519541275602966e-04 0.000000000000000000e+00
0.000000000000000000e+00 0.000000000000000000e+00 0.000000000000000000e+00 0.000000000000000000e+00 2.861843190828370666e-04 0.000000000000000000e+00 0.000000000000000000e+00 0.000000000000000000e+00 7.261328475611881095e-04 7.307656022156352972e-04 0.000000000000000000e+00 0.000000000000000000e+00 7.990203355543096025e-04 7.968302708680079271e-04 1.297801795005922541e-04 0.000000000000000000e+00
0.000000000000000000e+00 0.000000000000000000e+00 0.000000000000000000e+00 0.000000000000000000e+00 2.842440364529884799e-04 0.000000000000000000e+00 0.000000000000000000e+00 0.000000000000000000e+00 7.374042298108971893e-04 7.423100118206314279e-04 0.000000000000000000e+00 0.000000000000000000e+00 7.867392191619273795e-04 7.827268681659286598e-04 1.317054245186323512e-04 0.000000000000000000e+00
0.000000000000000000e+00 0.000000000000000000e+00 0.000000000000000000e+00 0.000000000000000000e+00 2.708164410119189361e-04 0.000000000000000000e+00 0.000000000000000000e+00 0.000000000000000000e+00 7.279607212999279243e-04 7.309919996634445336e-04 0.000000000000000000e+00 0.000000000000000000e+00 7.933153259333551241e-04 7.917307888141043512e-04 1.252039001889051345e-04 0.000000000000000000e+00
0.000000000000000000e+00 0.000000000000000000e+00 0.000000000000000000e+00 0.000000000000000000e+00 2.855905378289094005e-04 0.000000000000000000e+00 0.000000000000000000e+00 0.000000000000000000e+00 7.322222164186663372e-04 7.389445986211458763e-04 0.000000000000000000e+00 0.000000000000000000e+00 7.914379863934031334e-04 7.922972498153131506e-04 1.272178841443069738e-04 0.000000000000000000e+00
0.000000000000000000e+00 0.000000000000000000e+00 0.000000000000000000e+00 0.000000000000000000e+00 2.859901615118478051e-04 0.000000000000000000e+00 0.000000000000000000e+00 0.000000000000000000e+00 7.308396468860099823e-04 7.334113532517243152e-04 0.000000000000000000e+00 0.000000000000000000e+00 7.886667139062628149e-04 7.844397980979688455e-04 1.145047106534481706e-04 0.000000000000000000e+00
0.000000000000000000e+00 0.000000000000000000e+00 0.000000000000000000e+00 0.000000000000000000e+00 2.856445680676319879e-04 0.000000000000000000e+00 0.000000000000000000e+00 0.000000000000000000e+00 7.258156749948910247e-04 7.269503487351318882e-04 0.000000000000000000e+00 0.000000000000000000e+00 7.952876368929745476e-04 7.905905654218797589e-04 1.290327351762189005e-04 0.000000000000000000e+00
0.000000000000000000e+00 0.000000000000000000e+00 0.000000000000000000e+00 0.000000000000000000e+00 2.824811318548567938e-04 0.000000000000000000e+00 0.000000000000000000e+00 0.000000000000000000e+00 7.320043039540278206e-04 7.378457938469231954e-04 0.000000000000000000e+00 0.000000000000000000e+00 8.113787582260522258e-04 8.098114432263986331e-04 1.382485803739433165e-04 0.000000000000000000e+00
0.000000000000000000e+00 0.000000000000000000e+00 0.000000000000000000e+00 0.000000000000000000e+00 2.834876728505318199e-04 0.000000000000000000e+00 0.000000000000000000e+00 0.000000000000000000e+00 7.270019603145243129e-04 7.348749838303315993e-04 0.000000000000000000e+00 0.000000000000000000e+00 7.892990903043211291e-04 7.888961254458467208e-04 1.331522204219541419e-04 0.000000000000000000e+00
0.000000000000000000e+00 0.000000000000000000e+00 0.000000000000000000e+00 0.000000000000000000e+00 2.853053599861450260e-04 0.000000000000000000e+00 0.000000000000000000e+00 0.000000000000000000e+00 7.334279801717561885e-04 7.402597727592912912e-04 0.000000000000000000e+00 0.000000000000000000e+00 7.874248691792218703e-04 7.883944849926669994e-04 1.224500313844335397e-04 0.000000000000000000e+00
0.000000000000000000e+00 0.000000000000000000e+00 0.000000000000000000e+00 0.000000000000000000e+00 2.844378356467753698e-04 0.000000000000000000e+00 0.000000000000000000e+00 0.000000000000000000e+00 7.290076352235837437e-04 7.342505977970644393e-04 0.000000000000000000e+00 0.000000000000000000e+00 7.970590008109923593e-04 7.965578673141181319e-04 1.317950338638520786e-04 0.000000000000000000e+00
0.000000000000000000e+00 0.000000000000000000e+00 0.000000000000000000e+00 0.000000000000000000e+00 2.907993631728434205e-04 0.000000000000000000e+00 0.000000000000000000e+00 0.000000000000000000e+00 7.243132524156399056e-04 7.285460878756481106e-04 0.000000000000000000e+00 0.000000000000000000e+00 7.821661645330840349e-04 7.787630048916488511e-04 1.266422480720550564e-04 0.000000000000000000e+00
0.000000000000000000e+00 0.000000000000000000e+00 0.000000000000000000e+00 0.000000000000000000e+00 2.754379904422682521e-04 0.000000000000000000e+00 0.000000000000000000e+00 0.000000000000000000e+00 7.297242422218644820e-04 7.374826392760621243e-04 0.000000000000000000e+00 0.000000000000000000e+00 7.835109847952325150e-04 7.853157739747877687e-04 1.179771969587308585e-04 0.000000000000000000e+00
0.000000000000000000e+00 0.000000000000000000e+00 0.000000000000000000e+00 0.000000000000000000e+00 2.794634241147331104e-04 0.000000000000000000e+00 0.000000000000000000e+00 0.000000000000000000e+00 7.299389798815922792e-04 7.379128915624006942e-04 0.000000000000000000e+00 0.000000000000000000e+00 7.915220812508467780e-04 7.929958197130111252e-04 1.293035612800426989e-04 0.000000000000000000e+00
0.000000000000000000e+00 0.000000000000000000e+00 0.000000000000000000e+00 0.000000000000000000e+00 2.800052834174823540e-04 0.000000000000000000e+00 0.000000000000000000e+00 0.000000000000000000e+00 7.451357890627630055e-04 7.517005213206447503e-04 0.000000000000000000e+00 0.000000000000000000e+00 7.946420405575102845e-04 7.938229864158934286e-04 1.303473741157141878e-04 0.000000000000000000e+00
0.000000000000000000e+00 0.000000000000000000e+00 0.000000000000000000e+00 0.000000000000000000e+00 2.885936183236902292e-04 0.000000000000000000e+00 0.000000000000000000e+00 0.000000000000000000e+00 7.197498878971176966e-04 7.201912505292147951e-04 0.000000000000000000e+00 0.000000000000000000e+00 8.004102028236187829e-04 7.939895369570435435e-04 1.347357567837187571e-04 0.000000000000000000e+00
0.000000000000000000e+00 0.000000000000000000e+00 0.000000000000000000e+00 0.000000000000000000e+00 2.815154446095555294e-04 0.000000000000000000e+00 0.000000000000000000e+00 0.000000000000000000e+00 7.253143753765838898e-04 7.292931383782522148e-04 0.000000000000000000e+00 0.000000000000000000e+00 7.993815341524666655e-04 8.015174616096198490e-04 1.279723621033286183e-04 0.000000000000000000e+00
0.000000000000000000e+00 0.000000000000000000e+00 0.000000000000000000e+00 0.000000000000000000e+00 2.838331677952734894e-04 0.000000000000000000e+00 0.000000000000000000e+00 0.000000000000000000e+00 7.385508573626829460e-04 7.418740759207536305e-04 0.000000000000000000e+00 0.000000000000000000e+00 7.894599695649294870e-04 7.872424412578402260e-04 1.297611125766275650e-04 0.000000000000000000e+00
0.000000000000000000e+00 0.000000000000000000e+00 0.000000000000000000e+00 0.000000000000000000e+00 2.744682501382406212e-04 0.000000000000000000e+00 0.000000000000000000e+00 0.000000000000000000e+00 7.287498486367269702e-04 7.367661493756793873e-04 0.000000000000000000e+00 0.000000000000000000e+00 7.943960211400736887e-04 7.959490291196015923e-04 1.194138567475993141e-04 0.000000000000000000e+00
0.000000000000000000e+00 0.000000000000000000e+00 0.000000000000000000e+00 0.000000000000000000e+00 2.763097638119155447e-04 0.000000000000000000e+00 0.000000000000000000e+00 0.000000000000000000e+00 7.414970150579512295e-04 7.499064691819859593e-04 0.000000000000000000e+00 0.000000000000000000e+00 7.938887854024797869e-04 7.958208243307889930e-04 1.319611376311465435e-04 0.000000000000000000e+00
0.000000000000000000e+00 0.000000000000000000e+00 0.000000000000000000e+00 0.000000000000000000e+00 2.751988480409058805e-04 0.000000000000000000e+00 0.000000000000000000e+00 0.000000000000000000e+00 7.375767513713488068e-04 7.441154415259972413e-04 0.000000000000000000e+00 0.000000000000000000e+00 7.936900911121238123e-04 7.988331630474705854e-04 1.185467558663448427e-04 0.000000000000000000e+00
0.000000000000000000e+00 0.000000000000000000e+00 0.000000000000000000e+00 0.000000000000000000e+00 2.844717620668045250e-04 0.000000000000000000e+00 0.000000000000000000e+00 0.000000000000000000e+00 7.384499689636865941e-04 7.403162671392790996e-04 0.000000000000000000e+00 0.000000000000000000e+00 8.027025778049715933e-04 8.002087685961792752e-04 1.297402050124420690e-04 0.000000000000000000e+00
0.000000000000000000e+00 0.000000000000000000e+00 0.000000000000000000e+00 0.000000000000000000e+00 2.817157716406631864e-04 0.000000000000000000e+00 0.000000000000000000e+00 0.000000000000000000e+00 7.377200073037044935e-04 7.427890956826236008e-04 0.000000000000000000e+00 0.000000000000000000e+00 7.981377517339348446e-04 7.973925290573366347e-04 1.362487850228296738e-04 0.000000000000000000e+00
0.000000000000000000e+00 0.000000000000000000e+00 0.000000000000000000e+00 0.000000000000000000e+00 2.753109438157543562e-04 0.000000000000000000e+00 0.000000000000000000e+00 0.000000000000000000e+00 7.173630650691122579e-04 7.357805832021015267e-04 0.000000000000000000e+00 0.000000000000000000e+00 7.741374213219881940e-04 7.845419458789018238e-04 1.246184248218205220e-04 0.000000000000000000e+00
0.000000000000000000e+00 0.000000000000000000e+00 0.000000000000000000e+00 0.000000000000000000e+00 2.832019685288597209e-04 0.000000000000000000e+00 0.000000000000000000e+00 0.000000000000000000e+00 7.418354415039455328e-04 7.436042655368192353e-04 0.000000000000000000e+00 0.000000000000000000e+00 8.079739425868345641e-04 8.022566554863387080e-04 1.399971835587576524e-04 0.000000000000000000e+00
0.000000000000000000e+00 0.000000000000000000e+00 0.000000000000000000e+00 0.000000000000000000e+00 2.850861107836557282e-04 0.000000000000000000e+00 0.000000000000000000e+00 0.000000000000000000e+00 7.281180630294316466e-04 7.294449228858761094e-04 0.000000000000000000e+00 0.000000000000000000e+00 7.965411899922413431e-04 7.959982741184263265e-04 1.318076086480358142e-04 0.000000000000000000e+00
0.000000000000000000e+00 0.000000000000000000e+00 0.000000000000000000e+00 0.000000000000000000e+00 2.818687503886421254e-04 0.000000000000000000e+00 0.000000000000000000e+00 0.000000000000000000e+00 7.437174272830239258e-04 7.432550091161939767e-04 0.000000000000000000e+00 0.000000000000000000e+00 7.988060418539402307e-04 7.961753544616681196e-04 1.361285933876981986e-04 0.000000000000000000e+00
0.000000000000000000e+00 0.000000000000000000e+00 0.000000000000000000e+00 0.000000000000000000e+00 2.880848120783260544e-04 0.000000000000000000e+00 0.000000000000000000e+00 0.000000000000000000e+00 7.358398167809488246e-04 7.387758072290111742e-04 0.000000000000000000e+00 0.000000000000000000e+00 7.957797886476354089e-04 7.953486814642731157e-04 1.265675241136840219e-04 0.000000000000000000e+00
0.000000000000000000e+00 0.000000000000000000e+00 0.000000000000000000e+00 0.000000000000000000e+00 2.727433996584372996e-04 0.000000000000000000e+00 0.000000000000000000e+00 0.000000000000000000e+00 7.363243193833291433e-04 7.450802838606314675e-04 0.000000000000000000e+00 0.000000000000000000e+00 7.881369829148661887e-04 7.919407544290756181e-04 1.268451178515414286e-04 0.000000000000000000e+00
0.000000000000000000e+00 0.000000000000000000e+00 0.000000000000000000e+00 0.000000000000000000e+00 2.785043290448945236e-04 0.000000000000000000e+00 0.000000000000000000e+00 0.000000000000000000e+00 7.452124895014018485e-04 7.536535499404313715e-04 0.000000000000000000e+00 0.000000000000000000e+00 7.949658428658394225e-04 7.977487838365011647e-04 1.340885820309891676e-04 0.000000000000000000e+00
0.000000000000000000e+00 0.000000000000000000e+00 0.000000000000000000e+00 0.000000000000000000e+00 2.872587064979001468e-04 0.000000000000000000e+00 0.000000000000000000e+00 0.000000000000000000e+00 7.366940680355022310e-04 7.415765504703432202e-04 0.000000000000000000e+00 0.000000000000000000e+00 7.784330935259478699e-04 7.777473956814392932e-04 1.186238462135127606e-04 0.000000000000000000e+00
0.000000000000000000e+00 0.000000000000000000e+00 0.000000000000000000e+00 0.000000000000000000e+00 3.005058529222599567e-04 0.000000000000000000e+00 0.000000000000000000e+00 0.000000000000000000e+00 7.265748422474045372e-04 7.276149493504267384e-04 0.000000000000000000e+00 0.000000000000000000e+00 7.928688275067471113e-04 7.860007913328481222e-04 1.269940231496757637e-04 0.000000000000000000e+00
0.000000000000000000e+00 0.000000000000000000e+00 0.000000000000000000e+00 0.000000000000000000e+00 2.824829730184406375e-04 0.000000000000000000e+00 0.000000000000000000e+00 0.000000000000000000e+00 7.262706971772946250e-04 7.320720712983220168e-04 0.000000000000000000e+00 0.000000000000000000e+00 7.809255629878872340e-04 7.817772474022876682e-04 1.175737272116076981e-04 0.000000000000000000e+00
0.000000000000000000e+00 0.000000000000000000e+00 0.000000000000000000e+00 0.000000000000000000e+00 2.756591830998709157e-04 0.000000000000000000e+00 0.000000000000000000e+00 0.000000000000000000e+00 7.221161995478238716e-04 7.304536248199998243e-04 0.000000000000000000e+00 0.000000000000000000e+00 7.782247409007574069e-04 7.803066072100618873e-04 1.197292281583071802e-04 0.000000000000000000e+00
0.000000000000000000e+00 0.000000000000000000e+00 0.000000000000000000e+00 0.000000000000000000e+00 2.837314851969471386e-04 0.000000000000000000e+00 0.000000000000000000e+00 0.000000000000000000e+00 7.365100223008720940e-04 7.507898777705681150e-04 0.000000000000000000e+00 0.000000000000000000e+00 7.874257939187429391e-04 7.957196336688910840e-04 1.190815071808115974e-04 0.000000000000000000e+00
0.000000000000000000e+00 0.000000000000000000e+00 0.000000000000000000e+00 0.000000000000000000e+00 2.755871067065668572e-04 0.000000000000000000e+00 0.000000000000000000e+00 0.000000000000000000e+00 7.401566901966570491e-04 7.453150578145655014e-04 0.000000000000000000e+00 0.000000000000000000e+00 8.036609649642355649e-04 8.045273569449025398e-04 1.265889882764996595e-04 0.000000000000000000e+00
0.000000000000000000e+00 0.000000000000000000e+00 0.000000000000000000e+00 0.000000000000000000e+00 2.885810613555318685e-04 0.000000000000000000e+00 0.000000000000000000e+00 0.000000000000000000e+00 7.206980215449013648e-04 7.287682746049737150e-04 0.000000000000000000e+00 0.000000000000000000e+00 7.878455695705240082e-04 7.907658876261229076e-04 1.187357530736210347e-04 0.000000000000000000e+00
0.000000000000000000e+00 0.000000000000000000e+00 0.000000000000000000e+00 0.000000000000000000e+00 2.772050695340135158e-04 0.000000000000000000e+00 0.000000000000000000e+00 0.000000000000000000e+00 7.480278923575890389e-04 7.548706436225341085e-04 0.000000000000000000e+00 0.000000000000000000e+00 8.052199844621044230e-04 8.080538522473406076e-04 1.294242824254153836e-04 0.000000000000000000e+00
0.000000000000000000e+00 0.000000000000000000e+00 0.000000000000000000e+00 0.000000000000000000e+00 2.796177074322281570e-04 0.000000000000000000e+00 0.000000000000000000e+00 0.000000000000000000e+00 7.407465118439204637e-04 7.496788251826944603e-04 0.000000000000000000e+00 0.000000000000000000e+00 8.090106921172219136e-04 8.126553820480745096e-04 1.310024370495822246e-04 0.000000000000000000e+00
0.000000000000000000e+00 0.000000000000000000e+00 0.000000000000000000e+00 0.000000000000000000e+00 2.810828983118361483e-04 0.000000000000000000e+00 0.000000000000000000e+00 0.000000000000000000e+00 7.290617002568915671e-04 7.260741351489149011e-04 0.000000000000000000e+00 0.000000000000000000e+00 7.913081161717966903e-04 7.834101017000118109e-04 1.285851496392078068e-04 0.000000000000000000e+00
0.000000000000000000e+00 0.000000000000000000e+00 0.000000000000000000e+00 0.000000000000000000e+00 2.796298822112542335e-04 0.000000000000000000e+00 0.000000000000000000e+00 0.000000000000000000e+00 7.256433391268425929e-04 7.397545797762541519e-04 0.000000000000000000e+00 0.000000000000000000e+00 7.941749089999532467e-04 8.013551337069455948e-04 1.286453556218533753e-04 0.000000000000000000e+00
0.000000000000000000e+00 0.000000000000000000e+00 0.000000000000000000e+00 0.000000000000000000e+00 2.919244611405455545e-04 0.000000000000000000e+00 0.000000000000000000e+00 0.000000000000000000e+00 7.322281750272725386e-04 7.408030667867401484e-04 0.000000000000000000e+00 0.000000000000000000e+00 7.847637622214994127e-04 7.866318678315638649e-04 1.097135955543468980e-04 0.000000000000000000e+00
0.000000000000000000e+00 0.000000000000000000e+00 0.000000000000000000e+00 0.000000000000000000e+00 2.833699386527940042e-04 0.000000000000000000e+00 0.000000000000000000e+00 0.000000000000000000e+00 7.269720366122265883e-04 7.341225785914353178e-04 0.000000000000000000e+00 0.000000000000000000e+00 7.852004443471272393e-04 7.870892548319558153e-04 1.109219260102295462e-04 0.000000000000000000e+00
0.000000000000000000e+00 0.000000000000000000e+00 0.000000000000000000e+00 0.000000000000000000e+00 2.761208432633338139e-04 0.000000000000000000e+00 0.000000000000000000e+00 0.000000000000000000e+00 7.277698459474490986e-04 7.367311657076420703e-04 0.000000000000000000e+00 0.000000000000000000e+00 7.989105286570456635e-04 8.024231538282286091e-04 1.196036422968444407e-04 0.000000000000000000e+00
0.000000000000000000e+00 0.000000000000000000e+00 0.000000000000000000e+00 0.000000000000000000e+00 2.770371794289942292e-04 0.000000000000000000e+00 0.000000000000000000e+00 0.000000000000000000e+00 7.355319015303798513e-04 7.458490101406561445e-04 0.000000000000000000e+00 0.000000000000000000e+00 7.886178355808812082e-04 7.916481046015048061e-04 1.190976344550286634e-04 0.000000000000000000e+00
0.000000000000000000e+00 0.000000000000000000e+00 0.000000000000000000e+00 0.000000000000000000e+00 2.771310438168348312e-04 0.000000000000000000e+00 0.000000000000000000e+00 0.000000000000000000e+00 7.304564599653514930e-04 7.381721426599177800e-04 0.000000000000000000e+00 0.000000000000000000e+00 7.885944836372057965e-04 7.936596250494487755e-04 1.311626878046938307e-04 0.000000000000000000e+00
0.000000000000000000e+00 0.000000000000000000e+00 0.000000000000000000e+00 0.000000000000000000e+00 2.805818164140002225e-04 0.000000000000000000e+00 0.000000000000000000e+00 0.000000000000000000e+00 7.247492910553384772e-04 7.303811581025267292e-04 0.000000000000000000e+00 0.000000000000000000e+00 7.799367049575774017e-04 7.810036261994221258e-04 1.125682543534885585e-04 0.000000000000000000e+00
0.000000000000000000e+00 0.000000000000000000e+00 0.000000000000000000e+00 0.000000000000000000e+00 2.844188722197101265e-04 0.000000000000000000e+00 0.000000000000000000e+00 0.000000000000000000e+00 7.217844219122544281e-04 7.257164488834053290e-04 0.000000000000000000e+00 0.000000000000000000e+00 7.957088304376330528e-04 7.931905455596404732e-04 1.354867943596509844e-04 0.000000000000000000e+00
0.000000000000000000e+00 0.000000000000000000e+00 0.000000000000000000e+00 0.000000000000000000e+00 2.777526008195384689e-04 0.000000000000000000e+00 0.000000000000000000e+00 0.000000000000000000e+00 7.365303724498444005e-04 7.372528277227511067e-04 0.000000000000000000e+00 0.000000000000000000e+00 8.026879557686739022e-04 7.958667889225699583e-04 1.251225341071004245e-04 0.000000000000000000e+00
0.000000000000000000e+00 0.000000000000000000e+00 0.000000000000000000e+00 0.000000000000000000e+00 2.772132857480322818e-04 0.000000000000000000e+00 0.000000000000000000e+00 0.000000000000000000e+00 7.321502810469644436e-04 7.344816379290708321e-04 0.000000000000000000e+00 0.000000000000000000e+00 7.945380067196104517e-04 7.923589139572294023e-04 1.248370183739723580e-04 0.000000000000000000e+00
0.000000000000000000e+00 0.000000000000000000e+00 0.000000000000000000e+00 0.000000000000000000e+00 2.871662179188637755e-04 0.000000000000000000e+00 0.000000000000000000e+00 0.000000000000000000e+00 7.266322196915243632e-04 7.308258027271665814e-04 0.000000000000000000e+00 0.000000000000000000e+00 7.791246585327473925e-04 7.793617767570625412e-04 1.215271089215646697e-04 0.000000000000000000e+00
0.000000000000000000e+00 0.000000000000000000e+00 0.000000000000000000e+00 0.000000000000000000e+00 2.852374758330495372e-04 0.000000000000000000e+00 0.000000000000000000e+00 0.000000000000000000e+00 7.349837769482106629e-04 7.376019963590410089e-04 0.000000000000000000e+00 0.000000000000000000e+00 7.922733133989716186e-04 7.894097026847432140e-04 1.248196640327187568e-04 0.000000000000000000e+00
0.000000000000000000e+00 0.000000000000000000e+00 0.000000000000000000e+00 0.000000000000000000e+00 2.723709443082287488e-04 0.000000000000000000e+00 0.000000000000000000e+00 0.000000000000000000e+00 7.290033526856408777e-04 7.365038724595798477e-04 0.000000000000000000e+00 0.000000000000000000e+00 7.966595983449679909e-04 7.979392900908257149e-04 1.324417711288411622e-04 0.000000000000000000e+00
0.000000000000000000e+00 0.000000000000000000e+00 0.000000000000000000e+00 0.000000000000000000e+00 2.819968847764513925e-04 0.000000000000000000e+00 0.000000000000000000e+00 0.000000000000000000e+00 7.405517452056828518e-04 7.474751252423742463e-04 0.000000000000000000e+00 0.000000000000000000e+00 8.192615045753651615e-04 8.206620865796326750e-04 1.402641473058178232e-04 0.000000000000000000e+00
0.000000000000000000e+00 0.000000000000000000e+00 0.000000000000000000e+00 0.000000000000000000e+00 2.824733301575869156e-04 0.000000000000000000e+00 0.000000000000000000e+00 0.000000000000000000e+00 7.400226669577220258e-04 7.384083758196471805e-04 0.000000000000000000e+00 0.000000000000000000e+00 8.116009792156921423e-04 8.069670440499720175e-04 1.280065689259610911e-04 0.000000000000000000e+00
0.000000000000000000e+00 0.000000000000000000e+00 0.000000000000000000e+00 0.000000000000000000e+00 2.833927693030514785e-04 0.000000000000000000e+00 0.000000000000000000e+00 0.000000000000000000e+00 7.392884807904249967e-04 7.437907837400734154e-04 0.000000000000000000e+00 0.000000000000000000e+00 7.926654739204766617e-04 7.914436512283952842e-04 1.265705309106214310e-04 0.000000000000000000e+00
0.000000000000000000e+00 0.000000000000000000e+00 0.000000000000000000e+00 0.000000000000000000e+00 2.858755593283075162e-04 0.000000000000000000e+00 0.000000000000000000e+00 0.000000000000000000e+00 7.267416694835869898e-04 7.267424343121339477e-04 0.000000000000000000e+00 0.000000000000000000e+00 7.894915038870035408e-04 7.878517068198187144e-04 1.182414372812966844e-04 0.000000000000000000e+00
0.000000000000000000e+00 0.000000000000000000e+00 0.000000000000000000e+00 0.000000000000000000e+00 2.740829192364267058e-04 0.000000000000000000e+00 0.000000000000000000e+00 0.000000000000000000e+00 7.275976456639976020e-04 7.391414547067422193e-04 0.000000000000000000e+00 0.000000000000000000e+00 7.715202593323248603e-04 7.770020686474741513e-04 1.122032852270897458e-04 0.000000000000000000e+00
0.000000000000000000e+00 0.000000000000000000e+00 0.000000000000000000e+00 0.000000000000000000e+00 2.815402188785085164e-04 0.000000000000000000e+00 0.000000000000000000e+00 0.000000000000000000e+00 7.332165451566069990e-04 7.341197029702647720e-04 0.000000000000000000e+00 0.000000000000000000e+00 8.026580033060192344e-04 7.995810970632900774e-04 1.303309520452798046e-04 0.000000000000000000e+00
0.000000000000000000e+00 0.000000000000000000e+00 0.000000000000000000e+00 0.000000000000000000e+00 2.701114592342186487e-04 0.000000000000000000e+00 0.000000000000000000e+00 0.000000000000000000e+00 7.308740373871539832e-04 7.419103756102656856e-04 0.000000000000000000e+00 0.000000000000000000e+00 7.936981600483178226e-04 7.977298584479477692e-04 1.308980329993496240e-04 0.000000000000000000e+00
0.000000000000000000e+00 0.000000000000000000e+00 0.000000000000000000e+00 0.000000000000000000e+00 2.844617062685887102e-04 0.000000000000000000e+00 0.000000000000000000e+00 0.000000000000000000e+00 7.360584174821596746e-04 7.417301666339863554e-04 0.000000000000000000e+00 0.000000000000000000e+00 7.887092345417037265e-04 7.880041806600775276e-04 1.156027761259668756e-04 0.000000000000000000e+00
0.000000000000000000e+00 0.000000000000000000e+00 0.000000000000000000e+00 0.000000000000000000e+00 2.774581169842522130e-04 0.000000000000000000e+00 0.000000000000000000e+00 0.000000000000000000e+00 7.295533414661340950e-04 7.422541832284142377e-04 0.000000000000000000e+00 0.000000000000000000e+00 8.009671328303306958e-04 8.063465449395476907e-04 1.458158995195514139e-04 0.000000000000000000e+00
0.000000000000000000e+00 0.000000000000000000e+00 0.000000000000000000e+00 0.000000000000000000e+00 2.981028215441067913e-04 0.000000000000000000e+00 0.000000000000000000e+00 0.000000000000000000e+00 7.380796070255023385e-04 7.409647949799234596e-04 0.000000000000000000e+00 0.000000000000000000e+00 8.037676871772744380e-04 8.019135454241451029e-04 1.363854920327832400e-04 0.000000000000000000e+00
0.000000000000000000e+00 0.000000000000000000e+00 0.000000000000000000e+00 0.000000000000000000e+00 2.767908627624979571e-04 0.000000000000000000e+00 0.000000000000000000e+00 0.000000000000000000e+00 7.337592249342754763e-04 7.401258323797521533e-04 0.000000000000000000e+00 0.000000000000000000e+00 7.893220460207055460e-04 7.901049353491710779e-04 1.301562519606818161e-04 0.000000000000000000e+00
0.000000000000000000e+00 0.000000000000000000e+00 0.000000000000000000e+00 0.000000000000000000e+00 2.786353573293497078e-04 0.000000000000000000e+00 0.000000000000000000e+00 0.000000000000000000e+00 7.251441729781435766e-04 7.344895579499703588e-04 0.000000000000000000e+00 0.000000000000000000e+00 7.793963301306934153e-04 7.813349353566603544e-04 1.222074152285129137e-04 0.000000000000000000e+00
0.000000000000000000e+00 0.000000000000000000e+00 0.000000000000000000e+00 0.000000000000000000e+00 2.754944453458260689e-04 0.000000000000000000e+00 0.000000000000000000e+00 0.000000000000000000e+00 7.300755305362362051e-04 7.339122222213571769e-04 0.000000000000000000e+00 0.000000000000000000e+00 8.021276513112050822e-04 8.001494076351819019e-04 1.267734765620023721e-04 0.000000000000000000e+00
0.000000000000000000e+00 0.000000000000000000e+00 0.000000000000000000e+00 0.000000000000000000e+00 2.797031856820924927e-04 0.000000000000000000e+00 0.000000000000000000e+00 0.000000000000000000e+00 7.285176506975282263e-04 7.327576357129778149e-04 0.000000000000000000e+00 0.000000000000000000e+00 7.973107211373710312e-04 7.964100560641812921e-04 1.353993249371026925e-04 0.000000000000000000e+00
0.000000000000000000e+00 0.000000000000000000e+00 0.000000000000000000e+00 0.000000000000000000e+00 2.799176004082581286e-04 0.000000000000000000e+00 0.000000000000000000e+00 0.000000000000000000e+00 7.298714035812399253e-04 7.304296779969801688e-04 0.000000000000000000e+00 0.000000000000000000e+00 8.040174562127716312e-04 8.008507098889942454e-04 1.138411330416142479e-04 0.000000000000000000e+00
0.000000000000000000e+00 0.000000000000000000e+00 0.000000000000000000e+00 0.000000000000000000e+00 2.756117146978305271e-04 0.000000000000000000e+00 0.000000000000000000e+00 0.000000000000000000e+00 7.401758715313404031e-04 7.466049915050655466e-04 0.000000000000000000e+00 0.000000000000000000e+00 8.040591283592079001e-04 8.050288407062990148e-04 1.423855741077517895e-04 0.000000000000000000e+00
0.000000000000000000e+00 0.000000000000000000e+00 0.000000000000000000e+00 0.000000000000000000e+00 2.898911627176884104e-04 0.000000000000000000e+00 0.000000000000000000e+00 0.000000000000000000e+00 7.280934779112265129e-04 7.378526822656140093e-04 0.000000000000000000e+00 0.000000000000000000e+00 7.811629706378961889e-04 7.866324194451138410e-04 1.111845317212880777e-04 0.000000000000000000e+00
0.000000000000000000e+00 0.000000000000000000e+00 0.000000000000000000e+00 0.000000000000000000e+00 2.830274280786113897e-04 0.000000000000000000e+00 0.000000000000000000e+00 0.000000000000000000e+00 7.394094517484075700e-04 7.470254272880124920e-04 0.000000000000000000e+00 0.000000000000000000e+00 8.187914482195582854e-04 8.229930459830378520e-04 1.318109896353087871e-04 0.000000000000000000e+00
0.000000000000000000e+00 0.000000000000000000e+00 0.000000000000000000e+00 0.000000000000000000e+00 2.746118703457025895e-04 0.000000000000000000e+00 0.000000000000000000e+00 0.000000000000000000e+00 7.291303389827447946e-04 7.368224788588500747e-04 0.000000000000000000e+00 0.000000000000000000e+00 7.997634843430647799e-04 8.040833183898488069e-04 1.225368501869488033e-04 0.000000000000000000e+00
0.000000000000000000e+00 0.000000000000000000e+00 0.000000000000000000e+00 0.000000000000000000e+00 2.869996511865176530e-04 0.000000000000000000e+00 0.000000000000000000e+00 0.000000000000000000e+00 7.420048170041848926e-04 7.433482719108912761e-04 0.000000000000000000e+00 0.000000000000000000e+00 8.111429859044021109e-04 8.090902069100637832e-04 1.296271640923754814e-04 0.000000000000000000e+00
0.000000000000000000e+00 0.000000000000000000e+00 0.000000000000000000e+00 0.000000000000000000e+00 2.786518344479179754e-04 0.000000000000000000e+00 0.000000000000000000e+00 0.000000000000000000e+00 7.372424686277919944e-04 7.480678434961213034e-04 0.000000000000000000e+00 0.000000000000000000e+00 7.767815979094482319e-04 7.809909381020491278e-04 1.182832182193205354e-04 0.000000000000000000e+00
0.000000000000000000e+00 0.000000000000000000e+00 0.000000000000000000e+00 0.000000000000000000e+00 2.867303396945799880e-04 0.000000000000000000e+00 0.000000000000000000e+00 0.000000000000000000e+00 7.288708538663371799e-04 7.328557235253924064e-04 0.000000000000000000e+00 0.000000000000000000e+00 7.880111372727128648e-04 7.884561076315133900e-04 1.163253187710632652e-04 0.000000000000000000e+00
0.000000000000000000e+00 0.000000000000000000e+00 0.000000000000000000e+00 0.000000000000000000e+00 2.868465128917413909e-04 0.000000000000000000e+00 0.000000000000000000e+00 0.000000000000000000e+00 7.397255282223917129e-04 7.449927229818497200e-04 0.000000000000000000e+00 0.000000000000000000e+00 7.865433315677529706e-04 7.833011250568742805e-04 1.247154129515288894e-04 0.000000000000000000e+00
