# 'name' : 'rogers_a02_b00_d00_g03'
# 'source' : 'rogers_a02_b00_d00_g03.yaml'
# 'sample_pops' : ['X', 'D', 'Y', 'N']
# 'sample_size' : 1
# 'n_reps' : 100
# 'n_windows' : 200
# 'seq_length' : 100000000.0
# 'window_length' : 500000.0
# 'recomb_rate' : 1e-08
# 'mut_rate' : 1e-08
# 'created' : None
0.000000000000000000e+00 0.000000000000000000e+00 0.000000000000000000e+00 0.000000000000000000e+00 4.642050335317152721e-01 0.000000000000000000e+00 0.000000000000000000e+00 0.000000000000000000e+00 4.000106904972100530e-01 4.103180712683006104e-01 0.000000000000000000e+00 0.000000000000000000e+00 4.637013619863687985e-01 4.737278016517240120e-01 7.711123119806560788e-02 0.000000000000000000e+00
0.000000000000000000e+00 0.000000000000000000e+00 0.000000000000000000e+00 0.000000000000000000e+00 4.660532948211690840e-01 0.000000000000000000e+00 0.000000000000000000e+00 0.000000000000000000e+00 3.938163027182171039e-01 4.014536962459388514e-01 0.000000000000000000e+00 0.000000000000000000e+00 4.701994158317164274e-01 4.762967361115698073e-01 7.479495766871284423e-02 0.000000000000000000e+00
0.000000000000000000e+00 0.000000000000000000e+00 0.000000000000000000e+00 0.000000000000000000e+00 4.522712314751888285e-01 0.000000000000000000e+00 0.000000000000000000e+00 0.000000000000000000e+00 3.959398377284241155e-01 4.016792287274144058e-01 0.000000000000000000e+00 0.000000000000000000e+00 4.464633597536012410e-01 4.506351409173350309e-01 6.221369883946736151e-02 0.000000000000000000e+00
0.000000000000000000e+00 0.000000000000000000e+00 0.000000000000000000e+00 0.000000000000000000e+00 4.523661388547544071e-01 0.000000000000000000e+00 0.000000000000000000e+00 0.000000000000000000e+00 3.920150191120482241e-01 4.026034962039102272e-01 0.000000000000000000e+00 0.000000000000000000e+00 4.604328991631587153e-01 4.702043609594079299e-01 7.617122795467765051e-02 0.000000000000000000e+00
0.000000000000000000e+00 0.000000000000000000e+00 0.000000000000000000e+00 0.000000000000000000e+00 4.590042027883047826e-01 0.000000000000000000e+00 0.000000000000000000e+00 0.000000000000000000e+00 3.949726153133141793e-01 4.014474550709328238e-01 0.000000000000000000e+00 0.000000000000000000e+00 4.606477405429422745e-01 4.658744087477711404e-01 7.151183874771352422e-02 0.000000000000000000e+00
0.000000000000000000e+00 0.000000000000000000e+00 0.000000000000000000e+00 0.000000000000000000e+00 4.680307543917101576e-01 0.000000000000000000e+00 0.000000000000000000e+00 0.000000000000000000e+00 3.982507934293343377e-01 4.060489970655114522e-01 0.000000000000000000e+00 0.000000000000000000e+00 4.638363403589345624e-01 4.708828502099726698e-01 7.219869996392216938e-02 0.000000000000000000e+00
0.000000000000000000e+00 0.000000000000000000e+00 0.000000000000000000e+00 0.000000000000000000e+00 4.692936986506212604e-01 0.000000000000000000e+00 0.000000000000000000e+00 0.000000000000000000e+00 3.960805496771863665e-01 4.012439349644479347e-01 0.000000000000000000e+00 0.000000000000000000e+00 4.579199902986386683e-01 4.633903279231845751e-01 6.072251371570055317e-02 0.000000000000000000e+00
0.000000000000000000e+00 0.000000000000000000e+00 0.000000000000000000e+00 0.000000000000000000e+00 4.635498753582944498e-01 0.000000000000000000e+00 0.000000000000000000e+00 0.000000000000000000e+00 3.990500056071810131e-01 4.073626472294930023e-01 0.000000000000000000e+00 0.000000000000000000e+00 4.648521400359786893e-01 4.728023429857481919e-01 7.214914856207159388e-02 0.000000000000000000e+00
0.000000000000000000e+00 0.000000000000000000e+00 0.000000000000000000e+00 0.000000000000000000e+00 4.824702533457878029e-01 0.000000000000000000e+00 0.000000000000000000e+00 0.000000000000000000e+00 3.970446698348391590e-01 4.046976683039257283e-01 0.000000000000000000e+00 0.000000000000000000e+00 4.636012527365414582e-01 4.706239658025741512e-01 7.212170798155885520e-02 0.000000000000000000e+00
0.000000000000000000e+00 0.000000000000000000e+00 0.000000000000000000e+00 0.000000000000000000e+00 4.624457285567181719e-01 0.000000000000000000e+00 0.000000000000000000e+00 0.000000000000000000e+00 3.996269299920324758e-01 4.075631495546928607e-01 0.000000000000000000e+00 0.000000000000000000e+00 4.659661159272194819e-01 4.734853453077338958e-01 7.677623062884700311e-02 0.000000000000000000e+00
0.000000000000000000e+00 0.000000000000000000e+00 0.000000000000000000e+00 0.000000000000000000e+00 4.657595673323972618e-01 0.000000000000000000e+00 0.000000000000000000e+00 0.000000000000000000e+00 3.890407234470214526e-01 3.976104809187439582e-01 0.000000000000000000e+00 0.000000000000000000e+00 4.574855270899660376e-01 4.651543862026742415e-01 6.314241812945453614e-02 0.000000000000000000e+00
0.000000000000000000e+00 0.000000000000000000e+00 0.000000000000000000e+00 0.000000000000000000e+00 4.753561385621606905e-01 0.000000000000000000e+00 0.000000000000000000e+00 0.000000000000000000e+00 4.023354579057242808e-01 4.104997940829010483e-01 0.000000000000000000e+00 0.000000000000000000e+00 4.735832327101708317e-01 4.807452267827885817e-01 7.802528198042971153e-02 0.000000000000000000e+00
0.000000000000000000e+00 0.000000000000000000e+00 0.000000000000000000e+00 0.000000000000000000e+00 4.618089807369774591e-01 0.000000000000000000e+00 0.000000000000000000e+00 0.000000000000000000e+00 3.990848083351651865e-01 4.067368511038293999e-01 0.000000000000000000e+00 0.000000000000000000e+00 4.539827052695891707e-01 4.607881958320760307e-01 7.016959542543561856e-02 0.000000000000000000e+00
0.000000000000000000e+00 0.000000000000000000e+00 0.000000000000000000e+00 0.000000000000000000e+00 4.670306972559990499e-01 0.000000000000000000e+00 0.000000000000000000e+00 0.000000000000000000e+00 3.951152066848983013e-01 4.038951879550604085e-01 0.000000000000000000e+00 0.000000000000000000e+00 4.489044120990829390e-01 4.559485191213238364e-01 5.897352280797571455e-02 0.000000000000000000e+00
0.000000000000000000e+00 0.000000000000000000e+00 0.000000000000000000e+00 0.000000000000000000e+00 4.653934534663778932e-01 0.000000000000000000e+00 0.000000000000000000e+00 0.000000000000000000e+00 3.975683296659713872e-01 4.072479796078580794e-01 0.000000000000000000e+00 0.000000000000000000e+00 4.457403612447545793e-01 4.531865759915654213e-01 6.217726879738049578e-02 0.000000000000000000e+00
0.000000000000000000e+00 0.000000000000000000e+00 0.000000000000000000e+00 0.000000000000000000e+00 4.700529454786840367e-01 0.000000000000000000e+00 0.000000000000000000e+00 0.000000000000000000e+00 4.002068754380466720e-01 4.115744453243038725e-01 0.000000000000000000e+00 0.000000000000000000e+00 4.602822391099090082e-01 4.708667626650637206e-01 7.335194278647751143e-02 0.000000000000000000e+00
0.000000000000000000e+00 0.000000000000000000e+00 0.000000000000000000e+00 0.000000000000000000e+00 4.603157056420040805e-01 0.000000000000000000e+00 0.000000000000000000e+00 0.000000000000000000e+00 3.971433844983283667e-01 4.044528812416065544e-01 0.000000000000000000e+00 0.000000000000000000e+00 4.569839188106591399e-01 4.635245516237103125e-01 6.824795367284443304e-02 0.000000000000000000e+00
0.000000000000000000e+00 0.000000000000000000e+00 0.000000000000000000e+00 0.000000000000000000e+00 4.553630103887783553e-01 0.000000000000000000e+00 0.000000000000000000e+00 0.000000000000000000e+00 3.985958053623400721e-01 4.093775287380632677e-01 0.000000000000000000e+00 0.000000000000000000e+00 4.507392024007942366e-01 4.594695174520315173e-01 6.868470506394656894e-02 0.000000000000000000e+00
0.000000000000000000e+00 0.000000000000000000e+00 0.000000000000000000e+00 0.000000000000000000e+00 4.642614344777342139e-01 0.000000000000000000e+00 0.000000000000000000e+00 0.000000000000000000e+00 3.977830846640161844e-01 4.065178064783597223e-01 0.000000000000000000e+00 0.000000000000000000e+00 4.471289213125846373e-01 4.543971030823930612e-01 5.988373589677750686e-02 0.000000000000000000e+00
0.000000000000000000e+00 0.000000000000000000e+00 0.000000000000000000e+00 0.000000000000000000e+00 4.629847574621343553e-01 0.000000000000000000e+00 0.000000000000000000e+00 0.000000000000000000e+00 4.061203909403311441e-01 4.116973076225221018e-01 0.000000000000000000e+00 0.000000000000000000e+00 4.611585614205160333e-01 4.666694366170096031e-01 6.941728723242353294e-02 0.000000000000000000e+00
0.000000000000000000e+00 0.000000000000000000e+00 0.000000000000000000e+00 0.000000000000000000e+00 4.561405045971857475e-01 0.000000000000000000e+00 0.000000000000000000e+00 0.000000000000000000e+00 4.023120691276284577e-01 4.103445936453729015e-01 0.000000000000000000e+00 0.000000000000000000e+00 4.668411240644047000e-01 4.737238887941840337e-01 7.927346192551397441e-02 0.000000000000000000e+00
0.000000000000000000e+00 0.000000000000000000e+00 0.000000000000000000e+00 0.000000000000000000e+00 4.554055931342050334e-01 0.000000000000000000e+00 0.000000000000000000e+00 0.000000000000000000e+00 4.013722331123375509e-01 4.079793089677362095e-01 0.000000000000000000e+00 0.000000000000000000e+00 4.639562511864989136e-01 4.707244128135277816e-01 7.586228096591814130e-02 0.000000000000000000e+00
0.000000000000000000e+00 0.000000000000000000e+00 0.000000000000000000e+00 0.000000000000000000e+00 4.634290974419719156e-01 0.000000000000000000e+00 0.000000000000000000e+00 0.000000000000000000e+00 3.982199881356995319e-01 4.063606818106483831e-01 0.000000000000000000e+00 0.000000000000000000e+00 4.546928950317593032e-01 4.629388911425925679e-01 6.646591498732618009e-02 0.000000000000000000e+00
0.000000000000000000e+00 0.000000000000000000e+00 0.000000000000000000e+00 0.000000000000000000e+00 4.699219293676159537e-01 0.000000000000000000e+00 0.000000000000000000e+00 0.000000000000000000e+00 4.006664277807884256e-01 4.107703135584137577e-01 0.000000000000000000e+00 0.000000000000000000e+00 4.647612103316822729e-01 4.738726218497468778e-01 7.281514436340012775e-02 0.000000000000000000e+00
0.000000000000000000e+00 0.000000000000000000e+00 0.000000000000000000e+00 0.000000000000000000e+00 4.689162504774579965e-01 0.000000000000000000e+00 0.000000000000000000e+00 0.000000000000000000e+00 3.940492961607807709e-01 4.051770798347074098e-01 0.000000000000000000e+00 0.000000000000000000e+00 4.623347073373761940e-01 4.716658824890864743e-01 7.207803303526617855e-02 0.000000000000000000e+00
0.000000000000000000e+00 0.000000000000000000e+00 0.000000000000000000e+00 0.000000000000000000e+00 4.725960199472759027e-01 0.000000000000000000e+00 0.000000000000000000e+00 0.000000000000000000e+00 3.984854264297609805e-01 4.043987818066757667e-01 0.000000000000000000e+00 0.000000000000000000e+00 4.672481644497720743e-01 4.712878839586083779e-01 7.574474542718782899e-02 0.000000000000000000e+00
0.000000000000000000e+00 0.000000000000000000e+00 0.000000000000000000e+00 0.000000000000000000e+00 4.709766793965368681e-01 0.000000000000000000e+00 0.000000000000000000e+00 0.000000000000000000e+00 4.080313854523083816e-01 4.145774453823858341e-01 0.000000000000000000e+00 0.000000000000000000e+00 4.607257727758129473e-01 4.641726061380244683e-01 7.773228876475314630e-02 0.000000000000000000e+00
0.000000000000000000e+00 0.000000000000000000e+00 0.000000000000000000e+00 0.000000000000000000e+00 4.448827755073305745e-01 0.000000000000000000e+00 0.000000000000000000e+00 0.000000000000000000e+00 4.013173182001029682e-01 4.066140277498546673e-01 0.000000000000000000e+00 0.000000000000000000e+00 4.626018504436135714e-01 4.667964067461676803e-01 7.374299330608248548e-02 0.000000000000000000e+00
0.000000000000000000e+00 0.000000000000000000e+00 0.000000000000000000e+00 0.000000000000000000e+00 4.670177421497226922e-01 0.000000000000000000e+00 0.000000000000000000e+00 0.000000000000000000e+00 4.022763913970830996e-01 4.105502204270018995e-01 0.000000000000000000e+00 0.000000000000000000e+00 4.612535061630602118e-01 4.680222328915188967e-01 7.459005869485545170e-02 0.000000000000000000e+00
0.000000000000000000e+00 0.000000000000000000e+00 0.000000000000000000e+00 0.000000000000000000e+00 4.669535193966293241e-01 0.000000000000000000e+00 0.000000000000000000e+00 0.000000000000000000e+00 3.989552862029088764e-01 4.047248606077278321e-01 0.000000000000000000e+00 0.000000000000000000e+00 4.535432396964641510e-01 4.576667793071929058e-01 6.559294411986538176e-02 0.000000000000000000e+00
0.000000000000000000e+00 0.000000000000000000e+00 0.000000000000000000e+00 0.000000000000000000e+00 4.590564255146167283e-01 0.000000000000000000e+00 0.000000000000000000e+00 0.000000000000000000e+00 3.971815445722799431e-01 4.020442344534504442e-01 0.000000000000000000e+00 0.000000000000000000e+00 4.646994941122100098e-01 4.687989591572579440e-01 7.513041241540280302e-02 0.000000000000000000e+00
0.000000000000000000e+00 0.000000000000000000e+00 0.000000000000000000e+00 0.000000000000000000e+00 4.636630281376600271e-01 0.000000000000000000e+00 0.000000000000000000e+00 0.000000000000000000e+00 4.024925618109961301e-01 4.110215933002839828e-01 0.000000000000000000e+00 0.000000000000000000e+00 4.752296828251039718e-01 4.831278428811343617e-01 8.069769405051623046e-02 0.000000000000000000e+00
0.000000000000000000e+00 0.000000000000000000e+00 0.000000000000000000e+00 0.000000000000000000e+00 4.619686831961983264e-01 0.000000000000000000e+00 0.000000000000000000e+00 0.000000000000000000e+00 3.989018045610181473e-01 4.065820888814035139e-01 0.000000000000000000e+00 0.000000000000000000e+00 4.645119746432760377e-01 4.702734852472920668e-01 7.791409971210597196e-02 0.000000000000000000e+00
0.000000000000000000e+00 0.000000000000000000e+00 0.000000000000000000e+00 0.000000000000000000e+00 4.648367739705461799e-01 0.000000000000000000e+00 0.000000000000000000e+00 0.000000000000000000e+00 4.020188774508702823e-01 4.105090522919436213e-01 0.000000000000000000e+00 0.000000000000000000e+00 4.573181908468058610e-01 4.651853093659291671e-01 7.124022378612818174e-02 0.000000000000000000e+00
0.000000000000000000e+00 0.000000000000000000e+00 0.000000000000000000e+00 0.000000000000000000e+00 4.618156932512706980e-01 0.000000000000000000e+00 0.000000000000000000e+00 0.000000000000000000e+00 3.983266550082899538e-01 4.059369452795169586e-01 0.000000000000000000e+00 0.000000000000000000e+00 4.640536908880064093e-01 4.710293511574451530e-01 7.626443832979078186e-02 0.000000000000000000e+00
0.000000000000000000e+00 0.000000000000000000e+00 0.000000000000000000e+00 0.000000000000000000e+00 4.679225598847402967e-01 0.000000000000000000e+00 0.000000000000000000e+00 0.000000000000000000e+00 3.989762294085165695e-01 4.064783864948754433e-01 0.000000000000000000e+00 0.000000000000000000e+00 4.581174678434707936e-01 4.644177363398875880e-01 7.327944951965961740e-02 0.000000000000000000e+00
0.000000000000000000e+00 0.000000000000000000e+00 0.000000000000000000e+00 0.000000000000000000e+00 4.535023456164130606e-01 0.000000000000000000e+00 0.000000000000000000e+00 0.000000000000000000e+00 4.018945869131670401e-01 4.103060499484895707e-01 0.000000000000000000e+00 0.000000000000000000e+00 4.536731357173643953e-01 4.605553740249586081e-01 6.895489756765052491e-02 0.000000000000000000e+00
0.000000000000000000e+00 0.000000000000000000e+00 0.000000000000000000e+00 0.000000000000000000e+00 4.545391391571073081e-01 0.000000000000000000e+00 0.000000000000000000e+00 0.000000000000000000e+00 3.993358211847051753e-01 4.082758786168231291e-01 0.000000000000000000e+00 0.000000000000000000e+00 4.591807837512382195e-01 4.669126666795384573e-01 7.553385541711388207e-02 0.000000000000000000e+00
0.000000000000000000e+00 0.000000000000000000e+00 0.000000000000000000e+00 0.000000000000000000e+00 4.639907275847667267e-01 0.000000000000000000e+00 0.000000000000000000e+00 0.000000000000000000e+00 4.077266758072313757e-01 4.168467253280707663e-01 0.000000000000000000e+00 0.000000000000000000e+00 4.618078029062050449e-01 4.698246880193818198e-01 7.679432355342306893e-02 0.000000000000000000e+00
0.000000000000000000e+00 0.000000000000000000e+00 0.000000000000000000e+00 0.000000000000000000e+00 4.630214339851626559e-01 0.000000000000000000e+00 0.000000000000000000e+00 0.000000000000000000e+00 3.973756686791819481e-01 4.013387439872289630e-01 0.000000000000000000e+00 0.000000000000000000e+00 4.714722451774090994e-01 4.738370775987676420e-01 7.888708089413420943e-02 0.000000000000000000e+00
0.000000000000000000e+00 0.000000000000000000e+00 0.000000000000000000e+00 0.000000000000000000e+00 4.672285357378164750e-01 0.000000000000000000e+00 0.000000000000000000e+00 0.000000000000000000e+00 4.025219087035197263e-01 4.085584775678715030e-01 0.000000000000000000e+00 0.000000000000000000e+00 4.666364153981687468e-01 4.735165965635869112e-01 7.669661781215833529e-02 0.000000000000000000e+00
0.000000000000000000e+00 0.000000000000000000e+00 0.000000000000000000e+00 0.000000000000000000e+00 4.669939590857034029e-01 0.000000000000000000e+00 0.000000000000000000e+00 0.000000000000000000e+00 4.043176779210336247e-01 4.101772199387225259e-01 0.000000000000000000e+00 0.000000000000000000e+00 4.604193850090484985e-01 4.651694739414854451e-01 7.567476799216113492e-02 0.000000000000000000e+00
0.000000000000000000e+00 0.000000000000000000e+00 0.000000000000000000e+00 0.000000000000000000e+00 4.597039613608355779e-01 0.000000000000000000e+00 0.000000000000000000e+00 0.000000000000000000e+00 3.988397692439123454e-01 4.074540041777045540e-01 0.000000000000000000e+00 0.000000000000000000e+00 4.572941417802454667e-01 4.643758185582771425e-01 6.859426636135305955e-02 0.000000000000000000e+00
0.000000000000000000e+00 0.000000000000000000e+00 0.000000000000000000e+00 0.000000000000000000e+00 4.604427299671158824e-01 0.000000000000000000e+00 0.000000000000000000e+00 0.000000000000000000e+00 4.091584634830728873e-01 4.190143866517671012e-01 0.000000000000000000e+00 0.000000000000000000e+00 4.588863057595232720e-01 4.674691953003204947e-01 7.757763197096993746e-02 0.000000000000000000e+00
0.000000000000000000e+00 0.000000000000000000e+00 0.000000000000000000e+00 0.000000000000000000e+00 4.571386128348583489e-01 0.000000000000000000e+00 0.000000000000000000e+00 0.000000000000000000e+00 4.038615072908907644e-01 4.108177207428490019e-01 0.000000000000000000e+00 0.000000000000000000e+00 4.550309024232060406e-01 4.625263346517025642e-01 6.810231033209748763e-02 0.000000000000000000e+00
0.000000000000000000e+00 0.000000000000000000e+00 0.000000000000000000e+00 0.000000000000000000e+00 4.629936731363094582e-01 0.000000000000000000e+00 0.000000000000000000e+00 0.000000000000000000e+00 4.071767903806872146e-01 4.114414590548348127e-01 0.000000000000000000e+00 0.000000000000000000e+00 4.651465632975054221e-01 4.683188246530321508e-01 7.661977424903625156e-02 0.000000000000000000e+00
0.000000000000000000e+00 0.000000000000000000e+00 0.000000000000000000e+00 0.000000000000000000e+00 4.600045049849802448e-01 0.000000000000000000e+00 0.000000000000000000e+00 0.000000000000000000e+00 4.076172301208309534e-01 4.145495963473683765e-01 0.000000000000000000e+00 0.000000000000000000e+00 4.636655570212911415e-01 4.702174128168706280e-01 8.075874138624594689e-02 0.000000000000000000e+00
0.000000000000000000e+00 0.000000000000000000e+00 0.000000000000000000e+00 0.000000000000000000e+00 4.605224765367203488e-01 0.000000000000000000e+00 0.000000000000000000e+00 0.000000000000000000e+00 3.939979791104084028e-01 4.098935652629281390e-01 0.000000000000000000e+00 0.000000000000000000e+00 4.507967479238683128e-01 4.653546403846482438e-01 7.082918018967240825e-02 0.000000000000000000e+00
0.000000000000000000e+00 0.000000000000000000e+00 0.000000000000000000e+00 0.000000000000000000e+00 4.641271357559830779e-01 0.000000000000000000e+00 0.000000000000000000e+00 0.000000000000000000e+00 4.078214043854670456e-01 4.128133920219173580e-01 0.000000000000000000e+00 0.000000000000000000e+00 4.707003123670204237e-01 4.741193296772228671e-01 8.290234288665748741e-02 0.000000000000000000e+00
0.000000000000000000e+00 0.000000000000000000e+00 0.000000000000000000e+00 0.000000000000000000e+00 4.689115155401160639e-01 0.000000000000000000e+00 0.000000000000000000e+00 0.000000000000000000e+00 3.990515931116898063e-01 4.045629706413468307e-01 0.000000000000000000e+00 0.000000000000000000e+00 4.674043203624680953e-01 4.725896276336791213e-01 7.639251717062857383e-02 0.000000000000000000e+00
0.000000000000000000e+00 0.000000000000000000e+00 0.000000000000000000e+00 0.000000000000000000e+00 4.619788211465172822e-01 0.000000000000000000e+00 0.000000000000000000e+00 0.000000000000000000e+00 4.110704966520627446e-01 4.165216699572165671e-01 0.000000000000000000e+00 0.000000000000000000e+00 4.647238222118856288e-01 4.698416881145891510e-01 7.944039450727456708e-02 0.000000000000000000e+00
0.000000000000000000e+00 0.000000000000000000e+00 0.000000000000000000e+00 0.000000000000000000e+00 4.692081027390785364e-01 0.000000000000000000e+00 0.000000000000000000e+00 0.000000000000000000e+00 4.034044629993488451e-01 4.089230138778462975e-01 0.000000000000000000e+00 0.000000000000000000e+00 4.616061374568522502e-01 4.664998989439335664e-01 7.294387472527361083e-02 0.000000000000000000e+00
0.000000000000000000e+00 0.000000000000000000e+00 0.000000000000000000e+00 0.000000000000000000e+00 4.590873428975515980e-01 0.000000000000000000e+00 0.000000000000000000e+00 0.000000000000000000e+00 4.066612133413776142e-01 4.156520096805625397e-01 0.000000000000000000e+00 0.000000000000000000e+00 4.572311792854574231e-01 4.659664137852063681e-01 7.449562408266580116e-02 0.000000000000000000e+00
0.000000000000000000e+00 0.000000000000000000e+00 0.000000000000000000e+00 0.000000000000000000e+00 4.634234319669230939e-01 0.000000000000000000e+00 0.000000000000000000e+00 0.000000000000000000e+00 4.091778164721961430e-01 4.177909755818236537e-01 0.000000000000000000e+00 0.000000000000000000e+00 4.652651678898683807e-01 4.735172698548934522e-01 7.914841826097275546e-02 0.000000000000000000e+00
0.000000000000000000e+00 0.000000000000000000e+00 0.000000000000000000e+00 0.000000000000000000e+00 4.647235192718527919e-01 0.000000000000000000e+00 0.000000000000000000e+00 0.000000000000000000e+00 4.076468899318351768e-01 4.156150178554598451e-01 0.000000000000000000e+00 0.000000000000000000e+00 4.498694352709871613e-01 4.563523391287412911e-01 7.025908628256631594e-02 0.000000000000000000e+00
0.000000000000000000e+00 0.000000000000000000e+00 0.000000000000000000e+00 0.000000000000000000e+00 4.839754065665174410e-01 0.000000000000000000e+00 0.000000000000000000e+00 0.000000000000000000e+00 4.026591143282874374e-01 4.078440801017829132e-01 0.000000000000000000e+00 0.000000000000000000e+00 4.644587138999133336e-01 4.675518019385340729e-01 7.492792668572828552e-02 0.000000000000000000e+00
0.000000000000000000e+00 0.000000000000000000e+00 0.000000000000000000e+00 0.000000000000000000e+00 4.630693046003938051e-01 0.000000000000000000e+00 0.000000000000000000e+00 0.000000000000000000e+00 3.994919877847515899e-01 4.074407892446196833e-01 0.000000000000000000e+00 0.000000000000000000e+00 4.542369897033087245e-01 4.613241913842609510e-01 6.950482399374773024e-02 0.000000000000000000e+00
0.000000000000000000e+00 0.000000000000000000e+00 0.000000000000000000e+00 0.000000000000000000e+00 4.549889456373586438e-01 0.000000000000000000e+00 0.000000000000000000e+00 0.000000000000000000e+00 3.945342388330824179e-01 4.029884351388931529e-01 0.000000000000000000e+00 0.000000000000000000e+00 4.537906939790463667e-01 4.612326911768308002e-01 6.773440208747268099e-02 0.000000000000000000e+00
0.000000000000000000e+00 0.000000000000000000e+00 0.000000000000000000e+00 0.000000000000000000e+00 4.664400421303543931e-01 0.000000000000000000e+00 0.000000000000000000e+00 0.000000000000000000e+00 4.038037301638957022e-01 4.164173037308311898e-01 0.000000000000000000e+00 0.000000000000000000e+00 4.556974444417780656e-01 4.680160917762302142e-01 6.883753974061063152e-02 0.000000000000000000e+00
0.000000000000000000e+00 0.000000000000000000e+00 0.000000000000000000e+00 0.000000000000000000e+00 4.650476984769186251e-01 0.000000000000000000e+00 0.000000000000000000e+00 0.000000000000000000e+00 4.065563176494620956e-01 4.129345125918592041e-01 0.000000000000000000e+00 0.000000000000000000e+00 4.654545952665300468e-01 4.711877419173832737e-01 7.298896226284905253e-02 0.000000000000000000e+00
0.000000000000000000e+00 0.000000000000000000e+00 0.000000000000000000e+00 0.000000000000000000e+00 4.744709743825396009e-01 0.000000000000000000e+00 0.000000000000000000e+00 0.000000000000000000e+00 3.910789917088742240e-01 4.008928321030824637e-01 0.000000000000000000e+00 0.000000000000000000e+00 4.594012067255666132e-01 4.687991521442445575e-01 6.869439089617218608e-02 0.000000000000000000e+00
0.000000000000000000e+00 0.000000000000000000e+00 0.000000000000000000e+00 0.000000000000000000e+00 4.647071169619141351e-01 0.000000000000000000e+00 0.000000000000000000e+00 0.000000000000000000e+00 4.099231687245545874e-01 4.172145478350334225e-01 0.000000000000000000e+00 0.000000000000000000e+00 4.661746912664042064e-01 4.730479610741220031e-01 7.564096335097912627e-02 0.000000000000000000e+00
0.000000000000000000e+00 0.000000000000000000e+00 0.000000000000000000e+00 0.000000000000000000e+00 4.686729907421253172e-01 0.000000000000000000e+00 0.000000000000000000e+00 0.000000000000000000e+00 4.068991583707085580e-01 4.164515926422266978e-01 0.000000000000000000e+00 0.000000000000000000e+00 4.697421608599824383e-01 4.788237010195912080e-01 7.729950686677396210e-02 0.000000000000000000e+00
0.000000000000000000e+00 0.000000000000000000e+00 0.000000000000000000e+00 0.000000000000000000e+00 4.561450880505787953e-01 0.000000000000000000e+00 0.000000000000000000e+00 0.000000000000000000e+00 4.004138392485154241e-01 4.019639642297711535e-01 0.000000000000000000e+00 0.000000000000000000e+00 4.625410548815865885e-01 4.627605423880561952e-01 7.472091069093492188e-02 0.000000000000000000e+00
0.000000000000000000e+00 0.000000000000000000e+00 0.000000000000000000e+00 0.000000000000000000e+00 4.630545119428541301e-01 0.000000000000000000e+00 0.000000000000000000e+00 0.000000000000000000e+00 3.973190951868629250e-01 4.095055982814105322e-01 0.000000000000000000e+00 0.000000000000000000e+00 4.616882620651758806e-01 4.729459666047983180e-01 7.381145486435825021e-02 0.000000000000000000e+00
0.000000000000000000e+00 0.000000000000000000e+00 0.000000000000000000e+00 0.000000000000000000e+00 4.687532554357818348e-01 0.000000000000000000e+00 0.000000000000000000e+00 0.000000000000000000e+00 3.998329991691588758e-01 4.089488087119102500e-01 0.000000000000000000e+00 0.000000000000000000e+00 4.552358848977002270e-01 4.631547296642447020e-01 6.371947312867606850e-02 0.000000000000000000e+00
0.000000000000000000e+00 0.000000000000000000e+00 0.000000000000000000e+00 0.000000000000000000e+00 4.656031795782715199e-01 0.000000000000000000e+00 0.000000000000000000e+00 0.000000000000000000e+00 3.965279484167150703e-01 4.053452611565205865e-01 0.000000000000000000e+00 0.000000000000000000e+00 4.506694742532967313e-01 4.588433959940318996e-01 6.245539190479032499e-02 0.000000000000000000e+00
0.000000000000000000e+00 0.000000000000000000e+00 0.000000000000000000e+00 0.000000000000000000e+00 4.559689264824519639e-01 0.000000000000000000e+00 0.000000000000000000e+00 0.000000000000000000e+00 3.963621716231646164e-01 4.055065681977325087e-01 0.000000000000000000e+00 0.000000000000000000e+00 4.633962205647176869e-01 4.715186352131832126e-01 6.906786328482873716e-02 0.000000000000000000e+00
0.000000000000000000e+00 0.000000000000000000e+00 0.000000000000000000e+00 0.000000000000000000e+00 4.656390777175064000e-01 0.000000000000000000e+00 0.000000000000000000e+00 0.000000000000000000e+00 4.035601987096048560e-01 4.140694264327289820e-01 0.000000000000000000e+00 0.000000000000000000e+00 4.576401595137912226e-01 4.665394686647181266e-01 6.934392399197297774e-02 0.000000000000000000e+00
0.000000000000000000e+00 0.000000000000000000e+00 0.000000000000000000e+00 0.000000000000000000e+00 4.659976018226164585e-01 0.000000000000000000e+00 0.000000000000000000e+00 0.000000000000000000e+00 4.047352987003599578e-01 4.133796764616033403e-01 0.000000000000000000e+00 0.000000000000000000e+00 4.627754165223578742e-01 4.707942619728636147e-01 7.725115533747352325e-02 0.000000000000000000e+00
0.000000000000000000e+00 0.000000000000000000e+00 0.000000000000000000e+00 0.000000000000000000e+00 4.597093111772110330e-01 0.000000000000000000e+00 0.000000000000000000e+00 0.000000000000000000e+00 4.003543116714551320e-01 4.076979844776180695e-01 0.000000000000000000e+00 0.000000000000000000e+00 4.520192878798482417e-01 4.583244678470611566e-01 6.505252341320943987e-02 0.000000000000000000e+00
0.000000000000000000e+00 0.000000000000000000e+00 0.000000000000000000e+00 0.000000000000000000e+00 4.529423870810593833e-01 0.000000000000000000e+00 0.000000000000000000e+00 0.000000000000000000e+00 3.965214573893407479e-01 4.033761152407827622e-01 0.000000000000000000e+00 0.000000000000000000e+00 4.647461000322785085e-01 4.708904918781691706e-01 7.880567796594950547e-02 0.000000000000000000e+00
0.000000000000000000e+00 0.000000000000000000e+00 0.000000000000000000e+00 0.000000000000000000e+00 4.565724321103009076e-01 0.000000000000000000e+00 0.000000000000000000e+00 0.000000000000000000e+00 4.024313275202808793e-01 4.064406892312221742e-01 0.000000000000000000e+00 0.000000000000000000e+00 4.631304369299782953e-01 4.652064757326168642e-01 7.184617911280594127e-02 0.000000000000000000e+00
0.000000000000000000e+00 0.000000000000000000e+00 0.000000000000000000e+00 0.000000000000000000e+00 4.556742036624594760e-01 0.000000000000000000e+00 0.000000000000000000e+00 0.000000000000000000e+00 3.996124714191167659e-01 4.043371979278936323e-01 0.000000000000000000e+00 0.000000000000000000e+00 4.624624829916861857e-01 4.664738333740938714e-01 7.129744697391722508e-02 0.000000000000000000e+00
0.000000000000000000e+00 0.000000000000000000e+00 0.000000000000000000e+00 0.000000000000000000e+00 4.691151404000472036e-01 0.000000000000000000e+00 0.000000000000000000e+00 0.000000000000000000e+00 4.035644127237171253e-01 4.111129289291129418e-01 0.000000000000000000e+00 0.000000000000000000e+00 4.552178870547380352e-01 4.617875388964756689e-01 7.380241850052379760e-02 0.000000000000000000e+00
0.000000000000000000e+00 0.000000000000000000e+00 0.000000000000000000e+00 0.000000000000000000e+00 4.706135761141665430e-01 0.000000000000000000e+00 0.000000000000000000e+00 0.000000000000000000e+00 4.020958178347525114e-01 4.077440974269720408e-01 0.000000000000000000e+00 0.000000000000000000e+00 4.594840398809268422e-01 4.633852474071196714e-01 7.154701662024252895e-02 0.000000000000000000e+00
0.000000000000000000e+00 0.000000000000000000e+00 0.000000000000000000e+00 0.000000000000000000e+00 4.551937781966005070e-01 0.000000000000000000e+00 0.000000000000000000e+00 0.000000000000000000e+00 3.995468048812012563e-01 4.077175162087272042e-01 0.000000000000000000e+00 0.000000000000000000e+00 4.644174687265188450e-01 4.716831022270056017e-01 7.647686934976048734e-02 0.000000000000000000e+00
0.000000000000000000e+00 0.000000000000000000e+00 0.000000000000000000e+00 0.000000000000000000e+00 4.721849132444105868e-01 0.000000000000000000e+00 0.000000000000000000e+00 0.000000000000000000e+00 4.006593255450394686e-01 4.098954155947555633e-01 0.000000000000000000e+00 0.000000000000000000e+00 4.799544667227837458e-01 4.894223117975975978e-01 8.198398145554998406e-02 0.000000000000000000e+00
0.000000000000000000e+00 0.000000000000000000e+00 0.000000000000000000e+00 0.000000000000000000e+00 4.676118738805426500e-01 0.000000000000000000e+00 0.000000000000000000e+00 0.000000000000000000e+00 4.083831956811652675e-01 4.109334487802244751e-01 0.000000000000000000e+00 0.000000000000000000e+00 4.712747201408676312e-01 4.729043613584123507e-01 7.624745574508975943e-02 0.000000000000000000e+00
0.000000000000000000e+00 0.000000000000000000e+00 0.000000000000000000e+00 0.000000000000000000e+00 4.661517134832119935e-01 0.000000000000000000e+00 0.000000000000000000e+00 0.000000000000000000e+00 4.027938752154285318e-01 4.103160987152854600e-01 0.000000000000000000e+00 0.000000000000000000e+00 4.577167483811958593e-01 4.638858260881160156e-01 7.340175521518139956e-02 0.000000000000000000e+00
0.000000000000000000e+00 0.000000000000000000e+00 0.000000000000000000e+00 0.000000000000000000e+00 4.558913072928741927e-01 0.000000000000000000e+00 0.000000000000000000e+00 0.000000000000000000e+00 3.972744460397410471e-01 4.005885960029374471e-01 0.000000000000000000e+00 0.000000000000000000e+00 4.592778792177439340e-01 4.630531738378564910e-01 6.884246708135516313e-02 0.000000000000000000e+00
0.000000000000000000e+00 0.000000000000000000e+00 0.000000000000000000e+00 0.000000000000000000e+00 4.582365366302511012e-01 0.000000000000000000e+00 0.000000000000000000e+00 0.000000000000000000e+00 3.975903666531538372e-01 4.085517561309970347e-01 0.000000000000000000e+00 0.000000000000000000e+00 4.450966123847214795e-01 4.542233643935198462e-01 6.366495626148833964e-02 0.000000000000000000e+00
0.000000000000000000e+00 0.000000000000000000e+00 0.000000000000000000e+00 0.000000000000000000e+00 4.634849493226361195e-01 0.000000000000000000e+00 0.000000000000000000e+00 0.000000000000000000e+00 4.010338046904831089e-01 4.063674135186826630e-01 0.000000000000000000e+00 0.000000000000000000e+00 4.676860897488778201e-01 4.724103091250465014e-01 7.550345515443458722e-02 0.000000000000000000e+00
0.000000000000000000e+00 0.000000000000000000e+00 0.000000000000000000e+00 0.000000000000000000e+00 4.413391349665098939e-01 0.000000000000000000e+00 0.000000000000000000e+00 0.000000000000000000e+00 3.991059757598990343e-01 4.100712578678383791e-01 0.000000000000000000e+00 0.000000000000000000e+00 4.603541612666317007e-01 4.695616309154027612e-01 7.619594003382615388e-02 0.000000000000000000e+00
0.000000000000000000e+00 0.000000000000000000e+00 0.000000000000000000e+00 0.000000000000000000e+00 4.675106813873549094e-01 0.000000000000000000e+00 0.000000000000000000e+00 0.000000000000000000e+00 4.036389548057802146e-01 4.102555570237267357e-01 0.000000000000000000e+00 0.000000000000000000e+00 4.558065979472681328e-01 4.615071761215784329e-01 6.746311904630035439e-02 0.000000000000000000e+00
0.000000000000000000e+00 0.000000000000000000e+00 0.000000000000000000e+00 0.000000000000000000e+00 4.654725351386958532e-01 0.000000000000000000e+00 0.000000000000000000e+00 0.000000000000000000e+00 4.020494009770013699e-01 4.145912953743867146e-01 0.000000000000000000e+00 0.000000000000000000e+00 4.674080459291417577e-01 4.793257149661266925e-01 8.362348774579642097e-02 0.000000000000000000e+00
0.000000000000000000e+00 0.000000000000000000e+00 0.000000000000000000e+00 0.000000000000000000e+00 4.757470253032722862e-01 0.000000000000000000e+00 0.000000000000000000e+00 0.000000000000000000e+00 4.058546097034137490e-01 4.125846161518007538e-01 0.000000000000000000e+00 0.000000000000000000e+00 4.710351815962831035e-01 4.773884121609670017e-01 7.987269190244937478e-02 0.000000000000000000e+00
0.000000000000000000e+00 0.000000000000000000e+00 0.000000000000000000e+00 0.000000000000000000e+00 4.660498213997492090e-01 0.000000000000000000e+00 0.000000000000000000e+00 0.000000000000000000e+00 4.043905583722195995e-01 4.113666139197736382e-01 0.000000000000000000e+00 0.000000000000000000e+00 4.595364882183984312e-01 4.654801809476248331e-01 7.594919037331783473e-02 0.000000000000000000e+00
0.000000000000000000e+00 0.000000000000000000e+00 0.000000000000000000e+00 0.000000000000000000e+00 4.590960472190180885e-01 0.000000000000000000e+00 0.000000000000000000e+00 0.000000000000000000e+00 3.983810558239285760e-01 4.080024528891159075e-01 0.000000000000000000e+00 0.000000000000000000e+00 4.538432517602004057e-01 4.620768956643472869e-01 7.112106914843163707e-02 0.000000000000000000e+00
0.000000000000000000e+00 0.000000000000000000e+00 0.000000000000000000e+00 0.000000000000000000e+00 4.515543955652536745e-01 0.000000000000000000e+00 0.000000000000000000e+00 0.000000000000000000e+00 3.990821077904970204e-01 4.058454595703019363e-01 0.000000000000000000e+00 0.000000000000000000e+00 4.653725285975620629e-01 4.711435354861675529e-01 7.314303438133192004e-02 0.000000000000000000e+00
0.000000000000000000e+00 0.000000000000000000e+00 0.000000000000000000e+00 0.000000000000000000e+00 4.565003467442274587e-01 0.000000000000000000e+00 0.000000000000000000e+00 0.000000000000000000e+00 4.024823844398793815e-01 4.087620195609975582e-01 0.000000000000000000e+00 0.000000000000000000e+00 4.681957887089122639e-01 4.735651087816064586e-01 7.977064616234627592e-02 0.000000000000000000e+00
0.000000000000000000e+00 0.000000000000000000e+00 0.000000000000000000e+00 0.000000000000000000e+00 4.629293621115009860e-01 0.000000000000000000e+00 0.000000000000000000e+00 0.000000000000000000e+00 4.000391332001282940e-01 4.040324928109241265e-01 0.000000000000000000e+00 0.000000000000000000e+00 4.644071686368080321e-01 4.675472546385426309e-01 6.545497934457299161e-02 0.000000000000000000e+00
0.000000000000000000e+00 0.000000000000000000e+00 0.000000000000000000e+00 0.000000000000000000e+00 4.577271175936951653e-01 0.000000000000000000e+00 0.000000000000000000e+00 0.000000000000000000e+00 4.059301256130105062e-01 4.139396810965572104e-01 0.000000000000000000e+00 0.000000000000000000e+00 4.662013212179912380e-01 4.728940768741977663e-01 8.240090534880080420e-02 0.000000000000000000e+00
0.000000000000000000e+00 0.000000000000000000e+00 0.000000000000000000e+00 0.000000000000000000e+00 4.721697866840072200e-01 0.000000000000000000e+00 0.000000000000000000e+00 0.000000000000000000e+00 4.016899046685887265e-01 4.123443288382683258e-01 0.000000000000000000e+00 0.000000000000000000e+00 4.529992200833143356e-01 4.633660924847909368e-01 6.518671370374772012e-02 0.000000000000000000e+00
0.000000000000000000e+00 0.000000000000000000e+00 0.000000000000000000e+00 0.000000000000000000e+00 4.685533965738007955e-01 0.000000000000000000e+00 0.000000000000000000e+00 0.000000000000000000e+00 4.040263379463127080e-01 4.129150122568525094e-01 0.000000000000000000e+00 0.000000000000000000e+00 4.768814212282669884e-01 4.862869680095476266e-01 7.773013797258712665e-02 0.000000000000000000e+00
0.000000000000000000e+00 0.000000000000000000e+00 0.000000000000000000e+00 0.000000000000000000e+00 4.633540583464503815e-01 0.000000000000000000e+00 0.000000000000000000e+00 0.000000000000000000e+00 3.994173504923215767e-01 4.081289209970531129e-01 0.000000000000000000e+00 0.000000000000000000e+00 4.647341434569496887e-01 4.736117528863386661e-01 7.144653155725939897e-02 0.000000000000000000e+00
0.000000000000000000e+00 0.000000000000000000e+00 0.000000000000000000e+00 0.000000000000000000e+00 4.727512149211970938e-01 0.000000000000000000e+00 0.000000000000000000e+00 0.000000000000000000e+00 4.088021806960322468e-01 4.146601357656600761e-01 0.000000000000000000e+00 0.000000000000000000e+00 4.683401769907094558e-01 4.738729573561800135e-01 7.540942154068584757e-02 0.000000000000000000e+00
0.000000000000000000e+00 0.000000000000000000e+00 0.000000000000000000e+00 0.000000000000000000e+00 4.596332941042453046e-01 0.000000000000000000e+00 0.000000000000000000e+00 0.000000000000000000e+00 4.063006670847514878e-01 4.164010364397672248e-01 0.000000000000000000e+00 0.000000000000000000e+00 4.482052687508198963e-01 4.565405048576314795e-01 6.923215464819713894e-02 0.000000000000000000e+00
0.000000000000000000e+00 0.000000000000000000e+00 0.000000000000000000e+00 0.000000000000000000e+00 4.730157805156208206e-01 0.000000000000000000e+00 0.000000000000000000e+00 0.000000000000000000e+00 3.989655739201649620e-01 4.049446383977642339e-01 0.000000000000000000e+00 0.000000000000000000e+00 4.567260507469317332e-01 4.626551538662557195e-01 6.610528427585121714e-02 0.000000000000000000e+00
0.000000000000000000e+00 0.000000000000000000e+00 0.000000000000000000e+00 0.000000000000000000e+00 4.693741714442651869e-01 0.000000000000000000e+00 0.000000000000000000e+00 0.000000000000000000e+00 4.082122462779146366e-01 4.157583191542103540e-01 0.000000000000000000e+00 0.000000000000000000e+00 4.558450912997039084e-01 4.618688389746437029e-01 7.229736254054534850e-02 0.000000000000000000e+00
