# 'name' : 'rogers_a02_b00_d00_g03'
# 'source' : 'rogers_a02_b00_d00_g03.yaml'
# 'sample_pops' : ['X', 'D', 'Y', 'N']
# 'sample_size' : 1
# 'n_reps' : 100
# 'n_windows' : 200
# 'seq_length' : 100000000.0
# 'window_length' : 500000.0
# 'recomb_rate' : 1e-08
# 'mut_rate' : 1e-08
# 'created' : None
1.785177749087881230e-04 1.474003559362822976e-04 9.176818587509222042e-04 7.531474922388336959e-04
1.727482358969396436e-04 1.496266861593469044e-04 9.383784363798229220e-04 7.447053571837710783e-04
1.762770444011141802e-04 1.569861702107327333e-04 9.244867408722725732e-04 7.877639603537433871e-04
1.814291792083324868e-04 1.500462221836960897e-04 9.360215623171955083e-04 7.514027614543476816e-04
1.778318047811436211e-04 1.543692519731190585e-04 9.358098618865703716e-04 7.631030166019375999e-04
1.734999725656546118e-04 1.489567620413504876e-04 9.300653174800146018e-04 7.581735826875770148e-04
1.717279473749892935e-04 1.515275443810663088e-04 9.322246372724265042e-04 7.735886816790108400e-04
1.778401335758853701e-04 1.527896038485169962e-04 9.204116786612364688e-04 7.569521415709712809e-04
1.708001854846156542e-04 1.444757835883971324e-04 9.305688045885844497e-04 7.569916396644893897e-04
1.808461646825130110e-04 1.552058998044321110e-04 9.319677199094982423e-04 7.591184736980872982e-04
1.796824244280696128e-04 1.516464097680749856e-04 9.463103542785389170e-04 7.648472947590369796e-04
1.734039293931874165e-04 1.480260183271539715e-04 9.215399406422477690e-04 7.502185137911299541e-04
1.755534023520871991e-04 1.510006222665254551e-04 9.270434954392416148e-04 7.743549683743318869e-04
1.753190749601465221e-04 1.482583751899314937e-04 9.397593270494544390e-04 7.898892270394989625e-04
1.780667303987909273e-04 1.480397642005560092e-04 9.263526907777399916e-04 7.925392069183075571e-04
1.774534401482783354e-04 1.449623943705639548e-04 9.256870983802755132e-04 7.701562460677818496e-04
1.774920073300618919e-04 1.536716068487726486e-04 9.322793073213372656e-04 7.761467602897238836e-04
1.849637496853382876e-04 1.536195781640486134e-04 9.209832086876843221e-04 7.806685348771877754e-04
1.771576248274218154e-04 1.498789210351404255e-04 9.234938171376759399e-04 7.940058078212481251e-04
1.759198085182917806e-04 1.545503332290531454e-04 9.150583761014370555e-04 7.744992237268055269e-04
1.777038171268871254e-04 1.541455703792491848e-04 9.201715293161702230e-04 7.499624388902554782e-04
1.792854382513869784e-04 1.535152993091774961e-04 9.230659143474467549e-04 7.578252495817891033e-04
1.787476122713586282e-04 1.514487093654811136e-04 9.286503231596092553e-04 7.800278030667005726e-04
1.728273902537924610e-04 1.434918570253946473e-04 9.265480719906333098e-04 7.569554674684345324e-04
1.775016922124287005e-04 1.464117279747737422e-04 9.356921937398032926e-04 7.546950801855015732e-04
1.713202842265303387e-04 1.516799868931122304e-04 9.327208474841885673e-04 7.540420034983430150e-04
1.715925304044918455e-04 1.506134779889091576e-04 9.037822180934616942e-04 7.660181778671802232e-04
1.798416489261403636e-04 1.622773717239614857e-04 9.146217744925715402e-04 7.605421538650041901e-04
1.760152877713906346e-04 1.509719987007873405e-04 9.219915068815561941e-04 7.639345686326200159e-04
1.752077714139668621e-04 1.533078195356786739e-04 9.323693795144029264e-04 7.872459749420837724e-04
1.806356275728750768e-04 1.601727370991290857e-04 9.288319717963457308e-04 7.507958605966838245e-04
1.781929048596518378e-04 1.495815414744097196e-04 9.160104456996463317e-04 7.322003325622806818e-04
1.779782137461446403e-04 1.550221925224995641e-04 9.276670155878363267e-04 7.477681461703638991e-04
1.794269878192961414e-04 1.499630457865768146e-04 9.177394314186155568e-04 7.708300804008313013e-04
1.795645096723537501e-04 1.543511221275296874e-04 9.280639862397445155e-04 7.585247053695708076e-04
1.788982541187199163e-04 1.518181854064324374e-04 9.177921414197674549e-04 7.574945232006928889e-04
1.789102839950466970e-04 1.537407726357133857e-04 9.144638787586494141e-04 7.772858586822936275e-04
1.826054626747525321e-04 1.550885959577854841e-04 9.217774528346685606e-04 7.652318167699219929e-04
1.769068983539241855e-04 1.479168822586790619e-04 9.138643255278446065e-04 7.640564556123780569e-04
1.756941879986168660e-04 1.589624028028608770e-04 9.205457751590157955e-04 7.398929105753972255e-04
1.732100394765856324e-04 1.512189480651641635e-04 9.139989819279396334e-04 7.581684688855137855e-04
1.751009940863860711e-04 1.548818841398681939e-04 9.203520980138553192e-04 7.689683100438958040e-04
1.767497372651124295e-04 1.504794170177422717e-04 9.271503900016213415e-04 7.765954860328498589e-04
1.789090009918977168e-04 1.503375761343603875e-04 9.000254319609926265e-04 7.717844431837716590e-04
1.776596710290573398e-04 1.539867389146720429e-04 9.229048567622839469e-04 7.867291979242026440e-04
1.741064007090516229e-04 1.589977019239324394e-04 9.101407477625649044e-04 7.649447909960604671e-04
1.784994998914068195e-04 1.546507486975053785e-04 9.048713576640431480e-04 7.603322297307575943e-04
1.828237805911537889e-04 1.409373024940384941e-04 9.231925031118529395e-04 7.738937382208533689e-04
1.750917298693394129e-04 1.562797954440179715e-04 9.101597638438207799e-04 7.506936198340581883e-04
1.732465464204096801e-04 1.516515502368799464e-04 9.252572328274332987e-04 7.489005547045503482e-04
1.751445578438605845e-04 1.540876407399775858e-04 8.984414833323834879e-04 7.563271489653120884e-04
1.730580125917971480e-04 1.535375972082974401e-04 9.223141537139785363e-04 7.677148605432855717e-04
1.768858573197208011e-04 1.480348794357365134e-04 9.104354660934764433e-04 7.707413370223191494e-04
1.748767667254109688e-04 1.484558164932752811e-04 9.072769681136721737e-04 7.590438199920772127e-04
1.805760267956190552e-04 1.546616994597397503e-04 8.984506461131892829e-04 7.823057271441334918e-04
1.700098275731485372e-04 1.501263868595513571e-04 9.171838290459951746e-04 7.605166392894596207e-04
1.789205623342604297e-04 1.524465741228755262e-04 9.212512968781078103e-04 7.718091347114093819e-04
1.795621575859084062e-04 1.532729151403274285e-04 9.317964361860001142e-04 7.676114545607020875e-04
1.803167377273495048e-04 1.450189653015552822e-04 9.102523756681690564e-04 7.704063401939124922e-04
1.703302736787273624e-04 1.498406337307355474e-04 9.148643165418527757e-04 7.643256865550143893e-04
1.762166377074468886e-04 1.431499885284770869e-04 9.494564264824044029e-04 7.699419745831217847e-04
1.739167117945498216e-04 1.509297179066796920e-04 9.135277144509909054e-04 7.624394211882932907e-04
1.749645756655612817e-04 1.459784671262522341e-04 9.146852183264123299e-04 7.524072099291331805e-04
1.754129049741646779e-04 1.654114862393501269e-04 9.207999123525208206e-04 7.545042356510453605e-04
1.802713113306403272e-04 1.472444086651868026e-04 9.234559771630698613e-04 7.572812931312760364e-04
1.814406483551098863e-04 1.528099674041403090e-04 9.220969770714533293e-04 7.694636937738518053e-04
1.765392061400969067e-04 1.484294756873279317e-04 9.331645503609173201e-04 7.877326576186754158e-04
1.793464971225389756e-04 1.518135351959370386e-04 9.330669769229997176e-04 7.575708383253130845e-04
1.757803288137468206e-04 1.450790826203189501e-04 9.173448334557843730e-04 7.698698404678851323e-04
1.743424029707047298e-04 1.489554915571844281e-04 9.050695986869862616e-04 7.616247006613261839e-04
1.775272565714349654e-04 1.547052478924505617e-04 9.167597605592743689e-04 7.812266896074480677e-04
1.846083132693169052e-04 1.603542871328501873e-04 9.179866626309252575e-04 7.493796149656349430e-04
1.745941126587749709e-04 1.584379736422708801e-04 9.257259815135358838e-04 7.645085868370080301e-04
1.748366782883013304e-04 1.579443661992663631e-04 9.264476525051545648e-04 7.609461514299453808e-04
1.767094366353171681e-04 1.508102296701798752e-04 9.075762613399089140e-04 7.754527158421384292e-04
1.710290975541985570e-04 1.506352321060498310e-04 9.288637167357413280e-04 7.730594897699383499e-04
1.775465432183732483e-04 1.527943978196943562e-04 9.207740489625380886e-04 7.554079762822460582e-04
1.747232700545761684e-04 1.439836632241794131e-04 9.405820258198034634e-04 7.392871276468633871e-04
1.687265472795484588e-04 1.572666456166674220e-04 9.117630199312803723e-04 7.540891459254766682e-04
1.764078429863046287e-04 1.510212896338351070e-04 9.233900848450697250e-04 7.769710079651738748e-04
1.802078872313639163e-04 1.643177676739850145e-04 9.279168273002260303e-04 7.662462846969451047e-04
1.791851315255719545e-04 1.464912356753475683e-04 9.275473721339522627e-04 7.936323277707704391e-04
1.762367067235273265e-04 1.541862785220512923e-04 9.236007309475273387e-04 7.485664831864254293e-04
1.871304208368155695e-04 1.556266631526408639e-04 9.173524393577901347e-04 7.576625962086151224e-04
1.732506491141660738e-04 1.501106076050372857e-04 9.206989012906826707e-04 7.852625019657838304e-04
1.798627071501991085e-04 1.435391203434034375e-04 9.096113726953325516e-04 7.430128026647386374e-04
1.764095514659159666e-04 1.506710341005880569e-04 9.106088191663814623e-04 7.403229325689312211e-04
1.697219588539859941e-04 1.485851697551664001e-04 9.150426746946357980e-04 7.733237219217703245e-04
1.798878960965010322e-04 1.499725603025117238e-04 9.226489725094616122e-04 7.718425911849076827e-04
1.819449354967257845e-04 1.565237729287718407e-04 9.230264226823809261e-04 7.536127654750442119e-04
1.769700582197178190e-04 1.560828540531048901e-04 9.118081276788700352e-04 7.438087737841958882e-04
1.724635441670262508e-04 1.549131744273995928e-04 9.275896724557166923e-04 7.660115709956341655e-04
1.768119682323677339e-04 1.518283044141824302e-04 9.099621809305920685e-04 7.587854232612710774e-04
1.790296479123562904e-04 1.460448373917380498e-04 9.132708593315729028e-04 7.759463307298741655e-04
1.744418438415783516e-04 1.456382612035831943e-04 9.216426291275554676e-04 7.407836627394559373e-04
1.742585920082411735e-04 1.474807104590703899e-04 9.265163035730833961e-04 7.599785907880854657e-04
1.730726019489351949e-04 1.506575753642439648e-04 9.065269839807945772e-04 7.609581917685577946e-04
1.794768880744593222e-04 1.509246963994099609e-04 9.055193805686951843e-04 7.872985970064549834e-04
1.715097223953677009e-04 1.508493228338345538e-04 9.296222760548976480e-04 7.790696791426185170e-04
1.758579461910765465e-04 1.494631196856846100e-04 9.035374964793198337e-04 7.715651829782919045e-04
