# 'name' : 'rogers_a02_b00_d00_g03'
# 'source' : 'rogers_a02_b00_d00_g03.yaml'
# 'sample_pops' : ['X', 'D', 'Y', 'N']
# 'sample_size' : 1
# 'n_reps' : 100
# 'n_windows' : 200
# 'seq_length' : 100000000.0
# 'window_length' : 500000.0
# 'recomb_rate' : 1e-08
# 'mut_rate' : 1e-08
# 'created' : None
0.000000000000000000e+00 0.000000000000000000e+00 0.000000000000000000e+00 0.000000000000000000e+00 4.412157279705194329e-04 0.000000000000000000e+00 0.000000000000000000e+00 0.000000000000000000e+00 1.271262947754392110e-03 1.267101483967793219e-03 0.000000000000000000e+00 0.000000000000000000e+00 1.255959073226583719e-03 1.245477947017722313e-03 9.678778017464793361e-04 0.000000000000000000e+00
0.000000000000000000e+00 0.000000000000000000e+00 0.000000000000000000e+00 0.000000000000000000e+00 4.412586930773040807e-04 0.000000000000000000e+00 0.000000000000000000e+00 0.000000000000000000e+00 1.274510817789996277e-03 1.269900457075994697e-03 0.000000000000000000e+00 0.000000000000000000e+00 1.256108352245847212e-03 1.244554730080010265e-03 9.696019728070619584e-04 0.000000000000000000e+00
0.000000000000000000e+00 0.000000000000000000e+00 0.000000000000000000e+00 0.000000000000000000e+00 4.386347849887688947e-04 0.000000000000000000e+00 0.000000000000000000e+00 0.000000000000000000e+00 1.269778475510834103e-03 1.264604637254572147e-03 0.000000000000000000e+00 0.000000000000000000e+00 1.249995417190022167e-03 1.238929962844576797e-03 9.638739065860196537e-04 0.000000000000000000e+00
0.000000000000000000e+00 0.000000000000000000e+00 0.000000000000000000e+00 0.000000000000000000e+00 4.384949074765506034e-04 0.000000000000000000e+00 0.000000000000000000e+00 0.000000000000000000e+00 1.276367618157954117e-03 1.271662379265567095e-03 0.000000000000000000e+00 0.000000000000000000e+00 1.251953592935448663e-03 1.241425240308234243e-03 9.757011772778177933e-04 0.000000000000000000e+00
0.000000000000000000e+00 0.000000000000000000e+00 0.000000000000000000e+00 0.000000000000000000e+00 4.439343537121104321e-04 0.000000000000000000e+00 0.000000000000000000e+00 0.000000000000000000e+00 1.281356723397525897e-03 1.273868393754251475e-03 0.000000000000000000e+00 0.000000000000000000e+00 1.261968960471458257e-03 1.248727539111712560e-03 9.740829408253444182e-04 0.000000000000000000e+00
0.000000000000000000e+00 0.000000000000000000e+00 0.000000000000000000e+00 0.000000000000000000e+00 4.385061331545817812e-04 0.000000000000000000e+00 0.000000000000000000e+00 0.000000000000000000e+00 1.279246886982211579e-03 1.273968463732051779e-03 0.000000000000000000e+00 0.000000000000000000e+00 1.257755760077179739e-03 1.247576359280055166e-03 9.680176225416990167e-04 0.000000000000000000e+00
0.000000000000000000e+00 0.000000000000000000e+00 0.000000000000000000e+00 0.000000000000000000e+00 4.468807528166956772e-04 0.000000000000000000e+00 0.000000000000000000e+00 0.000000000000000000e+00 1.274741580671636667e-03 1.266520792261291439e-03 0.000000000000000000e+00 0.000000000000000000e+00 1.262378831153918024e-03 1.251432043812292791e-03 9.592329416699609413e-04 0.000000000000000000e+00
0.000000000000000000e+00 0.000000000000000000e+00 0.000000000000000000e+00 0.000000000000000000e+00 4.485285947876750711e-04 0.000000000000000000e+00 0.000000000000000000e+00 0.000000000000000000e+00 1.275219360335520065e-03 1.270451255587325742e-03 0.000000000000000000e+00 0.000000000000000000e+00 1.263417581618733829e-03 1.253323371703104691e-03 9.604500549337527046e-04 0.000000000000000000e+00
0.000000000000000000e+00 0.000000000000000000e+00 0.000000000000000000e+00 0.000000000000000000e+00 4.490459397790819412e-04 0.000000000000000000e+00 0.000000000000000000e+00 0.000000000000000000e+00 1.272229582609847890e-03 1.263194341166295120e-03 0.000000000000000000e+00 0.000000000000000000e+00 1.252682654245545731e-03 1.238117839295508477e-03 9.684169528557459586e-04 0.000000000000000000e+00
0.000000000000000000e+00 0.000000000000000000e+00 0.000000000000000000e+00 0.000000000000000000e+00 4.536580541303894738e-04 0.000000000000000000e+00 0.000000000000000000e+00 0.000000000000000000e+00 1.291846790821216595e-03 1.285798334986523002e-03 0.000000000000000000e+00 0.000000000000000000e+00 1.276952940893343958e-03 1.265336230523952726e-03 9.797485635652837532e-04 0.000000000000000000e+00
0.000000000000000000e+00 0.000000000000000000e+00 0.000000000000000000e+00 0.000000000000000000e+00 4.532290832044378942e-04 0.000000000000000000e+00 0.000000000000000000e+00 0.000000000000000000e+00 1.276785411058241381e-03 1.269775079876381881e-03 0.000000000000000000e+00 0.000000000000000000e+00 1.259663593580210650e-03 1.245352950874909978e-03 9.658934053948406385e-04 0.000000000000000000e+00
0.000000000000000000e+00 0.000000000000000000e+00 0.000000000000000000e+00 0.000000000000000000e+00 4.474912351549365408e-04 0.000000000000000000e+00 0.000000000000000000e+00 0.000000000000000000e+00 1.280896146117376129e-03 1.275697466587201933e-03 0.000000000000000000e+00 0.000000000000000000e+00 1.276441928421756045e-03 1.266294837331959034e-03 9.666791822969072979e-04 0.000000000000000000e+00
0.000000000000000000e+00 0.000000000000000000e+00 0.000000000000000000e+00 0.000000000000000000e+00 4.430291195035344042e-04 0.000000000000000000e+00 0.000000000000000000e+00 0.000000000000000000e+00 1.276682069861117229e-03 1.270887570551369663e-03 0.000000000000000000e+00 0.000000000000000000e+00 1.254695217785676544e-03 1.244016252022381178e-03 9.727819000851186705e-04 0.000000000000000000e+00
0.000000000000000000e+00 0.000000000000000000e+00 0.000000000000000000e+00 0.000000000000000000e+00 4.444381627319992246e-04 0.000000000000000000e+00 0.000000000000000000e+00 0.000000000000000000e+00 1.282311064464249431e-03 1.277270351151454323e-03 0.000000000000000000e+00 0.000000000000000000e+00 1.261785497213470126e-03 1.250708652342911792e-03 9.680968317542018586e-04 0.000000000000000000e+00
0.000000000000000000e+00 0.000000000000000000e+00 0.000000000000000000e+00 0.000000000000000000e+00 4.469478699893045031e-04 0.000000000000000000e+00 0.000000000000000000e+00 0.000000000000000000e+00 1.277523089262543347e-03 1.272195265192589946e-03 0.000000000000000000e+00 0.000000000000000000e+00 1.257726022576863799e-03 1.244313606734997460e-03 9.684739166744461706e-04 0.000000000000000000e+00
0.000000000000000000e+00 0.000000000000000000e+00 0.000000000000000000e+00 0.000000000000000000e+00 4.457421946922546707e-04 0.000000000000000000e+00 0.000000000000000000e+00 0.000000000000000000e+00 1.281822222852544747e-03 1.277467548897954228e-03 0.000000000000000000e+00 0.000000000000000000e+00 1.272016923203489296e-03 1.261724549550318104e-03 9.740357352783909559e-04 0.000000000000000000e+00
0.000000000000000000e+00 0.000000000000000000e+00 0.000000000000000000e+00 0.000000000000000000e+00 4.467254899784016864e-04 0.000000000000000000e+00 0.000000000000000000e+00 0.000000000000000000e+00 1.284735501175923635e-03 1.278668974851278860e-03 0.000000000000000000e+00 0.000000000000000000e+00 1.269792568959598241e-03 1.257964282509325916e-03 9.730980388276581428e-04 0.000000000000000000e+00
0.000000000000000000e+00 0.000000000000000000e+00 0.000000000000000000e+00 0.000000000000000000e+00 4.486696548521482120e-04 0.000000000000000000e+00 0.000000000000000000e+00 0.000000000000000000e+00 1.280734670922380972e-03 1.276050777307344069e-03 0.000000000000000000e+00 0.000000000000000000e+00 1.264192990417983657e-03 1.249595975590096168e-03 9.682904307621582711e-04 0.000000000000000000e+00
0.000000000000000000e+00 0.000000000000000000e+00 0.000000000000000000e+00 0.000000000000000000e+00 4.447115475404754483e-04 0.000000000000000000e+00 0.000000000000000000e+00 0.000000000000000000e+00 1.274924342809540499e-03 1.268967503910760092e-03 0.000000000000000000e+00 0.000000000000000000e+00 1.265106714848129041e-03 1.252455096900741745e-03 9.634376562447764412e-04 0.000000000000000000e+00
0.000000000000000000e+00 0.000000000000000000e+00 0.000000000000000000e+00 0.000000000000000000e+00 4.500241778314805386e-04 0.000000000000000000e+00 0.000000000000000000e+00 0.000000000000000000e+00 1.286363895132400714e-03 1.278966432079600701e-03 0.000000000000000000e+00 0.000000000000000000e+00 1.273173794537212555e-03 1.261874527361695180e-03 9.628919454153297974e-04 0.000000000000000000e+00
0.000000000000000000e+00 0.000000000000000000e+00 0.000000000000000000e+00 0.000000000000000000e+00 4.394645845756196606e-04 0.000000000000000000e+00 0.000000000000000000e+00 0.000000000000000000e+00 1.282277208646375203e-03 1.278518350710393641e-03 0.000000000000000000e+00 0.000000000000000000e+00 1.262153759162136166e-03 1.251985354682763358e-03 9.699724040626949133e-04 0.000000000000000000e+00
0.000000000000000000e+00 0.000000000000000000e+00 0.000000000000000000e+00 0.000000000000000000e+00 4.420108923814696140e-04 0.000000000000000000e+00 0.000000000000000000e+00 0.000000000000000000e+00 1.285298867270024716e-03 1.275168360251040071e-03 0.000000000000000000e+00 0.000000000000000000e+00 1.265542430024231210e-03 1.252271757582130171e-03 9.704837140506470186e-04 0.000000000000000000e+00
0.000000000000000000e+00 0.000000000000000000e+00 0.000000000000000000e+00 0.000000000000000000e+00 4.485382749671012873e-04 0.000000000000000000e+00 0.000000000000000000e+00 0.000000000000000000e+00 1.281662173414235264e-03 1.273948098459661872e-03 0.000000000000000000e+00 0.000000000000000000e+00 1.264909174511278950e-03 1.255079869777147097e-03 9.682249450247527390e-04 0.000000000000000000e+00
0.000000000000000000e+00 0.000000000000000000e+00 0.000000000000000000e+00 0.000000000000000000e+00 4.349113276592755906e-04 0.000000000000000000e+00 0.000000000000000000e+00 0.000000000000000000e+00 1.282427870985169884e-03 1.278439168097833317e-03 0.000000000000000000e+00 0.000000000000000000e+00 1.261737235600101682e-03 1.251592566631794809e-03 9.672022570464537975e-04 0.000000000000000000e+00
0.000000000000000000e+00 0.000000000000000000e+00 0.000000000000000000e+00 0.000000000000000000e+00 4.440390236636431159e-04 0.000000000000000000e+00 0.000000000000000000e+00 0.000000000000000000e+00 1.276356650881211967e-03 1.273602461837057293e-03 0.000000000000000000e+00 0.000000000000000000e+00 1.253397075210486988e-03 1.242023892281652513e-03 9.682455910902128650e-04 0.000000000000000000e+00
0.000000000000000000e+00 0.000000000000000000e+00 0.000000000000000000e+00 0.000000000000000000e+00 4.476844546426583782e-04 0.000000000000000000e+00 0.000000000000000000e+00 0.000000000000000000e+00 1.278153413416547061e-03 1.272966019404285195e-03 0.000000000000000000e+00 0.000000000000000000e+00 1.261701479416746591e-03 1.249691266063735536e-03 9.731616049918579911e-04 0.000000000000000000e+00
0.000000000000000000e+00 0.000000000000000000e+00 0.000000000000000000e+00 0.000000000000000000e+00 4.453470406496888730e-04 0.000000000000000000e+00 0.000000000000000000e+00 0.000000000000000000e+00 1.275091604059874284e-03 1.269507859861816962e-03 0.000000000000000000e+00 0.000000000000000000e+00 1.255544573297762492e-03 1.241042696093972103e-03 9.666056224989531473e-04 0.000000000000000000e+00
0.000000000000000000e+00 0.000000000000000000e+00 0.000000000000000000e+00 0.000000000000000000e+00 4.418759513369698065e-04 0.000000000000000000e+00 0.000000000000000000e+00 0.000000000000000000e+00 1.275192433009284540e-03 1.269441572771711413e-03 0.000000000000000000e+00 0.000000000000000000e+00 1.263507227328927469e-03 1.253140551608587176e-03 9.627858643676924033e-04 0.000000000000000000e+00
0.000000000000000000e+00 0.000000000000000000e+00 0.000000000000000000e+00 0.000000000000000000e+00 4.490841810649984830e-04 0.000000000000000000e+00 0.000000000000000000e+00 0.000000000000000000e+00 1.281225613745140633e-03 1.275426351412317942e-03 0.000000000000000000e+00 0.000000000000000000e+00 1.261412914595408689e-03 1.249750533482016151e-03 9.701809219013951329e-04 0.000000000000000000e+00
0.000000000000000000e+00 0.000000000000000000e+00 0.000000000000000000e+00 0.000000000000000000e+00 4.502479569866706544e-04 0.000000000000000000e+00 0.000000000000000000e+00 0.000000000000000000e+00 1.284628222350194578e-03 1.276249952776764519e-03 0.000000000000000000e+00 0.000000000000000000e+00 1.269893587084287888e-03 1.254716695336850285e-03 9.743123878816911405e-04 0.000000000000000000e+00
0.000000000000000000e+00 0.000000000000000000e+00 0.000000000000000000e+00 0.000000000000000000e+00 4.560487504036341098e-04 0.000000000000000000e+00 0.000000000000000000e+00 0.000000000000000000e+00 1.280549474679501185e-03 1.271452703182869310e-03 0.000000000000000000e+00 0.000000000000000000e+00 1.261003380977752941e-03 1.246074864269786173e-03 9.688466513727329735e-04 0.000000000000000000e+00
0.000000000000000000e+00 0.000000000000000000e+00 0.000000000000000000e+00 0.000000000000000000e+00 4.463683550218880197e-04 0.000000000000000000e+00 0.000000000000000000e+00 0.000000000000000000e+00 1.279105979233676567e-03 1.270641787433952332e-03 0.000000000000000000e+00 0.000000000000000000e+00 1.266575376937018960e-03 1.250702380244743048e-03 9.623539695049069045e-04 0.000000000000000000e+00
0.000000000000000000e+00 0.000000000000000000e+00 0.000000000000000000e+00 0.000000000000000000e+00 4.499878759848537188e-04 0.000000000000000000e+00 0.000000000000000000e+00 0.000000000000000000e+00 1.279824574981515460e-03 1.276219587885499491e-03 0.000000000000000000e+00 0.000000000000000000e+00 1.252172270262576171e-03 1.240291294792278181e-03 9.708698013010541193e-04 0.000000000000000000e+00
0.000000000000000000e+00 0.000000000000000000e+00 0.000000000000000000e+00 0.000000000000000000e+00 4.500003767890812601e-04 0.000000000000000000e+00 0.000000000000000000e+00 0.000000000000000000e+00 1.282011189790711577e-03 1.274111011361888941e-03 0.000000000000000000e+00 0.000000000000000000e+00 1.262553403289285673e-03 1.248791048086370569e-03 9.667347872941578360e-04 0.000000000000000000e+00
0.000000000000000000e+00 0.000000000000000000e+00 0.000000000000000000e+00 0.000000000000000000e+00 4.513956515467169124e-04 0.000000000000000000e+00 0.000000000000000000e+00 0.000000000000000000e+00 1.282821883179633771e-03 1.275458151980701825e-03 0.000000000000000000e+00 0.000000000000000000e+00 1.266103608331954448e-03 1.252995781062668339e-03 9.750893796685097944e-04 0.000000000000000000e+00
0.000000000000000000e+00 0.000000000000000000e+00 0.000000000000000000e+00 0.000000000000000000e+00 4.561575829354198820e-04 0.000000000000000000e+00 0.000000000000000000e+00 0.000000000000000000e+00 1.272658450184884242e-03 1.263351251288748287e-03 0.000000000000000000e+00 0.000000000000000000e+00 1.250362553192789841e-03 1.233419359195210823e-03 9.642855803822844964e-04 0.000000000000000000e+00
0.000000000000000000e+00 0.000000000000000000e+00 0.000000000000000000e+00 0.000000000000000000e+00 4.417635187576484019e-04 0.000000000000000000e+00 0.000000000000000000e+00 0.000000000000000000e+00 1.276411323598712578e-03 1.271584964973243755e-03 0.000000000000000000e+00 0.000000000000000000e+00 1.261609056133902772e-03 1.250829089633792102e-03 9.638520656792037887e-04 0.000000000000000000e+00
0.000000000000000000e+00 0.000000000000000000e+00 0.000000000000000000e+00 0.000000000000000000e+00 4.483104534310024302e-04 0.000000000000000000e+00 0.000000000000000000e+00 0.000000000000000000e+00 1.282130437636302880e-03 1.276345915958628299e-03 0.000000000000000000e+00 0.000000000000000000e+00 1.265440720973184420e-03 1.253156026076864904e-03 9.728081960823373522e-04 0.000000000000000000e+00
0.000000000000000000e+00 0.000000000000000000e+00 0.000000000000000000e+00 0.000000000000000000e+00 4.424171737237835847e-04 0.000000000000000000e+00 0.000000000000000000e+00 0.000000000000000000e+00 1.290521401003647808e-03 1.282591125213906978e-03 0.000000000000000000e+00 0.000000000000000000e+00 1.265123717540660945e-03 1.249809655351421297e-03 9.693077646858250587e-04 0.000000000000000000e+00
0.000000000000000000e+00 0.000000000000000000e+00 0.000000000000000000e+00 0.000000000000000000e+00 4.559219137244290465e-04 0.000000000000000000e+00 0.000000000000000000e+00 0.000000000000000000e+00 1.267869869475934204e-03 1.259945339510152576e-03 0.000000000000000000e+00 0.000000000000000000e+00 1.258203752110626222e-03 1.243417193646172364e-03 9.649550996509245358e-04 0.000000000000000000e+00
0.000000000000000000e+00 0.000000000000000000e+00 0.000000000000000000e+00 0.000000000000000000e+00 4.437299383804302376e-04 0.000000000000000000e+00 0.000000000000000000e+00 0.000000000000000000e+00 1.268918886078846103e-03 1.261902103374803802e-03 0.000000000000000000e+00 0.000000000000000000e+00 1.265070788333517255e-03 1.256211170084958403e-03 9.640560875100550025e-04 0.000000000000000000e+00
0.000000000000000000e+00 0.000000000000000000e+00 0.000000000000000000e+00 0.000000000000000000e+00 4.488246069084005541e-04 0.000000000000000000e+00 0.000000000000000000e+00 0.000000000000000000e+00 1.286277403412803546e-03 1.279491066997615143e-03 0.000000000000000000e+00 0.000000000000000000e+00 1.261494621630068541e-03 1.249167538349722035e-03 9.744213166055025032e-04 0.000000000000000000e+00
0.000000000000000000e+00 0.000000000000000000e+00 0.000000000000000000e+00 0.000000000000000000e+00 4.380828272796681751e-04 0.000000000000000000e+00 0.000000000000000000e+00 0.000000000000000000e+00 1.280699912270093395e-03 1.275581052885360828e-03 0.000000000000000000e+00 0.000000000000000000e+00 1.271068632789056161e-03 1.259486480644897780e-03 9.712867947648349144e-04 0.000000000000000000e+00
0.000000000000000000e+00 0.000000000000000000e+00 0.000000000000000000e+00 0.000000000000000000e+00 4.409330523750448001e-04 0.000000000000000000e+00 0.000000000000000000e+00 0.000000000000000000e+00 1.280964231534396361e-03 1.275087973229662927e-03 0.000000000000000000e+00 0.000000000000000000e+00 1.269235507490314814e-03 1.256881833989854881e-03 9.678660752035283610e-04 0.000000000000000000e+00
0.000000000000000000e+00 0.000000000000000000e+00 0.000000000000000000e+00 0.000000000000000000e+00 4.410220530127703415e-04 0.000000000000000000e+00 0.000000000000000000e+00 0.000000000000000000e+00 1.287859015267018474e-03 1.282561239364475060e-03 0.000000000000000000e+00 0.000000000000000000e+00 1.275884525588753208e-03 1.269191131466907698e-03 9.733637832095884228e-04 0.000000000000000000e+00
0.000000000000000000e+00 0.000000000000000000e+00 0.000000000000000000e+00 0.000000000000000000e+00 4.510238133832968543e-04 0.000000000000000000e+00 0.000000000000000000e+00 0.000000000000000000e+00 1.280573543199495495e-03 1.274885491982529276e-03 0.000000000000000000e+00 0.000000000000000000e+00 1.272228173657527842e-03 1.262180015056175390e-03 9.672829743917546463e-04 0.000000000000000000e+00
0.000000000000000000e+00 0.000000000000000000e+00 0.000000000000000000e+00 0.000000000000000000e+00 4.482908959351192312e-04 0.000000000000000000e+00 0.000000000000000000e+00 0.000000000000000000e+00 1.279405436081429382e-03 1.272550148863398935e-03 0.000000000000000000e+00 0.000000000000000000e+00 1.267553616545018203e-03 1.254884018271468053e-03 9.688505787202298823e-04 0.000000000000000000e+00
0.000000000000000000e+00 0.000000000000000000e+00 0.000000000000000000e+00 0.000000000000000000e+00 4.371914853583503758e-04 0.000000000000000000e+00 0.000000000000000000e+00 0.000000000000000000e+00 1.270371206920616232e-03 1.267845486005047487e-03 0.000000000000000000e+00 0.000000000000000000e+00 1.252496180727991244e-03 1.241957466236348270e-03 9.731615454881731341e-04 0.000000000000000000e+00
0.000000000000000000e+00 0.000000000000000000e+00 0.000000000000000000e+00 0.000000000000000000e+00 4.488877311855385215e-04 0.000000000000000000e+00 0.000000000000000000e+00 0.000000000000000000e+00 1.284461188360525507e-03 1.276824045180738245e-03 0.000000000000000000e+00 0.000000000000000000e+00 1.270866617438533948e-03 1.255743363125375826e-03 9.704238753976971365e-04 0.000000000000000000e+00
0.000000000000000000e+00 0.000000000000000000e+00 0.000000000000000000e+00 0.000000000000000000e+00 4.475351591123006363e-04 0.000000000000000000e+00 0.000000000000000000e+00 0.000000000000000000e+00 1.277369952653352675e-03 1.267899314418033125e-03 0.000000000000000000e+00 0.000000000000000000e+00 1.257614740554722794e-03 1.246274326589141704e-03 9.688865024140277732e-04 0.000000000000000000e+00
0.000000000000000000e+00 0.000000000000000000e+00 0.000000000000000000e+00 0.000000000000000000e+00 4.464848496805607497e-04 0.000000000000000000e+00 0.000000000000000000e+00 0.000000000000000000e+00 1.280510447871145447e-03 1.269519571152374080e-03 0.000000000000000000e+00 0.000000000000000000e+00 1.264541895258526269e-03 1.251382749314313174e-03 9.635129095365458241e-04 0.000000000000000000e+00
0.000000000000000000e+00 0.000000000000000000e+00 0.000000000000000000e+00 0.000000000000000000e+00 4.513826169783730232e-04 0.000000000000000000e+00 0.000000000000000000e+00 0.000000000000000000e+00 1.283525899933836206e-03 1.276701682690149298e-03 0.000000000000000000e+00 0.000000000000000000e+00 1.266166225215177013e-03 1.255974910340065896e-03 9.715820312423163740e-04 0.000000000000000000e+00
0.000000000000000000e+00 0.000000000000000000e+00 0.000000000000000000e+00 0.000000000000000000e+00 4.352037680361661872e-04 0.000000000000000000e+00 0.000000000000000000e+00 0.000000000000000000e+00 1.279984981089927467e-03 1.274315456625238312e-03 0.000000000000000000e+00 0.000000000000000000e+00 1.261950580085886625e-03 1.251328862658103924e-03 9.674335194094387099e-04 0.000000000000000000e+00
0.000000000000000000e+00 0.000000000000000000e+00 0.000000000000000000e+00 0.000000000000000000e+00 4.401706206542375672e-04 0.000000000000000000e+00 0.000000000000000000e+00 0.000000000000000000e+00 1.286289356920943894e-03 1.281519942243904923e-03 0.000000000000000000e+00 0.000000000000000000e+00 1.261926136224582416e-03 1.251498602079177723e-03 9.672489760838633458e-04 0.000000000000000000e+00
0.000000000000000000e+00 0.000000000000000000e+00 0.000000000000000000e+00 0.000000000000000000e+00 4.548775696255795225e-04 0.000000000000000000e+00 0.000000000000000000e+00 0.000000000000000000e+00 1.276207404489906536e-03 1.268132723256807683e-03 0.000000000000000000e+00 0.000000000000000000e+00 1.259873970495822490e-03 1.246231108983375264e-03 9.590020328421735652e-04 0.000000000000000000e+00
0.000000000000000000e+00 0.000000000000000000e+00 0.000000000000000000e+00 0.000000000000000000e+00 4.605739601386100394e-04 0.000000000000000000e+00 0.000000000000000000e+00 0.000000000000000000e+00 1.270171670556977410e-03 1.261270057303198961e-03 0.000000000000000000e+00 0.000000000000000000e+00 1.258132060938052261e-03 1.241322304407353706e-03 9.658442573174026193e-04 0.000000000000000000e+00
0.000000000000000000e+00 0.000000000000000000e+00 0.000000000000000000e+00 0.000000000000000000e+00 4.481665412470085342e-04 0.000000000000000000e+00 0.000000000000000000e+00 0.000000000000000000e+00 1.276356626783478609e-03 1.268921006798813360e-03 0.000000000000000000e+00 0.000000000000000000e+00 1.256290411510722384e-03 1.243905101819430285e-03 9.641039430063657115e-04 0.000000000000000000e+00
0.000000000000000000e+00 0.000000000000000000e+00 0.000000000000000000e+00 0.000000000000000000e+00 4.420767194629892532e-04 0.000000000000000000e+00 0.000000000000000000e+00 0.000000000000000000e+00 1.277795496433778173e-03 1.272988300483162728e-03 0.000000000000000000e+00 0.000000000000000000e+00 1.251811546974062857e-03 1.240748792060576266e-03 9.694331735316581320e-04 0.000000000000000000e+00
0.000000000000000000e+00 0.000000000000000000e+00 0.000000000000000000e+00 0.000000000000000000e+00 4.463993367113994236e-04 0.000000000000000000e+00 0.000000000000000000e+00 0.000000000000000000e+00 1.281794578998631537e-03 1.278425548255429905e-03 0.000000000000000000e+00 0.000000000000000000e+00 1.262787332879374913e-03 1.253432286416624212e-03 9.594108651118523311e-04 0.000000000000000000e+00
0.000000000000000000e+00 0.000000000000000000e+00 0.000000000000000000e+00 0.000000000000000000e+00 4.356725604112983256e-04 0.000000000000000000e+00 0.000000000000000000e+00 0.000000000000000000e+00 1.282753985306947552e-03 1.277667532950858918e-03 0.000000000000000000e+00 0.000000000000000000e+00 1.270988945081106495e-03 1.261610517087778443e-03 9.661839898249341635e-04 0.000000000000000000e+00
0.000000000000000000e+00 0.000000000000000000e+00 0.000000000000000000e+00 0.000000000000000000e+00 4.482643744734939105e-04 0.000000000000000000e+00 0.000000000000000000e+00 0.000000000000000000e+00 1.283534553639827580e-03 1.275071482110414758e-03 0.000000000000000000e+00 0.000000000000000000e+00 1.260924875715808318e-03 1.247311869181923129e-03 9.784349536063833425e-04 0.000000000000000000e+00
0.000000000000000000e+00 0.000000000000000000e+00 0.000000000000000000e+00 0.000000000000000000e+00 4.396282843846283810e-04 0.000000000000000000e+00 0.000000000000000000e+00 0.000000000000000000e+00 1.291750105480358969e-03 1.287099359801370003e-03 0.000000000000000000e+00 0.000000000000000000e+00 1.273398050953525925e-03 1.264738421794826557e-03 9.674078502450577256e-04 0.000000000000000000e+00
0.000000000000000000e+00 0.000000000000000000e+00 0.000000000000000000e+00 0.000000000000000000e+00 4.400892288281351046e-04 0.000000000000000000e+00 0.000000000000000000e+00 0.000000000000000000e+00 1.285571408839907351e-03 1.280010667909026525e-03 0.000000000000000000e+00 0.000000000000000000e+00 1.272696584914569280e-03 1.261848220575767813e-03 9.645486511773558201e-04 0.000000000000000000e+00
0.000000000000000000e+00 0.000000000000000000e+00 0.000000000000000000e+00 0.000000000000000000e+00 4.514950939185936049e-04 0.000000000000000000e+00 0.000000000000000000e+00 0.000000000000000000e+00 1.277168108920234127e-03 1.269179834444850944e-03 0.000000000000000000e+00 0.000000000000000000e+00 1.256266686484401682e-03 1.243367962645208552e-03 9.662372236409903824e-04 0.000000000000000000e+00
0.000000000000000000e+00 0.000000000000000000e+00 0.000000000000000000e+00 0.000000000000000000e+00 4.433877422091676629e-04 0.000000000000000000e+00 0.000000000000000000e+00 0.000000000000000000e+00 1.277506983373697660e-03 1.275104772690381942e-03 0.000000000000000000e+00 0.000000000000000000e+00 1.262951211230910371e-03 1.253617984605176743e-03 9.690139907690256465e-04 0.000000000000000000e+00
0.000000000000000000e+00 0.000000000000000000e+00 0.000000000000000000e+00 0.000000000000000000e+00 4.590497690201705708e-04 0.000000000000000000e+00 0.000000000000000000e+00 0.000000000000000000e+00 1.283996987740554634e-03 1.278256539024537428e-03 0.000000000000000000e+00 0.000000000000000000e+00 1.260215933285980042e-03 1.247768698420560545e-03 9.554939309769994518e-04 0.000000000000000000e+00
0.000000000000000000e+00 0.000000000000000000e+00 0.000000000000000000e+00 0.000000000000000000e+00 4.458542795665065860e-04 0.000000000000000000e+00 0.000000000000000000e+00 0.000000000000000000e+00 1.281823914862733390e-03 1.274919591615557334e-03 0.000000000000000000e+00 0.000000000000000000e+00 1.267336376226513902e-03 1.255170321484956608e-03 9.713705300000256837e-04 0.000000000000000000e+00
0.000000000000000000e+00 0.000000000000000000e+00 0.000000000000000000e+00 0.000000000000000000e+00 4.417008594225720107e-04 0.000000000000000000e+00 0.000000000000000000e+00 0.000000000000000000e+00 1.283976582970219014e-03 1.279171421767109906e-03 0.000000000000000000e+00 0.000000000000000000e+00 1.267369196380971992e-03 1.257115340588855134e-03 9.649225499210004487e-04 0.000000000000000000e+00
0.000000000000000000e+00 0.000000000000000000e+00 0.000000000000000000e+00 0.000000000000000000e+00 4.374668851460270197e-04 0.000000000000000000e+00 0.000000000000000000e+00 0.000000000000000000e+00 1.282094482665145814e-03 1.277060968178708429e-03 0.000000000000000000e+00 0.000000000000000000e+00 1.261442920221696141e-03 1.249122566145606170e-03 9.627049714168631721e-04 0.000000000000000000e+00
0.000000000000000000e+00 0.000000000000000000e+00 0.000000000000000000e+00 0.000000000000000000e+00 4.387799910807797083e-04 0.000000000000000000e+00 0.000000000000000000e+00 0.000000000000000000e+00 1.270162460794197748e-03 1.265184687782002285e-03 0.000000000000000000e+00 0.000000000000000000e+00 1.256578035453222121e-03 1.248949721158704651e-03 9.645098374788500534e-04 0.000000000000000000e+00
0.000000000000000000e+00 0.000000000000000000e+00 0.000000000000000000e+00 0.000000000000000000e+00 4.466980686459427557e-04 0.000000000000000000e+00 0.000000000000000000e+00 0.000000000000000000e+00 1.271892799620693605e-03 1.266113662328389750e-03 0.000000000000000000e+00 0.000000000000000000e+00 1.259313678047019108e-03 1.248969594949371400e-03 9.615614794368504544e-04 0.000000000000000000e+00
0.000000000000000000e+00 0.000000000000000000e+00 0.000000000000000000e+00 0.000000000000000000e+00 4.569001724207938354e-04 0.000000000000000000e+00 0.000000000000000000e+00 0.000000000000000000e+00 1.273081909862375021e-03 1.264886923765292564e-03 0.000000000000000000e+00 0.000000000000000000e+00 1.262702794555108652e-03 1.248057496608882388e-03 9.691699331579312201e-04 0.000000000000000000e+00
0.000000000000000000e+00 0.000000000000000000e+00 0.000000000000000000e+00 0.000000000000000000e+00 4.442686439700614079e-04 0.000000000000000000e+00 0.000000000000000000e+00 0.000000000000000000e+00 1.286690419535999313e-03 1.279334805300654312e-03 0.000000000000000000e+00 0.000000000000000000e+00 1.272239305516566568e-03 1.257340069162209617e-03 9.702398182823716768e-04 0.000000000000000000e+00
0.000000000000000000e+00 0.000000000000000000e+00 0.000000000000000000e+00 0.000000000000000000e+00 4.436038079918160743e-04 0.000000000000000000e+00 0.000000000000000000e+00 0.000000000000000000e+00 1.282792446443691524e-03 1.276677647281281025e-03 0.000000000000000000e+00 0.000000000000000000e+00 1.262429421578733970e-03 1.251804172771835708e-03 9.685339203415224392e-04 0.000000000000000000e+00
0.000000000000000000e+00 0.000000000000000000e+00 0.000000000000000000e+00 0.000000000000000000e+00 4.509260510716123650e-04 0.000000000000000000e+00 0.000000000000000000e+00 0.000000000000000000e+00 1.268775068679136794e-03 1.260019048232210353e-03 0.000000000000000000e+00 0.000000000000000000e+00 1.255205734771475774e-03 1.242493249513220745e-03 9.630415975125880025e-04 0.000000000000000000e+00
0.000000000000000000e+00 0.000000000000000000e+00 0.000000000000000000e+00 0.000000000000000000e+00 4.460696406631738261e-04 0.000000000000000000e+00 0.000000000000000000e+00 0.000000000000000000e+00 1.284930184093180036e-03 1.277351470779936006e-03 0.000000000000000000e+00 0.000000000000000000e+00 1.264317607061040153e-03 1.251257063622738565e-03 9.757812672855587042e-04 0.000000000000000000e+00
0.000000000000000000e+00 0.000000000000000000e+00 0.000000000000000000e+00 0.000000000000000000e+00 4.375414148272629847e-04 0.000000000000000000e+00 0.000000000000000000e+00 0.000000000000000000e+00 1.278163648776096126e-03 1.273288095850695677e-03 0.000000000000000000e+00 0.000000000000000000e+00 1.263136858095277332e-03 1.252040477141796180e-03 9.705327837512332627e-04 0.000000000000000000e+00
0.000000000000000000e+00 0.000000000000000000e+00 0.000000000000000000e+00 0.000000000000000000e+00 4.413503514158291291e-04 0.000000000000000000e+00 0.000000000000000000e+00 0.000000000000000000e+00 1.298204393142872492e-03 1.289757969764365481e-03 0.000000000000000000e+00 0.000000000000000000e+00 1.276266703426084601e-03 1.262297482015154251e-03 9.801987240391516008e-04 0.000000000000000000e+00
0.000000000000000000e+00 0.000000000000000000e+00 0.000000000000000000e+00 0.000000000000000000e+00 4.454699266056951542e-04 0.000000000000000000e+00 0.000000000000000000e+00 0.000000000000000000e+00 1.280267450563135926e-03 1.272923208593621782e-03 0.000000000000000000e+00 0.000000000000000000e+00 1.273008825818204353e-03 1.262644939821044388e-03 9.609326518543398823e-04 0.000000000000000000e+00
0.000000000000000000e+00 0.000000000000000000e+00 0.000000000000000000e+00 0.000000000000000000e+00 4.471073356131214684e-04 0.000000000000000000e+00 0.000000000000000000e+00 0.000000000000000000e+00 1.289187444706112445e-03 1.280996470979526604e-03 0.000000000000000000e+00 0.000000000000000000e+00 1.269354899396216239e-03 1.255439800027899518e-03 9.767510773157435291e-04 0.000000000000000000e+00
0.000000000000000000e+00 0.000000000000000000e+00 0.000000000000000000e+00 0.000000000000000000e+00 4.581383867809818325e-04 0.000000000000000000e+00 0.000000000000000000e+00 0.000000000000000000e+00 1.280804026749382627e-03 1.272859731799239795e-03 0.000000000000000000e+00 0.000000000000000000e+00 1.262718589851158282e-03 1.253133733005283015e-03 9.653229932798827262e-04 0.000000000000000000e+00
0.000000000000000000e+00 0.000000000000000000e+00 0.000000000000000000e+00 0.000000000000000000e+00 4.369211028368862504e-04 0.000000000000000000e+00 0.000000000000000000e+00 0.000000000000000000e+00 1.280963897493760280e-03 1.276160758611392162e-03 0.000000000000000000e+00 0.000000000000000000e+00 1.257928988980496409e-03 1.247063850370532315e-03 9.727931351794506494e-04 0.000000000000000000e+00
0.000000000000000000e+00 0.000000000000000000e+00 0.000000000000000000e+00 0.000000000000000000e+00 4.467517115012976090e-04 0.000000000000000000e+00 0.000000000000000000e+00 0.000000000000000000e+00 1.283135263992134277e-03 1.273013207705053816e-03 0.000000000000000000e+00 0.000000000000000000e+00 1.265059598260995450e-03 1.250957477917528276e-03 9.664145591122557007e-04 0.000000000000000000e+00
0.000000000000000000e+00 0.000000000000000000e+00 0.000000000000000000e+00 0.000000000000000000e+00 4.414900012289467977e-04 0.000000000000000000e+00 0.000000000000000000e+00 0.000000000000000000e+00 1.283115467484456998e-03 1.278399926865481659e-03 0.000000000000000000e+00 0.000000000000000000e+00 1.266094668571032247e-03 1.254374488128575044e-03 9.684055507825519273e-04 0.000000000000000000e+00
0.000000000000000000e+00 0.000000000000000000e+00 0.000000000000000000e+00 0.000000000000000000e+00 4.461423346281905120e-04 0.000000000000000000e+00 0.000000000000000000e+00 0.000000000000000000e+00 1.283033192684584481e-03 1.277134921081846076e-03 0.000000000000000000e+00 0.000000000000000000e+00 1.267965810081678408e-03 1.255690735445488208e-03 9.685834777542007496e-04 0.000000000000000000e+00
0.000000000000000000e+00 0.000000000000000000e+00 0.000000000000000000e+00 0.000000000000000000e+00 4.391590307310531743e-04 0.000000000000000000e+00 0.000000000000000000e+00 0.000000000000000000e+00 1.274290381388900684e-03 1.268829429747783764e-03 0.000000000000000000e+00 0.000000000000000000e+00 1.262404887737800544e-03 1.249622506443618958e-03 9.721279871995865476e-04 0.000000000000000000e+00
0.000000000000000000e+00 0.000000000000000000e+00 0.000000000000000000e+00 0.000000000000000000e+00 4.616431143273588031e-04 0.000000000000000000e+00 0.000000000000000000e+00 0.000000000000000000e+00 1.281588792341651446e-03 1.271604721613408314e-03 0.000000000000000000e+00 0.000000000000000000e+00 1.262133929194698750e-03 1.247410528758905813e-03 9.618513679004393920e-04 0.000000000000000000e+00
0.000000000000000000e+00 0.000000000000000000e+00 0.000000000000000000e+00 0.000000000000000000e+00 4.359444270670740458e-04 0.000000000000000000e+00 0.000000000000000000e+00 0.000000000000000000e+00 1.276141541708585925e-03 1.271939754604653645e-03 0.000000000000000000e+00 0.000000000000000000e+00 1.260844886408584234e-03 1.251059381187639725e-03 9.743394502688838745e-04 0.000000000000000000e+00
0.000000000000000000e+00 0.000000000000000000e+00 0.000000000000000000e+00 0.000000000000000000e+00 4.435655855288559639e-04 0.000000000000000000e+00 0.000000000000000000e+00 0.000000000000000000e+00 1.276412607281124465e-03 1.270800324355957339e-03 0.000000000000000000e+00 0.000000000000000000e+00 1.255261573771397719e-03 1.242242511100369448e-03 9.694531970756982116e-04 0.000000000000000000e+00
0.000000000000000000e+00 0.000000000000000000e+00 0.000000000000000000e+00 0.000000000000000000e+00 4.447287995585747595e-04 0.000000000000000000e+00 0.000000000000000000e+00 0.000000000000000000e+00 1.282561209625789587e-03 1.273687320026932815e-03 0.000000000000000000e+00 0.000000000000000000e+00 1.269906501797090541e-03 1.255217676837090159e-03 9.650930706407138569e-04 0.000000000000000000e+00
0.000000000000000000e+00 0.000000000000000000e+00 0.000000000000000000e+00 0.000000000000000000e+00 4.462296418185039150e-04 0.000000000000000000e+00 0.000000000000000000e+00 0.000000000000000000e+00 1.272906743646821286e-03 1.266703126578964857e-03 0.000000000000000000e+00 0.000000000000000000e+00 1.257700137139327505e-03 1.246355869982832508e-03 9.632077756686359795e-04 0.000000000000000000e+00
0.000000000000000000e+00 0.000000000000000000e+00 0.000000000000000000e+00 0.000000000000000000e+00 4.436059597054711995e-04 0.000000000000000000e+00 0.000000000000000000e+00 0.000000000000000000e+00 1.279898011892610611e-03 1.271681101438537674e-03 0.000000000000000000e+00 0.000000000000000000e+00 1.273255013794101324e-03 1.261313082600510867e-03 9.606417547672890670e-04 0.000000000000000000e+00
0.000000000000000000e+00 0.000000000000000000e+00 0.000000000000000000e+00 0.000000000000000000e+00 4.399318510211055956e-04 0.000000000000000000e+00 0.000000000000000000e+00 0.000000000000000000e+00 1.283562946112820277e-03 1.277500234177452810e-03 0.000000000000000000e+00 0.000000000000000000e+00 1.271857824106027712e-03 1.260335704544025999e-03 9.767593762036836606e-04 0.000000000000000000e+00
0.000000000000000000e+00 0.000000000000000000e+00 0.000000000000000000e+00 0.000000000000000000e+00 4.524284053697351198e-04 0.000000000000000000e+00 0.000000000000000000e+00 0.000000000000000000e+00 1.274243731533191435e-03 1.267510530627268591e-03 0.000000000000000000e+00 0.000000000000000000e+00 1.258650959959010333e-03 1.247628003505919705e-03 9.557931267520109343e-04 0.000000000000000000e+00
0.000000000000000000e+00 0.000000000000000000e+00 0.000000000000000000e+00 0.000000000000000000e+00 4.430674806011921491e-04 0.000000000000000000e+00 0.000000000000000000e+00 0.000000000000000000e+00 1.287451688232973870e-03 1.280665872453581227e-03 0.000000000000000000e+00 0.000000000000000000e+00 1.276404201510074549e-03 1.266204007954558610e-03 9.630241355688144624e-04 0.000000000000000000e+00
0.000000000000000000e+00 0.000000000000000000e+00 0.000000000000000000e+00 0.000000000000000000e+00 4.354815215793586287e-04 0.000000000000000000e+00 0.000000000000000000e+00 0.000000000000000000e+00 1.279517786773406822e-03 1.273820985874927862e-03 0.000000000000000000e+00 0.000000000000000000e+00 1.266882075741228384e-03 1.257812969013427087e-03 9.657842973675322042e-04 0.000000000000000000e+00
0.000000000000000000e+00 0.000000000000000000e+00 0.000000000000000000e+00 0.000000000000000000e+00 4.488647398431073413e-04 0.000000000000000000e+00 0.000000000000000000e+00 0.000000000000000000e+00 1.281804609969049765e-03 1.271940551583409422e-03 0.000000000000000000e+00 0.000000000000000000e+00 1.278158382763149243e-03 1.264898090476465273e-03 9.633697519670512879e-04 0.000000000000000000e+00
0.000000000000000000e+00 0.000000000000000000e+00 0.000000000000000000e+00 0.000000000000000000e+00 4.438526266848525628e-04 0.000000000000000000e+00 0.000000000000000000e+00 0.000000000000000000e+00 1.279740602949369817e-03 1.276289881980173686e-03 0.000000000000000000e+00 0.000000000000000000e+00 1.260169340449906117e-03 1.250102584804982332e-03 9.646922070068959581e-04 0.000000000000000000e+00
0.000000000000000000e+00 0.000000000000000000e+00 0.000000000000000000e+00 0.000000000000000000e+00 4.479098623091808985e-04 0.000000000000000000e+00 0.000000000000000000e+00 0.000000000000000000e+00 1.279436853091469543e-03 1.273091522969758927e-03 0.000000000000000000e+00 0.000000000000000000e+00 1.263300838041705445e-03 1.253415608619740671e-03 9.706712963698213613e-04 0.000000000000000000e+00
0.000000000000000000e+00 0.000000000000000000e+00 0.000000000000000000e+00 0.000000000000000000e+00 4.495070458301219556e-04 0.000000000000000000e+00 0.000000000000000000e+00 0.000000000000000000e+00 1.279423249557589889e-03 1.271493031064351020e-03 0.000000000000000000e+00 0.000000000000000000e+00 1.260254896152436478e-03 1.243815276388862212e-03 9.622667526803348670e-04 0.000000000000000000e+00
