# {'chrom': '20', 'window_id': '1', 'statistic': 'H2', 'bounds': [13000000, 27000000], 'span': 14000000, 'n_sites': 8477901, 'coverage': 60.56, 'right_discontinuous': True, 'rows': "{0: 'Altai', 1: 'Chagyrskaya', 2: 'Denisova', 3: 'French-1', 4: 'Han-1', 5: 'Khomani_San-2', 6: 'Papuan-2', 7: 'Vindija', 8: 'Yoruba-1', 9: 'Yoruba-3'}"}
7.980000000000000000e+02 2.470000000000000000e+02 4.500000000000000000e+02 5.160000000000000000e+02 9.530000000000000000e+02 2.199000000000000000e+03 2.585000000000000000e+03 5.416000000000000000e+03 9.644000000000000000e+03 1.060800000000000000e+04 1.928600000000000000e+04 3.612300000000000000e+04 4.085000000000000000e+04 1.866000000000000000e+04 4.921100000000000000e+04 1.101780000000000000e+05 1.963640000000000000e+05 3.560340000000000000e+05 4.397270000000000000e+05
4.260000000000000000e+02 4.240000000000000000e+02 5.370000000000000000e+02 2.900000000000000000e+02 3.500000000000000000e+02 1.840000000000000000e+03 2.738000000000000000e+03 3.823000000000000000e+03 7.214000000000000000e+03 7.828000000000000000e+03 1.204300000000000000e+04 1.896600000000000000e+04 2.397200000000000000e+04 3.438900000000000000e+04 5.114600000000000000e+04 8.585200000000000000e+04 1.448580000000000000e+05 4.542450000000000000e+05 5.012020000000000000e+05
6.100000000000000000e+01 3.800000000000000000e+01 1.700000000000000000e+02 2.990000000000000000e+02 4.080000000000000000e+02 9.420000000000000000e+02 1.469000000000000000e+03 2.377000000000000000e+03 4.630000000000000000e+03 6.068000000000000000e+03 5.763000000000000000e+03 1.135100000000000000e+04 1.433000000000000000e+04 2.069200000000000000e+04 4.591000000000000000e+04 7.403700000000000000e+04 1.545860000000000000e+05 3.862460000000000000e+05 5.546210000000000000e+05
3.163000000000000000e+03 1.226000000000000000e+03 1.400000000000000000e+03 1.328000000000000000e+03 2.016000000000000000e+03 5.570000000000000000e+03 1.000100000000000000e+04 1.788100000000000000e+04 3.558000000000000000e+04 4.580300000000000000e+04 6.220600000000000000e+04 1.081590000000000000e+05 1.279660000000000000e+05 2.174620000000000000e+05 5.437340000000000000e+05 7.675400000000000000e+05 1.765172000000000000e+06 4.625443000000000000e+06 5.671225000000000000e+06
4.849000000000000000e+03 1.985000000000000000e+03 1.812000000000000000e+03 1.398000000000000000e+03 2.138000000000000000e+03 6.940000000000000000e+03 1.144300000000000000e+04 1.888900000000000000e+04 4.486600000000000000e+04 5.221100000000000000e+04 7.287600000000000000e+04 1.378960000000000000e+05 1.258970000000000000e+05 1.856360000000000000e+05 4.602790000000000000e+05 7.926790000000000000e+05 1.815562000000000000e+06 4.333910000000000000e+06 5.855933000000000000e+06
4.826000000000000000e+03 1.727000000000000000e+03 2.995000000000000000e+03 2.683000000000000000e+03 4.038000000000000000e+03 1.131300000000000000e+04 1.894100000000000000e+04 3.314500000000000000e+04 6.794300000000000000e+04 9.091800000000000000e+04 1.328690000000000000e+05 2.465640000000000000e+05 3.003570000000000000e+05 5.214260000000000000e+05 1.515725000000000000e+06 2.219014000000000000e+06 4.141057000000000000e+06 1.058677100000000000e+07 1.379809600000000000e+07
3.355000000000000000e+03 1.169000000000000000e+03 1.665000000000000000e+03 1.424000000000000000e+03 2.054000000000000000e+03 5.248000000000000000e+03 9.642000000000000000e+03 1.702800000000000000e+04 3.251900000000000000e+04 4.276100000000000000e+04 5.984700000000000000e+04 6.716100000000000000e+04 7.845000000000000000e+04 1.869550000000000000e+05 4.628550000000000000e+05 6.401500000000000000e+05 1.228381000000000000e+06 3.119925000000000000e+06 4.039633000000000000e+06
8.310000000000000000e+02 2.090000000000000000e+02 1.950000000000000000e+02 1.280000000000000000e+02 3.180000000000000000e+02 9.710000000000000000e+02 1.421000000000000000e+03 3.147000000000000000e+03 6.301000000000000000e+03 9.276000000000000000e+03 1.637800000000000000e+04 2.357400000000000000e+04 1.174300000000000000e+04 1.689400000000000000e+04 4.650300000000000000e+04 5.774200000000000000e+04 9.813000000000000000e+04 2.656920000000000000e+05 3.646100000000000000e+05
5.021000000000000000e+03 1.724000000000000000e+03 2.598000000000000000e+03 2.597000000000000000e+03 3.979000000000000000e+03 1.147700000000000000e+04 1.763800000000000000e+04 3.234700000000000000e+04 7.071600000000000000e+04 8.347900000000000000e+04 1.182090000000000000e+05 2.127480000000000000e+05 2.670880000000000000e+05 5.288230000000000000e+05 1.258053000000000000e+06 2.093767000000000000e+06 3.938276000000000000e+06 1.016332200000000000e+07 1.283713300000000000e+07
3.800000000000000000e+03 1.811000000000000000e+03 2.591000000000000000e+03 2.591000000000000000e+03 4.227000000000000000e+03 1.151200000000000000e+04 1.840700000000000000e+04 3.109200000000000000e+04 6.794300000000000000e+04 8.589100000000000000e+04 1.125830000000000000e+05 2.215530000000000000e+05 2.604810000000000000e+05 4.220090000000000000e+05 1.309555000000000000e+06 2.054651000000000000e+06 4.008524000000000000e+06 9.367616000000000000e+06 1.240289100000000000e+07
