# {'chrom': '20', 'window_id': '3', 'statistic': 'H2', 'bounds': [46000000, 63000000], 'span': 17000000, 'n_sites': 11081848, 'coverage': 65.19, 'right_discontinuous': True, 'rows': "{0: 'Altai', 1: 'Chagyrskaya', 2: 'Denisova', 3: 'French-1', 4: 'Han-1', 5: 'Khomani_San-2', 6: 'Papuan-2', 7: 'Vindija', 8: 'Yoruba-1', 9: 'Yoruba-3'}"}
1.400000000000000000e+01 4.000000000000000000e+01 9.700000000000000000e+01 1.600000000000000000e+02 2.680000000000000000e+02 8.160000000000000000e+02 1.246000000000000000e+03 2.366000000000000000e+03 4.621000000000000000e+03 4.097000000000000000e+03 7.800000000000000000e+03 1.377800000000000000e+04 1.202600000000000000e+04 1.508400000000000000e+04 6.789400000000000000e+04 8.256300000000000000e+04 1.086720000000000000e+05 4.227770000000000000e+05 6.864430000000000000e+05
8.900000000000000000e+01 1.450000000000000000e+02 4.460000000000000000e+02 3.550000000000000000e+02 2.060000000000000000e+02 8.140000000000000000e+02 1.423000000000000000e+03 2.437000000000000000e+03 3.543000000000000000e+03 4.910000000000000000e+03 6.116000000000000000e+03 1.245300000000000000e+04 1.264600000000000000e+04 1.094200000000000000e+04 3.444700000000000000e+04 4.608800000000000000e+04 1.049700000000000000e+05 2.758080000000000000e+05 2.942370000000000000e+05
4.100000000000000000e+01 5.100000000000000000e+01 1.200000000000000000e+02 8.300000000000000000e+01 3.140000000000000000e+02 1.255000000000000000e+03 1.955000000000000000e+03 3.270000000000000000e+03 7.275000000000000000e+03 7.438000000000000000e+03 7.412000000000000000e+03 1.198400000000000000e+04 1.339400000000000000e+04 2.590200000000000000e+04 6.082500000000000000e+04 9.849300000000000000e+04 1.516830000000000000e+05 5.579820000000000000e+05 8.324970000000000000e+05
1.008000000000000000e+03 7.470000000000000000e+02 1.085000000000000000e+03 9.880000000000000000e+02 1.754000000000000000e+03 5.768000000000000000e+03 9.099000000000000000e+03 1.717000000000000000e+04 3.750500000000000000e+04 4.361900000000000000e+04 6.889900000000000000e+04 1.254860000000000000e+05 1.525730000000000000e+05 2.231850000000000000e+05 5.845440000000000000e+05 8.648080000000000000e+05 1.960819000000000000e+06 5.315776000000000000e+06 8.099512000000000000e+06
5.570000000000000000e+02 5.810000000000000000e+02 7.470000000000000000e+02 7.150000000000000000e+02 1.332000000000000000e+03 4.852000000000000000e+03 8.169000000000000000e+03 1.548400000000000000e+04 3.317400000000000000e+04 3.617200000000000000e+04 4.808200000000000000e+04 8.205600000000000000e+04 8.315100000000000000e+04 1.402490000000000000e+05 5.276070000000000000e+05 7.354610000000000000e+05 1.338117000000000000e+06 4.271055000000000000e+06 6.439766000000000000e+06
4.250000000000000000e+02 4.970000000000000000e+02 1.207000000000000000e+03 1.640000000000000000e+03 2.750000000000000000e+03 7.963000000000000000e+03 1.268800000000000000e+04 2.293200000000000000e+04 4.662000000000000000e+04 4.938600000000000000e+04 7.332700000000000000e+04 1.575260000000000000e+05 2.056050000000000000e+05 3.464810000000000000e+05 1.102074000000000000e+06 1.796246000000000000e+06 3.382856000000000000e+06 9.926255000000000000e+06 1.552547600000000000e+07
5.090000000000000000e+02 4.480000000000000000e+02 7.720000000000000000e+02 1.020000000000000000e+03 1.826000000000000000e+03 5.221000000000000000e+03 8.520000000000000000e+03 1.542300000000000000e+04 3.325000000000000000e+04 4.079400000000000000e+04 6.133900000000000000e+04 1.101820000000000000e+05 1.262200000000000000e+05 1.557660000000000000e+05 3.686720000000000000e+05 6.837800000000000000e+05 1.432550000000000000e+06 3.994594000000000000e+06 6.195193000000000000e+06
9.300000000000000000e+01 2.260000000000000000e+02 6.640000000000000000e+02 7.150000000000000000e+02 7.710000000000000000e+02 1.975000000000000000e+03 1.936000000000000000e+03 2.296000000000000000e+03 3.097000000000000000e+03 4.463000000000000000e+03 5.435000000000000000e+03 1.330500000000000000e+04 1.491900000000000000e+04 1.953700000000000000e+04 3.793700000000000000e+04 4.860800000000000000e+04 8.675300000000000000e+04 3.260840000000000000e+05 5.204170000000000000e+05
4.890000000000000000e+02 4.930000000000000000e+02 1.178000000000000000e+03 1.334000000000000000e+03 2.583000000000000000e+03 8.193000000000000000e+03 1.381900000000000000e+04 2.456600000000000000e+04 5.434900000000000000e+04 5.746100000000000000e+04 8.059000000000000000e+04 1.669670000000000000e+05 2.298270000000000000e+05 3.973210000000000000e+05 1.190344000000000000e+06 1.858246000000000000e+06 3.653658000000000000e+06 1.049527800000000000e+07 1.701623500000000000e+07
1.171000000000000000e+03 1.002000000000000000e+03 1.581000000000000000e+03 1.703000000000000000e+03 3.182000000000000000e+03 8.830000000000000000e+03 1.475800000000000000e+04 2.675400000000000000e+04 5.859500000000000000e+04 6.314700000000000000e+04 9.371700000000000000e+04 1.842830000000000000e+05 2.251590000000000000e+05 3.865070000000000000e+05 1.211489000000000000e+06 1.917478000000000000e+06 3.609821000000000000e+06 1.064933400000000000e+07 1.684380500000000000e+07
