# {'chrom': '20', 'window_id': '2', 'statistic': 'H2', 'bounds': [29000000, 46000000], 'span': 17000000, 'n_sites': 10257164, 'coverage': 60.34, 'right_discontinuous': False, 'rows': "{0: 'Altai', 1: 'Chagyrskaya', 2: 'Denisova', 3: 'French-1', 4: 'Han-1', 5: 'Khomani_San-2', 6: 'Papuan-2', 7: 'Vindija', 8: 'Yoruba-1', 9: 'Yoruba-3'}"}
4.180000000000000000e+02 2.950000000000000000e+02 2.700000000000000000e+02 2.380000000000000000e+02 6.160000000000000000e+02 1.840000000000000000e+03 3.102000000000000000e+03 4.639000000000000000e+03 8.944000000000000000e+03 8.926000000000000000e+03 1.038900000000000000e+04 1.802500000000000000e+04 2.589800000000000000e+04 4.432500000000000000e+04 1.006720000000000000e+05 1.497420000000000000e+05 3.450280000000000000e+05 7.568770000000000000e+05 1.031799000000000000e+06
4.200000000000000000e+01 5.300000000000000000e+01 1.160000000000000000e+02 1.510000000000000000e+02 1.880000000000000000e+02 6.250000000000000000e+02 9.730000000000000000e+02 1.351000000000000000e+03 2.731000000000000000e+03 2.619000000000000000e+03 3.361000000000000000e+03 6.591000000000000000e+03 9.480000000000000000e+03 1.141500000000000000e+04 3.977400000000000000e+04 5.182900000000000000e+04 9.843700000000000000e+04 1.586780000000000000e+05 3.070590000000000000e+05
2.380000000000000000e+02 2.040000000000000000e+02 3.970000000000000000e+02 2.940000000000000000e+02 5.190000000000000000e+02 1.427000000000000000e+03 2.220000000000000000e+03 2.932000000000000000e+03 5.083000000000000000e+03 5.449000000000000000e+03 6.945000000000000000e+03 1.280600000000000000e+04 9.658000000000000000e+03 1.390100000000000000e+04 5.899200000000000000e+04 7.546000000000000000e+04 1.958330000000000000e+05 3.291800000000000000e+05 4.495460000000000000e+05
7.840000000000000000e+02 7.850000000000000000e+02 1.276000000000000000e+03 1.138000000000000000e+03 1.587000000000000000e+03 4.904000000000000000e+03 8.036000000000000000e+03 1.394400000000000000e+04 3.444500000000000000e+04 3.841800000000000000e+04 5.243600000000000000e+04 9.664800000000000000e+04 1.273010000000000000e+05 2.466270000000000000e+05 6.911450000000000000e+05 9.267810000000000000e+05 2.004811000000000000e+06 5.773185000000000000e+06 8.099925000000000000e+06
4.450000000000000000e+02 5.450000000000000000e+02 1.153000000000000000e+03 1.215000000000000000e+03 1.692000000000000000e+03 3.815000000000000000e+03 7.070000000000000000e+03 1.250100000000000000e+04 3.071600000000000000e+04 3.287700000000000000e+04 4.865600000000000000e+04 8.273200000000000000e+04 9.737500000000000000e+04 2.348760000000000000e+05 4.065720000000000000e+05 6.998190000000000000e+05 1.403561000000000000e+06 4.464149000000000000e+06 7.502703000000000000e+06
3.687000000000000000e+03 1.416000000000000000e+03 2.363000000000000000e+03 2.224000000000000000e+03 3.169000000000000000e+03 9.183000000000000000e+03 1.509300000000000000e+04 2.757800000000000000e+04 5.978700000000000000e+04 6.458500000000000000e+04 1.130380000000000000e+05 1.869080000000000000e+05 2.679740000000000000e+05 4.574380000000000000e+05 1.300119000000000000e+06 2.144312000000000000e+06 4.074567000000000000e+06 1.178617400000000000e+07 1.959256700000000000e+07
1.452000000000000000e+03 8.530000000000000000e+02 1.076000000000000000e+03 1.005000000000000000e+03 1.529000000000000000e+03 4.805000000000000000e+03 7.646000000000000000e+03 1.357400000000000000e+04 2.815700000000000000e+04 3.321200000000000000e+04 4.376600000000000000e+04 7.906400000000000000e+04 7.109600000000000000e+04 1.253070000000000000e+05 4.233260000000000000e+05 6.303230000000000000e+05 1.437482000000000000e+06 4.226332000000000000e+06 7.024894000000000000e+06
2.900000000000000000e+02 2.150000000000000000e+02 2.650000000000000000e+02 1.900000000000000000e+02 3.990000000000000000e+02 1.108000000000000000e+03 1.691000000000000000e+03 2.802000000000000000e+03 6.092000000000000000e+03 4.483000000000000000e+03 8.288000000000000000e+03 1.162500000000000000e+04 1.199900000000000000e+04 1.958700000000000000e+04 5.931700000000000000e+04 1.116840000000000000e+05 1.820960000000000000e+05 3.640210000000000000e+05 6.610110000000000000e+05
1.645000000000000000e+03 9.970000000000000000e+02 1.795000000000000000e+03 1.803000000000000000e+03 2.704000000000000000e+03 7.609000000000000000e+03 1.176400000000000000e+04 2.097600000000000000e+04 5.084900000000000000e+04 5.984100000000000000e+04 9.307100000000000000e+04 1.866880000000000000e+05 2.528550000000000000e+05 4.844900000000000000e+05 1.209992000000000000e+06 1.873149000000000000e+06 3.787171000000000000e+06 1.040421100000000000e+07 1.600284400000000000e+07
2.169000000000000000e+03 1.246000000000000000e+03 2.246000000000000000e+03 2.415000000000000000e+03 3.258000000000000000e+03 9.430000000000000000e+03 1.445700000000000000e+04 2.521400000000000000e+04 5.585900000000000000e+04 6.222100000000000000e+04 1.035920000000000000e+05 1.827300000000000000e+05 2.475590000000000000e+05 4.676340000000000000e+05 1.335845000000000000e+06 1.985091000000000000e+06 4.311332000000000000e+06 1.202194700000000000e+07 1.873186700000000000e+07
