# 'name' : 'rogers_a02_b02_d05_g06'
# 'source' : 'rogers_a02_b02_d05_g06.yaml'
# 'sample_pops' : ['X', 'Y', 'D', 'N']
# 'sample_size' : 1
# 'n_reps' : 100
# 'n_windows' : 200
# 'seq_length' : 100000000.0
# 'window_length' : 500000.0
# 'recomb_rate' : 1e-08
# 'mut_rate' : 1e-08
# 'created' : None
0.000000000000000000e+00 0.000000000000000000e+00 0.000000000000000000e+00 0.000000000000000000e+00 3.539059177753763746e-04 0.000000000000000000e+00 0.000000000000000000e+00 0.000000000000000000e+00 7.778617328151182916e-04 7.616594790662830966e-04 0.000000000000000000e+00 0.000000000000000000e+00 8.420252174768740093e-04 8.203660804923925895e-04 1.213997613903827972e-04 0.000000000000000000e+00
0.000000000000000000e+00 0.000000000000000000e+00 0.000000000000000000e+00 0.000000000000000000e+00 3.473357098483794521e-04 0.000000000000000000e+00 0.000000000000000000e+00 0.000000000000000000e+00 7.710238056348913934e-04 7.547484160755322819e-04 0.000000000000000000e+00 0.000000000000000000e+00 8.341803610081399527e-04 8.125714069750877410e-04 1.218782509307296872e-04 0.000000000000000000e+00
0.000000000000000000e+00 0.000000000000000000e+00 0.000000000000000000e+00 0.000000000000000000e+00 3.445006804083679112e-04 0.000000000000000000e+00 0.000000000000000000e+00 0.000000000000000000e+00 7.825451272346162310e-04 7.616385470016387828e-04 0.000000000000000000e+00 0.000000000000000000e+00 8.640144411739293911e-04 8.395096848219573901e-04 1.242456305130950635e-04 0.000000000000000000e+00
0.000000000000000000e+00 0.000000000000000000e+00 0.000000000000000000e+00 0.000000000000000000e+00 3.504983220041769346e-04 0.000000000000000000e+00 0.000000000000000000e+00 0.000000000000000000e+00 8.176047591124664497e-04 8.038622398252265409e-04 0.000000000000000000e+00 0.000000000000000000e+00 8.735780492246171839e-04 8.569176087839395009e-04 1.322487152536342997e-04 0.000000000000000000e+00
0.000000000000000000e+00 0.000000000000000000e+00 0.000000000000000000e+00 0.000000000000000000e+00 3.396067216338456707e-04 0.000000000000000000e+00 0.000000000000000000e+00 0.000000000000000000e+00 7.918811429121965385e-04 7.742769885922082696e-04 0.000000000000000000e+00 0.000000000000000000e+00 8.278078880526510124e-04 8.008790905476201837e-04 1.173096112063746674e-04 0.000000000000000000e+00
0.000000000000000000e+00 0.000000000000000000e+00 0.000000000000000000e+00 0.000000000000000000e+00 3.441206121998071298e-04 0.000000000000000000e+00 0.000000000000000000e+00 0.000000000000000000e+00 7.979072206957834148e-04 7.757867338634635845e-04 0.000000000000000000e+00 0.000000000000000000e+00 8.634810262357123147e-04 8.331239682903400110e-04 1.270490669679920880e-04 0.000000000000000000e+00
0.000000000000000000e+00 0.000000000000000000e+00 0.000000000000000000e+00 0.000000000000000000e+00 3.361973408603018370e-04 0.000000000000000000e+00 0.000000000000000000e+00 0.000000000000000000e+00 7.755903871412413121e-04 7.604260785602689945e-04 0.000000000000000000e+00 0.000000000000000000e+00 8.376577285992285911e-04 8.151933090750491636e-04 1.230630671982586193e-04 0.000000000000000000e+00
0.000000000000000000e+00 0.000000000000000000e+00 0.000000000000000000e+00 0.000000000000000000e+00 3.394876102224159164e-04 0.000000000000000000e+00 0.000000000000000000e+00 0.000000000000000000e+00 7.814819774581239836e-04 7.763925980040689958e-04 0.000000000000000000e+00 0.000000000000000000e+00 8.437592880528567646e-04 8.299330524959915327e-04 1.301817384609048583e-04 0.000000000000000000e+00
0.000000000000000000e+00 0.000000000000000000e+00 0.000000000000000000e+00 0.000000000000000000e+00 3.223784444483473294e-04 0.000000000000000000e+00 0.000000000000000000e+00 0.000000000000000000e+00 7.855176328712279790e-04 7.785161920361590403e-04 0.000000000000000000e+00 0.000000000000000000e+00 8.280078022030438632e-04 8.148080190766493133e-04 1.136612224532841545e-04 0.000000000000000000e+00
0.000000000000000000e+00 0.000000000000000000e+00 0.000000000000000000e+00 0.000000000000000000e+00 3.466257183479703368e-04 0.000000000000000000e+00 0.000000000000000000e+00 0.000000000000000000e+00 7.782575170688023521e-04 7.675445989614375179e-04 0.000000000000000000e+00 0.000000000000000000e+00 8.284236225489213833e-04 8.159503883969556216e-04 1.276801164690791700e-04 0.000000000000000000e+00
0.000000000000000000e+00 0.000000000000000000e+00 0.000000000000000000e+00 0.000000000000000000e+00 3.313576529717118628e-04 0.000000000000000000e+00 0.000000000000000000e+00 0.000000000000000000e+00 7.757954318716103271e-04 7.572547864183019634e-04 0.000000000000000000e+00 0.000000000000000000e+00 8.588962185333850162e-04 8.349035352586235692e-04 1.422765107561364318e-04 0.000000000000000000e+00
0.000000000000000000e+00 0.000000000000000000e+00 0.000000000000000000e+00 0.000000000000000000e+00 3.480764328125634643e-04 0.000000000000000000e+00 0.000000000000000000e+00 0.000000000000000000e+00 7.679179380070646132e-04 7.503894252918354548e-04 0.000000000000000000e+00 0.000000000000000000e+00 8.261407155572810185e-04 7.995306646708457169e-04 1.243131104381938010e-04 0.000000000000000000e+00
0.000000000000000000e+00 0.000000000000000000e+00 0.000000000000000000e+00 0.000000000000000000e+00 3.564553950017067870e-04 0.000000000000000000e+00 0.000000000000000000e+00 0.000000000000000000e+00 7.973595248415788145e-04 7.759350033505901540e-04 0.000000000000000000e+00 0.000000000000000000e+00 8.707999664679283739e-04 8.425843664195072124e-04 1.358726568710122440e-04 0.000000000000000000e+00
0.000000000000000000e+00 0.000000000000000000e+00 0.000000000000000000e+00 0.000000000000000000e+00 3.440093436855445343e-04 0.000000000000000000e+00 0.000000000000000000e+00 0.000000000000000000e+00 7.791855708208675173e-04 7.689824203517083880e-04 0.000000000000000000e+00 0.000000000000000000e+00 8.490459234390026599e-04 8.328087761293126055e-04 1.375379248700459944e-04 0.000000000000000000e+00
0.000000000000000000e+00 0.000000000000000000e+00 0.000000000000000000e+00 0.000000000000000000e+00 3.514886131894088151e-04 0.000000000000000000e+00 0.000000000000000000e+00 0.000000000000000000e+00 7.975726466091138814e-04 7.801429998708442684e-04 0.000000000000000000e+00 0.000000000000000000e+00 8.671832391048758673e-04 8.429735823422893071e-04 1.284963676598436751e-04 0.000000000000000000e+00
0.000000000000000000e+00 0.000000000000000000e+00 0.000000000000000000e+00 0.000000000000000000e+00 3.314870938304730606e-04 0.000000000000000000e+00 0.000000000000000000e+00 0.000000000000000000e+00 7.752470337570500653e-04 7.820755362730056259e-04 0.000000000000000000e+00 0.000000000000000000e+00 8.317659656538429558e-04 8.292851062786615705e-04 1.312771090512086390e-04 0.000000000000000000e+00
0.000000000000000000e+00 0.000000000000000000e+00 0.000000000000000000e+00 0.000000000000000000e+00 3.490169070026045398e-04 0.000000000000000000e+00 0.000000000000000000e+00 0.000000000000000000e+00 7.775383359049767209e-04 7.613704854327369050e-04 0.000000000000000000e+00 0.000000000000000000e+00 8.419179307978039281e-04 8.200060003432506784e-04 1.332676493738301903e-04 0.000000000000000000e+00
0.000000000000000000e+00 0.000000000000000000e+00 0.000000000000000000e+00 0.000000000000000000e+00 3.527516608359978459e-04 0.000000000000000000e+00 0.000000000000000000e+00 0.000000000000000000e+00 7.883997528856721664e-04 7.826216939764732384e-04 0.000000000000000000e+00 0.000000000000000000e+00 8.554255938062293833e-04 8.449979032374378609e-04 1.275488964466500719e-04 0.000000000000000000e+00
0.000000000000000000e+00 0.000000000000000000e+00 0.000000000000000000e+00 0.000000000000000000e+00 3.460689915102838098e-04 0.000000000000000000e+00 0.000000000000000000e+00 0.000000000000000000e+00 8.019791054669112192e-04 7.913642313583884149e-04 0.000000000000000000e+00 0.000000000000000000e+00 8.602764681329748636e-04 8.433895258532933623e-04 1.240956237453663214e-04 0.000000000000000000e+00
0.000000000000000000e+00 0.000000000000000000e+00 0.000000000000000000e+00 0.000000000000000000e+00 3.356959776030086942e-04 0.000000000000000000e+00 0.000000000000000000e+00 0.000000000000000000e+00 7.699873572201340870e-04 7.578890483514212628e-04 0.000000000000000000e+00 0.000000000000000000e+00 8.314587691887417604e-04 8.145415196463780174e-04 1.219090727870380760e-04 0.000000000000000000e+00
0.000000000000000000e+00 0.000000000000000000e+00 0.000000000000000000e+00 0.000000000000000000e+00 3.355159991043763141e-04 0.000000000000000000e+00 0.000000000000000000e+00 0.000000000000000000e+00 7.886244148768610865e-04 7.728367379982303961e-04 0.000000000000000000e+00 0.000000000000000000e+00 8.509058572969918589e-04 8.308188574851560005e-04 1.285703715649230596e-04 0.000000000000000000e+00
0.000000000000000000e+00 0.000000000000000000e+00 0.000000000000000000e+00 0.000000000000000000e+00 3.545851651682742204e-04 0.000000000000000000e+00 0.000000000000000000e+00 0.000000000000000000e+00 8.165530421896367939e-04 8.001529743173263010e-04 0.000000000000000000e+00 0.000000000000000000e+00 8.785711050146522219e-04 8.580621331856739002e-04 1.379290147393188017e-04 0.000000000000000000e+00
0.000000000000000000e+00 0.000000000000000000e+00 0.000000000000000000e+00 0.000000000000000000e+00 3.272123346043007662e-04 0.000000000000000000e+00 0.000000000000000000e+00 0.000000000000000000e+00 7.704014142806309444e-04 7.554733019735224630e-04 0.000000000000000000e+00 0.000000000000000000e+00 8.259530223980078578e-04 8.071164199620405955e-04 1.093939945087987867e-04 0.000000000000000000e+00
0.000000000000000000e+00 0.000000000000000000e+00 0.000000000000000000e+00 0.000000000000000000e+00 3.447109647539867388e-04 0.000000000000000000e+00 0.000000000000000000e+00 0.000000000000000000e+00 7.838368541963873374e-04 7.725808300348756090e-04 0.000000000000000000e+00 0.000000000000000000e+00 8.382874537639710107e-04 8.222129720960750848e-04 1.081707563752681530e-04 0.000000000000000000e+00
0.000000000000000000e+00 0.000000000000000000e+00 0.000000000000000000e+00 0.000000000000000000e+00 3.429953811273494255e-04 0.000000000000000000e+00 0.000000000000000000e+00 0.000000000000000000e+00 8.124221172353470084e-04 7.891198707417710224e-04 0.000000000000000000e+00 0.000000000000000000e+00 8.700545197036260421e-04 8.432904379031889823e-04 1.306544102803378201e-04 0.000000000000000000e+00
0.000000000000000000e+00 0.000000000000000000e+00 0.000000000000000000e+00 0.000000000000000000e+00 3.521625145371479627e-04 0.000000000000000000e+00 0.000000000000000000e+00 0.000000000000000000e+00 7.801618921832752023e-04 7.711956339594635028e-04 0.000000000000000000e+00 0.000000000000000000e+00 8.345753194083663446e-04 8.160988270501418236e-04 1.353087090107988287e-04 0.000000000000000000e+00
0.000000000000000000e+00 0.000000000000000000e+00 0.000000000000000000e+00 0.000000000000000000e+00 3.538022063268866859e-04 0.000000000000000000e+00 0.000000000000000000e+00 0.000000000000000000e+00 7.857732206833538879e-04 7.706804878931888900e-04 0.000000000000000000e+00 0.000000000000000000e+00 8.617161897801502548e-04 8.413820941422894524e-04 1.313346260537699825e-04 0.000000000000000000e+00
0.000000000000000000e+00 0.000000000000000000e+00 0.000000000000000000e+00 0.000000000000000000e+00 3.391333240268107883e-04 0.000000000000000000e+00 0.000000000000000000e+00 0.000000000000000000e+00 7.913291840036819867e-04 7.772496521948872193e-04 0.000000000000000000e+00 0.000000000000000000e+00 8.623032464426548310e-04 8.427346198150828700e-04 1.337250585896184655e-04 0.000000000000000000e+00
0.000000000000000000e+00 0.000000000000000000e+00 0.000000000000000000e+00 0.000000000000000000e+00 3.433683952468790453e-04 0.000000000000000000e+00 0.000000000000000000e+00 0.000000000000000000e+00 7.844814830275482565e-04 7.625271010501334700e-04 0.000000000000000000e+00 0.000000000000000000e+00 8.352911287602951193e-04 8.071373074112104000e-04 1.285392655008125756e-04 0.000000000000000000e+00
0.000000000000000000e+00 0.000000000000000000e+00 0.000000000000000000e+00 0.000000000000000000e+00 3.459315700664409980e-04 0.000000000000000000e+00 0.000000000000000000e+00 0.000000000000000000e+00 8.027205402745814060e-04 7.972265208046857817e-04 0.000000000000000000e+00 0.000000000000000000e+00 8.545837178667378556e-04 8.415450934099352439e-04 1.269905789994844273e-04 0.000000000000000000e+00
0.000000000000000000e+00 0.000000000000000000e+00 0.000000000000000000e+00 0.000000000000000000e+00 3.464779034835906591e-04 0.000000000000000000e+00 0.000000000000000000e+00 0.000000000000000000e+00 7.596780242599501277e-04 7.593223629935773539e-04 0.000000000000000000e+00 0.000000000000000000e+00 8.334771720367936676e-04 8.284191554777099687e-04 1.247323407321303474e-04 0.000000000000000000e+00
0.000000000000000000e+00 0.000000000000000000e+00 0.000000000000000000e+00 0.000000000000000000e+00 3.406590202850277188e-04 0.000000000000000000e+00 0.000000000000000000e+00 0.000000000000000000e+00 7.870291220329626901e-04 7.749491879389471026e-04 0.000000000000000000e+00 0.000000000000000000e+00 8.441709967741008571e-04 8.258322467866062097e-04 1.249761650550552938e-04 0.000000000000000000e+00
0.000000000000000000e+00 0.000000000000000000e+00 0.000000000000000000e+00 0.000000000000000000e+00 3.301187119771808922e-04 0.000000000000000000e+00 0.000000000000000000e+00 0.000000000000000000e+00 7.821578033405980493e-04 7.789140820418168250e-04 0.000000000000000000e+00 0.000000000000000000e+00 8.577238036453670644e-04 8.462932707386926646e-04 1.277759702989116682e-04 0.000000000000000000e+00
0.000000000000000000e+00 0.000000000000000000e+00 0.000000000000000000e+00 0.000000000000000000e+00 3.503407864772997184e-04 0.000000000000000000e+00 0.000000000000000000e+00 0.000000000000000000e+00 7.837586811241585528e-04 7.645617881638925228e-04 0.000000000000000000e+00 0.000000000000000000e+00 8.381510280713981575e-04 8.115264430256201181e-04 1.236189718203181557e-04 0.000000000000000000e+00
0.000000000000000000e+00 0.000000000000000000e+00 0.000000000000000000e+00 0.000000000000000000e+00 3.366969879177960073e-04 0.000000000000000000e+00 0.000000000000000000e+00 0.000000000000000000e+00 7.481038960242144230e-04 7.387043822769349000e-04 0.000000000000000000e+00 0.000000000000000000e+00 7.991013753328777116e-04 7.820833117014750011e-04 1.216904711536386142e-04 0.000000000000000000e+00
0.000000000000000000e+00 0.000000000000000000e+00 0.000000000000000000e+00 0.000000000000000000e+00 3.515468927818848769e-04 0.000000000000000000e+00 0.000000000000000000e+00 0.000000000000000000e+00 8.092741076972431767e-04 7.917416366623196465e-04 0.000000000000000000e+00 0.000000000000000000e+00 8.773954046310513191e-04 8.538693651254151929e-04 1.160428769754600497e-04 0.000000000000000000e+00
0.000000000000000000e+00 0.000000000000000000e+00 0.000000000000000000e+00 0.000000000000000000e+00 3.372653953566556750e-04 0.000000000000000000e+00 0.000000000000000000e+00 0.000000000000000000e+00 7.917990878841125709e-04 7.704833304414701687e-04 0.000000000000000000e+00 0.000000000000000000e+00 8.539688882482038106e-04 8.253139554746352202e-04 1.248828111884698992e-04 0.000000000000000000e+00
0.000000000000000000e+00 0.000000000000000000e+00 0.000000000000000000e+00 0.000000000000000000e+00 3.483540587803051055e-04 0.000000000000000000e+00 0.000000000000000000e+00 0.000000000000000000e+00 7.716471908257982850e-04 7.576884658569254779e-04 0.000000000000000000e+00 0.000000000000000000e+00 8.470149404589360879e-04 8.302930465747375161e-04 1.207602324069546185e-04 0.000000000000000000e+00
0.000000000000000000e+00 0.000000000000000000e+00 0.000000000000000000e+00 0.000000000000000000e+00 3.430178068178500912e-04 0.000000000000000000e+00 0.000000000000000000e+00 0.000000000000000000e+00 8.002422249754109675e-04 7.811386794360003147e-04 0.000000000000000000e+00 0.000000000000000000e+00 8.586898923027145095e-04 8.349102449376023328e-04 1.222398470339710729e-04 0.000000000000000000e+00
0.000000000000000000e+00 0.000000000000000000e+00 0.000000000000000000e+00 0.000000000000000000e+00 3.598594809248229398e-04 0.000000000000000000e+00 0.000000000000000000e+00 0.000000000000000000e+00 7.860715882840268011e-04 7.794985451287963748e-04 0.000000000000000000e+00 0.000000000000000000e+00 8.279606899471078901e-04 8.098522108921043551e-04 1.150173347073627780e-04 0.000000000000000000e+00
0.000000000000000000e+00 0.000000000000000000e+00 0.000000000000000000e+00 0.000000000000000000e+00 3.482426068533454790e-04 0.000000000000000000e+00 0.000000000000000000e+00 0.000000000000000000e+00 7.885333403817821208e-04 7.814005901899899985e-04 0.000000000000000000e+00 0.000000000000000000e+00 8.554291472858509401e-04 8.435401213080485038e-04 1.371524233617357009e-04 0.000000000000000000e+00
0.000000000000000000e+00 0.000000000000000000e+00 0.000000000000000000e+00 0.000000000000000000e+00 3.515721371402923687e-04 0.000000000000000000e+00 0.000000000000000000e+00 0.000000000000000000e+00 7.939874460462609208e-04 7.961848476151734896e-04 0.000000000000000000e+00 0.000000000000000000e+00 8.364595660531742860e-04 8.285520809504629989e-04 1.249474160580585651e-04 0.000000000000000000e+00
0.000000000000000000e+00 0.000000000000000000e+00 0.000000000000000000e+00 0.000000000000000000e+00 3.440408624037294221e-04 0.000000000000000000e+00 0.000000000000000000e+00 0.000000000000000000e+00 7.774101707523996046e-04 7.648255223403924120e-04 0.000000000000000000e+00 0.000000000000000000e+00 8.494114899370223785e-04 8.322915013101827957e-04 1.151630540910380943e-04 0.000000000000000000e+00
0.000000000000000000e+00 0.000000000000000000e+00 0.000000000000000000e+00 0.000000000000000000e+00 3.487840795548988421e-04 0.000000000000000000e+00 0.000000000000000000e+00 0.000000000000000000e+00 7.957211172294989966e-04 7.728065774557106495e-04 0.000000000000000000e+00 0.000000000000000000e+00 8.730892325851752562e-04 8.455343180808019311e-04 1.377298447312179808e-04 0.000000000000000000e+00
0.000000000000000000e+00 0.000000000000000000e+00 0.000000000000000000e+00 0.000000000000000000e+00 3.373061929326126476e-04 0.000000000000000000e+00 0.000000000000000000e+00 0.000000000000000000e+00 7.763830257502012978e-04 7.729239493139411629e-04 0.000000000000000000e+00 0.000000000000000000e+00 8.301056169263599680e-04 8.156470631159805059e-04 1.288693682728090739e-04 0.000000000000000000e+00
0.000000000000000000e+00 0.000000000000000000e+00 0.000000000000000000e+00 0.000000000000000000e+00 3.352040330686104292e-04 0.000000000000000000e+00 0.000000000000000000e+00 0.000000000000000000e+00 7.799584680498148096e-04 7.752445776891613927e-04 0.000000000000000000e+00 0.000000000000000000e+00 8.419456946835198862e-04 8.290926811225612621e-04 1.126502821743880769e-04 0.000000000000000000e+00
0.000000000000000000e+00 0.000000000000000000e+00 0.000000000000000000e+00 0.000000000000000000e+00 3.547768422434099500e-04 0.000000000000000000e+00 0.000000000000000000e+00 0.000000000000000000e+00 7.970497777478835434e-04 7.824428057495060171e-04 0.000000000000000000e+00 0.000000000000000000e+00 8.530632869836174675e-04 8.280290033787649157e-04 1.385567873446195888e-04 0.000000000000000000e+00
0.000000000000000000e+00 0.000000000000000000e+00 0.000000000000000000e+00 0.000000000000000000e+00 3.447842374002730486e-04 0.000000000000000000e+00 0.000000000000000000e+00 0.000000000000000000e+00 7.787299154940617758e-04 7.686286787199249218e-04 0.000000000000000000e+00 0.000000000000000000e+00 8.599257350067710404e-04 8.486046971542516269e-04 1.137279553191676757e-04 0.000000000000000000e+00
0.000000000000000000e+00 0.000000000000000000e+00 0.000000000000000000e+00 0.000000000000000000e+00 3.445856883181158919e-04 0.000000000000000000e+00 0.000000000000000000e+00 0.000000000000000000e+00 7.852782044049507956e-04 7.752001690322094310e-04 0.000000000000000000e+00 0.000000000000000000e+00 8.571296933876009026e-04 8.412873513384272342e-04 1.237383337688040990e-04 0.000000000000000000e+00
0.000000000000000000e+00 0.000000000000000000e+00 0.000000000000000000e+00 0.000000000000000000e+00 3.414697201435636033e-04 0.000000000000000000e+00 0.000000000000000000e+00 0.000000000000000000e+00 7.740551639937374821e-04 7.600664787049467731e-04 0.000000000000000000e+00 0.000000000000000000e+00 8.420972566861153813e-04 8.227892930805924413e-04 1.208851263309523643e-04 0.000000000000000000e+00
0.000000000000000000e+00 0.000000000000000000e+00 0.000000000000000000e+00 0.000000000000000000e+00 3.501135891072849134e-04 0.000000000000000000e+00 0.000000000000000000e+00 0.000000000000000000e+00 7.779841798850488160e-04 7.657154800607591941e-04 0.000000000000000000e+00 0.000000000000000000e+00 8.411491960740528472e-04 8.183244630071639068e-04 1.331084137779313522e-04 0.000000000000000000e+00
0.000000000000000000e+00 0.000000000000000000e+00 0.000000000000000000e+00 0.000000000000000000e+00 3.356083355172626709e-04 0.000000000000000000e+00 0.000000000000000000e+00 0.000000000000000000e+00 7.784492753548917336e-04 7.626950668640041084e-04 0.000000000000000000e+00 0.000000000000000000e+00 8.252000514048864243e-04 8.036558416505928774e-04 1.094791826218952671e-04 0.000000000000000000e+00
0.000000000000000000e+00 0.000000000000000000e+00 0.000000000000000000e+00 0.000000000000000000e+00 3.607806879703346703e-04 0.000000000000000000e+00 0.000000000000000000e+00 0.000000000000000000e+00 8.018598254880156522e-04 7.859067668444076962e-04 0.000000000000000000e+00 0.000000000000000000e+00 8.650441029223055866e-04 8.442131243376347141e-04 1.316399540877181366e-04 0.000000000000000000e+00
0.000000000000000000e+00 0.000000000000000000e+00 0.000000000000000000e+00 0.000000000000000000e+00 3.426652664138583946e-04 0.000000000000000000e+00 0.000000000000000000e+00 0.000000000000000000e+00 7.964831842884703998e-04 7.764255803786689189e-04 0.000000000000000000e+00 0.000000000000000000e+00 8.573948372709351302e-04 8.341171599283915983e-04 1.357385358322993417e-04 0.000000000000000000e+00
0.000000000000000000e+00 0.000000000000000000e+00 0.000000000000000000e+00 0.000000000000000000e+00 3.309645833285426936e-04 0.000000000000000000e+00 0.000000000000000000e+00 0.000000000000000000e+00 7.677233252375883750e-04 7.550355707384215137e-04 0.000000000000000000e+00 0.000000000000000000e+00 8.381983345324468425e-04 8.197005580661626467e-04 1.394664913234007291e-04 0.000000000000000000e+00
0.000000000000000000e+00 0.000000000000000000e+00 0.000000000000000000e+00 0.000000000000000000e+00 3.532825250126406854e-04 0.000000000000000000e+00 0.000000000000000000e+00 0.000000000000000000e+00 7.965487832002572568e-04 7.871528708008380688e-04 0.000000000000000000e+00 0.000000000000000000e+00 8.557648777589372180e-04 8.373117724565251564e-04 1.155660103883879286e-04 0.000000000000000000e+00
0.000000000000000000e+00 0.000000000000000000e+00 0.000000000000000000e+00 0.000000000000000000e+00 3.512875939473295646e-04 0.000000000000000000e+00 0.000000000000000000e+00 0.000000000000000000e+00 7.963317271336986872e-04 7.807872752562351401e-04 0.000000000000000000e+00 0.000000000000000000e+00 8.720382286539798663e-04 8.523606075624284590e-04 1.306370668511438592e-04 0.000000000000000000e+00
0.000000000000000000e+00 0.000000000000000000e+00 0.000000000000000000e+00 0.000000000000000000e+00 3.429264150407598604e-04 0.000000000000000000e+00 0.000000000000000000e+00 0.000000000000000000e+00 7.739672371182405950e-04 7.535447962833867561e-04 0.000000000000000000e+00 0.000000000000000000e+00 8.489762864501154563e-04 8.229336057228175830e-04 1.151322742844116249e-04 0.000000000000000000e+00
0.000000000000000000e+00 0.000000000000000000e+00 0.000000000000000000e+00 0.000000000000000000e+00 3.731947655049882608e-04 0.000000000000000000e+00 0.000000000000000000e+00 0.000000000000000000e+00 8.009003648361673593e-04 7.808779173586106494e-04 0.000000000000000000e+00 0.000000000000000000e+00 8.777156688006150899e-04 8.499271886493276005e-04 1.397402654755529046e-04 0.000000000000000000e+00
0.000000000000000000e+00 0.000000000000000000e+00 0.000000000000000000e+00 0.000000000000000000e+00 3.297086320451137376e-04 0.000000000000000000e+00 0.000000000000000000e+00 0.000000000000000000e+00 7.754021484679591864e-04 7.672933063009729215e-04 0.000000000000000000e+00 0.000000000000000000e+00 8.296878569063367544e-04 8.138699420925869354e-04 1.330746975028623596e-04 0.000000000000000000e+00
0.000000000000000000e+00 0.000000000000000000e+00 0.000000000000000000e+00 0.000000000000000000e+00 3.427030467196137209e-04 0.000000000000000000e+00 0.000000000000000000e+00 0.000000000000000000e+00 7.885943955577477899e-04 7.769877060450654368e-04 0.000000000000000000e+00 0.000000000000000000e+00 8.562334736500775735e-04 8.375597599544970994e-04 1.380127001372497637e-04 0.000000000000000000e+00
0.000000000000000000e+00 0.000000000000000000e+00 0.000000000000000000e+00 0.000000000000000000e+00 3.264807207420857829e-04 0.000000000000000000e+00 0.000000000000000000e+00 0.000000000000000000e+00 7.758145919799224344e-04 7.717499010756879822e-04 0.000000000000000000e+00 0.000000000000000000e+00 8.224151949174084457e-04 8.117977013379503413e-04 1.237641384988257464e-04 0.000000000000000000e+00
0.000000000000000000e+00 0.000000000000000000e+00 0.000000000000000000e+00 0.000000000000000000e+00 3.377554672108504870e-04 0.000000000000000000e+00 0.000000000000000000e+00 0.000000000000000000e+00 7.930237891951018607e-04 7.722034919596574253e-04 0.000000000000000000e+00 0.000000000000000000e+00 8.596548798736478514e-04 8.360006574104821096e-04 1.187729220675476886e-04 0.000000000000000000e+00
0.000000000000000000e+00 0.000000000000000000e+00 0.000000000000000000e+00 0.000000000000000000e+00 3.464969402457311110e-04 0.000000000000000000e+00 0.000000000000000000e+00 0.000000000000000000e+00 7.782384031417274644e-04 7.676973077750178388e-04 0.000000000000000000e+00 0.000000000000000000e+00 8.236645818528559289e-04 8.058159741019741947e-04 1.189254868306232357e-04 0.000000000000000000e+00
0.000000000000000000e+00 0.000000000000000000e+00 0.000000000000000000e+00 0.000000000000000000e+00 3.392376085583866173e-04 0.000000000000000000e+00 0.000000000000000000e+00 0.000000000000000000e+00 7.759065499301110325e-04 7.683269341048825848e-04 0.000000000000000000e+00 0.000000000000000000e+00 8.496514163985487665e-04 8.376794139722567841e-04 1.334767454870342397e-04 0.000000000000000000e+00
0.000000000000000000e+00 0.000000000000000000e+00 0.000000000000000000e+00 0.000000000000000000e+00 3.424672608873314313e-04 0.000000000000000000e+00 0.000000000000000000e+00 0.000000000000000000e+00 7.699651610054261729e-04 7.546064309561588933e-04 0.000000000000000000e+00 0.000000000000000000e+00 8.361353643002856877e-04 8.112452249044784392e-04 1.077902181043516327e-04 0.000000000000000000e+00
0.000000000000000000e+00 0.000000000000000000e+00 0.000000000000000000e+00 0.000000000000000000e+00 3.359124235848249900e-04 0.000000000000000000e+00 0.000000000000000000e+00 0.000000000000000000e+00 7.717149875374638632e-04 7.683978157139195698e-04 0.000000000000000000e+00 0.000000000000000000e+00 8.356354526454696542e-04 8.293534838715548160e-04 1.276174060275302364e-04 0.000000000000000000e+00
0.000000000000000000e+00 0.000000000000000000e+00 0.000000000000000000e+00 0.000000000000000000e+00 3.493373002377185500e-04 0.000000000000000000e+00 0.000000000000000000e+00 0.000000000000000000e+00 7.740620405365974651e-04 7.596161169220990231e-04 0.000000000000000000e+00 0.000000000000000000e+00 8.264141060380554311e-04 8.069349229334729558e-04 1.071902683279271742e-04 0.000000000000000000e+00
0.000000000000000000e+00 0.000000000000000000e+00 0.000000000000000000e+00 0.000000000000000000e+00 3.391618778230552807e-04 0.000000000000000000e+00 0.000000000000000000e+00 0.000000000000000000e+00 7.766504937138681139e-04 7.673278708536833762e-04 0.000000000000000000e+00 0.000000000000000000e+00 8.368204098156049008e-04 8.184492611594510088e-04 1.298140787175142922e-04 0.000000000000000000e+00
0.000000000000000000e+00 0.000000000000000000e+00 0.000000000000000000e+00 0.000000000000000000e+00 3.317216186528612436e-04 0.000000000000000000e+00 0.000000000000000000e+00 0.000000000000000000e+00 7.969928602006346287e-04 7.881993186951061735e-04 0.000000000000000000e+00 0.000000000000000000e+00 8.666007758462500148e-04 8.491920299927070183e-04 1.402264184982066791e-04 0.000000000000000000e+00
0.000000000000000000e+00 0.000000000000000000e+00 0.000000000000000000e+00 0.000000000000000000e+00 3.416971766002819427e-04 0.000000000000000000e+00 0.000000000000000000e+00 0.000000000000000000e+00 7.690675559872766319e-04 7.662223437802889552e-04 0.000000000000000000e+00 0.000000000000000000e+00 8.329365639600793151e-04 8.208688959064221712e-04 1.213623293672837938e-04 0.000000000000000000e+00
0.000000000000000000e+00 0.000000000000000000e+00 0.000000000000000000e+00 0.000000000000000000e+00 3.446969045685373376e-04 0.000000000000000000e+00 0.000000000000000000e+00 0.000000000000000000e+00 7.891665824627539178e-04 7.796925417183513986e-04 0.000000000000000000e+00 0.000000000000000000e+00 8.531277969312674701e-04 8.364061903426728718e-04 1.222206654782637548e-04 0.000000000000000000e+00
0.000000000000000000e+00 0.000000000000000000e+00 0.000000000000000000e+00 0.000000000000000000e+00 3.415646565989434403e-04 0.000000000000000000e+00 0.000000000000000000e+00 0.000000000000000000e+00 7.751546154983293994e-04 7.583518947427484152e-04 0.000000000000000000e+00 0.000000000000000000e+00 8.318559703620942219e-04 8.122836001269431640e-04 1.161655166248385681e-04 0.000000000000000000e+00
0.000000000000000000e+00 0.000000000000000000e+00 0.000000000000000000e+00 0.000000000000000000e+00 3.293649186356988274e-04 0.000000000000000000e+00 0.000000000000000000e+00 0.000000000000000000e+00 7.799449436749558576e-04 7.788487969483702056e-04 0.000000000000000000e+00 0.000000000000000000e+00 8.516971596132817939e-04 8.461778069991071193e-04 1.354836499161948804e-04 0.000000000000000000e+00
0.000000000000000000e+00 0.000000000000000000e+00 0.000000000000000000e+00 0.000000000000000000e+00 3.558418352449068452e-04 0.000000000000000000e+00 0.000000000000000000e+00 0.000000000000000000e+00 7.813172399268478261e-04 7.594997396997009735e-04 0.000000000000000000e+00 0.000000000000000000e+00 8.496770074812075649e-04 8.196739594755435418e-04 1.331448603947292021e-04 0.000000000000000000e+00
0.000000000000000000e+00 0.000000000000000000e+00 0.000000000000000000e+00 0.000000000000000000e+00 3.346413735358104609e-04 0.000000000000000000e+00 0.000000000000000000e+00 0.000000000000000000e+00 7.672926205529341645e-04 7.621494448409796415e-04 0.000000000000000000e+00 0.000000000000000000e+00 8.311266882019365844e-04 8.203638764053109052e-04 1.107965108635727998e-04 0.000000000000000000e+00
0.000000000000000000e+00 0.000000000000000000e+00 0.000000000000000000e+00 0.000000000000000000e+00 3.524030673884335856e-04 0.000000000000000000e+00 0.000000000000000000e+00 0.000000000000000000e+00 7.771973226706038653e-04 7.708795927698860496e-04 0.000000000000000000e+00 0.000000000000000000e+00 8.406143646217304312e-04 8.238112471200463539e-04 1.158925604008853046e-04 0.000000000000000000e+00
0.000000000000000000e+00 0.000000000000000000e+00 0.000000000000000000e+00 0.000000000000000000e+00 3.370527201144902390e-04 0.000000000000000000e+00 0.000000000000000000e+00 0.000000000000000000e+00 7.775723650359718563e-04 7.701128995829938052e-04 0.000000000000000000e+00 0.000000000000000000e+00 8.318089920255760132e-04 8.148153518903933270e-04 1.393521930412511733e-04 0.000000000000000000e+00
0.000000000000000000e+00 0.000000000000000000e+00 0.000000000000000000e+00 0.000000000000000000e+00 3.445804590926697885e-04 0.000000000000000000e+00 0.000000000000000000e+00 0.000000000000000000e+00 7.809380846863536426e-04 7.680887497833953055e-04 0.000000000000000000e+00 0.000000000000000000e+00 8.432674190774675817e-04 8.246005970158114479e-04 1.163990488332134279e-04 0.000000000000000000e+00
0.000000000000000000e+00 0.000000000000000000e+00 0.000000000000000000e+00 0.000000000000000000e+00 3.460814351382345629e-04 0.000000000000000000e+00 0.000000000000000000e+00 0.000000000000000000e+00 7.848911107060682450e-04 7.718296827800334931e-04 0.000000000000000000e+00 0.000000000000000000e+00 8.540863845204752424e-04 8.342078147036912326e-04 1.270972324984874285e-04 0.000000000000000000e+00
0.000000000000000000e+00 0.000000000000000000e+00 0.000000000000000000e+00 0.000000000000000000e+00 3.474123776575564998e-04 0.000000000000000000e+00 0.000000000000000000e+00 0.000000000000000000e+00 7.857709250169593856e-04 7.701716800937884102e-04 0.000000000000000000e+00 0.000000000000000000e+00 8.281233205918215896e-04 8.080471228565020954e-04 1.197286816759432211e-04 0.000000000000000000e+00
0.000000000000000000e+00 0.000000000000000000e+00 0.000000000000000000e+00 0.000000000000000000e+00 3.477164362620214382e-04 0.000000000000000000e+00 0.000000000000000000e+00 0.000000000000000000e+00 7.884029813221459437e-04 7.775474662617464037e-04 0.000000000000000000e+00 0.000000000000000000e+00 8.490662527326096800e-04 8.295378691023750110e-04 1.250812856847172605e-04 0.000000000000000000e+00
0.000000000000000000e+00 0.000000000000000000e+00 0.000000000000000000e+00 0.000000000000000000e+00 3.442115986736965288e-04 0.000000000000000000e+00 0.000000000000000000e+00 0.000000000000000000e+00 7.821135999943363030e-04 7.715588511875915356e-04 0.000000000000000000e+00 0.000000000000000000e+00 8.332834089673686346e-04 8.160463112084064431e-04 1.277873038330054687e-04 0.000000000000000000e+00
0.000000000000000000e+00 0.000000000000000000e+00 0.000000000000000000e+00 0.000000000000000000e+00 3.343699162862478818e-04 0.000000000000000000e+00 0.000000000000000000e+00 0.000000000000000000e+00 7.562749026596704560e-04 7.434273301229148536e-04 0.000000000000000000e+00 0.000000000000000000e+00 8.230594123893622506e-04 8.045571850178381964e-04 1.166109417291416183e-04 0.000000000000000000e+00
0.000000000000000000e+00 0.000000000000000000e+00 0.000000000000000000e+00 0.000000000000000000e+00 3.432274793078669275e-04 0.000000000000000000e+00 0.000000000000000000e+00 0.000000000000000000e+00 7.973949169827258517e-04 7.888098563602896629e-04 0.000000000000000000e+00 0.000000000000000000e+00 8.680509362230331115e-04 8.512746396066782307e-04 1.404791827037591258e-04 0.000000000000000000e+00
0.000000000000000000e+00 0.000000000000000000e+00 0.000000000000000000e+00 0.000000000000000000e+00 3.383990772730038833e-04 0.000000000000000000e+00 0.000000000000000000e+00 0.000000000000000000e+00 7.762803445856389546e-04 7.709818843802410332e-04 0.000000000000000000e+00 0.000000000000000000e+00 8.388125752625254184e-04 8.281229091403944070e-04 1.104901126236761940e-04 0.000000000000000000e+00
0.000000000000000000e+00 0.000000000000000000e+00 0.000000000000000000e+00 0.000000000000000000e+00 3.611350337797305902e-04 0.000000000000000000e+00 0.000000000000000000e+00 0.000000000000000000e+00 7.993796123798202653e-04 7.870135259123924466e-04 0.000000000000000000e+00 0.000000000000000000e+00 8.516423685519658579e-04 8.372728110311914405e-04 1.109765408149514183e-04 0.000000000000000000e+00
0.000000000000000000e+00 0.000000000000000000e+00 0.000000000000000000e+00 0.000000000000000000e+00 3.460126216274723499e-04 0.000000000000000000e+00 0.000000000000000000e+00 0.000000000000000000e+00 7.556235076139207040e-04 7.500630578764955116e-04 0.000000000000000000e+00 0.000000000000000000e+00 8.164667496858266137e-04 8.016612693066174329e-04 1.017710831325020472e-04 0.000000000000000000e+00
0.000000000000000000e+00 0.000000000000000000e+00 0.000000000000000000e+00 0.000000000000000000e+00 3.538726565841554561e-04 0.000000000000000000e+00 0.000000000000000000e+00 0.000000000000000000e+00 7.742859752856533348e-04 7.476423991258417199e-04 0.000000000000000000e+00 0.000000000000000000e+00 8.315902896673944529e-04 8.001824785833758138e-04 1.200215275507746934e-04 0.000000000000000000e+00
0.000000000000000000e+00 0.000000000000000000e+00 0.000000000000000000e+00 0.000000000000000000e+00 3.418088836867695700e-04 0.000000000000000000e+00 0.000000000000000000e+00 0.000000000000000000e+00 7.687649690603212595e-04 7.595352045238315574e-04 0.000000000000000000e+00 0.000000000000000000e+00 8.393540740428474291e-04 8.203353762006981419e-04 1.349670304875131188e-04 0.000000000000000000e+00
0.000000000000000000e+00 0.000000000000000000e+00 0.000000000000000000e+00 0.000000000000000000e+00 3.469676696128755106e-04 0.000000000000000000e+00 0.000000000000000000e+00 0.000000000000000000e+00 7.874051308121444558e-04 7.772028688667867360e-04 0.000000000000000000e+00 0.000000000000000000e+00 8.352076620690811193e-04 8.173422526549682177e-04 1.181789292377364735e-04 0.000000000000000000e+00
0.000000000000000000e+00 0.000000000000000000e+00 0.000000000000000000e+00 0.000000000000000000e+00 3.494857298707350498e-04 0.000000000000000000e+00 0.000000000000000000e+00 0.000000000000000000e+00 7.871074520296743229e-04 7.742383378332117188e-04 0.000000000000000000e+00 0.000000000000000000e+00 8.529670028896980775e-04 8.336068559132140841e-04 1.206573299741966012e-04 0.000000000000000000e+00
0.000000000000000000e+00 0.000000000000000000e+00 0.000000000000000000e+00 0.000000000000000000e+00 3.445163839960203715e-04 0.000000000000000000e+00 0.000000000000000000e+00 0.000000000000000000e+00 7.862402472307170260e-04 7.851291418424228685e-04 0.000000000000000000e+00 0.000000000000000000e+00 8.668768354104884393e-04 8.631002740755553283e-04 1.159172424760348782e-04 0.000000000000000000e+00
0.000000000000000000e+00 0.000000000000000000e+00 0.000000000000000000e+00 0.000000000000000000e+00 3.361458611426594470e-04 0.000000000000000000e+00 0.000000000000000000e+00 0.000000000000000000e+00 7.925511405173392551e-04 7.807370709275014914e-04 0.000000000000000000e+00 0.000000000000000000e+00 8.394082616206545401e-04 8.242828544838859579e-04 1.262662538747690944e-04 0.000000000000000000e+00
0.000000000000000000e+00 0.000000000000000000e+00 0.000000000000000000e+00 0.000000000000000000e+00 3.380306879190167414e-04 0.000000000000000000e+00 0.000000000000000000e+00 0.000000000000000000e+00 7.773536046645919927e-04 7.694941911498087792e-04 0.000000000000000000e+00 0.000000000000000000e+00 8.541215645414319433e-04 8.415870511613506326e-04 1.372892794731370896e-04 0.000000000000000000e+00
0.000000000000000000e+00 0.000000000000000000e+00 0.000000000000000000e+00 0.000000000000000000e+00 3.462123265829673596e-04 0.000000000000000000e+00 0.000000000000000000e+00 0.000000000000000000e+00 7.836253664825347824e-04 7.749008096471796201e-04 0.000000000000000000e+00 0.000000000000000000e+00 8.391744405899491128e-04 8.225675559656582363e-04 1.178912779872436843e-04 0.000000000000000000e+00
0.000000000000000000e+00 0.000000000000000000e+00 0.000000000000000000e+00 0.000000000000000000e+00 3.498858222574608790e-04 0.000000000000000000e+00 0.000000000000000000e+00 0.000000000000000000e+00 7.984368090813864392e-04 7.915427283532554259e-04 0.000000000000000000e+00 0.000000000000000000e+00 8.666215669719206207e-04 8.546966297193371717e-04 1.288516595145151064e-04 0.000000000000000000e+00
0.000000000000000000e+00 0.000000000000000000e+00 0.000000000000000000e+00 0.000000000000000000e+00 3.286442975520262105e-04 0.000000000000000000e+00 0.000000000000000000e+00 0.000000000000000000e+00 7.928070644907977667e-04 7.851782773858971120e-04 0.000000000000000000e+00 0.000000000000000000e+00 8.667353285029276476e-04 8.509879769803634607e-04 1.462195921483324876e-04 0.000000000000000000e+00
0.000000000000000000e+00 0.000000000000000000e+00 0.000000000000000000e+00 0.000000000000000000e+00 3.372898822347148102e-04 0.000000000000000000e+00 0.000000000000000000e+00 0.000000000000000000e+00 7.747780670715956200e-04 7.707408303807280559e-04 0.000000000000000000e+00 0.000000000000000000e+00 8.333528483136453356e-04 8.224272096927692571e-04 1.210665912679415181e-04 0.000000000000000000e+00
0.000000000000000000e+00 0.000000000000000000e+00 0.000000000000000000e+00 0.000000000000000000e+00 3.160516896165947048e-04 0.000000000000000000e+00 0.000000000000000000e+00 0.000000000000000000e+00 7.759559680019081701e-04 7.669339606018316102e-04 0.000000000000000000e+00 0.000000000000000000e+00 8.448717094397392366e-04 8.277110027007789084e-04 1.272409130523518054e-04 0.000000000000000000e+00
