# 'name' : 'rogers_a02_b02_d05_g06'
# 'source' : 'rogers_a02_b02_d05_g06.yaml'
# 'sample_pops' : ['X', 'Y', 'D', 'N']
# 'sample_size' : 1
# 'n_reps' : 100
# 'n_windows' : 200
# 'seq_length' : 100000000.0
# 'window_length' : 500000.0
# 'recomb_rate' : 1e-08
# 'mut_rate' : 1e-08
# 'created' : None
0.000000000000000000e+00 0.000000000000000000e+00 0.000000000000000000e+00 0.000000000000000000e+00 4.697101808704106096e-01 0.000000000000000000e+00 0.000000000000000000e+00 0.000000000000000000e+00 3.997412689315594791e-01 4.046788482544670940e-01 0.000000000000000000e+00 0.000000000000000000e+00 4.613623115760471793e-01 4.667348576307539521e-01 6.950668995484007850e-02 0.000000000000000000e+00
0.000000000000000000e+00 0.000000000000000000e+00 0.000000000000000000e+00 0.000000000000000000e+00 4.661912345236718380e-01 0.000000000000000000e+00 0.000000000000000000e+00 0.000000000000000000e+00 4.016453809398383146e-01 4.059104387232663202e-01 0.000000000000000000e+00 0.000000000000000000e+00 4.598763041935642337e-01 4.640773206907526371e-01 7.003919057819656124e-02 0.000000000000000000e+00
0.000000000000000000e+00 0.000000000000000000e+00 0.000000000000000000e+00 0.000000000000000000e+00 4.635497039849827972e-01 0.000000000000000000e+00 0.000000000000000000e+00 0.000000000000000000e+00 4.036969660342926147e-01 4.057161637445959590e-01 0.000000000000000000e+00 0.000000000000000000e+00 4.736979386374468026e-01 4.768402532372803537e-01 7.195860942649150160e-02 0.000000000000000000e+00
0.000000000000000000e+00 0.000000000000000000e+00 0.000000000000000000e+00 0.000000000000000000e+00 4.542264949811201658e-01 0.000000000000000000e+00 0.000000000000000000e+00 0.000000000000000000e+00 4.126363248070646916e-01 4.210504636761928654e-01 0.000000000000000000e+00 0.000000000000000000e+00 4.619172472994436118e-01 4.723603809473047033e-01 7.550100107825166718e-02 0.000000000000000000e+00
0.000000000000000000e+00 0.000000000000000000e+00 0.000000000000000000e+00 0.000000000000000000e+00 4.561933588003374007e-01 0.000000000000000000e+00 0.000000000000000000e+00 0.000000000000000000e+00 4.108415578898877429e-01 4.146372475726255447e-01 0.000000000000000000e+00 0.000000000000000000e+00 4.499132729069711956e-01 4.514889964261896704e-01 6.751560341318646463e-02 0.000000000000000000e+00
0.000000000000000000e+00 0.000000000000000000e+00 0.000000000000000000e+00 0.000000000000000000e+00 4.729303554227254902e-01 0.000000000000000000e+00 0.000000000000000000e+00 0.000000000000000000e+00 4.142209142720091886e-01 4.146423103732982396e-01 0.000000000000000000e+00 0.000000000000000000e+00 4.730897057953398210e-01 4.725432695861655485e-01 7.508547991912822850e-02 0.000000000000000000e+00
0.000000000000000000e+00 0.000000000000000000e+00 0.000000000000000000e+00 0.000000000000000000e+00 4.585469559596088152e-01 0.000000000000000000e+00 0.000000000000000000e+00 0.000000000000000000e+00 4.022151177224038143e-01 4.070175410756498580e-01 0.000000000000000000e+00 0.000000000000000000e+00 4.592629898647359044e-01 4.630981959239558465e-01 7.179776037513778408e-02 0.000000000000000000e+00
0.000000000000000000e+00 0.000000000000000000e+00 0.000000000000000000e+00 0.000000000000000000e+00 4.655546090798323156e-01 0.000000000000000000e+00 0.000000000000000000e+00 0.000000000000000000e+00 4.043072451169840154e-01 4.125594314922543804e-01 0.000000000000000000e+00 0.000000000000000000e+00 4.623158457796530674e-01 4.700620347582172842e-01 7.355193914630547836e-02 0.000000000000000000e+00
0.000000000000000000e+00 0.000000000000000000e+00 0.000000000000000000e+00 0.000000000000000000e+00 4.587422782691731871e-01 0.000000000000000000e+00 0.000000000000000000e+00 0.000000000000000000e+00 4.063608006483350743e-01 4.172666308194260543e-01 0.000000000000000000e+00 0.000000000000000000e+00 4.494940414251058503e-01 4.589533719309713544e-01 6.668630106927710133e-02 0.000000000000000000e+00
0.000000000000000000e+00 0.000000000000000000e+00 0.000000000000000000e+00 0.000000000000000000e+00 4.705599162760564780e-01 0.000000000000000000e+00 0.000000000000000000e+00 0.000000000000000000e+00 4.081957273327955771e-01 4.152264210149143597e-01 0.000000000000000000e+00 0.000000000000000000e+00 4.588940672765198792e-01 4.664220556571196941e-01 7.422623539730943687e-02 0.000000000000000000e+00
0.000000000000000000e+00 0.000000000000000000e+00 0.000000000000000000e+00 0.000000000000000000e+00 4.518596760042005722e-01 0.000000000000000000e+00 0.000000000000000000e+00 0.000000000000000000e+00 4.018544052921804166e-01 4.044044368806073986e-01 0.000000000000000000e+00 0.000000000000000000e+00 4.753798528801618239e-01 4.776173397386178632e-01 8.317715460597360777e-02 0.000000000000000000e+00
0.000000000000000000e+00 0.000000000000000000e+00 0.000000000000000000e+00 0.000000000000000000e+00 4.684046901487388115e-01 0.000000000000000000e+00 0.000000000000000000e+00 0.000000000000000000e+00 4.031098487827097787e-01 4.065264035818544897e-01 0.000000000000000000e+00 0.000000000000000000e+00 4.565112071914251279e-01 4.593647127460303015e-01 7.184518975746664871e-02 0.000000000000000000e+00
0.000000000000000000e+00 0.000000000000000000e+00 0.000000000000000000e+00 0.000000000000000000e+00 4.732564949735055260e-01 0.000000000000000000e+00 0.000000000000000000e+00 0.000000000000000000e+00 4.087153080130462302e-01 4.131168996848109676e-01 0.000000000000000000e+00 0.000000000000000000e+00 4.743127287089934363e-01 4.795273707867914736e-01 7.806735774195888711e-02 0.000000000000000000e+00
0.000000000000000000e+00 0.000000000000000000e+00 0.000000000000000000e+00 0.000000000000000000e+00 4.636028901642166855e-01 0.000000000000000000e+00 0.000000000000000000e+00 0.000000000000000000e+00 4.039126679092764349e-01 4.132413821519137498e-01 0.000000000000000000e+00 0.000000000000000000e+00 4.645735133198543587e-01 4.765800448539783130e-01 7.947396253919963849e-02 0.000000000000000000e+00
0.000000000000000000e+00 0.000000000000000000e+00 0.000000000000000000e+00 0.000000000000000000e+00 4.677021597581662027e-01 0.000000000000000000e+00 0.000000000000000000e+00 0.000000000000000000e+00 4.063114122231029635e-01 4.111459939651742612e-01 0.000000000000000000e+00 0.000000000000000000e+00 4.740994091905874619e-01 4.781021372974504913e-01 7.520795061613796961e-02 0.000000000000000000e+00
0.000000000000000000e+00 0.000000000000000000e+00 0.000000000000000000e+00 0.000000000000000000e+00 4.603408070129221819e-01 0.000000000000000000e+00 0.000000000000000000e+00 0.000000000000000000e+00 4.000829596858959114e-01 4.169392687744153947e-01 0.000000000000000000e+00 0.000000000000000000e+00 4.558375568038478542e-01 4.715741134026246173e-01 7.508604561012761913e-02 0.000000000000000000e+00
0.000000000000000000e+00 0.000000000000000000e+00 0.000000000000000000e+00 0.000000000000000000e+00 4.647991892753053356e-01 0.000000000000000000e+00 0.000000000000000000e+00 0.000000000000000000e+00 4.015680616849954254e-01 4.104224330528966069e-01 0.000000000000000000e+00 0.000000000000000000e+00 4.629761272517457504e-01 4.731565982379223878e-01 7.674616164690563347e-02 0.000000000000000000e+00
0.000000000000000000e+00 0.000000000000000000e+00 0.000000000000000000e+00 0.000000000000000000e+00 4.597005454983151829e-01 0.000000000000000000e+00 0.000000000000000000e+00 0.000000000000000000e+00 3.985176992512670102e-01 4.126350118860442895e-01 0.000000000000000000e+00 0.000000000000000000e+00 4.589465237024550892e-01 4.742533808386179550e-01 7.259632716857454537e-02 0.000000000000000000e+00
0.000000000000000000e+00 0.000000000000000000e+00 0.000000000000000000e+00 0.000000000000000000e+00 4.740488453063587126e-01 0.000000000000000000e+00 0.000000000000000000e+00 0.000000000000000000e+00 4.111900157861446692e-01 4.190687132594832498e-01 0.000000000000000000e+00 0.000000000000000000e+00 4.696210311427335693e-01 4.775499565583804507e-01 7.213621219125697370e-02 0.000000000000000000e+00
0.000000000000000000e+00 0.000000000000000000e+00 0.000000000000000000e+00 0.000000000000000000e+00 4.562689346874707064e-01 0.000000000000000000e+00 0.000000000000000000e+00 0.000000000000000000e+00 4.019474718812794944e-01 4.084119797060127843e-01 0.000000000000000000e+00 0.000000000000000000e+00 4.576560954022968475e-01 4.652431464219426993e-01 7.341488598580182823e-02 0.000000000000000000e+00
0.000000000000000000e+00 0.000000000000000000e+00 0.000000000000000000e+00 0.000000000000000000e+00 4.567603526389760193e-01 0.000000000000000000e+00 0.000000000000000000e+00 0.000000000000000000e+00 4.059847169197744465e-01 4.090347767391769862e-01 0.000000000000000000e+00 0.000000000000000000e+00 4.670607503154389217e-01 4.701149402419900203e-01 7.310412144422374914e-02 0.000000000000000000e+00
0.000000000000000000e+00 0.000000000000000000e+00 0.000000000000000000e+00 0.000000000000000000e+00 4.678367385179773019e-01 0.000000000000000000e+00 0.000000000000000000e+00 0.000000000000000000e+00 4.142608740060986783e-01 4.191228489742057639e-01 0.000000000000000000e+00 0.000000000000000000e+00 4.761548654478427456e-01 4.815128906507237794e-01 8.032248406877280644e-02 0.000000000000000000e+00
0.000000000000000000e+00 0.000000000000000000e+00 0.000000000000000000e+00 0.000000000000000000e+00 4.611347568433246114e-01 0.000000000000000000e+00 0.000000000000000000e+00 0.000000000000000000e+00 3.993625470910482367e-01 4.054291011410938728e-01 0.000000000000000000e+00 0.000000000000000000e+00 4.514803893410010982e-01 4.583935813461761932e-01 6.248053800727912388e-02 0.000000000000000000e+00
0.000000000000000000e+00 0.000000000000000000e+00 0.000000000000000000e+00 0.000000000000000000e+00 4.752748797155739169e-01 0.000000000000000000e+00 0.000000000000000000e+00 0.000000000000000000e+00 4.080812001722650684e-01 4.166718064078745454e-01 0.000000000000000000e+00 0.000000000000000000e+00 4.556280983155198694e-01 4.645219263445302671e-01 6.332197816179313543e-02 0.000000000000000000e+00
0.000000000000000000e+00 0.000000000000000000e+00 0.000000000000000000e+00 0.000000000000000000e+00 4.703927349034148775e-01 0.000000000000000000e+00 0.000000000000000000e+00 0.000000000000000000e+00 4.189894088461004751e-01 4.201054714317063454e-01 0.000000000000000000e+00 0.000000000000000000e+00 4.695882288408214644e-01 4.713059688943024850e-01 7.577505736836664951e-02 0.000000000000000000e+00
0.000000000000000000e+00 0.000000000000000000e+00 0.000000000000000000e+00 0.000000000000000000e+00 4.774573268480158950e-01 0.000000000000000000e+00 0.000000000000000000e+00 0.000000000000000000e+00 4.070429554294087704e-01 4.124092384861342553e-01 0.000000000000000000e+00 0.000000000000000000e+00 4.638591110901377768e-01 4.678181639546919457e-01 7.840704170449366850e-02 0.000000000000000000e+00
0.000000000000000000e+00 0.000000000000000000e+00 0.000000000000000000e+00 0.000000000000000000e+00 4.715011309229412695e-01 0.000000000000000000e+00 0.000000000000000000e+00 0.000000000000000000e+00 4.056624062213879389e-01 4.146618055316257379e-01 0.000000000000000000e+00 0.000000000000000000e+00 4.713839361710591147e-01 4.812101697648932253e-01 7.696524754355925368e-02 0.000000000000000000e+00
0.000000000000000000e+00 0.000000000000000000e+00 0.000000000000000000e+00 0.000000000000000000e+00 4.570129296799367302e-01 0.000000000000000000e+00 0.000000000000000000e+00 0.000000000000000000e+00 4.053241986244692230e-01 4.118146718985217780e-01 0.000000000000000000e+00 0.000000000000000000e+00 4.711481622248683832e-01 4.780795469014182952e-01 7.834075187225852943e-02 0.000000000000000000e+00
0.000000000000000000e+00 0.000000000000000000e+00 0.000000000000000000e+00 0.000000000000000000e+00 4.646856493672045230e-01 0.000000000000000000e+00 0.000000000000000000e+00 0.000000000000000000e+00 4.099257187986234396e-01 4.089168783056371104e-01 0.000000000000000000e+00 0.000000000000000000e+00 4.595657587821117551e-01 4.579952510913820052e-01 7.513591878574689409e-02 0.000000000000000000e+00
0.000000000000000000e+00 0.000000000000000000e+00 0.000000000000000000e+00 0.000000000000000000e+00 4.620320842611815304e-01 0.000000000000000000e+00 0.000000000000000000e+00 0.000000000000000000e+00 4.115170937409345919e-01 4.224945339285964274e-01 0.000000000000000000e+00 0.000000000000000000e+00 4.583459515132935480e-01 4.685731532396206767e-01 7.372974983594270115e-02 0.000000000000000000e+00
0.000000000000000000e+00 0.000000000000000000e+00 0.000000000000000000e+00 0.000000000000000000e+00 4.665458548198418987e-01 0.000000000000000000e+00 0.000000000000000000e+00 0.000000000000000000e+00 3.942071507422796883e-01 4.092149289399085177e-01 0.000000000000000000e+00 0.000000000000000000e+00 4.619802057342628498e-01 4.786763381621739200e-01 7.352217540374478277e-02 0.000000000000000000e+00
0.000000000000000000e+00 0.000000000000000000e+00 0.000000000000000000e+00 0.000000000000000000e+00 4.692575303920236141e-01 0.000000000000000000e+00 0.000000000000000000e+00 0.000000000000000000e+00 4.093621016667086665e-01 4.147351037191001066e-01 0.000000000000000000e+00 0.000000000000000000e+00 4.665433571343350905e-01 4.712322546130602308e-01 7.304329788416423497e-02 0.000000000000000000e+00
0.000000000000000000e+00 0.000000000000000000e+00 0.000000000000000000e+00 0.000000000000000000e+00 4.599468902505917112e-01 0.000000000000000000e+00 0.000000000000000000e+00 0.000000000000000000e+00 4.048500911621806808e-01 4.174192234315790007e-01 0.000000000000000000e+00 0.000000000000000000e+00 4.692056199362200086e-01 4.819202360977232757e-01 7.507717986598771986e-02 0.000000000000000000e+00
0.000000000000000000e+00 0.000000000000000000e+00 0.000000000000000000e+00 0.000000000000000000e+00 4.663210455457177384e-01 0.000000000000000000e+00 0.000000000000000000e+00 0.000000000000000000e+00 4.081254810096947017e-01 4.081869427145949913e-01 0.000000000000000000e+00 0.000000000000000000e+00 4.600196374706003732e-01 4.582157414404535167e-01 7.101306244523324096e-02 0.000000000000000000e+00
0.000000000000000000e+00 0.000000000000000000e+00 0.000000000000000000e+00 0.000000000000000000e+00 4.708803274143047446e-01 0.000000000000000000e+00 0.000000000000000000e+00 0.000000000000000000e+00 3.966971408828960377e-01 4.038706363775030894e-01 0.000000000000000000e+00 0.000000000000000000e+00 4.524530841010996896e-01 4.578278857540459268e-01 7.082251246041959547e-02 0.000000000000000000e+00
0.000000000000000000e+00 0.000000000000000000e+00 0.000000000000000000e+00 0.000000000000000000e+00 4.731139343158254351e-01 0.000000000000000000e+00 0.000000000000000000e+00 0.000000000000000000e+00 4.124157188334542368e-01 4.150537263540390320e-01 0.000000000000000000e+00 0.000000000000000000e+00 4.769629762975501341e-01 4.792136744399076997e-01 6.752882667858357835e-02 0.000000000000000000e+00
0.000000000000000000e+00 0.000000000000000000e+00 0.000000000000000000e+00 0.000000000000000000e+00 4.637017584160708084e-01 0.000000000000000000e+00 0.000000000000000000e+00 0.000000000000000000e+00 4.087390568387622158e-01 4.076739531214286227e-01 0.000000000000000000e+00 0.000000000000000000e+00 4.671744200644365463e-01 4.654369894675780550e-01 7.198012957112781551e-02 0.000000000000000000e+00
0.000000000000000000e+00 0.000000000000000000e+00 0.000000000000000000e+00 0.000000000000000000e+00 4.662307050813467857e-01 0.000000000000000000e+00 0.000000000000000000e+00 0.000000000000000000e+00 4.001287834853504144e-01 4.070594869562478846e-01 0.000000000000000000e+00 0.000000000000000000e+00 4.649573298808353239e-01 4.735792828738750737e-01 7.110765329842239080e-02 0.000000000000000000e+00
0.000000000000000000e+00 0.000000000000000000e+00 0.000000000000000000e+00 0.000000000000000000e+00 4.661776349091094063e-01 0.000000000000000000e+00 0.000000000000000000e+00 0.000000000000000000e+00 4.132857912712981641e-01 4.169341425496060904e-01 0.000000000000000000e+00 0.000000000000000000e+00 4.682448229657545369e-01 4.712057056394949872e-01 7.181323190049272720e-02 0.000000000000000000e+00
0.000000000000000000e+00 0.000000000000000000e+00 0.000000000000000000e+00 0.000000000000000000e+00 4.785624287074112249e-01 0.000000000000000000e+00 0.000000000000000000e+00 0.000000000000000000e+00 4.079389673623813883e-01 4.155083660548875013e-01 0.000000000000000000e+00 0.000000000000000000e+00 4.498724050215606174e-01 4.543109537488577154e-01 6.593677051472171535e-02 0.000000000000000000e+00
0.000000000000000000e+00 0.000000000000000000e+00 0.000000000000000000e+00 0.000000000000000000e+00 4.706756226596883752e-01 0.000000000000000000e+00 0.000000000000000000e+00 0.000000000000000000e+00 4.095820360609562227e-01 4.205949150052624153e-01 0.000000000000000000e+00 0.000000000000000000e+00 4.673078045424619575e-01 4.796049988666344355e-01 7.973039796339036200e-02 0.000000000000000000e+00
0.000000000000000000e+00 0.000000000000000000e+00 0.000000000000000000e+00 0.000000000000000000e+00 4.626762648818838475e-01 0.000000000000000000e+00 0.000000000000000000e+00 0.000000000000000000e+00 4.061505154605446477e-01 4.209282586549568106e-01 0.000000000000000000e+00 0.000000000000000000e+00 4.519138801188670174e-01 4.659182115362308085e-01 7.265169076900640510e-02 0.000000000000000000e+00
0.000000000000000000e+00 0.000000000000000000e+00 0.000000000000000000e+00 0.000000000000000000e+00 4.712939356576778538e-01 0.000000000000000000e+00 0.000000000000000000e+00 0.000000000000000000e+00 4.025852214461121403e-01 4.089748994903150137e-01 0.000000000000000000e+00 0.000000000000000000e+00 4.649620801099017542e-01 4.719907644603373864e-01 6.563959584336100106e-02 0.000000000000000000e+00
0.000000000000000000e+00 0.000000000000000000e+00 0.000000000000000000e+00 0.000000000000000000e+00 4.673981109945126722e-01 0.000000000000000000e+00 0.000000000000000000e+00 0.000000000000000000e+00 4.071845001336933390e-01 4.086299195185956190e-01 0.000000000000000000e+00 0.000000000000000000e+00 4.748450885432818347e-01 4.768252694733244312e-01 7.893597239178466729e-02 0.000000000000000000e+00
0.000000000000000000e+00 0.000000000000000000e+00 0.000000000000000000e+00 0.000000000000000000e+00 4.675923857581811838e-01 0.000000000000000000e+00 0.000000000000000000e+00 0.000000000000000000e+00 4.009454292994489299e-01 4.150226795803862445e-01 0.000000000000000000e+00 0.000000000000000000e+00 4.566319179392109295e-01 4.701175108939761316e-01 7.416812811501577452e-02 0.000000000000000000e+00
0.000000000000000000e+00 0.000000000000000000e+00 0.000000000000000000e+00 0.000000000000000000e+00 4.711183249378535498e-01 0.000000000000000000e+00 0.000000000000000000e+00 0.000000000000000000e+00 4.028029742396392887e-01 4.107452529974239819e-01 0.000000000000000000e+00 0.000000000000000000e+00 4.576308286435182282e-01 4.647603721665645726e-01 6.416582314757274252e-02 0.000000000000000000e+00
0.000000000000000000e+00 0.000000000000000000e+00 0.000000000000000000e+00 0.000000000000000000e+00 4.662778968243798672e-01 0.000000000000000000e+00 0.000000000000000000e+00 0.000000000000000000e+00 4.125576997391568468e-01 4.186812529741335553e-01 0.000000000000000000e+00 0.000000000000000000e+00 4.662261927705827480e-01 4.714540389007655374e-01 8.175844953917180136e-02 0.000000000000000000e+00
0.000000000000000000e+00 0.000000000000000000e+00 0.000000000000000000e+00 0.000000000000000000e+00 4.741144461700807500e-01 0.000000000000000000e+00 0.000000000000000000e+00 0.000000000000000000e+00 4.018252155219190769e-01 4.089207722937316936e-01 0.000000000000000000e+00 0.000000000000000000e+00 4.728216144534103105e-01 4.821664790144505885e-01 6.661066059508925774e-02 0.000000000000000000e+00
0.000000000000000000e+00 0.000000000000000000e+00 0.000000000000000000e+00 0.000000000000000000e+00 4.698888013393835439e-01 0.000000000000000000e+00 0.000000000000000000e+00 0.000000000000000000e+00 4.037140966886170190e-01 4.127688536444363843e-01 0.000000000000000000e+00 0.000000000000000000e+00 4.668549063132836352e-01 4.765297218605002438e-01 7.111568957203466546e-02 0.000000000000000000e+00
0.000000000000000000e+00 0.000000000000000000e+00 0.000000000000000000e+00 0.000000000000000000e+00 4.699928224802022436e-01 0.000000000000000000e+00 0.000000000000000000e+00 0.000000000000000000e+00 4.028501289561644549e-01 4.091482951127253798e-01 0.000000000000000000e+00 0.000000000000000000e+00 4.648776629240275460e-01 4.713043527333335980e-01 6.992062364454705581e-02 0.000000000000000000e+00
0.000000000000000000e+00 0.000000000000000000e+00 0.000000000000000000e+00 0.000000000000000000e+00 4.775971712691413074e-01 0.000000000000000000e+00 0.000000000000000000e+00 0.000000000000000000e+00 4.056034227060597019e-01 4.125343111901667581e-01 0.000000000000000000e+00 0.000000000000000000e+00 4.674689759540947009e-01 4.726388446880530614e-01 7.789785627979042837e-02 0.000000000000000000e+00
0.000000000000000000e+00 0.000000000000000000e+00 0.000000000000000000e+00 0.000000000000000000e+00 4.676032840697275095e-01 0.000000000000000000e+00 0.000000000000000000e+00 0.000000000000000000e+00 4.085812186838166382e-01 4.110563690986669405e-01 0.000000000000000000e+00 0.000000000000000000e+00 4.517531008633832723e-01 4.536099754748125212e-01 6.420216491834301875e-02 0.000000000000000000e+00
0.000000000000000000e+00 0.000000000000000000e+00 0.000000000000000000e+00 0.000000000000000000e+00 4.646886000382128290e-01 0.000000000000000000e+00 0.000000000000000000e+00 0.000000000000000000e+00 4.082138660091051974e-01 4.138589867661231492e-01 0.000000000000000000e+00 0.000000000000000000e+00 4.664644104037218297e-01 4.746806857955881975e-01 7.690438378120881269e-02 0.000000000000000000e+00
0.000000000000000000e+00 0.000000000000000000e+00 0.000000000000000000e+00 0.000000000000000000e+00 4.755772447879071940e-01 0.000000000000000000e+00 0.000000000000000000e+00 0.000000000000000000e+00 4.148740949751904550e-01 4.159710125149838622e-01 0.000000000000000000e+00 0.000000000000000000e+00 4.759049931917513909e-01 4.776354356282399571e-01 8.014965482672251063e-02 0.000000000000000000e+00
0.000000000000000000e+00 0.000000000000000000e+00 0.000000000000000000e+00 0.000000000000000000e+00 4.573112823905246538e-01 0.000000000000000000e+00 0.000000000000000000e+00 0.000000000000000000e+00 4.029722152688719472e-01 4.091529986870166558e-01 0.000000000000000000e+00 0.000000000000000000e+00 4.670240380876460318e-01 4.745228772417566798e-01 8.103212419079403039e-02 0.000000000000000000e+00
0.000000000000000000e+00 0.000000000000000000e+00 0.000000000000000000e+00 0.000000000000000000e+00 4.842147769113326339e-01 0.000000000000000000e+00 0.000000000000000000e+00 0.000000000000000000e+00 4.075395232865637318e-01 4.175677847937833143e-01 0.000000000000000000e+00 0.000000000000000000e+00 4.622809493587400897e-01 4.715994525480376454e-01 6.613765031186696897e-02 0.000000000000000000e+00
0.000000000000000000e+00 0.000000000000000000e+00 0.000000000000000000e+00 0.000000000000000000e+00 4.677650149065730734e-01 0.000000000000000000e+00 0.000000000000000000e+00 0.000000000000000000e+00 4.116114900409544863e-01 4.172494047414492258e-01 0.000000000000000000e+00 0.000000000000000000e+00 4.722346678591351488e-01 4.799097358193541996e-01 7.795968149578624828e-02 0.000000000000000000e+00
0.000000000000000000e+00 0.000000000000000000e+00 0.000000000000000000e+00 0.000000000000000000e+00 4.622449811914102202e-01 0.000000000000000000e+00 0.000000000000000000e+00 0.000000000000000000e+00 4.020383392671443290e-01 4.030736863050510266e-01 0.000000000000000000e+00 0.000000000000000000e+00 4.679855844442784019e-01 4.692752058546512672e-01 6.654452928333942641e-02 0.000000000000000000e+00
0.000000000000000000e+00 0.000000000000000000e+00 0.000000000000000000e+00 0.000000000000000000e+00 4.794005582769913509e-01 0.000000000000000000e+00 0.000000000000000000e+00 0.000000000000000000e+00 4.074485060306591300e-01 4.140175808054773476e-01 0.000000000000000000e+00 0.000000000000000000e+00 4.736448978446139990e-01 4.802475166091426662e-01 8.063586389438365254e-02 0.000000000000000000e+00
0.000000000000000000e+00 0.000000000000000000e+00 0.000000000000000000e+00 0.000000000000000000e+00 4.627984552425881692e-01 0.000000000000000000e+00 0.000000000000000000e+00 0.000000000000000000e+00 4.020458998020959851e-01 4.110460959127867908e-01 0.000000000000000000e+00 0.000000000000000000e+00 4.618565123727285671e-01 4.699973101904875716e-01 7.652858456186900638e-02 0.000000000000000000e+00
0.000000000000000000e+00 0.000000000000000000e+00 0.000000000000000000e+00 0.000000000000000000e+00 4.541189752838522553e-01 0.000000000000000000e+00 0.000000000000000000e+00 0.000000000000000000e+00 4.080559547691191558e-01 4.151847407959536329e-01 0.000000000000000000e+00 0.000000000000000000e+00 4.680653239212040351e-01 4.746322907154848503e-01 8.126043394071499892e-02 0.000000000000000000e+00
0.000000000000000000e+00 0.000000000000000000e+00 0.000000000000000000e+00 0.000000000000000000e+00 4.553270502053955449e-01 0.000000000000000000e+00 0.000000000000000000e+00 0.000000000000000000e+00 4.023292082271789361e-01 4.142718080610182096e-01 0.000000000000000000e+00 0.000000000000000000e+00 4.513376341670436442e-01 4.623247879771086866e-01 7.062361910271230947e-02 0.000000000000000000e+00
0.000000000000000000e+00 0.000000000000000000e+00 0.000000000000000000e+00 0.000000000000000000e+00 4.565163654571143259e-01 0.000000000000000000e+00 0.000000000000000000e+00 0.000000000000000000e+00 4.060568777633132287e-01 4.097204942394260807e-01 0.000000000000000000e+00 0.000000000000000000e+00 4.640958976863928664e-01 4.686127567336241251e-01 6.900493798451626248e-02 0.000000000000000000e+00
0.000000000000000000e+00 0.000000000000000000e+00 0.000000000000000000e+00 0.000000000000000000e+00 4.565492187739172425e-01 0.000000000000000000e+00 0.000000000000000000e+00 0.000000000000000000e+00 4.048774311382982716e-01 4.135703583550409679e-01 0.000000000000000000e+00 0.000000000000000000e+00 4.488621395928280022e-01 4.567769173867730625e-01 6.885906401547395306e-02 0.000000000000000000e+00
0.000000000000000000e+00 0.000000000000000000e+00 0.000000000000000000e+00 0.000000000000000000e+00 4.602535839937399453e-01 0.000000000000000000e+00 0.000000000000000000e+00 0.000000000000000000e+00 4.056127780666535787e-01 4.151680298628654397e-01 0.000000000000000000e+00 0.000000000000000000e+00 4.708940708035316280e-01 4.810874797465082287e-01 7.957467369430444581e-02 0.000000000000000000e+00
0.000000000000000000e+00 0.000000000000000000e+00 0.000000000000000000e+00 0.000000000000000000e+00 4.769683214204202826e-01 0.000000000000000000e+00 0.000000000000000000e+00 0.000000000000000000e+00 4.019419770914448020e-01 4.068738939130101540e-01 0.000000000000000000e+00 0.000000000000000000e+00 4.589895724444794656e-01 4.620005963541173322e-01 6.202572703618211558e-02 0.000000000000000000e+00
0.000000000000000000e+00 0.000000000000000000e+00 0.000000000000000000e+00 0.000000000000000000e+00 4.709867907219789651e-01 0.000000000000000000e+00 0.000000000000000000e+00 0.000000000000000000e+00 4.021801232335046605e-01 4.143655653205979839e-01 0.000000000000000000e+00 0.000000000000000000e+00 4.587828142336809467e-01 4.719803569715614877e-01 7.307246544222149864e-02 0.000000000000000000e+00
0.000000000000000000e+00 0.000000000000000000e+00 0.000000000000000000e+00 0.000000000000000000e+00 4.732408312211691115e-01 0.000000000000000000e+00 0.000000000000000000e+00 0.000000000000000000e+00 4.028267042381046270e-01 4.074995213867055877e-01 0.000000000000000000e+00 0.000000000000000000e+00 4.528731975984118807e-01 4.583086655120585662e-01 6.219766976587368795e-02 0.000000000000000000e+00
0.000000000000000000e+00 0.000000000000000000e+00 0.000000000000000000e+00 0.000000000000000000e+00 4.605575178716505569e-01 0.000000000000000000e+00 0.000000000000000000e+00 0.000000000000000000e+00 4.062356442445207438e-01 4.125169723180387438e-01 0.000000000000000000e+00 0.000000000000000000e+00 4.616409241734589775e-01 4.678923973634910305e-01 7.537247294352109050e-02 0.000000000000000000e+00
0.000000000000000000e+00 0.000000000000000000e+00 0.000000000000000000e+00 0.000000000000000000e+00 4.513007466497406805e-01 0.000000000000000000e+00 0.000000000000000000e+00 0.000000000000000000e+00 4.102546149299728939e-01 4.179596977973670802e-01 0.000000000000000000e+00 0.000000000000000000e+00 4.765904348860990902e-01 4.822543296569737903e-01 8.321394218682134913e-02 0.000000000000000000e+00
0.000000000000000000e+00 0.000000000000000000e+00 0.000000000000000000e+00 0.000000000000000000e+00 4.666805662713380820e-01 0.000000000000000000e+00 0.000000000000000000e+00 0.000000000000000000e+00 4.031618981753343212e-01 4.129718958479496327e-01 0.000000000000000000e+00 0.000000000000000000e+00 4.594458930189802004e-01 4.682237908306330909e-01 7.069946046210234814e-02 0.000000000000000000e+00
0.000000000000000000e+00 0.000000000000000000e+00 0.000000000000000000e+00 0.000000000000000000e+00 4.563093012409156768e-01 0.000000000000000000e+00 0.000000000000000000e+00 0.000000000000000000e+00 4.042685896830732206e-01 4.148942954671879790e-01 0.000000000000000000e+00 0.000000000000000000e+00 4.599807886422197512e-01 4.713851174700634528e-01 7.143083540201015935e-02 0.000000000000000000e+00
0.000000000000000000e+00 0.000000000000000000e+00 0.000000000000000000e+00 0.000000000000000000e+00 4.637402530151715774e-01 0.000000000000000000e+00 0.000000000000000000e+00 0.000000000000000000e+00 4.033972186117460446e-01 4.057719420716153214e-01 0.000000000000000000e+00 0.000000000000000000e+00 4.559212339790555957e-01 4.590377321141020373e-01 6.706826159713905056e-02 0.000000000000000000e+00
0.000000000000000000e+00 0.000000000000000000e+00 0.000000000000000000e+00 0.000000000000000000e+00 4.628828139062031721e-01 0.000000000000000000e+00 0.000000000000000000e+00 0.000000000000000000e+00 4.069231432987152064e-01 4.200247208987558656e-01 0.000000000000000000e+00 0.000000000000000000e+00 4.695496914850919024e-01 4.838252092350151523e-01 7.905232898838997213e-02 0.000000000000000000e+00
0.000000000000000000e+00 0.000000000000000000e+00 0.000000000000000000e+00 0.000000000000000000e+00 4.655728973285945260e-01 0.000000000000000000e+00 0.000000000000000000e+00 0.000000000000000000e+00 4.020554794764300000e-01 4.039890854911062368e-01 0.000000000000000000e+00 0.000000000000000000e+00 4.640404270218661531e-01 4.651035292000738064e-01 7.642293623254782509e-02 0.000000000000000000e+00
0.000000000000000000e+00 0.000000000000000000e+00 0.000000000000000000e+00 0.000000000000000000e+00 4.631053947242749214e-01 0.000000000000000000e+00 0.000000000000000000e+00 0.000000000000000000e+00 3.961164744320939679e-01 4.069544536210471519e-01 0.000000000000000000e+00 0.000000000000000000e+00 4.535367003876163428e-01 4.657312113013410970e-01 6.299648080613447221e-02 0.000000000000000000e+00
0.000000000000000000e+00 0.000000000000000000e+00 0.000000000000000000e+00 0.000000000000000000e+00 4.640351359769671613e-01 0.000000000000000000e+00 0.000000000000000000e+00 0.000000000000000000e+00 4.001606678148668661e-01 4.082926947639654580e-01 0.000000000000000000e+00 0.000000000000000000e+00 4.572390805567096983e-01 4.640863659704023703e-01 6.652251908911190059e-02 0.000000000000000000e+00
0.000000000000000000e+00 0.000000000000000000e+00 0.000000000000000000e+00 0.000000000000000000e+00 4.617633454100201207e-01 0.000000000000000000e+00 0.000000000000000000e+00 0.000000000000000000e+00 4.050886205778945759e-01 4.145724955430046266e-01 0.000000000000000000e+00 0.000000000000000000e+00 4.592338828463957134e-01 4.665074314355501239e-01 8.071055720594617899e-02 0.000000000000000000e+00
0.000000000000000000e+00 0.000000000000000000e+00 0.000000000000000000e+00 0.000000000000000000e+00 4.644965791771180630e-01 0.000000000000000000e+00 0.000000000000000000e+00 0.000000000000000000e+00 4.032471197012422737e-01 4.104144650861647481e-01 0.000000000000000000e+00 0.000000000000000000e+00 4.598609388408083087e-01 4.670000021216866304e-01 6.838773611486720361e-02 0.000000000000000000e+00
0.000000000000000000e+00 0.000000000000000000e+00 0.000000000000000000e+00 0.000000000000000000e+00 4.585535910712690288e-01 0.000000000000000000e+00 0.000000000000000000e+00 0.000000000000000000e+00 4.000671502452305406e-01 4.087988066429757983e-01 0.000000000000000000e+00 0.000000000000000000e+00 4.585311949256111186e-01 4.689477687022328145e-01 7.324520556691807571e-02 0.000000000000000000e+00
0.000000000000000000e+00 0.000000000000000000e+00 0.000000000000000000e+00 0.000000000000000000e+00 4.663381637137141711e-01 0.000000000000000000e+00 0.000000000000000000e+00 0.000000000000000000e+00 4.093113903524192021e-01 4.146545771995693297e-01 0.000000000000000000e+00 0.000000000000000000e+00 4.545430200140493926e-01 4.601022040315187467e-01 7.065498896458727307e-02 0.000000000000000000e+00
0.000000000000000000e+00 0.000000000000000000e+00 0.000000000000000000e+00 0.000000000000000000e+00 4.683545053497689126e-01 0.000000000000000000e+00 0.000000000000000000e+00 0.000000000000000000e+00 4.049465648319365840e-01 4.129653290383448749e-01 0.000000000000000000e+00 0.000000000000000000e+00 4.611382278512189958e-01 4.687096388907998068e-01 7.167967635295355300e-02 0.000000000000000000e+00
0.000000000000000000e+00 0.000000000000000000e+00 0.000000000000000000e+00 0.000000000000000000e+00 4.622139303467844851e-01 0.000000000000000000e+00 0.000000000000000000e+00 0.000000000000000000e+00 4.063029633355044190e-01 4.168820405582904787e-01 0.000000000000000000e+00 0.000000000000000000e+00 4.549234167302595444e-01 4.655380420174700107e-01 7.497596700390986302e-02 0.000000000000000000e+00
0.000000000000000000e+00 0.000000000000000000e+00 0.000000000000000000e+00 0.000000000000000000e+00 4.598869582101787756e-01 0.000000000000000000e+00 0.000000000000000000e+00 0.000000000000000000e+00 3.978578626515787975e-01 4.013124537232776179e-01 0.000000000000000000e+00 0.000000000000000000e+00 4.549683377588865096e-01 4.582690375628737933e-01 6.694361251732237894e-02 0.000000000000000000e+00
0.000000000000000000e+00 0.000000000000000000e+00 0.000000000000000000e+00 0.000000000000000000e+00 4.572414786597965297e-01 0.000000000000000000e+00 0.000000000000000000e+00 0.000000000000000000e+00 4.108276409496549042e-01 4.185586696366422887e-01 0.000000000000000000e+00 0.000000000000000000e+00 4.745408364550890434e-01 4.798995551531761716e-01 8.365800306280803122e-02 0.000000000000000000e+00
0.000000000000000000e+00 0.000000000000000000e+00 0.000000000000000000e+00 0.000000000000000000e+00 4.593753536755729727e-01 0.000000000000000000e+00 0.000000000000000000e+00 0.000000000000000000e+00 3.993896258338532346e-01 4.114195310700732300e-01 0.000000000000000000e+00 0.000000000000000000e+00 4.576086167193000320e-01 4.708014531476522047e-01 6.385755204697543541e-02 0.000000000000000000e+00
0.000000000000000000e+00 0.000000000000000000e+00 0.000000000000000000e+00 0.000000000000000000e+00 4.768340910300093993e-01 0.000000000000000000e+00 0.000000000000000000e+00 0.000000000000000000e+00 4.102170372160195422e-01 4.170081754067371249e-01 0.000000000000000000e+00 0.000000000000000000e+00 4.590951063254433140e-01 4.668536906375221895e-01 6.440996404677518106e-02 0.000000000000000000e+00
0.000000000000000000e+00 0.000000000000000000e+00 0.000000000000000000e+00 0.000000000000000000e+00 4.680778163182120477e-01 0.000000000000000000e+00 0.000000000000000000e+00 0.000000000000000000e+00 3.924508621076779336e-01 4.044315326250156328e-01 0.000000000000000000e+00 0.000000000000000000e+00 4.463899333342563058e-01 4.581959018573438236e-01 5.873176737388843133e-02 0.000000000000000000e+00
0.000000000000000000e+00 0.000000000000000000e+00 0.000000000000000000e+00 0.000000000000000000e+00 4.636613328699452641e-01 0.000000000000000000e+00 0.000000000000000000e+00 0.000000000000000000e+00 4.024981792768382305e-01 4.022380942892767042e-01 0.000000000000000000e+00 0.000000000000000000e+00 4.544008993191950285e-01 4.532425783878548664e-01 6.963930747156116263e-02 0.000000000000000000e+00
0.000000000000000000e+00 0.000000000000000000e+00 0.000000000000000000e+00 0.000000000000000000e+00 4.696029950237454731e-01 0.000000000000000000e+00 0.000000000000000000e+00 0.000000000000000000e+00 4.013420526525073306e-01 4.100427723163895810e-01 0.000000000000000000e+00 0.000000000000000000e+00 4.703188447669862104e-01 4.774261918585168130e-01 7.882835220013455213e-02 0.000000000000000000e+00
0.000000000000000000e+00 0.000000000000000000e+00 0.000000000000000000e+00 0.000000000000000000e+00 4.673008617569534562e-01 0.000000000000000000e+00 0.000000000000000000e+00 0.000000000000000000e+00 4.052777998572006379e-01 4.158654632474254043e-01 0.000000000000000000e+00 0.000000000000000000e+00 4.560062914448101412e-01 4.661942286955593207e-01 6.850651441747485082e-02 0.000000000000000000e+00
0.000000000000000000e+00 0.000000000000000000e+00 0.000000000000000000e+00 0.000000000000000000e+00 4.687039799750243874e-01 0.000000000000000000e+00 0.000000000000000000e+00 0.000000000000000000e+00 4.016481639371533574e-01 4.083853040831291747e-01 0.000000000000000000e+00 0.000000000000000000e+00 4.648777179724819519e-01 4.711263711699931189e-01 6.955388491274547280e-02 0.000000000000000000e+00
0.000000000000000000e+00 0.000000000000000000e+00 0.000000000000000000e+00 0.000000000000000000e+00 4.663922808713071855e-01 0.000000000000000000e+00 0.000000000000000000e+00 0.000000000000000000e+00 4.044072202956743856e-01 4.155795760265755812e-01 0.000000000000000000e+00 0.000000000000000000e+00 4.712119029148200133e-01 4.838757919945226860e-01 6.845487353598982139e-02 0.000000000000000000e+00
0.000000000000000000e+00 0.000000000000000000e+00 0.000000000000000000e+00 0.000000000000000000e+00 4.639594394468531391e-01 0.000000000000000000e+00 0.000000000000000000e+00 0.000000000000000000e+00 4.085765583008101332e-01 4.149663863284774878e-01 0.000000000000000000e+00 0.000000000000000000e+00 4.560707861753511838e-01 4.619473083027397786e-01 7.157066858299349077e-02 0.000000000000000000e+00
0.000000000000000000e+00 0.000000000000000000e+00 0.000000000000000000e+00 0.000000000000000000e+00 4.601295174571745639e-01 0.000000000000000000e+00 0.000000000000000000e+00 0.000000000000000000e+00 4.012948575393023298e-01 4.098930821205952757e-01 0.000000000000000000e+00 0.000000000000000000e+00 4.704625165521848507e-01 4.807228365494350397e-01 8.028741799475409835e-02 0.000000000000000000e+00
0.000000000000000000e+00 0.000000000000000000e+00 0.000000000000000000e+00 0.000000000000000000e+00 4.696496540638521178e-01 0.000000000000000000e+00 0.000000000000000000e+00 0.000000000000000000e+00 4.026247948064242133e-01 4.116961151328459301e-01 0.000000000000000000e+00 0.000000000000000000e+00 4.544344702919743129e-01 4.635800928353729367e-01 6.721542533076982351e-02 0.000000000000000000e+00
0.000000000000000000e+00 0.000000000000000000e+00 0.000000000000000000e+00 0.000000000000000000e+00 4.851910889193492560e-01 0.000000000000000000e+00 0.000000000000000000e+00 0.000000000000000000e+00 4.115822294816296467e-01 4.220208620980063219e-01 0.000000000000000000e+00 0.000000000000000000e+00 4.727877716548291587e-01 4.831410525868297112e-01 7.633605209559025939e-02 0.000000000000000000e+00
0.000000000000000000e+00 0.000000000000000000e+00 0.000000000000000000e+00 0.000000000000000000e+00 4.595576074464154392e-01 0.000000000000000000e+00 0.000000000000000000e+00 0.000000000000000000e+00 4.085212309697034416e-01 4.185188766140861549e-01 0.000000000000000000e+00 0.000000000000000000e+00 4.781989276362852426e-01 4.881051583811817918e-01 8.673457071446799560e-02 0.000000000000000000e+00
0.000000000000000000e+00 0.000000000000000000e+00 0.000000000000000000e+00 0.000000000000000000e+00 4.650211793823480488e-01 0.000000000000000000e+00 0.000000000000000000e+00 0.000000000000000000e+00 4.031598740623134614e-01 4.152110410138402097e-01 0.000000000000000000e+00 0.000000000000000000e+00 4.537008468752359858e-01 4.644294616619706328e-01 7.127010758359998699e-02 0.000000000000000000e+00
0.000000000000000000e+00 0.000000000000000000e+00 0.000000000000000000e+00 0.000000000000000000e+00 4.447208146224541081e-01 0.000000000000000000e+00 0.000000000000000000e+00 0.000000000000000000e+00 4.001703967507567739e-01 4.063827125303413612e-01 0.000000000000000000e+00 0.000000000000000000e+00 4.640591928486644813e-01 4.709005825422472036e-01 7.293697011749780690e-02 0.000000000000000000e+00
