# 'name' : 'rogers_a02_b02_d05_g06'
# 'source' : 'rogers_a02_b02_d05_g06.yaml'
# 'sample_pops' : ['X', 'Y', 'D', 'N']
# 'sample_size' : 1
# 'n_reps' : 100
# 'n_windows' : 200
# 'seq_length' : 100000000.0
# 'window_length' : 500000.0
# 'recomb_rate' : 1e-08
# 'mut_rate' : 1e-08
# 'created' : None
2.240340435239869760e-04 1.731421623689729389e-04 9.373249211919904315e-04 7.646526302597432632e-04
2.208530919316191313e-04 1.751644755647667711e-04 9.272451973304094352e-04 7.716506665752703763e-04
2.203291292013641637e-04 1.795757025121939941e-04 9.306424919763175117e-04 7.490146442206640056e-04
2.426234484685117548e-04 1.808627032251858236e-04 9.120900192727801527e-04 7.729795661416383711e-04
2.282454730980557880e-04 1.851224446088987636e-04 9.068418559987915161e-04 7.944400114545203733e-04
2.100120635002247532e-04 1.786181534973855275e-04 9.197025756816025379e-04 7.591640283141587410e-04
2.216812668388941821e-04 1.781346909208400846e-04 9.276510744989825436e-04 7.713479211172836027e-04
2.209999466891098246e-04 1.723760281903464239e-04 9.243038897405894900e-04 7.626861796631960455e-04
2.226729568467723732e-04 1.657773454864912852e-04 9.228242839747420904e-04 7.988258177877732326e-04
2.228626926813572547e-04 1.727647902904530075e-04 9.078582210561311847e-04 7.684913433429162166e-04
2.238082244158393010e-04 1.842923240390266938e-04 9.281839879730758138e-04 7.356209541507709605e-04
2.195279018393016019e-04 1.757397277699102598e-04 9.186133367284415527e-04 7.708145957808839200e-04
2.222395298138160266e-04 1.717749437597797160e-04 9.231660319040485259e-04 7.480264466800698279e-04
2.341317747912065057e-04 1.716634595120562128e-04 9.168755361002972311e-04 7.576289549389451840e-04
2.249091404650827594e-04 1.779434526941319503e-04 9.309218144254905077e-04 7.531159819711761953e-04
2.304213327437716857e-04 1.582347142759262101e-04 9.330501650249042704e-04 7.707323318366518993e-04
2.334205503812246158e-04 1.712986776653017886e-04 9.222712396407271905e-04 7.535168526083933652e-04
2.459298992843263502e-04 1.669485357892790882e-04 9.353245576741582275e-04 7.688079065626485589e-04
2.140712159458753078e-04 1.634535476160601998e-04 9.250052233087690569e-04 7.579863197865804522e-04
2.304016494790196972e-04 1.775692747141453733e-04 9.218608811455299536e-04 7.717822669863978790e-04
2.219801981596245726e-04 1.788948703663500084e-04 9.263616924318149055e-04 7.617971402493801817e-04
2.235889594403250543e-04 1.791769397616599499e-04 9.200677614752153467e-04 7.484154253458185670e-04
2.209336886822738132e-04 1.664454818307593831e-04 9.336033810672053233e-04 7.862756629730969019e-04
2.228631916046023664e-04 1.642152871392353478e-04 9.170804128896547797e-04 7.886962023814780842e-04
2.107148743659895801e-04 1.751453530323860168e-04 9.075453906985450755e-04 7.681602473026128948e-04
2.113275582397886824e-04 1.717259091695321263e-04 9.209892780816901492e-04 7.643137903735151969e-04
2.341349569546966015e-04 1.649822165792107968e-04 9.199069364142834198e-04 7.513356366905390516e-04
2.290427364984247676e-04 1.792570425611338114e-04 9.214454214192921606e-04 7.430461157156149606e-04
2.095758760351463460e-04 1.850899528452955745e-04 9.142029582987087509e-04 7.778956673940331775e-04
2.352627322674693698e-04 1.730550843984091894e-04 9.152204391444683030e-04 7.786142071972499811e-04
2.400686795133032841e-04 1.635562323404675346e-04 9.291297437097754052e-04 7.468360372410566637e-04
2.132835587804259936e-04 1.691604451194610788e-04 9.163513697887661590e-04 7.619342920911647589e-04
2.288457265923894268e-04 1.610030625852735284e-04 9.198122206772469788e-04 7.525261594359157480e-04
2.135106366941947427e-04 1.832686355205507026e-04 9.235875259888446211e-04 7.806357348753576245e-04
2.163346524042785964e-04 1.683568009902458498e-04 9.233656409692207268e-04 7.667287554492300226e-04
2.135234401624097709e-04 1.725398580883961378e-04 9.337854409014609757e-04 7.602899060952010785e-04
2.080206465231207425e-04 1.826657174638891758e-04 9.276189438715834934e-04 7.685780848051850227e-04
2.263732894128035733e-04 1.709817723963376801e-04 9.260123372223204178e-04 7.548081810702615821e-04
2.173608086155793000e-04 1.743031191919742985e-04 9.222728232206034698e-04 7.665434833767548108e-04
2.174261313201856843e-04 1.712186058965218106e-04 9.199994711159908490e-04 7.968857599728527670e-04
2.290927094423448446e-04 1.634689479451853207e-04 9.089304131684308513e-04 7.556897597153367906e-04
2.418747558264140111e-04 1.680851673659791766e-04 9.217799423369023694e-04 7.862426475932598720e-04
2.158359212244791289e-04 1.679717331758489121e-04 9.323706583622983456e-04 7.649331493829338415e-04
2.245904409798411740e-04 1.828331805335887321e-04 9.268572734134280806e-04 7.514972996443602732e-04
2.322209852947916065e-04 1.609867209682903921e-04 9.291049420106968102e-04 7.643950359514169353e-04
2.179680033339811192e-04 1.681271739269796825e-04 9.286960166005149217e-04 7.817512141517044162e-04
2.246112052546900837e-04 1.745488176487303080e-04 9.089901354032961425e-04 7.584964802594792088e-04
2.150004909950316279e-04 1.672016575812556021e-04 9.367525383530780512e-04 7.451824315458118299e-04
2.248165622875057245e-04 1.670948768523924900e-04 9.316050886093694711e-04 7.575051729038446762e-04
2.208273484194782105e-04 1.711456525422468426e-04 9.242590248423871281e-04 7.595437613315021838e-04
2.170410846412732225e-04 1.665934971008679107e-04 9.198567101433019477e-04 7.531648970370235065e-04
2.097884957599636577e-04 1.747634568999715317e-04 9.251279888889919409e-04 7.980529631925960439e-04
2.387551522839516166e-04 1.824443947510755268e-04 9.234698608235516592e-04 7.610431267521314529e-04
2.033655001679282896e-04 1.709026676309617567e-04 9.172052245251631486e-04 7.491531326689465902e-04
2.251558608579177958e-04 1.751644029650340406e-04 9.184006505235885447e-04 7.418009627251612344e-04
2.173840409197012663e-04 1.578398549396516299e-04 9.303272870487133564e-04 7.806986743712474551e-04
2.280752112826727818e-04 1.750518053847826703e-04 9.115819480694311878e-04 7.546218788091602330e-04
2.186454700598928428e-04 1.823457500218664349e-04 9.318376163018744730e-04 7.597457535021201122e-04
2.312132979147809219e-04 1.725617576134749970e-04 9.250263724702070377e-04 7.507766921663903753e-04
2.260742332064843063e-04 1.714191081519863017e-04 9.278124457774987628e-04 7.517007144954587858e-04
2.305273906354134042e-04 1.781656914087610677e-04 9.107784532511424558e-04 7.480627072665779536e-04
2.303033976377686937e-04 1.672227395216980758e-04 9.171663224758791911e-04 7.858031399416362528e-04
2.297007374332237515e-04 1.818739762717240646e-04 9.285694334183619298e-04 7.719582139471741020e-04
2.300745075592165864e-04 1.768486865670691863e-04 9.117670642227475222e-04 7.814253291850112608e-04
2.289301972808970411e-04 1.698722068704541462e-04 9.111913875951732937e-04 7.449368447646084962e-04
2.170088768123531716e-04 1.670413191325892670e-04 9.301889584243459418e-04 7.797937028980026939e-04
2.208526160072550853e-04 1.591252148008802673e-04 9.232710574470256830e-04 7.667501007703018956e-04
2.231262598515887103e-04 1.723413965361932131e-04 9.274376724888632384e-04 7.846797085662444559e-04
2.216989548242849495e-04 1.760140716689203905e-04 9.137547615081499609e-04 7.618870256310516891e-04
2.278109613035301617e-04 1.755803008671095425e-04 9.092373130898607006e-04 7.344038460467778922e-04
2.224850200995169081e-04 1.718507535026095941e-04 9.152042681293955052e-04 7.632050260615301941e-04
2.350248758612997926e-04 1.715496338286397540e-04 9.232188225071283338e-04 7.677541038996213776e-04
2.219889030496086731e-04 1.809014894403548847e-04 9.256413310655090421e-04 7.812414556455163361e-04
2.272463393975029532e-04 1.613205229459345014e-04 9.120490067895293965e-04 7.450120346455932265e-04
2.278252851150812787e-04 1.819257140526449920e-04 9.324799595426986080e-04 7.686814740906953124e-04
2.240582047599958123e-04 1.648720524183106212e-04 9.392103121300975944e-04 7.799258258092897633e-04
2.265775569268780373e-04 1.741664704537865358e-04 9.363291332097844165e-04 7.757538406480641918e-04
2.248622545920356481e-04 1.697829623998093089e-04 9.127002993426623243e-04 7.627224186421522690e-04
2.286522560277002398e-04 1.763758138049021469e-04 9.231187935245993353e-04 7.714408997032704083e-04
2.445596459153068507e-04 1.756838148376397364e-04 9.338602473026196872e-04 7.706458587566273645e-04
2.226698097704894513e-04 1.763983591602631359e-04 9.175940008166248545e-04 7.856820850726344875e-04
2.285882081053413912e-04 1.713205013708691442e-04 9.262570050966898805e-04 7.686720068329849992e-04
2.347287397873397787e-04 1.728172812874706878e-04 9.070435853559967020e-04 7.707249764780906356e-04
2.168627233328592244e-04 1.780829508662099686e-04 9.308100103001906191e-04 7.804980874693646714e-04
2.280856294727513713e-04 1.826083791271093562e-04 9.138963260950476453e-04 7.452043601893189794e-04
2.369610136654233903e-04 1.679493823874266011e-04 9.316014152580224129e-04 7.665849359676095735e-04
2.183251948255835167e-04 1.716636603049144375e-04 9.168136120473869936e-04 7.854230196891729722e-04
2.312801726528098225e-04 1.632682778388573586e-04 9.390544478133601089e-04 7.884911201500211138e-04
2.246167123363665072e-04 1.838046332436959552e-04 9.212395927222099840e-04 7.770358070981128740e-04
2.166963696381157432e-04 1.659036822365908570e-04 9.251717983100787640e-04 7.410899857803109015e-04
2.329534237587230889e-04 1.621479103526304280e-04 9.162103806337210327e-04 7.740948132251493493e-04
2.218599215049155376e-04 1.725932907453957689e-04 9.442863824831691788e-04 7.651387293622599920e-04
2.253100518028138249e-04 1.659916269558287688e-04 9.277791161460650915e-04 7.592597254947058448e-04
2.185173425538801677e-04 1.717059632936804965e-04 9.210705590948521908e-04 7.865948566164098019e-04
2.276364213442339717e-04 1.709123601270101959e-04 9.289922903047534474e-04 7.460139916223999844e-04
2.293406902794623296e-04 1.695644109588968545e-04 9.288753336448285752e-04 7.804784831126089766e-04
2.167453841740227662e-04 1.604790936584282008e-04 9.195183017238371323e-04 7.596421219250771737e-04
2.226058943293742160e-04 1.677755581639259663e-04 9.197775908211450321e-04 7.322995102236278366e-04
2.275041109617777799e-04 1.661768191835241043e-04 9.217724195401210243e-04 7.822563565554345368e-04
2.253322843452980025e-04 1.785607010813458617e-04 9.341044521452401394e-04 7.512736880022208427e-04
