# 'name' : 'rogers_a02_b02_d05_g06'
# 'source' : 'rogers_a02_b02_d05_g06.yaml'
# 'sample_pops' : ['X', 'Y', 'D', 'N']
# 'sample_size' : 1
# 'n_reps' : 100
# 'n_windows' : 200
# 'seq_length' : 100000000.0
# 'window_length' : 500000.0
# 'recomb_rate' : 1e-08
# 'mut_rate' : 1e-08
# 'created' : None
0.000000000000000000e+00 0.000000000000000000e+00 0.000000000000000000e+00 0.000000000000000000e+00 5.524940207218563592e-04 0.000000000000000000e+00 0.000000000000000000e+00 0.000000000000000000e+00 1.358541215173107199e-03 1.316893020846765690e-03 0.000000000000000000e+00 0.000000000000000000e+00 1.336368554368739170e-03 1.289263476806751327e-03 9.723885371162500511e-04 0.000000000000000000e+00
0.000000000000000000e+00 0.000000000000000000e+00 0.000000000000000000e+00 0.000000000000000000e+00 5.453444935965723762e-04 0.000000000000000000e+00 0.000000000000000000e+00 0.000000000000000000e+00 1.345072950265905351e-03 1.305953252523121009e-03 0.000000000000000000e+00 0.000000000000000000e+00 1.330432240261584164e-03 1.285978978045106179e-03 9.713261828835694032e-04 0.000000000000000000e+00
0.000000000000000000e+00 0.000000000000000000e+00 0.000000000000000000e+00 0.000000000000000000e+00 5.444530962651467597e-04 0.000000000000000000e+00 0.000000000000000000e+00 0.000000000000000000e+00 1.358030937823457652e-03 1.316747644245894969e-03 0.000000000000000000e+00 0.000000000000000000e+00 1.348686327884944004e-03 1.303804858188385143e-03 9.640741986115852801e-04 0.000000000000000000e+00
0.000000000000000000e+00 0.000000000000000000e+00 0.000000000000000000e+00 0.000000000000000000e+00 5.622413978510257780e-04 0.000000000000000000e+00 0.000000000000000000e+00 0.000000000000000000e+00 1.394961492983112132e-03 1.350338601074208607e-03 0.000000000000000000e+00 0.000000000000000000e+00 1.381379556529692409e-03 1.333838743467350785e-03 9.747835079608433177e-04 0.000000000000000000e+00
0.000000000000000000e+00 0.000000000000000000e+00 0.000000000000000000e+00 0.000000000000000000e+00 5.462906804873227974e-04 0.000000000000000000e+00 0.000000000000000000e+00 0.000000000000000000e+00 1.359424807460620421e-03 1.320259138896054656e-03 0.000000000000000000e+00 0.000000000000000000e+00 1.339150630328939324e-03 1.290660318579329481e-03 9.679505449330305308e-04 0.000000000000000000e+00
0.000000000000000000e+00 0.000000000000000000e+00 0.000000000000000000e+00 0.000000000000000000e+00 5.384357206986117687e-04 0.000000000000000000e+00 0.000000000000000000e+00 0.000000000000000000e+00 1.362764540286696925e-03 1.324947098452958173e-03 0.000000000000000000e+00 0.000000000000000000e+00 1.348069072142903981e-03 1.302015059196112755e-03 9.664823689658729984e-04 0.000000000000000000e+00
0.000000000000000000e+00 0.000000000000000000e+00 0.000000000000000000e+00 0.000000000000000000e+00 5.361053197401690652e-04 0.000000000000000000e+00 0.000000000000000000e+00 0.000000000000000000e+00 1.350256557810179973e-03 1.313318961270179726e-03 0.000000000000000000e+00 0.000000000000000000e+00 1.334172322577317294e-03 1.289934615094110370e-03 9.725625650063917738e-04 0.000000000000000000e+00
0.000000000000000000e+00 0.000000000000000000e+00 0.000000000000000000e+00 0.000000000000000000e+00 5.361755976621442304e-04 0.000000000000000000e+00 0.000000000000000000e+00 0.000000000000000000e+00 1.354133895672974576e-03 1.324732556969537020e-03 0.000000000000000000e+00 0.000000000000000000e+00 1.335602351229008737e-03 1.297464156422761155e-03 9.736767731627980326e-04 0.000000000000000000e+00
0.000000000000000000e+00 0.000000000000000000e+00 0.000000000000000000e+00 0.000000000000000000e+00 5.166035956149794568e-04 0.000000000000000000e+00 0.000000000000000000e+00 0.000000000000000000e+00 1.358266253281983828e-03 1.322817006766775728e-03 0.000000000000000000e+00 0.000000000000000000e+00 1.338757189520315988e-03 1.297109600713782169e-03 9.744862733345424936e-04 0.000000000000000000e+00
0.000000000000000000e+00 0.000000000000000000e+00 0.000000000000000000e+00 0.000000000000000000e+00 5.444394598338759151e-04 0.000000000000000000e+00 0.000000000000000000e+00 0.000000000000000000e+00 1.343617973937545921e-03 1.307856104634730170e-03 0.000000000000000000e+00 0.000000000000000000e+00 1.324100640561057902e-03 1.286578455213640030e-03 9.658548986686027894e-04 0.000000000000000000e+00
0.000000000000000000e+00 0.000000000000000000e+00 0.000000000000000000e+00 0.000000000000000000e+00 5.354079271991449415e-04 0.000000000000000000e+00 0.000000000000000000e+00 0.000000000000000000e+00 1.351791538066067803e-03 1.313492942424352404e-03 0.000000000000000000e+00 0.000000000000000000e+00 1.338610807816690337e-03 1.294860174353522179e-03 9.741789818180590600e-04 0.000000000000000000e+00
0.000000000000000000e+00 0.000000000000000000e+00 0.000000000000000000e+00 0.000000000000000000e+00 5.457102476171697475e-04 0.000000000000000000e+00 0.000000000000000000e+00 0.000000000000000000e+00 1.336988557290935513e-03 1.297565957541011415e-03 0.000000000000000000e+00 0.000000000000000000e+00 1.321311964367372993e-03 1.272807826446243837e-03 9.690270766928572692e-04 0.000000000000000000e+00
0.000000000000000000e+00 0.000000000000000000e+00 0.000000000000000000e+00 0.000000000000000000e+00 5.534626317885046583e-04 0.000000000000000000e+00 0.000000000000000000e+00 0.000000000000000000e+00 1.370062305700512012e-03 1.323405491182505197e-03 0.000000000000000000e+00 0.000000000000000000e+00 1.355932954714872060e-03 1.302485061639430466e-03 9.714688961630717733e-04 0.000000000000000000e+00
0.000000000000000000e+00 0.000000000000000000e+00 0.000000000000000000e+00 0.000000000000000000e+00 5.469069608371756631e-04 0.000000000000000000e+00 0.000000000000000000e+00 0.000000000000000000e+00 1.354689226266619440e-03 1.313251918157885747e-03 0.000000000000000000e+00 0.000000000000000000e+00 1.344926288304078288e-03 1.297454983354812911e-03 9.747901703896672291e-04 0.000000000000000000e+00
0.000000000000000000e+00 0.000000000000000000e+00 0.000000000000000000e+00 0.000000000000000000e+00 5.529149097690167934e-04 0.000000000000000000e+00 0.000000000000000000e+00 0.000000000000000000e+00 1.375488124054399797e-03 1.334575633430654888e-03 0.000000000000000000e+00 0.000000000000000000e+00 1.356195800323005711e-03 1.308503299674942987e-03 9.705152658581763219e-04 0.000000000000000000e+00
0.000000000000000000e+00 0.000000000000000000e+00 0.000000000000000000e+00 0.000000000000000000e+00 5.258151173403223608e-04 0.000000000000000000e+00 0.000000000000000000e+00 0.000000000000000000e+00 1.356982782641388179e-03 1.327717975923420161e-03 0.000000000000000000e+00 0.000000000000000000e+00 1.332342797944054179e-03 1.293768629334949649e-03 9.831683574819871305e-04 0.000000000000000000e+00
0.000000000000000000e+00 0.000000000000000000e+00 0.000000000000000000e+00 0.000000000000000000e+00 5.513765210258678639e-04 0.000000000000000000e+00 0.000000000000000000e+00 0.000000000000000000e+00 1.355384230915952868e-03 1.308155444085751760e-03 0.000000000000000000e+00 0.000000000000000000e+00 1.335386632292612404e-03 1.282413765480097754e-03 9.711616954983903326e-04 0.000000000000000000e+00
0.000000000000000000e+00 0.000000000000000000e+00 0.000000000000000000e+00 0.000000000000000000e+00 5.591908783728005922e-04 0.000000000000000000e+00 0.000000000000000000e+00 0.000000000000000000e+00 1.379026981364914672e-03 1.333758240708192086e-03 0.000000000000000000e+00 0.000000000000000000e+00 1.362794496729717109e-03 1.312876124413401603e-03 9.796151285650536548e-04 0.000000000000000000e+00
0.000000000000000000e+00 0.000000000000000000e+00 0.000000000000000000e+00 0.000000000000000000e+00 5.348313732912512520e-04 0.000000000000000000e+00 0.000000000000000000e+00 0.000000000000000000e+00 1.371517325094233700e-03 1.335593616820802921e-03 0.000000000000000000e+00 0.000000000000000000e+00 1.346305235999201199e-03 1.304109459554614325e-03 9.655913952930410488e-04 0.000000000000000000e+00
0.000000000000000000e+00 0.000000000000000000e+00 0.000000000000000000e+00 0.000000000000000000e+00 5.396814396995918122e-04 0.000000000000000000e+00 0.000000000000000000e+00 0.000000000000000000e+00 1.346118622532409617e-03 1.307604126281259075e-03 0.000000000000000000e+00 0.000000000000000000e+00 1.332550727421449952e-03 1.289217290496648925e-03 9.687306468530026970e-04 0.000000000000000000e+00
0.000000000000000000e+00 0.000000000000000000e+00 0.000000000000000000e+00 0.000000000000000000e+00 5.359535333673635504e-04 0.000000000000000000e+00 0.000000000000000000e+00 0.000000000000000000e+00 1.362795360172579457e-03 1.325465019397313680e-03 0.000000000000000000e+00 0.000000000000000000e+00 1.342794526501493897e-03 1.301164862793020675e-03 9.726497879055206845e-04 0.000000000000000000e+00
0.000000000000000000e+00 0.000000000000000000e+00 0.000000000000000000e+00 0.000000000000000000e+00 5.559681147692667903e-04 0.000000000000000000e+00 0.000000000000000000e+00 0.000000000000000000e+00 1.388381402647406899e-03 1.349775324935762648e-03 0.000000000000000000e+00 0.000000000000000000e+00 1.364573297407724968e-03 1.321858315739413321e-03 9.721706081498363277e-04 0.000000000000000000e+00
0.000000000000000000e+00 0.000000000000000000e+00 0.000000000000000000e+00 0.000000000000000000e+00 5.209019198608169036e-04 0.000000000000000000e+00 0.000000000000000000e+00 0.000000000000000000e+00 1.347669949155369876e-03 1.305497733422505318e-03 0.000000000000000000e+00 0.000000000000000000e+00 1.329557698225693934e-03 1.283476992363969619e-03 9.693335165289497773e-04 0.000000000000000000e+00
0.000000000000000000e+00 0.000000000000000000e+00 0.000000000000000000e+00 0.000000000000000000e+00 5.382502041259058399e-04 0.000000000000000000e+00 0.000000000000000000e+00 0.000000000000000000e+00 1.353808656443516480e-03 1.313228680049321161e-03 0.000000000000000000e+00 0.000000000000000000e+00 1.344067150757011480e-03 1.298668716856432072e-03 9.610590640108341784e-04 0.000000000000000000e+00
0.000000000000000000e+00 0.000000000000000000e+00 0.000000000000000000e+00 0.000000000000000000e+00 5.359254948265369800e-04 0.000000000000000000e+00 0.000000000000000000e+00 0.000000000000000000e+00 1.371552249767614634e-03 1.330465242607237544e-03 0.000000000000000000e+00 0.000000000000000000e+00 1.359492080537927144e-03 1.314943238070688872e-03 9.685072292809172390e-04 0.000000000000000000e+00
0.000000000000000000e+00 0.000000000000000000e+00 0.000000000000000000e+00 0.000000000000000000e+00 5.436892482418087058e-04 0.000000000000000000e+00 0.000000000000000000e+00 0.000000000000000000e+00 1.346320310344014401e-03 1.317553227585074654e-03 0.000000000000000000e+00 0.000000000000000000e+00 1.322395993715018772e-03 1.284118676821666312e-03 9.779602432384011494e-04 0.000000000000000000e+00
0.000000000000000000e+00 0.000000000000000000e+00 0.000000000000000000e+00 0.000000000000000000e+00 5.533607930938400869e-04 0.000000000000000000e+00 0.000000000000000000e+00 0.000000000000000000e+00 1.362794167367843397e-03 1.313125064389935497e-03 0.000000000000000000e+00 0.000000000000000000e+00 1.354451486602767851e-03 1.299541020777164688e-03 9.669559126061817332e-04 0.000000000000000000e+00
0.000000000000000000e+00 0.000000000000000000e+00 0.000000000000000000e+00 0.000000000000000000e+00 5.432832135565902540e-04 0.000000000000000000e+00 0.000000000000000000e+00 0.000000000000000000e+00 1.366573262962540681e-03 1.327600884185100964e-03 0.000000000000000000e+00 0.000000000000000000e+00 1.348347672549673679e-03 1.303886198953457852e-03 9.659708271570719177e-04 0.000000000000000000e+00
0.000000000000000000e+00 0.000000000000000000e+00 0.000000000000000000e+00 0.000000000000000000e+00 5.407013096870998429e-04 0.000000000000000000e+00 0.000000000000000000e+00 0.000000000000000000e+00 1.346370900194475764e-03 1.312173556622136215e-03 0.000000000000000000e+00 0.000000000000000000e+00 1.329026900474884407e-03 1.288630117530874166e-03 9.745885783471840277e-04 0.000000000000000000e+00
0.000000000000000000e+00 0.000000000000000000e+00 0.000000000000000000e+00 0.000000000000000000e+00 5.500904783993805893e-04 0.000000000000000000e+00 0.000000000000000000e+00 0.000000000000000000e+00 1.377962125980549714e-03 1.341364282576123579e-03 0.000000000000000000e+00 0.000000000000000000e+00 1.361522187599096840e-03 1.317379739207764043e-03 9.739079021703436236e-04 0.000000000000000000e+00
0.000000000000000000e+00 0.000000000000000000e+00 0.000000000000000000e+00 0.000000000000000000e+00 5.482903594104760955e-04 0.000000000000000000e+00 0.000000000000000000e+00 0.000000000000000000e+00 1.344277235871489716e-03 1.305665351018698390e-03 0.000000000000000000e+00 0.000000000000000000e+00 1.326929530413973506e-03 1.283615290268471038e-03 9.627152312075460024e-04 0.000000000000000000e+00
0.000000000000000000e+00 0.000000000000000000e+00 0.000000000000000000e+00 0.000000000000000000e+00 5.318810222349708077e-04 0.000000000000000000e+00 0.000000000000000000e+00 0.000000000000000000e+00 1.351846586317559471e-03 1.317705095393061033e-03 0.000000000000000000e+00 0.000000000000000000e+00 1.331779922209895854e-03 1.291379615391919982e-03 9.641189959950215117e-04 0.000000000000000000e+00
0.000000000000000000e+00 0.000000000000000000e+00 0.000000000000000000e+00 0.000000000000000000e+00 5.250431065660115431e-04 0.000000000000000000e+00 0.000000000000000000e+00 0.000000000000000000e+00 1.356486776975415927e-03 1.319321723673077878e-03 0.000000000000000000e+00 0.000000000000000000e+00 1.348409746659518134e-03 1.303057881749287127e-03 9.639451603554935466e-04 0.000000000000000000e+00
0.000000000000000000e+00 0.000000000000000000e+00 0.000000000000000000e+00 0.000000000000000000e+00 5.487304225846729696e-04 0.000000000000000000e+00 0.000000000000000000e+00 0.000000000000000000e+00 1.352307762465678126e-03 1.317989868918590605e-03 0.000000000000000000e+00 0.000000000000000000e+00 1.335224213856174612e-03 1.293478628223573889e-03 9.757306022524192242e-04 0.000000000000000000e+00
0.000000000000000000e+00 0.000000000000000000e+00 0.000000000000000000e+00 0.000000000000000000e+00 5.290427146150590435e-04 0.000000000000000000e+00 0.000000000000000000e+00 0.000000000000000000e+00 1.317954042710964627e-03 1.284565603256668459e-03 0.000000000000000000e+00 0.000000000000000000e+00 1.290633079259632292e-03 1.249626089921213479e-03 9.667376693628644633e-04 0.000000000000000000e+00
0.000000000000000000e+00 0.000000000000000000e+00 0.000000000000000000e+00 0.000000000000000000e+00 5.445785419072879125e-04 0.000000000000000000e+00 0.000000000000000000e+00 0.000000000000000000e+00 1.382928548229178916e-03 1.344904286157248569e-03 0.000000000000000000e+00 0.000000000000000000e+00 1.364302077759856242e-03 1.320284247217214059e-03 9.630805504737917138e-04 0.000000000000000000e+00
0.000000000000000000e+00 0.000000000000000000e+00 0.000000000000000000e+00 0.000000000000000000e+00 5.326085773501607968e-04 0.000000000000000000e+00 0.000000000000000000e+00 0.000000000000000000e+00 1.359618883081464879e-03 1.325625661109205338e-03 0.000000000000000000e+00 0.000000000000000000e+00 1.342268253912356178e-03 1.300935856609172292e-03 9.729813255268535610e-04 0.000000000000000000e+00
0.000000000000000000e+00 0.000000000000000000e+00 0.000000000000000000e+00 0.000000000000000000e+00 5.470315896848753799e-04 0.000000000000000000e+00 0.000000000000000000e+00 0.000000000000000000e+00 1.347840004143359589e-03 1.306185520666254540e-03 0.000000000000000000e+00 0.000000000000000000e+00 1.337605675700468408e-03 1.293188023308036944e-03 9.611704915532447374e-04 0.000000000000000000e+00
0.000000000000000000e+00 0.000000000000000000e+00 0.000000000000000000e+00 0.000000000000000000e+00 5.388497707216263755e-04 0.000000000000000000e+00 0.000000000000000000e+00 0.000000000000000000e+00 1.370059040893502637e-03 1.329426650642289700e-03 0.000000000000000000e+00 0.000000000000000000e+00 1.350642038298883367e-03 1.305333546221967497e-03 9.666480003326502132e-04 0.000000000000000000e+00
0.000000000000000000e+00 0.000000000000000000e+00 0.000000000000000000e+00 0.000000000000000000e+00 5.541818495331768228e-04 0.000000000000000000e+00 0.000000000000000000e+00 0.000000000000000000e+00 1.354784389502114092e-03 1.325107583635052894e-03 0.000000000000000000e+00 0.000000000000000000e+00 1.335116635593626248e-03 1.293904393826791725e-03 9.734599502517843556e-04 0.000000000000000000e+00
0.000000000000000000e+00 0.000000000000000000e+00 0.000000000000000000e+00 0.000000000000000000e+00 5.445234355471105210e-04 0.000000000000000000e+00 0.000000000000000000e+00 0.000000000000000000e+00 1.357544901687169616e-03 1.317600270746798179e-03 0.000000000000000000e+00 0.000000000000000000e+00 1.347820381864691351e-03 1.303119475138309925e-03 9.694625098036188443e-04 0.000000000000000000e+00
0.000000000000000000e+00 0.000000000000000000e+00 0.000000000000000000e+00 0.000000000000000000e+00 5.565520987364889084e-04 0.000000000000000000e+00 0.000000000000000000e+00 0.000000000000000000e+00 1.375814795127919829e-03 1.341117402466614032e-03 0.000000000000000000e+00 0.000000000000000000e+00 1.350518267763010753e-03 1.305715988430082835e-03 9.789587110231399297e-04 0.000000000000000000e+00
0.000000000000000000e+00 0.000000000000000000e+00 0.000000000000000000e+00 0.000000000000000000e+00 5.359446896038930902e-04 0.000000000000000000e+00 0.000000000000000000e+00 0.000000000000000000e+00 1.351513460545788288e-03 1.314996718109465905e-03 0.000000000000000000e+00 0.000000000000000000e+00 1.339796025240729297e-03 1.298743942589574525e-03 9.638149579636550281e-04 0.000000000000000000e+00
0.000000000000000000e+00 0.000000000000000000e+00 0.000000000000000000e+00 0.000000000000000000e+00 5.524958903116135647e-04 0.000000000000000000e+00 0.000000000000000000e+00 0.000000000000000000e+00 1.371444974426132756e-03 1.327651804429218554e-03 0.000000000000000000e+00 0.000000000000000000e+00 1.361133102897277118e-03 1.312699558169776962e-03 9.769071312601116698e-04 0.000000000000000000e+00
0.000000000000000000e+00 0.000000000000000000e+00 0.000000000000000000e+00 0.000000000000000000e+00 5.339100460641532132e-04 0.000000000000000000e+00 0.000000000000000000e+00 0.000000000000000000e+00 1.357045989402945940e-03 1.317969780803434276e-03 0.000000000000000000e+00 0.000000000000000000e+00 1.328413627549463643e-03 1.278337941575833627e-03 9.756193572538661906e-04 0.000000000000000000e+00
0.000000000000000000e+00 0.000000000000000000e+00 0.000000000000000000e+00 0.000000000000000000e+00 5.282516216990908436e-04 0.000000000000000000e+00 0.000000000000000000e+00 0.000000000000000000e+00 1.353290478017063264e-03 1.323656172952908600e-03 0.000000000000000000e+00 0.000000000000000000e+00 1.341805303426362112e-03 1.304031875161904084e-03 9.678738975504974206e-04 0.000000000000000000e+00
0.000000000000000000e+00 0.000000000000000000e+00 0.000000000000000000e+00 0.000000000000000000e+00 5.543568536951195766e-04 0.000000000000000000e+00 0.000000000000000000e+00 0.000000000000000000e+00 1.363850448076876169e-03 1.324212282275519540e-03 0.000000000000000000e+00 0.000000000000000000e+00 1.344617129740702331e-03 1.294551652332870352e-03 9.723000951760076439e-04 0.000000000000000000e+00
0.000000000000000000e+00 0.000000000000000000e+00 0.000000000000000000e+00 0.000000000000000000e+00 5.358853116884166636e-04 0.000000000000000000e+00 0.000000000000000000e+00 0.000000000000000000e+00 1.354606430168117659e-03 1.320605776687092331e-03 0.000000000000000000e+00 0.000000000000000000e+00 1.340017196277192187e-03 1.304796741717785058e-03 9.546954402686125621e-04 0.000000000000000000e+00
0.000000000000000000e+00 0.000000000000000000e+00 0.000000000000000000e+00 0.000000000000000000e+00 5.405414078880651889e-04 0.000000000000000000e+00 0.000000000000000000e+00 0.000000000000000000e+00 1.363489029853388055e-03 1.324550151763090669e-03 0.000000000000000000e+00 0.000000000000000000e+00 1.348290560983275710e-03 1.303587376216546129e-03 9.682934645254115793e-04 0.000000000000000000e+00
0.000000000000000000e+00 0.000000000000000000e+00 0.000000000000000000e+00 0.000000000000000000e+00 5.374562206244263467e-04 0.000000000000000000e+00 0.000000000000000000e+00 0.000000000000000000e+00 1.346598350624669772e-03 1.307768817397263542e-03 0.000000000000000000e+00 0.000000000000000000e+00 1.332282811561604982e-03 1.288134000017466521e-03 9.627865194178972371e-04 0.000000000000000000e+00
0.000000000000000000e+00 0.000000000000000000e+00 0.000000000000000000e+00 0.000000000000000000e+00 5.419308799783559543e-04 0.000000000000000000e+00 0.000000000000000000e+00 0.000000000000000000e+00 1.346433077277338136e-03 1.308940583682845736e-03 0.000000000000000000e+00 0.000000000000000000e+00 1.326252186913201049e-03 1.278203660076108247e-03 9.696192173680940251e-04 0.000000000000000000e+00
0.000000000000000000e+00 0.000000000000000000e+00 0.000000000000000000e+00 0.000000000000000000e+00 5.278843118472299539e-04 0.000000000000000000e+00 0.000000000000000000e+00 0.000000000000000000e+00 1.345907517679369343e-03 1.312640789758485506e-03 0.000000000000000000e+00 0.000000000000000000e+00 1.329120780881166194e-03 1.290064051696876652e-03 9.710696586626894628e-04 0.000000000000000000e+00
0.000000000000000000e+00 0.000000000000000000e+00 0.000000000000000000e+00 0.000000000000000000e+00 5.713804614878474153e-04 0.000000000000000000e+00 0.000000000000000000e+00 0.000000000000000000e+00 1.382972332041768103e-03 1.338863894631722251e-03 0.000000000000000000e+00 0.000000000000000000e+00 1.364943242440348151e-03 1.315956885089237865e-03 9.738964478755603432e-04 0.000000000000000000e+00
0.000000000000000000e+00 0.000000000000000000e+00 0.000000000000000000e+00 0.000000000000000000e+00 5.297993503133034991e-04 0.000000000000000000e+00 0.000000000000000000e+00 0.000000000000000000e+00 1.356768546635016282e-03 1.320479526456730694e-03 0.000000000000000000e+00 0.000000000000000000e+00 1.333654153689371649e-03 1.294145060078345311e-03 9.689177144293540213e-04 0.000000000000000000e+00
0.000000000000000000e+00 0.000000000000000000e+00 0.000000000000000000e+00 0.000000000000000000e+00 5.311247152400184763e-04 0.000000000000000000e+00 0.000000000000000000e+00 0.000000000000000000e+00 1.339501580928340691e-03 1.301818097482732766e-03 0.000000000000000000e+00 0.000000000000000000e+00 1.321676746323987564e-03 1.278183240911260569e-03 9.695672979477762150e-04 0.000000000000000000e+00
0.000000000000000000e+00 0.000000000000000000e+00 0.000000000000000000e+00 0.000000000000000000e+00 5.408944729423170250e-04 0.000000000000000000e+00 0.000000000000000000e+00 0.000000000000000000e+00 1.370404447184464568e-03 1.331236441795020670e-03 0.000000000000000000e+00 0.000000000000000000e+00 1.354806235404411524e-03 1.306581037111976054e-03 9.710789910983683073e-04 0.000000000000000000e+00
0.000000000000000000e+00 0.000000000000000000e+00 0.000000000000000000e+00 0.000000000000000000e+00 5.528511022810571416e-04 0.000000000000000000e+00 0.000000000000000000e+00 0.000000000000000000e+00 1.366160306809751160e-03 1.324104151983341920e-03 0.000000000000000000e+00 0.000000000000000000e+00 1.363386773699896970e-03 1.317197449659399762e-03 9.637389802904399762e-04 0.000000000000000000e+00
0.000000000000000000e+00 0.000000000000000000e+00 0.000000000000000000e+00 0.000000000000000000e+00 5.434220250816397839e-04 0.000000000000000000e+00 0.000000000000000000e+00 0.000000000000000000e+00 1.349208780299123670e-03 1.310636479445258023e-03 0.000000000000000000e+00 0.000000000000000000e+00 1.338171898231122273e-03 1.293979357484810206e-03 9.609239591864091479e-04 0.000000000000000000e+00
0.000000000000000000e+00 0.000000000000000000e+00 0.000000000000000000e+00 0.000000000000000000e+00 5.750822932691160034e-04 0.000000000000000000e+00 0.000000000000000000e+00 0.000000000000000000e+00 1.379020200028660851e-03 1.329671982400451070e-03 0.000000000000000000e+00 0.000000000000000000e+00 1.368710663841199654e-03 1.311596413539260503e-03 9.776417977938509606e-04 0.000000000000000000e+00
0.000000000000000000e+00 0.000000000000000000e+00 0.000000000000000000e+00 0.000000000000000000e+00 5.284553027243490009e-04 0.000000000000000000e+00 0.000000000000000000e+00 0.000000000000000000e+00 1.352345487959949813e-03 1.316909083265715725e-03 0.000000000000000000e+00 0.000000000000000000e+00 1.318575330757308477e-03 1.275429853416309425e-03 9.728312776393410527e-04 0.000000000000000000e+00
0.000000000000000000e+00 0.000000000000000000e+00 0.000000000000000000e+00 0.000000000000000000e+00 5.470495877417006587e-04 0.000000000000000000e+00 0.000000000000000000e+00 0.000000000000000000e+00 1.359247317501026181e-03 1.321459778375016223e-03 0.000000000000000000e+00 0.000000000000000000e+00 1.345528522601073225e-03 1.300673959292167423e-03 9.674332803961096161e-04 0.000000000000000000e+00
0.000000000000000000e+00 0.000000000000000000e+00 0.000000000000000000e+00 0.000000000000000000e+00 5.252437893218189508e-04 0.000000000000000000e+00 0.000000000000000000e+00 0.000000000000000000e+00 1.349549452036746160e-03 1.313944432074476074e-03 0.000000000000000000e+00 0.000000000000000000e+00 1.330468463707110485e-03 1.288310641069617939e-03 9.752488697075832515e-04 0.000000000000000000e+00
0.000000000000000000e+00 0.000000000000000000e+00 0.000000000000000000e+00 0.000000000000000000e+00 5.435428240633242460e-04 0.000000000000000000e+00 0.000000000000000000e+00 0.000000000000000000e+00 1.372158874620894864e-03 1.327425196804700707e-03 0.000000000000000000e+00 0.000000000000000000e+00 1.360484355563846290e-03 1.312916752519931261e-03 9.690367457503148508e-04 0.000000000000000000e+00
0.000000000000000000e+00 0.000000000000000000e+00 0.000000000000000000e+00 0.000000000000000000e+00 5.499585373088738483e-04 0.000000000000000000e+00 0.000000000000000000e+00 0.000000000000000000e+00 1.349159189032709790e-03 1.312005183169926044e-03 0.000000000000000000e+00 0.000000000000000000e+00 1.329414500224969852e-03 1.284952981978014757e-03 9.655216835345027627e-04 0.000000000000000000e+00
0.000000000000000000e+00 0.000000000000000000e+00 0.000000000000000000e+00 0.000000000000000000e+00 5.386388106340624007e-04 0.000000000000000000e+00 0.000000000000000000e+00 0.000000000000000000e+00 1.345967342368146200e-03 1.308858731337696115e-03 0.000000000000000000e+00 0.000000000000000000e+00 1.336584937421301427e-03 1.295083939789789867e-03 9.615408616669252973e-04 0.000000000000000000e+00
0.000000000000000000e+00 0.000000000000000000e+00 0.000000000000000000e+00 0.000000000000000000e+00 5.344923588598028946e-04 0.000000000000000000e+00 0.000000000000000000e+00 0.000000000000000000e+00 1.343564078623776976e-03 1.303221569734626904e-03 0.000000000000000000e+00 0.000000000000000000e+00 1.334536654155464054e-03 1.284662735919774338e-03 9.627815487655255440e-04 0.000000000000000000e+00
0.000000000000000000e+00 0.000000000000000000e+00 0.000000000000000000e+00 0.000000000000000000e+00 5.259013389888928967e-04 0.000000000000000000e+00 0.000000000000000000e+00 0.000000000000000000e+00 1.343776824264604139e-03 1.309595951837872396e-03 0.000000000000000000e+00 0.000000000000000000e+00 1.329436811034247169e-03 1.292291141657146182e-03 9.726279851361937547e-04 0.000000000000000000e+00
0.000000000000000000e+00 0.000000000000000000e+00 0.000000000000000000e+00 0.000000000000000000e+00 5.470711284316094169e-04 0.000000000000000000e+00 0.000000000000000000e+00 0.000000000000000000e+00 1.349344006706822315e-03 1.309505651434626815e-03 0.000000000000000000e+00 0.000000000000000000e+00 1.330317090246972136e-03 1.285445475484691628e-03 9.632489588554808994e-04 0.000000000000000000e+00
0.000000000000000000e+00 0.000000000000000000e+00 0.000000000000000000e+00 0.000000000000000000e+00 5.380183910696574763e-04 0.000000000000000000e+00 0.000000000000000000e+00 0.000000000000000000e+00 1.344377351880085515e-03 1.312212287442218782e-03 0.000000000000000000e+00 0.000000000000000000e+00 1.328613400043272353e-03 1.287399809809436574e-03 9.676349722871159303e-04 0.000000000000000000e+00
0.000000000000000000e+00 0.000000000000000000e+00 0.000000000000000000e+00 0.000000000000000000e+00 5.334172497381809873e-04 0.000000000000000000e+00 0.000000000000000000e+00 0.000000000000000000e+00 1.365516997397329870e-03 1.330608125673592244e-03 0.000000000000000000e+00 0.000000000000000000e+00 1.347708179521404665e-03 1.304184103449651739e-03 9.620469980665267073e-04 0.000000000000000000e+00
0.000000000000000000e+00 0.000000000000000000e+00 0.000000000000000000e+00 0.000000000000000000e+00 5.388650634013450718e-04 0.000000000000000000e+00 0.000000000000000000e+00 0.000000000000000000e+00 1.337912200101732188e-03 1.309749854596291329e-03 0.000000000000000000e+00 0.000000000000000000e+00 1.325781587040602812e-03 1.288396785688491726e-03 9.605669764627464266e-04 0.000000000000000000e+00
0.000000000000000000e+00 0.000000000000000000e+00 0.000000000000000000e+00 0.000000000000000000e+00 5.479841594135067585e-04 0.000000000000000000e+00 0.000000000000000000e+00 0.000000000000000000e+00 1.368288431646967358e-03 1.327076769886234575e-03 0.000000000000000000e+00 0.000000000000000000e+00 1.354517286811728624e-03 1.306058059206803654e-03 9.677071286816390713e-04 0.000000000000000000e+00
0.000000000000000000e+00 0.000000000000000000e+00 0.000000000000000000e+00 0.000000000000000000e+00 5.430098528439253683e-04 0.000000000000000000e+00 0.000000000000000000e+00 0.000000000000000000e+00 1.348969732555887471e-03 1.311623304995680446e-03 0.000000000000000000e+00 0.000000000000000000e+00 1.333471149709656483e-03 1.293355072669879167e-03 9.696069099803504305e-04 0.000000000000000000e+00
0.000000000000000000e+00 0.000000000000000000e+00 0.000000000000000000e+00 0.000000000000000000e+00 5.236483498074176630e-04 0.000000000000000000e+00 0.000000000000000000e+00 0.000000000000000000e+00 1.349592616768471951e-03 1.315533561816103428e-03 0.000000000000000000e+00 0.000000000000000000e+00 1.337826346634829423e-03 1.299344085794871878e-03 9.640141706337565985e-04 0.000000000000000000e+00
0.000000000000000000e+00 0.000000000000000000e+00 0.000000000000000000e+00 0.000000000000000000e+00 5.607173348287702516e-04 0.000000000000000000e+00 0.000000000000000000e+00 0.000000000000000000e+00 1.361469862255737431e-03 1.316702576497371865e-03 0.000000000000000000e+00 0.000000000000000000e+00 1.347930387084096335e-03 1.294977553547213816e-03 9.837255772114259725e-04 0.000000000000000000e+00
0.000000000000000000e+00 0.000000000000000000e+00 0.000000000000000000e+00 0.000000000000000000e+00 5.291065021249634608e-04 0.000000000000000000e+00 0.000000000000000000e+00 0.000000000000000000e+00 1.348926878997981030e-03 1.314190627115184671e-03 0.000000000000000000e+00 0.000000000000000000e+00 1.333118703486580727e-03 1.292762815519109742e-03 9.703645798332655300e-04 0.000000000000000000e+00
0.000000000000000000e+00 0.000000000000000000e+00 0.000000000000000000e+00 0.000000000000000000e+00 5.527750810787659128e-04 0.000000000000000000e+00 0.000000000000000000e+00 0.000000000000000000e+00 1.358650667738934767e-03 1.326127394601671512e-03 0.000000000000000000e+00 0.000000000000000000e+00 1.341780063409201166e-03 1.298771402670971433e-03 9.719340473298102457e-04 0.000000000000000000e+00
0.000000000000000000e+00 0.000000000000000000e+00 0.000000000000000000e+00 0.000000000000000000e+00 5.343753286104129885e-04 0.000000000000000000e+00 0.000000000000000000e+00 0.000000000000000000e+00 1.346353642003320951e-03 1.311354530454229188e-03 0.000000000000000000e+00 0.000000000000000000e+00 1.325601328642669104e-03 1.281068042411373465e-03 9.770635520336581718e-04 0.000000000000000000e+00
0.000000000000000000e+00 0.000000000000000000e+00 0.000000000000000000e+00 0.000000000000000000e+00 5.470944940089711309e-04 0.000000000000000000e+00 0.000000000000000000e+00 0.000000000000000000e+00 1.356823609462503525e-03 1.317836053448146480e-03 0.000000000000000000e+00 0.000000000000000000e+00 1.343313996942953814e-03 1.298508953769897346e-03 9.636788954471482184e-04 0.000000000000000000e+00
0.000000000000000000e+00 0.000000000000000000e+00 0.000000000000000000e+00 0.000000000000000000e+00 5.562031655147076396e-04 0.000000000000000000e+00 0.000000000000000000e+00 0.000000000000000000e+00 1.374101057315033113e-03 1.326601713850164045e-03 0.000000000000000000e+00 0.000000000000000000e+00 1.361689136856442106e-03 1.307372651500825298e-03 9.793502855281112796e-04 0.000000000000000000e+00
0.000000000000000000e+00 0.000000000000000000e+00 0.000000000000000000e+00 0.000000000000000000e+00 5.469464621229326714e-04 0.000000000000000000e+00 0.000000000000000000e+00 0.000000000000000000e+00 1.355902830310517582e-03 1.317167860082232812e-03 0.000000000000000000e+00 0.000000000000000000e+00 1.332299268013382434e-03 1.289087344972951205e-03 9.713667246205725126e-04 0.000000000000000000e+00
0.000000000000000000e+00 0.000000000000000000e+00 0.000000000000000000e+00 0.000000000000000000e+00 5.476707910001265027e-04 0.000000000000000000e+00 0.000000000000000000e+00 0.000000000000000000e+00 1.365825587923161742e-03 1.326336219495525930e-03 0.000000000000000000e+00 0.000000000000000000e+00 1.347696360201772929e-03 1.299534123204302205e-03 9.725457916495542938e-04 0.000000000000000000e+00
0.000000000000000000e+00 0.000000000000000000e+00 0.000000000000000000e+00 0.000000000000000000e+00 5.479846092111016536e-04 0.000000000000000000e+00 0.000000000000000000e+00 0.000000000000000000e+00 1.352999762566005695e-03 1.311489284509326139e-03 0.000000000000000000e+00 0.000000000000000000e+00 1.336010267100084560e-03 1.287817440091186495e-03 9.666715847500491647e-04 0.000000000000000000e+00
0.000000000000000000e+00 0.000000000000000000e+00 0.000000000000000000e+00 0.000000000000000000e+00 5.318427533857826139e-04 0.000000000000000000e+00 0.000000000000000000e+00 0.000000000000000000e+00 1.330111269476194321e-03 1.297873810706114172e-03 0.000000000000000000e+00 0.000000000000000000e+00 1.321739817790474822e-03 1.283847704185626330e-03 9.722649906139196972e-04 0.000000000000000000e+00
0.000000000000000000e+00 0.000000000000000000e+00 0.000000000000000000e+00 0.000000000000000000e+00 5.485744836077971693e-04 0.000000000000000000e+00 0.000000000000000000e+00 0.000000000000000000e+00 1.368385894766624465e-03 1.337062208971367743e-03 0.000000000000000000e+00 0.000000000000000000e+00 1.354695931054068856e-03 1.315181009264892792e-03 9.700295258459428176e-04 0.000000000000000000e+00
0.000000000000000000e+00 0.000000000000000000e+00 0.000000000000000000e+00 0.000000000000000000e+00 5.408542752994293127e-04 0.000000000000000000e+00 0.000000000000000000e+00 0.000000000000000000e+00 1.360561559047361938e-03 1.320757283202964863e-03 0.000000000000000000e+00 0.000000000000000000e+00 1.340585550079040518e-03 1.295390068317912521e-03 9.595832882364926887e-04 0.000000000000000000e+00
0.000000000000000000e+00 0.000000000000000000e+00 0.000000000000000000e+00 0.000000000000000000e+00 5.561294613449792963e-04 0.000000000000000000e+00 0.000000000000000000e+00 0.000000000000000000e+00 1.366949015816306713e-03 1.331252162088543108e-03 0.000000000000000000e+00 0.000000000000000000e+00 1.353516475809343669e-03 1.315816151028233790e-03 9.620948566832315503e-04 0.000000000000000000e+00
0.000000000000000000e+00 0.000000000000000000e+00 0.000000000000000000e+00 0.000000000000000000e+00 5.432868468733057779e-04 0.000000000000000000e+00 0.000000000000000000e+00 0.000000000000000000e+00 1.340790817847006171e-03 1.301224420702604394e-03 0.000000000000000000e+00 0.000000000000000000e+00 1.326352396087242475e-03 1.277540968301056927e-03 9.655438671141926450e-04 0.000000000000000000e+00
0.000000000000000000e+00 0.000000000000000000e+00 0.000000000000000000e+00 0.000000000000000000e+00 5.580833293741871209e-04 0.000000000000000000e+00 0.000000000000000000e+00 0.000000000000000000e+00 1.347214127814940713e-03 1.300164512108794961e-03 0.000000000000000000e+00 0.000000000000000000e+00 1.332416549384634686e-03 1.280602698754280391e-03 9.691592274609361901e-04 0.000000000000000000e+00
0.000000000000000000e+00 0.000000000000000000e+00 0.000000000000000000e+00 0.000000000000000000e+00 5.331089096241222467e-04 0.000000000000000000e+00 0.000000000000000000e+00 0.000000000000000000e+00 1.339699053034418188e-03 1.305072944797166287e-03 0.000000000000000000e+00 0.000000000000000000e+00 1.318247251752060860e-03 1.273832210209149265e-03 9.680979225327086563e-04 0.000000000000000000e+00
0.000000000000000000e+00 0.000000000000000000e+00 0.000000000000000000e+00 0.000000000000000000e+00 5.445183366685523232e-04 0.000000000000000000e+00 0.000000000000000000e+00 0.000000000000000000e+00 1.361987033008367574e-03 1.316382014359962277e-03 0.000000000000000000e+00 0.000000000000000000e+00 1.338731780561017637e-03 1.285463614443858784e-03 9.633315261671717864e-04 0.000000000000000000e+00
0.000000000000000000e+00 0.000000000000000000e+00 0.000000000000000000e+00 0.000000000000000000e+00 5.467123359958910283e-04 0.000000000000000000e+00 0.000000000000000000e+00 0.000000000000000000e+00 1.370180604023717467e-03 1.332678174447494111e-03 0.000000000000000000e+00 0.000000000000000000e+00 1.346466328323286683e-03 1.302472865967041395e-03 9.753698858969120540e-04 0.000000000000000000e+00
0.000000000000000000e+00 0.000000000000000000e+00 0.000000000000000000e+00 0.000000000000000000e+00 5.401672233753416954e-04 0.000000000000000000e+00 0.000000000000000000e+00 0.000000000000000000e+00 1.362784831205156484e-03 1.332014513393368687e-03 0.000000000000000000e+00 0.000000000000000000e+00 1.359161724059247678e-03 1.325725950300823313e-03 9.594366632964207529e-04 0.000000000000000000e+00
0.000000000000000000e+00 0.000000000000000000e+00 0.000000000000000000e+00 0.000000000000000000e+00 5.312575140664398468e-04 0.000000000000000000e+00 0.000000000000000000e+00 0.000000000000000000e+00 1.362345091341705733e-03 1.327125332121766683e-03 0.000000000000000000e+00 0.000000000000000000e+00 1.341964361205799389e-03 1.303433264438930931e-03 9.800989617304001721e-04 0.000000000000000000e+00
0.000000000000000000e+00 0.000000000000000000e+00 0.000000000000000000e+00 0.000000000000000000e+00 5.373050786546387575e-04 0.000000000000000000e+00 0.000000000000000000e+00 0.000000000000000000e+00 1.355667960489084604e-03 1.319446516365690384e-03 0.000000000000000000e+00 0.000000000000000000e+00 1.340946771024748583e-03 1.300050227036055614e-03 9.747924204367136971e-04 0.000000000000000000e+00
0.000000000000000000e+00 0.000000000000000000e+00 0.000000000000000000e+00 0.000000000000000000e+00 5.456648772021463825e-04 0.000000000000000000e+00 0.000000000000000000e+00 0.000000000000000000e+00 1.362733378444680411e-03 1.324120681949041319e-03 0.000000000000000000e+00 0.000000000000000000e+00 1.344084027285983966e-03 1.297589003001410786e-03 9.725681863659623111e-04 0.000000000000000000e+00
0.000000000000000000e+00 0.000000000000000000e+00 0.000000000000000000e+00 0.000000000000000000e+00 5.384980611736863354e-04 0.000000000000000000e+00 0.000000000000000000e+00 0.000000000000000000e+00 1.366568652030316321e-03 1.331541426044386940e-03 0.000000000000000000e+00 0.000000000000000000e+00 1.354815320021470143e-03 1.314757237511089086e-03 9.684318713389718529e-04 0.000000000000000000e+00
0.000000000000000000e+00 0.000000000000000000e+00 0.000000000000000000e+00 0.000000000000000000e+00 5.238350237986761932e-04 0.000000000000000000e+00 0.000000000000000000e+00 0.000000000000000000e+00 1.363998807066057811e-03 1.328954851878433492e-03 0.000000000000000000e+00 0.000000000000000000e+00 1.344188030779428769e-03 1.301025511174140050e-03 9.722581426707185967e-04 0.000000000000000000e+00
0.000000000000000000e+00 0.000000000000000000e+00 0.000000000000000000e+00 0.000000000000000000e+00 5.341303473073661994e-04 0.000000000000000000e+00 0.000000000000000000e+00 0.000000000000000000e+00 1.349416332322545334e-03 1.314715449742550430e-03 0.000000000000000000e+00 0.000000000000000000e+00 1.338233082072252077e-03 1.296643797562248334e-03 9.730809793157198543e-04 0.000000000000000000e+00
0.000000000000000000e+00 0.000000000000000000e+00 0.000000000000000000e+00 0.000000000000000000e+00 5.179981823299162303e-04 0.000000000000000000e+00 0.000000000000000000e+00 0.000000000000000000e+00 1.355674336247177959e-03 1.323266537215124191e-03 0.000000000000000000e+00 0.000000000000000000e+00 1.333174695613498564e-03 1.292628197242561353e-03 9.699299831260819712e-04 0.000000000000000000e+00
