# 'name' : 'rogers_a02_b00_d00_g06'
# 'source' : 'rogers_a02_b00_d00_g06.yaml'
# 'sample_pops' : ['X', 'D', 'Y', 'N']
# 'sample_size' : 1
# 'n_reps' : 100
# 'n_windows' : 200
# 'seq_length' : 100000000.0
# 'window_length' : 500000.0
# 'recomb_rate' : 1e-08
# 'mut_rate' : 1e-08
# 'created' : None
0.000000000000000000e+00 0.000000000000000000e+00 0.000000000000000000e+00 0.000000000000000000e+00 2.949686095410355372e-04 0.000000000000000000e+00 0.000000000000000000e+00 0.000000000000000000e+00 7.212674086027345919e-04 7.123793142705546391e-04 0.000000000000000000e+00 0.000000000000000000e+00 7.807485509865725020e-04 7.652591233025473304e-04 1.251319987389214585e-04 0.000000000000000000e+00
0.000000000000000000e+00 0.000000000000000000e+00 0.000000000000000000e+00 0.000000000000000000e+00 3.027530470064008399e-04 0.000000000000000000e+00 0.000000000000000000e+00 0.000000000000000000e+00 7.334371675558807148e-04 7.202581979667335970e-04 0.000000000000000000e+00 0.000000000000000000e+00 7.872176506860074571e-04 7.705582457245677185e-04 1.386092603232107830e-04 0.000000000000000000e+00
0.000000000000000000e+00 0.000000000000000000e+00 0.000000000000000000e+00 0.000000000000000000e+00 2.826854338628404786e-04 0.000000000000000000e+00 0.000000000000000000e+00 0.000000000000000000e+00 7.316335005286099665e-04 7.270754087517120436e-04 0.000000000000000000e+00 0.000000000000000000e+00 7.868859461236069486e-04 7.757086248665046296e-04 1.389430480364853130e-04 0.000000000000000000e+00
0.000000000000000000e+00 0.000000000000000000e+00 0.000000000000000000e+00 0.000000000000000000e+00 2.960982028426404808e-04 0.000000000000000000e+00 0.000000000000000000e+00 0.000000000000000000e+00 7.317353822975891610e-04 7.228583430551252650e-04 0.000000000000000000e+00 0.000000000000000000e+00 7.860019628105187426e-04 7.709123597850585244e-04 1.183265324842418313e-04 0.000000000000000000e+00
0.000000000000000000e+00 0.000000000000000000e+00 0.000000000000000000e+00 0.000000000000000000e+00 2.984438688980984525e-04 0.000000000000000000e+00 0.000000000000000000e+00 0.000000000000000000e+00 7.285327337839781836e-04 7.229440071497452011e-04 0.000000000000000000e+00 0.000000000000000000e+00 7.845005426164562571e-04 7.729908535881161889e-04 1.182335275516297320e-04 0.000000000000000000e+00
0.000000000000000000e+00 0.000000000000000000e+00 0.000000000000000000e+00 0.000000000000000000e+00 3.036563615195344906e-04 0.000000000000000000e+00 0.000000000000000000e+00 0.000000000000000000e+00 7.414003022860960260e-04 7.255309981439060163e-04 0.000000000000000000e+00 0.000000000000000000e+00 8.026296145768277044e-04 7.817389339734536185e-04 1.390520276766434439e-04 0.000000000000000000e+00
0.000000000000000000e+00 0.000000000000000000e+00 0.000000000000000000e+00 0.000000000000000000e+00 2.966813330776380897e-04 0.000000000000000000e+00 0.000000000000000000e+00 0.000000000000000000e+00 7.413940663370716154e-04 7.290150077613891458e-04 0.000000000000000000e+00 0.000000000000000000e+00 7.857262797449033947e-04 7.681831310773405783e-04 1.317515139739971444e-04 0.000000000000000000e+00
0.000000000000000000e+00 0.000000000000000000e+00 0.000000000000000000e+00 0.000000000000000000e+00 3.030224734787535052e-04 0.000000000000000000e+00 0.000000000000000000e+00 0.000000000000000000e+00 7.413937208770781046e-04 7.325610192746498644e-04 0.000000000000000000e+00 0.000000000000000000e+00 8.050933846556131319e-04 7.905064389778157508e-04 1.494168376834220928e-04 0.000000000000000000e+00
0.000000000000000000e+00 0.000000000000000000e+00 0.000000000000000000e+00 0.000000000000000000e+00 2.938131051737180154e-04 0.000000000000000000e+00 0.000000000000000000e+00 0.000000000000000000e+00 7.160445273264848774e-04 7.157165461204014270e-04 0.000000000000000000e+00 0.000000000000000000e+00 7.882174195971236672e-04 7.805414186536586627e-04 1.310762689448408884e-04 0.000000000000000000e+00
0.000000000000000000e+00 0.000000000000000000e+00 0.000000000000000000e+00 0.000000000000000000e+00 3.088196566723043143e-04 0.000000000000000000e+00 0.000000000000000000e+00 0.000000000000000000e+00 7.371333392044084358e-04 7.210641247231988843e-04 0.000000000000000000e+00 0.000000000000000000e+00 7.967077071357732366e-04 7.762421614634239155e-04 1.324159442588053004e-04 0.000000000000000000e+00
0.000000000000000000e+00 0.000000000000000000e+00 0.000000000000000000e+00 0.000000000000000000e+00 2.941564788900860139e-04 0.000000000000000000e+00 0.000000000000000000e+00 0.000000000000000000e+00 7.321812822908513275e-04 7.229319991590753627e-04 0.000000000000000000e+00 0.000000000000000000e+00 8.052106888184834771e-04 7.903059632699142899e-04 1.309463529936412646e-04 0.000000000000000000e+00
0.000000000000000000e+00 0.000000000000000000e+00 0.000000000000000000e+00 0.000000000000000000e+00 2.954189738171181809e-04 0.000000000000000000e+00 0.000000000000000000e+00 0.000000000000000000e+00 7.388242375292447669e-04 7.281093144832297180e-04 0.000000000000000000e+00 0.000000000000000000e+00 7.822355182602659142e-04 7.655108388450819999e-04 1.162383187777686616e-04 0.000000000000000000e+00
0.000000000000000000e+00 0.000000000000000000e+00 0.000000000000000000e+00 0.000000000000000000e+00 2.957151385766256489e-04 0.000000000000000000e+00 0.000000000000000000e+00 0.000000000000000000e+00 7.355461864339495580e-04 7.293309905272071705e-04 0.000000000000000000e+00 0.000000000000000000e+00 7.952685284865096708e-04 7.805408969040497592e-04 1.160880053995025721e-04 0.000000000000000000e+00
0.000000000000000000e+00 0.000000000000000000e+00 0.000000000000000000e+00 0.000000000000000000e+00 3.040290829067064421e-04 0.000000000000000000e+00 0.000000000000000000e+00 0.000000000000000000e+00 7.296052257489575371e-04 7.214286877265560201e-04 0.000000000000000000e+00 0.000000000000000000e+00 7.966032506452427366e-04 7.833312629342478999e-04 1.335941552806884356e-04 0.000000000000000000e+00
0.000000000000000000e+00 0.000000000000000000e+00 0.000000000000000000e+00 0.000000000000000000e+00 2.914166510692609664e-04 0.000000000000000000e+00 0.000000000000000000e+00 0.000000000000000000e+00 7.308547469668286341e-04 7.255355648336811545e-04 0.000000000000000000e+00 0.000000000000000000e+00 7.918830721246651345e-04 7.800837299475539988e-04 1.228338182272237494e-04 0.000000000000000000e+00
0.000000000000000000e+00 0.000000000000000000e+00 0.000000000000000000e+00 0.000000000000000000e+00 3.030659597862269891e-04 0.000000000000000000e+00 0.000000000000000000e+00 0.000000000000000000e+00 7.421654300097999370e-04 7.292512524430702333e-04 0.000000000000000000e+00 0.000000000000000000e+00 7.822767075948660991e-04 7.635606068950287397e-04 1.112068232388110564e-04 0.000000000000000000e+00
0.000000000000000000e+00 0.000000000000000000e+00 0.000000000000000000e+00 0.000000000000000000e+00 2.916268621038199888e-04 0.000000000000000000e+00 0.000000000000000000e+00 0.000000000000000000e+00 7.300077526475295519e-04 7.219059962069124346e-04 0.000000000000000000e+00 0.000000000000000000e+00 7.889000647003087353e-04 7.769786324412191868e-04 1.243140434805479816e-04 0.000000000000000000e+00
0.000000000000000000e+00 0.000000000000000000e+00 0.000000000000000000e+00 0.000000000000000000e+00 2.934582184805918214e-04 0.000000000000000000e+00 0.000000000000000000e+00 0.000000000000000000e+00 7.341526061259295724e-04 7.266653054578825488e-04 0.000000000000000000e+00 0.000000000000000000e+00 7.815033025672459043e-04 7.701211438867732861e-04 1.220108364055433960e-04 0.000000000000000000e+00
0.000000000000000000e+00 0.000000000000000000e+00 0.000000000000000000e+00 0.000000000000000000e+00 2.857581313815055527e-04 0.000000000000000000e+00 0.000000000000000000e+00 0.000000000000000000e+00 7.242644254404242803e-04 7.144845307330960739e-04 0.000000000000000000e+00 0.000000000000000000e+00 7.791207630807522400e-04 7.612560767449585639e-04 1.245170403943576863e-04 0.000000000000000000e+00
0.000000000000000000e+00 0.000000000000000000e+00 0.000000000000000000e+00 0.000000000000000000e+00 3.022568571770549092e-04 0.000000000000000000e+00 0.000000000000000000e+00 0.000000000000000000e+00 7.279724544792473290e-04 7.202711135408469472e-04 0.000000000000000000e+00 0.000000000000000000e+00 8.029679014636674104e-04 7.919223629744756967e-04 1.282395407052034470e-04 0.000000000000000000e+00
0.000000000000000000e+00 0.000000000000000000e+00 0.000000000000000000e+00 0.000000000000000000e+00 2.968070237894979927e-04 0.000000000000000000e+00 0.000000000000000000e+00 0.000000000000000000e+00 7.321336642022362260e-04 7.263814061009626552e-04 0.000000000000000000e+00 0.000000000000000000e+00 7.955059810320344246e-04 7.828835191710524543e-04 1.271833834427095553e-04 0.000000000000000000e+00
0.000000000000000000e+00 0.000000000000000000e+00 0.000000000000000000e+00 0.000000000000000000e+00 3.001939915057737283e-04 0.000000000000000000e+00 0.000000000000000000e+00 0.000000000000000000e+00 7.325911948875761222e-04 7.269270550262108433e-04 0.000000000000000000e+00 0.000000000000000000e+00 8.001727220821846630e-04 7.912814300336011922e-04 1.296399872657371494e-04 0.000000000000000000e+00
0.000000000000000000e+00 0.000000000000000000e+00 0.000000000000000000e+00 0.000000000000000000e+00 2.946484173102670192e-04 0.000000000000000000e+00 0.000000000000000000e+00 0.000000000000000000e+00 7.186370669850689107e-04 7.150046777643657763e-04 0.000000000000000000e+00 0.000000000000000000e+00 8.026678709268800574e-04 7.944362447606666310e-04 1.254436354685182586e-04 0.000000000000000000e+00
0.000000000000000000e+00 0.000000000000000000e+00 0.000000000000000000e+00 0.000000000000000000e+00 3.118562674670669445e-04 0.000000000000000000e+00 0.000000000000000000e+00 0.000000000000000000e+00 7.331683778049378044e-04 7.225678714634646733e-04 0.000000000000000000e+00 0.000000000000000000e+00 7.860176316371940116e-04 7.708937881072265401e-04 1.276804440405061847e-04 0.000000000000000000e+00
0.000000000000000000e+00 0.000000000000000000e+00 0.000000000000000000e+00 0.000000000000000000e+00 2.970584650631368732e-04 0.000000000000000000e+00 0.000000000000000000e+00 0.000000000000000000e+00 7.191590213884083279e-04 7.133372405847861197e-04 0.000000000000000000e+00 0.000000000000000000e+00 7.980691609501191098e-04 7.873946315575703096e-04 1.316770501234869784e-04 0.000000000000000000e+00
0.000000000000000000e+00 0.000000000000000000e+00 0.000000000000000000e+00 0.000000000000000000e+00 2.975845165804175910e-04 0.000000000000000000e+00 0.000000000000000000e+00 0.000000000000000000e+00 7.301212791033218595e-04 7.209273541025128327e-04 0.000000000000000000e+00 0.000000000000000000e+00 7.889463666874941758e-04 7.748056376879941445e-04 1.178853388935865879e-04 0.000000000000000000e+00
0.000000000000000000e+00 0.000000000000000000e+00 0.000000000000000000e+00 0.000000000000000000e+00 2.883382825109654301e-04 0.000000000000000000e+00 0.000000000000000000e+00 0.000000000000000000e+00 7.238326995154007815e-04 7.227337561955608477e-04 0.000000000000000000e+00 0.000000000000000000e+00 8.039466135556454620e-04 7.967042989442296892e-04 1.348949017753324530e-04 0.000000000000000000e+00
0.000000000000000000e+00 0.000000000000000000e+00 0.000000000000000000e+00 0.000000000000000000e+00 2.948662760422964078e-04 0.000000000000000000e+00 0.000000000000000000e+00 0.000000000000000000e+00 7.269564767581491917e-04 7.188283661136212139e-04 0.000000000000000000e+00 0.000000000000000000e+00 7.835681973348988588e-04 7.728705528811662421e-04 1.194320826416300888e-04 0.000000000000000000e+00
0.000000000000000000e+00 0.000000000000000000e+00 0.000000000000000000e+00 0.000000000000000000e+00 2.995882111979174364e-04 0.000000000000000000e+00 0.000000000000000000e+00 0.000000000000000000e+00 7.216379228091716501e-04 7.123243552637309418e-04 0.000000000000000000e+00 0.000000000000000000e+00 8.006845582831875491e-04 7.858707402956586867e-04 1.263331158481477098e-04 0.000000000000000000e+00
0.000000000000000000e+00 0.000000000000000000e+00 0.000000000000000000e+00 0.000000000000000000e+00 2.918113068807304104e-04 0.000000000000000000e+00 0.000000000000000000e+00 0.000000000000000000e+00 7.166027787441457686e-04 7.181955853428107113e-04 0.000000000000000000e+00 0.000000000000000000e+00 7.961709249595609996e-04 7.927176315828467516e-04 1.251135021561882604e-04 0.000000000000000000e+00
0.000000000000000000e+00 0.000000000000000000e+00 0.000000000000000000e+00 0.000000000000000000e+00 2.955358833009955879e-04 0.000000000000000000e+00 0.000000000000000000e+00 0.000000000000000000e+00 7.314377153508351374e-04 7.190671017327112226e-04 0.000000000000000000e+00 0.000000000000000000e+00 7.901729550545028317e-04 7.716224097711080155e-04 1.204321832963792835e-04 0.000000000000000000e+00
0.000000000000000000e+00 0.000000000000000000e+00 0.000000000000000000e+00 0.000000000000000000e+00 2.907295764861567589e-04 0.000000000000000000e+00 0.000000000000000000e+00 0.000000000000000000e+00 7.320118464667618860e-04 7.245251005697464931e-04 0.000000000000000000e+00 0.000000000000000000e+00 8.021991775026924166e-04 7.905131681502214607e-04 1.289974177842990435e-04 0.000000000000000000e+00
0.000000000000000000e+00 0.000000000000000000e+00 0.000000000000000000e+00 0.000000000000000000e+00 2.910194086561783953e-04 0.000000000000000000e+00 0.000000000000000000e+00 0.000000000000000000e+00 7.236512435917823389e-04 7.148534700259610722e-04 0.000000000000000000e+00 0.000000000000000000e+00 7.865064455827261740e-04 7.693551467580901594e-04 1.212676597815065993e-04 0.000000000000000000e+00
0.000000000000000000e+00 0.000000000000000000e+00 0.000000000000000000e+00 0.000000000000000000e+00 3.024411405514633444e-04 0.000000000000000000e+00 0.000000000000000000e+00 0.000000000000000000e+00 7.369085217541059430e-04 7.317845330002443896e-04 0.000000000000000000e+00 0.000000000000000000e+00 8.096414966861181740e-04 7.991039092438051482e-04 1.373513945561465098e-04 0.000000000000000000e+00
0.000000000000000000e+00 0.000000000000000000e+00 0.000000000000000000e+00 0.000000000000000000e+00 3.017487332993667700e-04 0.000000000000000000e+00 0.000000000000000000e+00 0.000000000000000000e+00 7.215011834055064287e-04 7.177789582407128775e-04 0.000000000000000000e+00 0.000000000000000000e+00 7.982379964392240278e-04 7.898967359340501376e-04 1.294293354579342413e-04 0.000000000000000000e+00
0.000000000000000000e+00 0.000000000000000000e+00 0.000000000000000000e+00 0.000000000000000000e+00 2.938015592034027147e-04 0.000000000000000000e+00 0.000000000000000000e+00 0.000000000000000000e+00 7.227153757950765568e-04 7.167044245472764313e-04 0.000000000000000000e+00 0.000000000000000000e+00 8.023459014256420193e-04 7.909998991726561665e-04 1.313705883250205477e-04 0.000000000000000000e+00
0.000000000000000000e+00 0.000000000000000000e+00 0.000000000000000000e+00 0.000000000000000000e+00 2.923568589122789918e-04 0.000000000000000000e+00 0.000000000000000000e+00 0.000000000000000000e+00 7.269243583404230843e-04 7.230989543692412222e-04 0.000000000000000000e+00 0.000000000000000000e+00 7.859812970124922327e-04 7.773882362260496311e-04 1.271381492044634017e-04 0.000000000000000000e+00
0.000000000000000000e+00 0.000000000000000000e+00 0.000000000000000000e+00 0.000000000000000000e+00 2.985547578132108121e-04 0.000000000000000000e+00 0.000000000000000000e+00 0.000000000000000000e+00 7.350511206838620127e-04 7.202890108421454744e-04 0.000000000000000000e+00 0.000000000000000000e+00 8.099561088501080943e-04 7.924095740726535587e-04 1.354443614478983580e-04 0.000000000000000000e+00
0.000000000000000000e+00 0.000000000000000000e+00 0.000000000000000000e+00 0.000000000000000000e+00 3.048065989175155390e-04 0.000000000000000000e+00 0.000000000000000000e+00 0.000000000000000000e+00 7.222749749788985769e-04 7.081401614148838527e-04 0.000000000000000000e+00 0.000000000000000000e+00 7.946391548338056950e-04 7.740554016195578700e-04 1.254569666316017473e-04 0.000000000000000000e+00
0.000000000000000000e+00 0.000000000000000000e+00 0.000000000000000000e+00 0.000000000000000000e+00 2.957607725214446014e-04 0.000000000000000000e+00 0.000000000000000000e+00 0.000000000000000000e+00 7.400814680894795758e-04 7.275072186686340481e-04 0.000000000000000000e+00 0.000000000000000000e+00 7.935149783192597429e-04 7.726772526725611935e-04 1.317711031984216872e-04 0.000000000000000000e+00
0.000000000000000000e+00 0.000000000000000000e+00 0.000000000000000000e+00 0.000000000000000000e+00 2.998821390001451203e-04 0.000000000000000000e+00 0.000000000000000000e+00 0.000000000000000000e+00 7.332517887896176922e-04 7.200041733154495570e-04 0.000000000000000000e+00 0.000000000000000000e+00 7.910578939759333860e-04 7.689013670141253655e-04 1.090987342416597865e-04 0.000000000000000000e+00
0.000000000000000000e+00 0.000000000000000000e+00 0.000000000000000000e+00 0.000000000000000000e+00 2.918297868134651983e-04 0.000000000000000000e+00 0.000000000000000000e+00 0.000000000000000000e+00 7.402110968515368322e-04 7.374470893977229640e-04 0.000000000000000000e+00 0.000000000000000000e+00 8.106321429864601696e-04 8.003275342381922959e-04 1.485294558694439466e-04 0.000000000000000000e+00
0.000000000000000000e+00 0.000000000000000000e+00 0.000000000000000000e+00 0.000000000000000000e+00 2.867771032676412328e-04 0.000000000000000000e+00 0.000000000000000000e+00 0.000000000000000000e+00 7.243423541063937279e-04 7.227948447339025296e-04 0.000000000000000000e+00 0.000000000000000000e+00 7.847785926647889631e-04 7.791605192650828508e-04 1.146638934121967991e-04 0.000000000000000000e+00
0.000000000000000000e+00 0.000000000000000000e+00 0.000000000000000000e+00 0.000000000000000000e+00 2.940496400069586742e-04 0.000000000000000000e+00 0.000000000000000000e+00 0.000000000000000000e+00 7.333009941743584949e-04 7.296884047945536005e-04 0.000000000000000000e+00 0.000000000000000000e+00 7.773317101084191438e-04 7.689274271535793048e-04 1.163560988959479040e-04 0.000000000000000000e+00
0.000000000000000000e+00 0.000000000000000000e+00 0.000000000000000000e+00 0.000000000000000000e+00 3.011659535678643126e-04 0.000000000000000000e+00 0.000000000000000000e+00 0.000000000000000000e+00 7.356014725821475751e-04 7.290209690573045982e-04 0.000000000000000000e+00 0.000000000000000000e+00 8.058812473852563140e-04 7.936597961597103689e-04 1.319132759319188838e-04 0.000000000000000000e+00
0.000000000000000000e+00 0.000000000000000000e+00 0.000000000000000000e+00 0.000000000000000000e+00 2.960992085187621786e-04 0.000000000000000000e+00 0.000000000000000000e+00 0.000000000000000000e+00 7.300964084186442387e-04 7.241609184957690853e-04 0.000000000000000000e+00 0.000000000000000000e+00 7.847229240889559221e-04 7.735502554448450913e-04 1.243135891045247111e-04 0.000000000000000000e+00
0.000000000000000000e+00 0.000000000000000000e+00 0.000000000000000000e+00 0.000000000000000000e+00 3.084737664989579183e-04 0.000000000000000000e+00 0.000000000000000000e+00 0.000000000000000000e+00 7.416395760116232649e-04 7.291652972866259153e-04 0.000000000000000000e+00 0.000000000000000000e+00 7.811338582598564579e-04 7.600773403509602589e-04 1.286428287133676966e-04 0.000000000000000000e+00
0.000000000000000000e+00 0.000000000000000000e+00 0.000000000000000000e+00 0.000000000000000000e+00 3.098898242676516247e-04 0.000000000000000000e+00 0.000000000000000000e+00 0.000000000000000000e+00 7.316675323990606827e-04 7.181494924736808250e-04 0.000000000000000000e+00 0.000000000000000000e+00 7.927340882918954045e-04 7.712029371116593422e-04 1.216654238817008388e-04 0.000000000000000000e+00
0.000000000000000000e+00 0.000000000000000000e+00 0.000000000000000000e+00 0.000000000000000000e+00 2.973630026444248052e-04 0.000000000000000000e+00 0.000000000000000000e+00 0.000000000000000000e+00 7.302709660439776545e-04 7.270835306840985578e-04 0.000000000000000000e+00 0.000000000000000000e+00 8.011393573830786173e-04 7.941682370988445080e-04 1.336015338908483167e-04 0.000000000000000000e+00
0.000000000000000000e+00 0.000000000000000000e+00 0.000000000000000000e+00 0.000000000000000000e+00 2.975988241873169112e-04 0.000000000000000000e+00 0.000000000000000000e+00 0.000000000000000000e+00 7.182870248340069916e-04 7.174560694922901740e-04 0.000000000000000000e+00 0.000000000000000000e+00 7.883308446930588353e-04 7.803874693706892417e-04 1.120767001157776645e-04 0.000000000000000000e+00
0.000000000000000000e+00 0.000000000000000000e+00 0.000000000000000000e+00 0.000000000000000000e+00 2.906993426300748685e-04 0.000000000000000000e+00 0.000000000000000000e+00 0.000000000000000000e+00 7.356681421504222699e-04 7.367498616357600043e-04 0.000000000000000000e+00 0.000000000000000000e+00 8.044370382910589860e-04 7.978613661434745584e-04 1.361694082893265322e-04 0.000000000000000000e+00
0.000000000000000000e+00 0.000000000000000000e+00 0.000000000000000000e+00 0.000000000000000000e+00 2.898022310306280335e-04 0.000000000000000000e+00 0.000000000000000000e+00 0.000000000000000000e+00 7.311820012474287353e-04 7.247545604155789401e-04 0.000000000000000000e+00 0.000000000000000000e+00 7.955772901338978124e-04 7.881607921948495304e-04 1.315129966542256175e-04 0.000000000000000000e+00
0.000000000000000000e+00 0.000000000000000000e+00 0.000000000000000000e+00 0.000000000000000000e+00 3.068336471840078360e-04 0.000000000000000000e+00 0.000000000000000000e+00 0.000000000000000000e+00 7.367237294625004953e-04 7.230711034609661834e-04 0.000000000000000000e+00 0.000000000000000000e+00 8.025886379038954174e-04 7.834548316267149178e-04 1.323633592492613135e-04 0.000000000000000000e+00
0.000000000000000000e+00 0.000000000000000000e+00 0.000000000000000000e+00 0.000000000000000000e+00 3.033960067377553665e-04 0.000000000000000000e+00 0.000000000000000000e+00 0.000000000000000000e+00 7.278040869344290292e-04 7.176144025850672700e-04 0.000000000000000000e+00 0.000000000000000000e+00 7.911321789247872591e-04 7.756868707009022604e-04 1.144947099273306725e-04 0.000000000000000000e+00
0.000000000000000000e+00 0.000000000000000000e+00 0.000000000000000000e+00 0.000000000000000000e+00 2.984563031578145020e-04 0.000000000000000000e+00 0.000000000000000000e+00 0.000000000000000000e+00 7.324835072338490259e-04 7.249115602562057527e-04 0.000000000000000000e+00 0.000000000000000000e+00 7.905597921517545966e-04 7.789753609899267546e-04 1.044304185318270896e-04 0.000000000000000000e+00
0.000000000000000000e+00 0.000000000000000000e+00 0.000000000000000000e+00 0.000000000000000000e+00 2.964673876119261367e-04 0.000000000000000000e+00 0.000000000000000000e+00 0.000000000000000000e+00 7.301823886123281994e-04 7.217164613574747522e-04 0.000000000000000000e+00 0.000000000000000000e+00 7.859411101175643342e-04 7.746238577331866684e-04 1.180603621539533964e-04 0.000000000000000000e+00
0.000000000000000000e+00 0.000000000000000000e+00 0.000000000000000000e+00 0.000000000000000000e+00 3.012200106828586701e-04 0.000000000000000000e+00 0.000000000000000000e+00 0.000000000000000000e+00 7.282837567194374705e-04 7.217806487774214253e-04 0.000000000000000000e+00 0.000000000000000000e+00 7.895987758649369382e-04 7.781989015039855219e-04 1.358427703815950828e-04 0.000000000000000000e+00
0.000000000000000000e+00 0.000000000000000000e+00 0.000000000000000000e+00 0.000000000000000000e+00 3.042247842420113036e-04 0.000000000000000000e+00 0.000000000000000000e+00 0.000000000000000000e+00 7.364862268685606764e-04 7.266198549453157856e-04 0.000000000000000000e+00 0.000000000000000000e+00 8.067576602900570744e-04 7.930785561746600499e-04 1.283682952343991176e-04 0.000000000000000000e+00
0.000000000000000000e+00 0.000000000000000000e+00 0.000000000000000000e+00 0.000000000000000000e+00 2.931810967577640702e-04 0.000000000000000000e+00 0.000000000000000000e+00 0.000000000000000000e+00 7.381754913224472308e-04 7.314095982285524463e-04 0.000000000000000000e+00 0.000000000000000000e+00 8.025763360022023472e-04 7.874176851568092175e-04 1.348626399777775025e-04 0.000000000000000000e+00
0.000000000000000000e+00 0.000000000000000000e+00 0.000000000000000000e+00 0.000000000000000000e+00 2.927047074654841124e-04 0.000000000000000000e+00 0.000000000000000000e+00 0.000000000000000000e+00 7.261095801197341073e-04 7.209388186766894436e-04 0.000000000000000000e+00 0.000000000000000000e+00 8.011766034869852258e-04 7.874291310944548164e-04 1.396802604704510255e-04 0.000000000000000000e+00
0.000000000000000000e+00 0.000000000000000000e+00 0.000000000000000000e+00 0.000000000000000000e+00 2.968413379486601038e-04 0.000000000000000000e+00 0.000000000000000000e+00 0.000000000000000000e+00 7.291133036914227957e-04 7.240433996131706313e-04 0.000000000000000000e+00 0.000000000000000000e+00 8.033783155390932179e-04 7.939142400722932645e-04 1.249816531978324404e-04 0.000000000000000000e+00
0.000000000000000000e+00 0.000000000000000000e+00 0.000000000000000000e+00 0.000000000000000000e+00 3.017332548791686530e-04 0.000000000000000000e+00 0.000000000000000000e+00 0.000000000000000000e+00 7.346272235281572048e-04 7.255151249940697093e-04 0.000000000000000000e+00 0.000000000000000000e+00 7.920227000796806150e-04 7.748685326978475927e-04 1.207807237600697314e-04 0.000000000000000000e+00
0.000000000000000000e+00 0.000000000000000000e+00 0.000000000000000000e+00 0.000000000000000000e+00 2.969327078061899296e-04 0.000000000000000000e+00 0.000000000000000000e+00 0.000000000000000000e+00 7.413402414230067490e-04 7.312104246636885871e-04 0.000000000000000000e+00 0.000000000000000000e+00 8.037477245195427233e-04 7.876368969930874243e-04 1.299598003617744621e-04 0.000000000000000000e+00
0.000000000000000000e+00 0.000000000000000000e+00 0.000000000000000000e+00 0.000000000000000000e+00 3.063142768918041578e-04 0.000000000000000000e+00 0.000000000000000000e+00 0.000000000000000000e+00 7.307309591564561555e-04 7.170976468507555580e-04 0.000000000000000000e+00 0.000000000000000000e+00 7.950298128718578721e-04 7.739475283836613501e-04 1.225901707083588022e-04 0.000000000000000000e+00
0.000000000000000000e+00 0.000000000000000000e+00 0.000000000000000000e+00 0.000000000000000000e+00 3.035478581209581205e-04 0.000000000000000000e+00 0.000000000000000000e+00 0.000000000000000000e+00 7.327397242206061664e-04 7.176760769648210091e-04 0.000000000000000000e+00 0.000000000000000000e+00 7.979626897648267863e-04 7.765498545961820910e-04 1.224917054768063845e-04 0.000000000000000000e+00
0.000000000000000000e+00 0.000000000000000000e+00 0.000000000000000000e+00 0.000000000000000000e+00 3.089892097920412888e-04 0.000000000000000000e+00 0.000000000000000000e+00 0.000000000000000000e+00 7.300875851274695122e-04 7.262995974168174251e-04 0.000000000000000000e+00 0.000000000000000000e+00 7.949212644451517313e-04 7.848048721865875498e-04 1.393694322815536518e-04 0.000000000000000000e+00
0.000000000000000000e+00 0.000000000000000000e+00 0.000000000000000000e+00 0.000000000000000000e+00 2.986015970175395274e-04 0.000000000000000000e+00 0.000000000000000000e+00 0.000000000000000000e+00 7.279534127118087805e-04 7.136486654245817506e-04 0.000000000000000000e+00 0.000000000000000000e+00 7.828663094010744313e-04 7.640328939375598191e-04 1.112498621519325738e-04 0.000000000000000000e+00
0.000000000000000000e+00 0.000000000000000000e+00 0.000000000000000000e+00 0.000000000000000000e+00 3.013426729043766042e-04 0.000000000000000000e+00 0.000000000000000000e+00 0.000000000000000000e+00 7.391291392964113643e-04 7.280525585532790153e-04 0.000000000000000000e+00 0.000000000000000000e+00 8.125056044167032520e-04 7.939233821930849954e-04 1.248546118829625727e-04 0.000000000000000000e+00
0.000000000000000000e+00 0.000000000000000000e+00 0.000000000000000000e+00 0.000000000000000000e+00 3.016915662460196729e-04 0.000000000000000000e+00 0.000000000000000000e+00 0.000000000000000000e+00 7.193957819478031179e-04 7.106274633080291196e-04 0.000000000000000000e+00 0.000000000000000000e+00 7.912448667963539609e-04 7.769060070557961108e-04 1.220312397490279062e-04 0.000000000000000000e+00
0.000000000000000000e+00 0.000000000000000000e+00 0.000000000000000000e+00 0.000000000000000000e+00 3.051169758941074651e-04 0.000000000000000000e+00 0.000000000000000000e+00 0.000000000000000000e+00 7.306875574525510718e-04 7.235137803032873263e-04 0.000000000000000000e+00 0.000000000000000000e+00 8.019550754404050370e-04 7.889398685501407748e-04 1.226028814240530786e-04 0.000000000000000000e+00
0.000000000000000000e+00 0.000000000000000000e+00 0.000000000000000000e+00 0.000000000000000000e+00 2.890792268932868480e-04 0.000000000000000000e+00 0.000000000000000000e+00 0.000000000000000000e+00 7.367402215936212162e-04 7.308046383621847730e-04 0.000000000000000000e+00 0.000000000000000000e+00 7.793139165089636765e-04 7.669128314037262657e-04 1.126067883660607054e-04 0.000000000000000000e+00
0.000000000000000000e+00 0.000000000000000000e+00 0.000000000000000000e+00 0.000000000000000000e+00 3.000679885000045056e-04 0.000000000000000000e+00 0.000000000000000000e+00 0.000000000000000000e+00 7.317448067724413802e-04 7.270589994262243328e-04 0.000000000000000000e+00 0.000000000000000000e+00 7.777899579445485311e-04 7.700536763349707025e-04 1.192615994847871108e-04 0.000000000000000000e+00
0.000000000000000000e+00 0.000000000000000000e+00 0.000000000000000000e+00 0.000000000000000000e+00 3.007424297695065508e-04 0.000000000000000000e+00 0.000000000000000000e+00 0.000000000000000000e+00 7.275465563305388503e-04 7.142314003196314608e-04 0.000000000000000000e+00 0.000000000000000000e+00 7.882309802970033016e-04 7.675627692609106757e-04 1.280138642830121653e-04 0.000000000000000000e+00
0.000000000000000000e+00 0.000000000000000000e+00 0.000000000000000000e+00 0.000000000000000000e+00 2.972826625864520176e-04 0.000000000000000000e+00 0.000000000000000000e+00 0.000000000000000000e+00 7.353985260077786296e-04 7.177005849798332804e-04 0.000000000000000000e+00 0.000000000000000000e+00 7.998680969044910704e-04 7.791581524059930548e-04 1.086674652250605100e-04 0.000000000000000000e+00
0.000000000000000000e+00 0.000000000000000000e+00 0.000000000000000000e+00 0.000000000000000000e+00 3.028777997878186624e-04 0.000000000000000000e+00 0.000000000000000000e+00 0.000000000000000000e+00 7.160252244684603288e-04 7.081197828909396863e-04 0.000000000000000000e+00 0.000000000000000000e+00 7.942161453426881210e-04 7.734370318723880582e-04 1.299333841004182103e-04 0.000000000000000000e+00
0.000000000000000000e+00 0.000000000000000000e+00 0.000000000000000000e+00 0.000000000000000000e+00 2.963360429153855634e-04 0.000000000000000000e+00 0.000000000000000000e+00 0.000000000000000000e+00 7.360314904777002848e-04 7.326879215984388261e-04 0.000000000000000000e+00 0.000000000000000000e+00 7.985707526800849996e-04 7.925528451291073999e-04 1.196050901278729832e-04 0.000000000000000000e+00
0.000000000000000000e+00 0.000000000000000000e+00 0.000000000000000000e+00 0.000000000000000000e+00 3.013514465628670835e-04 0.000000000000000000e+00 0.000000000000000000e+00 0.000000000000000000e+00 7.486854109882600449e-04 7.416974495591498184e-04 0.000000000000000000e+00 0.000000000000000000e+00 8.037838821111202309e-04 7.924000645829555904e-04 1.270013360319119714e-04 0.000000000000000000e+00
0.000000000000000000e+00 0.000000000000000000e+00 0.000000000000000000e+00 0.000000000000000000e+00 2.998039348760006312e-04 0.000000000000000000e+00 0.000000000000000000e+00 0.000000000000000000e+00 7.255599477373070056e-04 7.151936125527724297e-04 0.000000000000000000e+00 0.000000000000000000e+00 7.928813661067167203e-04 7.719204914818350973e-04 1.257637276107594667e-04 0.000000000000000000e+00
0.000000000000000000e+00 0.000000000000000000e+00 0.000000000000000000e+00 0.000000000000000000e+00 2.951454706074762950e-04 0.000000000000000000e+00 0.000000000000000000e+00 0.000000000000000000e+00 7.332719919421308314e-04 7.265243043604090395e-04 0.000000000000000000e+00 0.000000000000000000e+00 7.878044815922914581e-04 7.753523931747352679e-04 1.333156156042755703e-04 0.000000000000000000e+00
0.000000000000000000e+00 0.000000000000000000e+00 0.000000000000000000e+00 0.000000000000000000e+00 2.998082728417996497e-04 0.000000000000000000e+00 0.000000000000000000e+00 0.000000000000000000e+00 7.265572191405496360e-04 7.238108533500404486e-04 0.000000000000000000e+00 0.000000000000000000e+00 8.042988370072908996e-04 7.974248883944708632e-04 1.211382292494254779e-04 0.000000000000000000e+00
0.000000000000000000e+00 0.000000000000000000e+00 0.000000000000000000e+00 0.000000000000000000e+00 2.867441056180268207e-04 0.000000000000000000e+00 0.000000000000000000e+00 0.000000000000000000e+00 7.325287936804713651e-04 7.303450997209694120e-04 0.000000000000000000e+00 0.000000000000000000e+00 7.860545493789611662e-04 7.820237760480669171e-04 1.216832538269331391e-04 0.000000000000000000e+00
0.000000000000000000e+00 0.000000000000000000e+00 0.000000000000000000e+00 0.000000000000000000e+00 2.990360713230411430e-04 0.000000000000000000e+00 0.000000000000000000e+00 0.000000000000000000e+00 7.414671924227179446e-04 7.300817158981067921e-04 0.000000000000000000e+00 0.000000000000000000e+00 7.750567888667834072e-04 7.576529523163433397e-04 1.324789225534655341e-04 0.000000000000000000e+00
0.000000000000000000e+00 0.000000000000000000e+00 0.000000000000000000e+00 0.000000000000000000e+00 2.956104826265001494e-04 0.000000000000000000e+00 0.000000000000000000e+00 0.000000000000000000e+00 7.212159200924711652e-04 7.136790930900404999e-04 0.000000000000000000e+00 0.000000000000000000e+00 7.835293931372336361e-04 7.731912035299265320e-04 1.083645054317796487e-04 0.000000000000000000e+00
0.000000000000000000e+00 0.000000000000000000e+00 0.000000000000000000e+00 0.000000000000000000e+00 2.933488830391820564e-04 0.000000000000000000e+00 0.000000000000000000e+00 0.000000000000000000e+00 7.399873367768096746e-04 7.288968247222741247e-04 0.000000000000000000e+00 0.000000000000000000e+00 7.956276861337428438e-04 7.811344242958108940e-04 1.372658180713220771e-04 0.000000000000000000e+00
0.000000000000000000e+00 0.000000000000000000e+00 0.000000000000000000e+00 0.000000000000000000e+00 3.026548485992755044e-04 0.000000000000000000e+00 0.000000000000000000e+00 0.000000000000000000e+00 7.208719170044282192e-04 7.054225972342419160e-04 0.000000000000000000e+00 0.000000000000000000e+00 7.797924719471525457e-04 7.583545548468498178e-04 1.188781095238428988e-04 0.000000000000000000e+00
0.000000000000000000e+00 0.000000000000000000e+00 0.000000000000000000e+00 0.000000000000000000e+00 2.982183408785423493e-04 0.000000000000000000e+00 0.000000000000000000e+00 0.000000000000000000e+00 7.254079974568933015e-04 7.149048803661904681e-04 0.000000000000000000e+00 0.000000000000000000e+00 8.103730072071436020e-04 7.954282079160800113e-04 1.209443109050468241e-04 0.000000000000000000e+00
0.000000000000000000e+00 0.000000000000000000e+00 0.000000000000000000e+00 0.000000000000000000e+00 2.943296241402893853e-04 0.000000000000000000e+00 0.000000000000000000e+00 0.000000000000000000e+00 7.275233571298417518e-04 7.236479714126396777e-04 0.000000000000000000e+00 0.000000000000000000e+00 7.950596551470530144e-04 7.841548094554276135e-04 1.179847155407116573e-04 0.000000000000000000e+00
0.000000000000000000e+00 0.000000000000000000e+00 0.000000000000000000e+00 0.000000000000000000e+00 3.013852767407024995e-04 0.000000000000000000e+00 0.000000000000000000e+00 0.000000000000000000e+00 7.444623454423173175e-04 7.331405678033572470e-04 0.000000000000000000e+00 0.000000000000000000e+00 8.042713969673886054e-04 7.870673556472646947e-04 1.360773436465766270e-04 0.000000000000000000e+00
0.000000000000000000e+00 0.000000000000000000e+00 0.000000000000000000e+00 0.000000000000000000e+00 3.049243392340431286e-04 0.000000000000000000e+00 0.000000000000000000e+00 0.000000000000000000e+00 7.361604705209270428e-04 7.217508892819174795e-04 0.000000000000000000e+00 0.000000000000000000e+00 8.060818752235261904e-04 7.839215262202869948e-04 1.295232892744706558e-04 0.000000000000000000e+00
0.000000000000000000e+00 0.000000000000000000e+00 0.000000000000000000e+00 0.000000000000000000e+00 2.973662449909336529e-04 0.000000000000000000e+00 0.000000000000000000e+00 0.000000000000000000e+00 7.458339991835206441e-04 7.442955422048092235e-04 0.000000000000000000e+00 0.000000000000000000e+00 7.976121951961743888e-04 7.868728876300012769e-04 1.424165699440107960e-04 0.000000000000000000e+00
0.000000000000000000e+00 0.000000000000000000e+00 0.000000000000000000e+00 0.000000000000000000e+00 2.948170224188588766e-04 0.000000000000000000e+00 0.000000000000000000e+00 0.000000000000000000e+00 7.178284011253746686e-04 7.132036900146888686e-04 0.000000000000000000e+00 0.000000000000000000e+00 7.840063855163849436e-04 7.760238917015034685e-04 1.116111310766269008e-04 0.000000000000000000e+00
0.000000000000000000e+00 0.000000000000000000e+00 0.000000000000000000e+00 0.000000000000000000e+00 2.964967020630318844e-04 0.000000000000000000e+00 0.000000000000000000e+00 0.000000000000000000e+00 7.338146031318035657e-04 7.287999395657519417e-04 0.000000000000000000e+00 0.000000000000000000e+00 7.810971992287280442e-04 7.685859699823550852e-04 1.312879941548984644e-04 0.000000000000000000e+00
0.000000000000000000e+00 0.000000000000000000e+00 0.000000000000000000e+00 0.000000000000000000e+00 2.950608486650289149e-04 0.000000000000000000e+00 0.000000000000000000e+00 0.000000000000000000e+00 7.368645972283819267e-04 7.232324402986198058e-04 0.000000000000000000e+00 0.000000000000000000e+00 7.890375402727469248e-04 7.721370993271561975e-04 1.222279052353304957e-04 0.000000000000000000e+00
0.000000000000000000e+00 0.000000000000000000e+00 0.000000000000000000e+00 0.000000000000000000e+00 2.910978386089382950e-04 0.000000000000000000e+00 0.000000000000000000e+00 0.000000000000000000e+00 7.282406244910964287e-04 7.256914303458577870e-04 0.000000000000000000e+00 0.000000000000000000e+00 7.845559691317399590e-04 7.773555073401273476e-04 1.156088906380898037e-04 0.000000000000000000e+00
0.000000000000000000e+00 0.000000000000000000e+00 0.000000000000000000e+00 0.000000000000000000e+00 3.016626809174414222e-04 0.000000000000000000e+00 0.000000000000000000e+00 0.000000000000000000e+00 7.366727069416218431e-04 7.277939317147776119e-04 0.000000000000000000e+00 0.000000000000000000e+00 8.004592213426205572e-04 7.880817122716186852e-04 1.315848800436189168e-04 0.000000000000000000e+00
0.000000000000000000e+00 0.000000000000000000e+00 0.000000000000000000e+00 0.000000000000000000e+00 3.105729216948749979e-04 0.000000000000000000e+00 0.000000000000000000e+00 0.000000000000000000e+00 7.249160061272866490e-04 7.130079032453669413e-04 0.000000000000000000e+00 0.000000000000000000e+00 7.840030114480773171e-04 7.651036909950624347e-04 1.183806590009961083e-04 0.000000000000000000e+00
0.000000000000000000e+00 0.000000000000000000e+00 0.000000000000000000e+00 0.000000000000000000e+00 3.049735718482485996e-04 0.000000000000000000e+00 0.000000000000000000e+00 0.000000000000000000e+00 7.338802458024194482e-04 7.213241977015465069e-04 0.000000000000000000e+00 0.000000000000000000e+00 8.037028400754227427e-04 7.831051999847854364e-04 1.287004970198078627e-04 0.000000000000000000e+00
0.000000000000000000e+00 0.000000000000000000e+00 0.000000000000000000e+00 0.000000000000000000e+00 3.006215202554400135e-04 0.000000000000000000e+00 0.000000000000000000e+00 0.000000000000000000e+00 7.362820147894109024e-04 7.257030988507589186e-04 0.000000000000000000e+00 0.000000000000000000e+00 8.018700940260575479e-04 7.841617234817317879e-04 1.265738679885075352e-04 0.000000000000000000e+00
0.000000000000000000e+00 0.000000000000000000e+00 0.000000000000000000e+00 0.000000000000000000e+00 2.974788290158372609e-04 0.000000000000000000e+00 0.000000000000000000e+00 0.000000000000000000e+00 7.347475963799484679e-04 7.291126701453519389e-04 0.000000000000000000e+00 0.000000000000000000e+00 7.940020080783508462e-04 7.833663426943581008e-04 1.436818754188645914e-04 0.000000000000000000e+00
0.000000000000000000e+00 0.000000000000000000e+00 0.000000000000000000e+00 0.000000000000000000e+00 3.023353120225265073e-04 0.000000000000000000e+00 0.000000000000000000e+00 0.000000000000000000e+00 7.241664849228518107e-04 7.113996704457991758e-04 0.000000000000000000e+00 0.000000000000000000e+00 7.907079850258254229e-04 7.711578493401800719e-04 1.101430788635925963e-04 0.000000000000000000e+00
