# 'name' : 'rogers_a02_b00_d00_g06'
# 'source' : 'rogers_a02_b00_d00_g06.yaml'
# 'sample_pops' : ['X', 'D', 'Y', 'N']
# 'sample_size' : 1
# 'n_reps' : 100
# 'n_windows' : 200
# 'seq_length' : 100000000.0
# 'window_length' : 500000.0
# 'recomb_rate' : 1e-08
# 'mut_rate' : 1e-08
# 'created' : None
0.000000000000000000e+00 0.000000000000000000e+00 0.000000000000000000e+00 0.000000000000000000e+00 4.519803111808419760e-01 0.000000000000000000e+00 0.000000000000000000e+00 0.000000000000000000e+00 3.971389636064976969e-01 3.957616436256634063e-01 0.000000000000000000e+00 0.000000000000000000e+00 4.553777135011866650e-01 4.521864086316150222e-01 7.244416931183035591e-02 0.000000000000000000e+00
0.000000000000000000e+00 0.000000000000000000e+00 0.000000000000000000e+00 0.000000000000000000e+00 4.653942111276720972e-01 0.000000000000000000e+00 0.000000000000000000e+00 0.000000000000000000e+00 4.063937555619855369e-01 4.027035830883574641e-01 0.000000000000000000e+00 0.000000000000000000e+00 4.636287824797271639e-01 4.596771173429659019e-01 8.186784456151403877e-02 0.000000000000000000e+00
0.000000000000000000e+00 0.000000000000000000e+00 0.000000000000000000e+00 0.000000000000000000e+00 4.504291629163062471e-01 0.000000000000000000e+00 0.000000000000000000e+00 0.000000000000000000e+00 4.050522789461629136e-01 4.059762697798963149e-01 0.000000000000000000e+00 0.000000000000000000e+00 4.595363035284766307e-01 4.578788804323866701e-01 8.010370260927825170e-02 0.000000000000000000e+00
0.000000000000000000e+00 0.000000000000000000e+00 0.000000000000000000e+00 0.000000000000000000e+00 4.601414776431982379e-01 0.000000000000000000e+00 0.000000000000000000e+00 0.000000000000000000e+00 4.009504977935591241e-01 3.992016859592452116e-01 0.000000000000000000e+00 0.000000000000000000e+00 4.572747894027965887e-01 4.524827471724899852e-01 6.900999499191623476e-02 0.000000000000000000e+00
0.000000000000000000e+00 0.000000000000000000e+00 0.000000000000000000e+00 0.000000000000000000e+00 4.670793961534158156e-01 0.000000000000000000e+00 0.000000000000000000e+00 0.000000000000000000e+00 4.014114454615595462e-01 4.025397272556046624e-01 0.000000000000000000e+00 0.000000000000000000e+00 4.550170960609509763e-01 4.544176761016548438e-01 6.889767186630224582e-02 0.000000000000000000e+00
0.000000000000000000e+00 0.000000000000000000e+00 0.000000000000000000e+00 0.000000000000000000e+00 4.683476201264547556e-01 0.000000000000000000e+00 0.000000000000000000e+00 0.000000000000000000e+00 4.072363568187238880e-01 4.031958072976007390e-01 0.000000000000000000e+00 0.000000000000000000e+00 4.714160055562149898e-01 4.655081407367418489e-01 8.233495522346817586e-02 0.000000000000000000e+00
0.000000000000000000e+00 0.000000000000000000e+00 0.000000000000000000e+00 0.000000000000000000e+00 4.559922822116350138e-01 0.000000000000000000e+00 0.000000000000000000e+00 0.000000000000000000e+00 4.079639767179059628e-01 4.048147557118471629e-01 0.000000000000000000e+00 0.000000000000000000e+00 4.553897052240379884e-01 4.513586210434555324e-01 7.709560714880746291e-02 0.000000000000000000e+00
0.000000000000000000e+00 0.000000000000000000e+00 0.000000000000000000e+00 0.000000000000000000e+00 4.763692288075034309e-01 0.000000000000000000e+00 0.000000000000000000e+00 0.000000000000000000e+00 4.070869588191032840e-01 4.073635594699840934e-01 0.000000000000000000e+00 0.000000000000000000e+00 4.708967143121779997e-01 4.699143641754093270e-01 8.777271776211939547e-02 0.000000000000000000e+00
0.000000000000000000e+00 0.000000000000000000e+00 0.000000000000000000e+00 0.000000000000000000e+00 4.703379590118423326e-01 0.000000000000000000e+00 0.000000000000000000e+00 0.000000000000000000e+00 3.940200871522966386e-01 3.969085507880873998e-01 0.000000000000000000e+00 0.000000000000000000e+00 4.624463022283053504e-01 4.641479260351970559e-01 7.580672585896219839e-02 0.000000000000000000e+00
0.000000000000000000e+00 0.000000000000000000e+00 0.000000000000000000e+00 0.000000000000000000e+00 4.757134802570662790e-01 0.000000000000000000e+00 0.000000000000000000e+00 0.000000000000000000e+00 4.067267220285522566e-01 4.013877397525222324e-01 0.000000000000000000e+00 0.000000000000000000e+00 4.678690890259227797e-01 4.607176322802890578e-01 7.733579789209500677e-02 0.000000000000000000e+00
0.000000000000000000e+00 0.000000000000000000e+00 0.000000000000000000e+00 0.000000000000000000e+00 4.647351794453493112e-01 0.000000000000000000e+00 0.000000000000000000e+00 0.000000000000000000e+00 4.041766860832040620e-01 4.016109839691945904e-01 0.000000000000000000e+00 0.000000000000000000e+00 4.684400319891345310e-01 4.639018248788620569e-01 7.583737533074812187e-02 0.000000000000000000e+00
0.000000000000000000e+00 0.000000000000000000e+00 0.000000000000000000e+00 0.000000000000000000e+00 4.642885763390045550e-01 0.000000000000000000e+00 0.000000000000000000e+00 0.000000000000000000e+00 4.087257898916188958e-01 4.066021793551443664e-01 0.000000000000000000e+00 0.000000000000000000e+00 4.550191871288603584e-01 4.504659142565968222e-01 6.846533970714688278e-02 0.000000000000000000e+00
0.000000000000000000e+00 0.000000000000000000e+00 0.000000000000000000e+00 0.000000000000000000e+00 4.655327948764104717e-01 0.000000000000000000e+00 0.000000000000000000e+00 0.000000000000000000e+00 4.022902417635625394e-01 4.032252546963157602e-01 0.000000000000000000e+00 0.000000000000000000e+00 4.567998550694721271e-01 4.550130375362163582e-01 6.748694262579738035e-02 0.000000000000000000e+00
0.000000000000000000e+00 0.000000000000000000e+00 0.000000000000000000e+00 0.000000000000000000e+00 4.654012332944501562e-01 0.000000000000000000e+00 0.000000000000000000e+00 0.000000000000000000e+00 4.000181181053788504e-01 4.004734254534240145e-01 0.000000000000000000e+00 0.000000000000000000e+00 4.614645369172910017e-01 4.604396628723881890e-01 7.682187773598962710e-02 0.000000000000000000e+00
0.000000000000000000e+00 0.000000000000000000e+00 0.000000000000000000e+00 0.000000000000000000e+00 4.597286056249034192e-01 0.000000000000000000e+00 0.000000000000000000e+00 0.000000000000000000e+00 4.013928458978430758e-01 4.019418319284177032e-01 0.000000000000000000e+00 0.000000000000000000e+00 4.569318412071021185e-01 4.555797154954415729e-01 7.140563913953676400e-02 0.000000000000000000e+00
0.000000000000000000e+00 0.000000000000000000e+00 0.000000000000000000e+00 0.000000000000000000e+00 4.694309866142294396e-01 0.000000000000000000e+00 0.000000000000000000e+00 0.000000000000000000e+00 4.081236483854320252e-01 4.056380808424468465e-01 0.000000000000000000e+00 0.000000000000000000e+00 4.502307685308442053e-01 4.457470529675722215e-01 6.478096437295355337e-02 0.000000000000000000e+00
0.000000000000000000e+00 0.000000000000000000e+00 0.000000000000000000e+00 0.000000000000000000e+00 4.669877470683643228e-01 0.000000000000000000e+00 0.000000000000000000e+00 0.000000000000000000e+00 4.002641817786317668e-01 3.996038691589993697e-01 0.000000000000000000e+00 0.000000000000000000e+00 4.608965714450835582e-01 4.593663095294948095e-01 7.311925149119077871e-02 0.000000000000000000e+00
0.000000000000000000e+00 0.000000000000000000e+00 0.000000000000000000e+00 0.000000000000000000e+00 4.658645159020793347e-01 0.000000000000000000e+00 0.000000000000000000e+00 0.000000000000000000e+00 4.055086901568508151e-01 4.049840459899964884e-01 0.000000000000000000e+00 0.000000000000000000e+00 4.547991434774463770e-01 4.534490391316661206e-01 7.091814131553832168e-02 0.000000000000000000e+00
0.000000000000000000e+00 0.000000000000000000e+00 0.000000000000000000e+00 0.000000000000000000e+00 4.473986836070082407e-01 0.000000000000000000e+00 0.000000000000000000e+00 0.000000000000000000e+00 3.991967626662294433e-01 3.967450031330390647e-01 0.000000000000000000e+00 0.000000000000000000e+00 4.567081359234764770e-01 4.514678593843088894e-01 7.318419715731942776e-02 0.000000000000000000e+00
0.000000000000000000e+00 0.000000000000000000e+00 0.000000000000000000e+00 0.000000000000000000e+00 4.731163144310619462e-01 0.000000000000000000e+00 0.000000000000000000e+00 0.000000000000000000e+00 3.954697432330772089e-01 3.965780249091589993e-01 0.000000000000000000e+00 0.000000000000000000e+00 4.664402880099847715e-01 4.672393174303858254e-01 7.322401786200968821e-02 0.000000000000000000e+00
0.000000000000000000e+00 0.000000000000000000e+00 0.000000000000000000e+00 0.000000000000000000e+00 4.616496044330411497e-01 0.000000000000000000e+00 0.000000000000000000e+00 0.000000000000000000e+00 4.000582440195785683e-01 4.012688705468987482e-01 0.000000000000000000e+00 0.000000000000000000e+00 4.629359923613883820e-01 4.619617112055213748e-01 7.387528079827845873e-02 0.000000000000000000e+00
0.000000000000000000e+00 0.000000000000000000e+00 0.000000000000000000e+00 0.000000000000000000e+00 4.635702521028847167e-01 0.000000000000000000e+00 0.000000000000000000e+00 0.000000000000000000e+00 4.005281264647292394e-01 4.025168231192645107e-01 0.000000000000000000e+00 0.000000000000000000e+00 4.651315184878056508e-01 4.670587386092757698e-01 7.550875299036158284e-02 0.000000000000000000e+00
0.000000000000000000e+00 0.000000000000000000e+00 0.000000000000000000e+00 0.000000000000000000e+00 4.653977219629940043e-01 0.000000000000000000e+00 0.000000000000000000e+00 0.000000000000000000e+00 3.924060882530973626e-01 3.948345061913454135e-01 0.000000000000000000e+00 0.000000000000000000e+00 4.707851661763317597e-01 4.728369420096648623e-01 7.373770711882482454e-02 0.000000000000000000e+00
0.000000000000000000e+00 0.000000000000000000e+00 0.000000000000000000e+00 0.000000000000000000e+00 4.783770061576998467e-01 0.000000000000000000e+00 0.000000000000000000e+00 0.000000000000000000e+00 4.047684707043658348e-01 4.037633766380325784e-01 0.000000000000000000e+00 0.000000000000000000e+00 4.594766791256780780e-01 4.566617406573384996e-01 7.546111650670245252e-02 0.000000000000000000e+00
0.000000000000000000e+00 0.000000000000000000e+00 0.000000000000000000e+00 0.000000000000000000e+00 4.603006449920807874e-01 0.000000000000000000e+00 0.000000000000000000e+00 0.000000000000000000e+00 3.949914957223525924e-01 3.952040244658550083e-01 0.000000000000000000e+00 0.000000000000000000e+00 4.696681818731259228e-01 4.690792661622474324e-01 7.727820539547482215e-02 0.000000000000000000e+00
0.000000000000000000e+00 0.000000000000000000e+00 0.000000000000000000e+00 0.000000000000000000e+00 4.644075959265163145e-01 0.000000000000000000e+00 0.000000000000000000e+00 0.000000000000000000e+00 4.000540055664043582e-01 3.994992060905114828e-01 0.000000000000000000e+00 0.000000000000000000e+00 4.563799569231368758e-01 4.539110553115150992e-01 6.843032185063131767e-02 0.000000000000000000e+00
0.000000000000000000e+00 0.000000000000000000e+00 0.000000000000000000e+00 0.000000000000000000e+00 4.646285189686231720e-01 0.000000000000000000e+00 0.000000000000000000e+00 0.000000000000000000e+00 3.989911154406098337e-01 4.030279851754114961e-01 0.000000000000000000e+00 0.000000000000000000e+00 4.722976339794527911e-01 4.748303395302514995e-01 7.915295011224209032e-02 0.000000000000000000e+00
0.000000000000000000e+00 0.000000000000000000e+00 0.000000000000000000e+00 0.000000000000000000e+00 4.664871918998458322e-01 0.000000000000000000e+00 0.000000000000000000e+00 0.000000000000000000e+00 4.000513720934726902e-01 3.995976944653007457e-01 0.000000000000000000e+00 0.000000000000000000e+00 4.526983692014629468e-01 4.518058103943453085e-01 6.791940215304083373e-02 0.000000000000000000e+00
0.000000000000000000e+00 0.000000000000000000e+00 0.000000000000000000e+00 0.000000000000000000e+00 4.719630768904878870e-01 0.000000000000000000e+00 0.000000000000000000e+00 0.000000000000000000e+00 3.962675540162148291e-01 3.955012567724067174e-01 0.000000000000000000e+00 0.000000000000000000e+00 4.702602657863408364e-01 4.685111861347418527e-01 7.535935186138234543e-02 0.000000000000000000e+00
0.000000000000000000e+00 0.000000000000000000e+00 0.000000000000000000e+00 0.000000000000000000e+00 4.620521768356325443e-01 0.000000000000000000e+00 0.000000000000000000e+00 0.000000000000000000e+00 3.943338337857286158e-01 4.003185213469271364e-01 0.000000000000000000e+00 0.000000000000000000e+00 4.649349774028871951e-01 4.704994499742269909e-01 7.358305917035229404e-02 0.000000000000000000e+00
0.000000000000000000e+00 0.000000000000000000e+00 0.000000000000000000e+00 0.000000000000000000e+00 4.648724167729522128e-01 0.000000000000000000e+00 0.000000000000000000e+00 0.000000000000000000e+00 4.022045166088114021e-01 3.986450602989760617e-01 0.000000000000000000e+00 0.000000000000000000e+00 4.580486285458083007e-01 4.521700511672825940e-01 6.919369438917595538e-02 0.000000000000000000e+00
0.000000000000000000e+00 0.000000000000000000e+00 0.000000000000000000e+00 0.000000000000000000e+00 4.560885285689010304e-01 0.000000000000000000e+00 0.000000000000000000e+00 0.000000000000000000e+00 4.024788325147455326e-01 4.023594437464535489e-01 0.000000000000000000e+00 0.000000000000000000e+00 4.661078552006829301e-01 4.655462473464493933e-01 7.629622449759738967e-02 0.000000000000000000e+00
0.000000000000000000e+00 0.000000000000000000e+00 0.000000000000000000e+00 0.000000000000000000e+00 4.617065696260613805e-01 0.000000000000000000e+00 0.000000000000000000e+00 0.000000000000000000e+00 3.963006742348546552e-01 3.949075852311770274e-01 0.000000000000000000e+00 0.000000000000000000e+00 4.551230457983049260e-01 4.510687188590641328e-01 7.008882896780503635e-02 0.000000000000000000e+00
0.000000000000000000e+00 0.000000000000000000e+00 0.000000000000000000e+00 0.000000000000000000e+00 4.715850363726953320e-01 0.000000000000000000e+00 0.000000000000000000e+00 0.000000000000000000e+00 4.052526214353955880e-01 4.084285132314722233e-01 0.000000000000000000e+00 0.000000000000000000e+00 4.713461817125226272e-01 4.734484998282882384e-01 8.252549128698839775e-02 0.000000000000000000e+00
0.000000000000000000e+00 0.000000000000000000e+00 0.000000000000000000e+00 0.000000000000000000e+00 4.708683788247193247e-01 0.000000000000000000e+00 0.000000000000000000e+00 0.000000000000000000e+00 3.970717402223329362e-01 3.991344113404117766e-01 0.000000000000000000e+00 0.000000000000000000e+00 4.679906418214166974e-01 4.692865714391923349e-01 7.623317292529918632e-02 0.000000000000000000e+00
0.000000000000000000e+00 0.000000000000000000e+00 0.000000000000000000e+00 0.000000000000000000e+00 4.667453663012071097e-01 0.000000000000000000e+00 0.000000000000000000e+00 0.000000000000000000e+00 3.963971812482211532e-01 3.976922625509128340e-01 0.000000000000000000e+00 0.000000000000000000e+00 4.700791719345033259e-01 4.702795858643946669e-01 7.705757269919613628e-02 0.000000000000000000e+00
0.000000000000000000e+00 0.000000000000000000e+00 0.000000000000000000e+00 0.000000000000000000e+00 4.563159155574796899e-01 0.000000000000000000e+00 0.000000000000000000e+00 0.000000000000000000e+00 3.997885715374327464e-01 4.019188564545671527e-01 0.000000000000000000e+00 0.000000000000000000e+00 4.605281755061451099e-01 4.610276717019006765e-01 7.467168406152641102e-02 0.000000000000000000e+00
0.000000000000000000e+00 0.000000000000000000e+00 0.000000000000000000e+00 0.000000000000000000e+00 4.594997539268539377e-01 0.000000000000000000e+00 0.000000000000000000e+00 0.000000000000000000e+00 4.011968845266322137e-01 3.977904202574377157e-01 0.000000000000000000e+00 0.000000000000000000e+00 4.680404485976686901e-01 4.644116794411226601e-01 7.852307194114027666e-02 0.000000000000000000e+00
0.000000000000000000e+00 0.000000000000000000e+00 0.000000000000000000e+00 0.000000000000000000e+00 4.642298169907344008e-01 0.000000000000000000e+00 0.000000000000000000e+00 0.000000000000000000e+00 3.978097776699059396e-01 3.935028940067442083e-01 0.000000000000000000e+00 0.000000000000000000e+00 4.643453006689798324e-01 4.585281720574952424e-01 7.289091717578279062e-02 0.000000000000000000e+00
0.000000000000000000e+00 0.000000000000000000e+00 0.000000000000000000e+00 0.000000000000000000e+00 4.600769988704059288e-01 0.000000000000000000e+00 0.000000000000000000e+00 0.000000000000000000e+00 4.068003690661672334e-01 4.035646544831343885e-01 0.000000000000000000e+00 0.000000000000000000e+00 4.618037000284765936e-01 4.554395329699206241e-01 7.632193018583524613e-02 0.000000000000000000e+00
0.000000000000000000e+00 0.000000000000000000e+00 0.000000000000000000e+00 0.000000000000000000e+00 4.712161463704480635e-01 0.000000000000000000e+00 0.000000000000000000e+00 0.000000000000000000e+00 3.986520456864185991e-01 3.948147589561271653e-01 0.000000000000000000e+00 0.000000000000000000e+00 4.549578546903966791e-01 4.476987480492548022e-01 6.180419716614357628e-02 0.000000000000000000e+00
0.000000000000000000e+00 0.000000000000000000e+00 0.000000000000000000e+00 0.000000000000000000e+00 4.617184964223916555e-01 0.000000000000000000e+00 0.000000000000000000e+00 0.000000000000000000e+00 4.078849822166628614e-01 4.116778010632320406e-01 0.000000000000000000e+00 0.000000000000000000e+00 4.727740536010058836e-01 4.748803424789780347e-01 8.801348311563567117e-02 0.000000000000000000e+00
0.000000000000000000e+00 0.000000000000000000e+00 0.000000000000000000e+00 0.000000000000000000e+00 4.643935381492885206e-01 0.000000000000000000e+00 0.000000000000000000e+00 0.000000000000000000e+00 3.980166781817694455e-01 4.012581378475774674e-01 0.000000000000000000e+00 0.000000000000000000e+00 4.530219486240031901e-01 4.552367528724322043e-01 6.607722155672439424e-02 0.000000000000000000e+00
0.000000000000000000e+00 0.000000000000000000e+00 0.000000000000000000e+00 0.000000000000000000e+00 4.634227234346445234e-01 0.000000000000000000e+00 0.000000000000000000e+00 0.000000000000000000e+00 4.010429503784117000e-01 4.037229551558537688e-01 0.000000000000000000e+00 0.000000000000000000e+00 4.503385953173335565e-01 4.520983198419074034e-01 6.747508799930052037e-02 0.000000000000000000e+00
0.000000000000000000e+00 0.000000000000000000e+00 0.000000000000000000e+00 0.000000000000000000e+00 4.668646245273972983e-01 0.000000000000000000e+00 0.000000000000000000e+00 0.000000000000000000e+00 4.011629173640612334e-01 4.019041245888048119e-01 0.000000000000000000e+00 0.000000000000000000e+00 4.643499055459824332e-01 4.636621300311639104e-01 7.506670102230864061e-02 0.000000000000000000e+00
0.000000000000000000e+00 0.000000000000000000e+00 0.000000000000000000e+00 0.000000000000000000e+00 4.602983027144657013e-01 0.000000000000000000e+00 0.000000000000000000e+00 0.000000000000000000e+00 3.984662923411266267e-01 3.995242723014268416e-01 0.000000000000000000e+00 0.000000000000000000e+00 4.584370471839862016e-01 4.579328275894793410e-01 7.305574362865834004e-02 0.000000000000000000e+00
0.000000000000000000e+00 0.000000000000000000e+00 0.000000000000000000e+00 0.000000000000000000e+00 4.777505732826600737e-01 0.000000000000000000e+00 0.000000000000000000e+00 0.000000000000000000e+00 4.077691345783586718e-01 4.043950992342776884e-01 0.000000000000000000e+00 0.000000000000000000e+00 4.529499226278950186e-01 4.468950013082787498e-01 7.421395531993214834e-02 0.000000000000000000e+00
0.000000000000000000e+00 0.000000000000000000e+00 0.000000000000000000e+00 0.000000000000000000e+00 4.695144410863084650e-01 0.000000000000000000e+00 0.000000000000000000e+00 0.000000000000000000e+00 3.988337868538524011e-01 3.955033001725047348e-01 0.000000000000000000e+00 0.000000000000000000e+00 4.610612871137649837e-01 4.547825829565082523e-01 7.067960292243063991e-02 0.000000000000000000e+00
0.000000000000000000e+00 0.000000000000000000e+00 0.000000000000000000e+00 0.000000000000000000e+00 4.664755027564754797e-01 0.000000000000000000e+00 0.000000000000000000e+00 0.000000000000000000e+00 4.018685351624088908e-01 4.046414149914546177e-01 0.000000000000000000e+00 0.000000000000000000e+00 4.645474422501961187e-01 4.666730258649336993e-01 7.875744556747869829e-02 0.000000000000000000e+00
0.000000000000000000e+00 0.000000000000000000e+00 0.000000000000000000e+00 0.000000000000000000e+00 4.660853033473081330e-01 0.000000000000000000e+00 0.000000000000000000e+00 0.000000000000000000e+00 3.927098437468963255e-01 3.970849177106552941e-01 0.000000000000000000e+00 0.000000000000000000e+00 4.558882060545137449e-01 4.588550008445165806e-01 6.578532874949492848e-02 0.000000000000000000e+00
0.000000000000000000e+00 0.000000000000000000e+00 0.000000000000000000e+00 0.000000000000000000e+00 4.525606237199655824e-01 0.000000000000000000e+00 0.000000000000000000e+00 0.000000000000000000e+00 4.019589289978917068e-01 4.081740759030707544e-01 0.000000000000000000e+00 0.000000000000000000e+00 4.692332932247078037e-01 4.736510636571422128e-01 7.996116468741222560e-02 0.000000000000000000e+00
0.000000000000000000e+00 0.000000000000000000e+00 0.000000000000000000e+00 0.000000000000000000e+00 4.606074885553063103e-01 0.000000000000000000e+00 0.000000000000000000e+00 0.000000000000000000e+00 4.004707014026112066e-01 4.008883834004366431e-01 0.000000000000000000e+00 0.000000000000000000e+00 4.636865674297476203e-01 4.646796029686474649e-01 7.577745540424647708e-02 0.000000000000000000e+00
0.000000000000000000e+00 0.000000000000000000e+00 0.000000000000000000e+00 0.000000000000000000e+00 4.676165992658880000e-01 0.000000000000000000e+00 0.000000000000000000e+00 0.000000000000000000e+00 4.025019969360255079e-01 4.001720171535630977e-01 0.000000000000000000e+00 0.000000000000000000e+00 4.684829376487938402e-01 4.647427553053747329e-01 7.774766540490621325e-02 0.000000000000000000e+00
0.000000000000000000e+00 0.000000000000000000e+00 0.000000000000000000e+00 0.000000000000000000e+00 4.650606226612585270e-01 0.000000000000000000e+00 0.000000000000000000e+00 0.000000000000000000e+00 3.978143455746386281e-01 3.954930777586167512e-01 0.000000000000000000e+00 0.000000000000000000e+00 4.572689655624002092e-01 4.529321843371818535e-01 6.599079484304523624e-02 0.000000000000000000e+00
0.000000000000000000e+00 0.000000000000000000e+00 0.000000000000000000e+00 0.000000000000000000e+00 4.709872900589158196e-01 0.000000000000000000e+00 0.000000000000000000e+00 0.000000000000000000e+00 4.022547113026462284e-01 4.015441227978529537e-01 0.000000000000000000e+00 0.000000000000000000e+00 4.565171246281369832e-01 4.542576342440362569e-01 6.078239447916326116e-02 0.000000000000000000e+00
0.000000000000000000e+00 0.000000000000000000e+00 0.000000000000000000e+00 0.000000000000000000e+00 4.620925655494250717e-01 0.000000000000000000e+00 0.000000000000000000e+00 0.000000000000000000e+00 4.007881589768876873e-01 4.003610847024848818e-01 0.000000000000000000e+00 0.000000000000000000e+00 4.540804535013450716e-01 4.528886419070279334e-01 6.804105261536040616e-02 0.000000000000000000e+00
0.000000000000000000e+00 0.000000000000000000e+00 0.000000000000000000e+00 0.000000000000000000e+00 4.661554639439013936e-01 0.000000000000000000e+00 0.000000000000000000e+00 0.000000000000000000e+00 4.021358933450386308e-01 4.035356385307942717e-01 0.000000000000000000e+00 0.000000000000000000e+00 4.623432573203872797e-01 4.621184286077694714e-01 8.036436842764718702e-02 0.000000000000000000e+00
0.000000000000000000e+00 0.000000000000000000e+00 0.000000000000000000e+00 0.000000000000000000e+00 4.682775851047337179e-01 0.000000000000000000e+00 0.000000000000000000e+00 0.000000000000000000e+00 4.018233404467967951e-01 4.017784432506452119e-01 0.000000000000000000e+00 0.000000000000000000e+00 4.640126356820749032e-01 4.633153054916187008e-01 7.427998318132891797e-02 0.000000000000000000e+00
0.000000000000000000e+00 0.000000000000000000e+00 0.000000000000000000e+00 0.000000000000000000e+00 4.669018393038633086e-01 0.000000000000000000e+00 0.000000000000000000e+00 0.000000000000000000e+00 4.079908518048259713e-01 4.076217029087305654e-01 0.000000000000000000e+00 0.000000000000000000e+00 4.665472257792285249e-01 4.637995577616110254e-01 7.850671739577971819e-02 0.000000000000000000e+00
0.000000000000000000e+00 0.000000000000000000e+00 0.000000000000000000e+00 0.000000000000000000e+00 4.651610735870962410e-01 0.000000000000000000e+00 0.000000000000000000e+00 0.000000000000000000e+00 3.999228385770045580e-01 3.998669850343999355e-01 0.000000000000000000e+00 0.000000000000000000e+00 4.720459237002498365e-01 4.697677457767545639e-01 8.272810034948868685e-02 0.000000000000000000e+00
0.000000000000000000e+00 0.000000000000000000e+00 0.000000000000000000e+00 0.000000000000000000e+00 4.749507104593128082e-01 0.000000000000000000e+00 0.000000000000000000e+00 0.000000000000000000e+00 3.989717263006810066e-01 3.996043298919527142e-01 0.000000000000000000e+00 0.000000000000000000e+00 4.661542142793113075e-01 4.667174646790278603e-01 7.171263724706666842e-02 0.000000000000000000e+00
0.000000000000000000e+00 0.000000000000000000e+00 0.000000000000000000e+00 0.000000000000000000e+00 4.678228304966685069e-01 0.000000000000000000e+00 0.000000000000000000e+00 0.000000000000000000e+00 4.018315900488966808e-01 4.002719251331051664e-01 0.000000000000000000e+00 0.000000000000000000e+00 4.588019264279310505e-01 4.547048617739626319e-01 6.927213523155854868e-02 0.000000000000000000e+00
0.000000000000000000e+00 0.000000000000000000e+00 0.000000000000000000e+00 0.000000000000000000e+00 4.692780743290870249e-01 0.000000000000000000e+00 0.000000000000000000e+00 0.000000000000000000e+00 4.064968537719291231e-01 4.042468477707127916e-01 0.000000000000000000e+00 0.000000000000000000e+00 4.652986788392416417e-01 4.618122785269179742e-01 7.568654646201211644e-02 0.000000000000000000e+00
0.000000000000000000e+00 0.000000000000000000e+00 0.000000000000000000e+00 0.000000000000000000e+00 4.705536016877828742e-01 0.000000000000000000e+00 0.000000000000000000e+00 0.000000000000000000e+00 3.990278248511536230e-01 3.965118684808299765e-01 0.000000000000000000e+00 0.000000000000000000e+00 4.606231691546161522e-01 4.559244708746629238e-01 7.204594193300256633e-02 0.000000000000000000e+00
0.000000000000000000e+00 0.000000000000000000e+00 0.000000000000000000e+00 0.000000000000000000e+00 4.770409583369514261e-01 0.000000000000000000e+00 0.000000000000000000e+00 0.000000000000000000e+00 4.006766657906347673e-01 3.966235552748724191e-01 0.000000000000000000e+00 0.000000000000000000e+00 4.646705850462405363e-01 4.576761358882032726e-01 7.040794219123806819e-02 0.000000000000000000e+00
0.000000000000000000e+00 0.000000000000000000e+00 0.000000000000000000e+00 0.000000000000000000e+00 4.757461161167542696e-01 0.000000000000000000e+00 0.000000000000000000e+00 0.000000000000000000e+00 4.003758964982820356e-01 4.045202666960120430e-01 0.000000000000000000e+00 0.000000000000000000e+00 4.655120910296134396e-01 4.681871994690052774e-01 8.203091736136275403e-02 0.000000000000000000e+00
0.000000000000000000e+00 0.000000000000000000e+00 0.000000000000000000e+00 0.000000000000000000e+00 4.529976065744386049e-01 0.000000000000000000e+00 0.000000000000000000e+00 0.000000000000000000e+00 3.985591222549397239e-01 3.959035808894342257e-01 0.000000000000000000e+00 0.000000000000000000e+00 4.549954762334835756e-01 4.503794885724287655e-01 6.587893469199887497e-02 0.000000000000000000e+00
0.000000000000000000e+00 0.000000000000000000e+00 0.000000000000000000e+00 0.000000000000000000e+00 4.679435717482809398e-01 0.000000000000000000e+00 0.000000000000000000e+00 0.000000000000000000e+00 4.036068884477257979e-01 4.003914465123616373e-01 0.000000000000000000e+00 0.000000000000000000e+00 4.756154423489853955e-01 4.700084640146435788e-01 7.328657460188471584e-02 0.000000000000000000e+00
0.000000000000000000e+00 0.000000000000000000e+00 0.000000000000000000e+00 0.000000000000000000e+00 4.560952978606808150e-01 0.000000000000000000e+00 0.000000000000000000e+00 0.000000000000000000e+00 3.930264429627871592e-01 3.923465253689404353e-01 0.000000000000000000e+00 0.000000000000000000e+00 4.633189652343877030e-01 4.609005790322022178e-01 7.097716235669948581e-02 0.000000000000000000e+00
0.000000000000000000e+00 0.000000000000000000e+00 0.000000000000000000e+00 0.000000000000000000e+00 4.698314272628668076e-01 0.000000000000000000e+00 0.000000000000000000e+00 0.000000000000000000e+00 3.972148866697496339e-01 3.974433856960664646e-01 0.000000000000000000e+00 0.000000000000000000e+00 4.656925047706442777e-01 4.651082633796754795e-01 7.122790255682988347e-02 0.000000000000000000e+00
0.000000000000000000e+00 0.000000000000000000e+00 0.000000000000000000e+00 0.000000000000000000e+00 4.585455768429884671e-01 0.000000000000000000e+00 0.000000000000000000e+00 0.000000000000000000e+00 4.067830475382214206e-01 4.076235775076272327e-01 0.000000000000000000e+00 0.000000000000000000e+00 4.461018530174250540e-01 4.447772516045465085e-01 6.632842029002330997e-02 0.000000000000000000e+00
0.000000000000000000e+00 0.000000000000000000e+00 0.000000000000000000e+00 0.000000000000000000e+00 4.735007505033212993e-01 0.000000000000000000e+00 0.000000000000000000e+00 0.000000000000000000e+00 4.035330460689015575e-01 4.048346042154213897e-01 0.000000000000000000e+00 0.000000000000000000e+00 4.532721259536057756e-01 4.527192527039252123e-01 6.875387672777598380e-02 0.000000000000000000e+00
0.000000000000000000e+00 0.000000000000000000e+00 0.000000000000000000e+00 0.000000000000000000e+00 4.687025539529781626e-01 0.000000000000000000e+00 0.000000000000000000e+00 0.000000000000000000e+00 4.066052380502747088e-01 4.026722987368022699e-01 0.000000000000000000e+00 0.000000000000000000e+00 4.641035062340890249e-01 4.585222071062455829e-01 7.597994711468378237e-02 0.000000000000000000e+00
0.000000000000000000e+00 0.000000000000000000e+00 0.000000000000000000e+00 0.000000000000000000e+00 4.586647562393720290e-01 0.000000000000000000e+00 0.000000000000000000e+00 0.000000000000000000e+00 4.017970002534570484e-01 3.949567373962485362e-01 0.000000000000000000e+00 0.000000000000000000e+00 4.611837642844535678e-01 4.530411457016013110e-01 6.264288481719437751e-02 0.000000000000000000e+00
0.000000000000000000e+00 0.000000000000000000e+00 0.000000000000000000e+00 0.000000000000000000e+00 4.691122882737797095e-01 0.000000000000000000e+00 0.000000000000000000e+00 0.000000000000000000e+00 3.956784556767209970e-01 3.937808941070431445e-01 0.000000000000000000e+00 0.000000000000000000e+00 4.656136915190484116e-01 4.592083315152272749e-01 7.541429282030205627e-02 0.000000000000000000e+00
0.000000000000000000e+00 0.000000000000000000e+00 0.000000000000000000e+00 0.000000000000000000e+00 4.664714759972435343e-01 0.000000000000000000e+00 0.000000000000000000e+00 0.000000000000000000e+00 3.991533280909401737e-01 4.020044498424282242e-01 0.000000000000000000e+00 0.000000000000000000e+00 4.577194319141905665e-01 4.600881366971970587e-01 6.912937043133182691e-02 0.000000000000000000e+00
0.000000000000000000e+00 0.000000000000000000e+00 0.000000000000000000e+00 0.000000000000000000e+00 4.670137103916397470e-01 0.000000000000000000e+00 0.000000000000000000e+00 0.000000000000000000e+00 4.087323190758895830e-01 4.093601433986021609e-01 0.000000000000000000e+00 0.000000000000000000e+00 4.624825596782928816e-01 4.619223674333492458e-01 7.427204416677779530e-02 0.000000000000000000e+00
0.000000000000000000e+00 0.000000000000000000e+00 0.000000000000000000e+00 0.000000000000000000e+00 4.638290540001799855e-01 0.000000000000000000e+00 0.000000000000000000e+00 0.000000000000000000e+00 3.980649447065037205e-01 3.956883831371768578e-01 0.000000000000000000e+00 0.000000000000000000e+00 4.635146222391826609e-01 4.570535527249677266e-01 7.334199156852150292e-02 0.000000000000000000e+00
0.000000000000000000e+00 0.000000000000000000e+00 0.000000000000000000e+00 0.000000000000000000e+00 4.636823184964999900e-01 0.000000000000000000e+00 0.000000000000000000e+00 0.000000000000000000e+00 4.032805455047694387e-01 4.028651726874389882e-01 0.000000000000000000e+00 0.000000000000000000e+00 4.595787859829381650e-01 4.572811100112174620e-01 7.673350762140412895e-02 0.000000000000000000e+00
0.000000000000000000e+00 0.000000000000000000e+00 0.000000000000000000e+00 0.000000000000000000e+00 4.740727292939463933e-01 0.000000000000000000e+00 0.000000000000000000e+00 0.000000000000000000e+00 3.998285205340529336e-01 4.036393510354772673e-01 0.000000000000000000e+00 0.000000000000000000e+00 4.719588445003337074e-01 4.753188028454924385e-01 7.211190477175817570e-02 0.000000000000000000e+00
0.000000000000000000e+00 0.000000000000000000e+00 0.000000000000000000e+00 0.000000000000000000e+00 4.556853100899825870e-01 0.000000000000000000e+00 0.000000000000000000e+00 0.000000000000000000e+00 4.035383056600547746e-01 4.078558617565256061e-01 0.000000000000000000e+00 0.000000000000000000e+00 4.504680363186491787e-01 4.547458545614028735e-01 7.103686970240165321e-02 0.000000000000000000e+00
0.000000000000000000e+00 0.000000000000000000e+00 0.000000000000000000e+00 0.000000000000000000e+00 4.605808060692910821e-01 0.000000000000000000e+00 0.000000000000000000e+00 0.000000000000000000e+00 4.077304063772200227e-01 4.055891307811172464e-01 0.000000000000000000e+00 0.000000000000000000e+00 4.443396303198388075e-01 4.399832008586064824e-01 7.636966440877500373e-02 0.000000000000000000e+00
0.000000000000000000e+00 0.000000000000000000e+00 0.000000000000000000e+00 0.000000000000000000e+00 4.662842565008945561e-01 0.000000000000000000e+00 0.000000000000000000e+00 0.000000000000000000e+00 3.947295784486538617e-01 3.949422496717087117e-01 0.000000000000000000e+00 0.000000000000000000e+00 4.491015003531872996e-01 4.488864325345898187e-01 6.230038530380089395e-02 0.000000000000000000e+00
0.000000000000000000e+00 0.000000000000000000e+00 0.000000000000000000e+00 0.000000000000000000e+00 4.562394671358650511e-01 0.000000000000000000e+00 0.000000000000000000e+00 0.000000000000000000e+00 4.076039836746441214e-01 4.051228421149443149e-01 0.000000000000000000e+00 0.000000000000000000e+00 4.632888448682183635e-01 4.598692291815412170e-01 8.010962186002643093e-02 0.000000000000000000e+00
0.000000000000000000e+00 0.000000000000000000e+00 0.000000000000000000e+00 0.000000000000000000e+00 4.676315188597893746e-01 0.000000000000000000e+00 0.000000000000000000e+00 0.000000000000000000e+00 3.968595486042070242e-01 3.912127118592749753e-01 0.000000000000000000e+00 0.000000000000000000e+00 4.571047123633708575e-01 4.491707830726141548e-01 6.922375163597825620e-02 0.000000000000000000e+00
0.000000000000000000e+00 0.000000000000000000e+00 0.000000000000000000e+00 0.000000000000000000e+00 4.633910611782996458e-01 0.000000000000000000e+00 0.000000000000000000e+00 0.000000000000000000e+00 3.923458790816147235e-01 3.905154761858674606e-01 0.000000000000000000e+00 0.000000000000000000e+00 4.701510218178125977e-01 4.671549740845782339e-01 7.063027355187528888e-02 0.000000000000000000e+00
0.000000000000000000e+00 0.000000000000000000e+00 0.000000000000000000e+00 0.000000000000000000e+00 4.700766605391858977e-01 0.000000000000000000e+00 0.000000000000000000e+00 0.000000000000000000e+00 3.995218220851064483e-01 4.015212685143591531e-01 0.000000000000000000e+00 0.000000000000000000e+00 4.611908719139637958e-01 4.609930783177729752e-01 6.918258171267649415e-02 0.000000000000000000e+00
0.000000000000000000e+00 0.000000000000000000e+00 0.000000000000000000e+00 0.000000000000000000e+00 4.617600281229053971e-01 0.000000000000000000e+00 0.000000000000000000e+00 0.000000000000000000e+00 4.075795450184157565e-01 4.057990241125392084e-01 0.000000000000000000e+00 0.000000000000000000e+00 4.660659658007295092e-01 4.626618148407194431e-01 7.974322864343136308e-02 0.000000000000000000e+00
0.000000000000000000e+00 0.000000000000000000e+00 0.000000000000000000e+00 0.000000000000000000e+00 4.716179617452687101e-01 0.000000000000000000e+00 0.000000000000000000e+00 0.000000000000000000e+00 4.031149971386356889e-01 3.983408950391845726e-01 0.000000000000000000e+00 0.000000000000000000e+00 4.692319394577094682e-01 4.625753037332994144e-01 7.533769033175648222e-02 0.000000000000000000e+00
0.000000000000000000e+00 0.000000000000000000e+00 0.000000000000000000e+00 0.000000000000000000e+00 4.694996381185653211e-01 0.000000000000000000e+00 0.000000000000000000e+00 0.000000000000000000e+00 4.094602487504652721e-01 4.130256688720565506e-01 0.000000000000000000e+00 0.000000000000000000e+00 4.634488959584275869e-01 4.645624451138792854e-01 8.226102648364469472e-02 0.000000000000000000e+00
0.000000000000000000e+00 0.000000000000000000e+00 0.000000000000000000e+00 0.000000000000000000e+00 4.669702440828438217e-01 0.000000000000000000e+00 0.000000000000000000e+00 0.000000000000000000e+00 3.933130792749172100e-01 3.944387116120741110e-01 0.000000000000000000e+00 0.000000000000000000e+00 4.525252159486062298e-01 4.529132182374827065e-01 6.301809353348600262e-02 0.000000000000000000e+00
0.000000000000000000e+00 0.000000000000000000e+00 0.000000000000000000e+00 0.000000000000000000e+00 4.701364874421051221e-01 0.000000000000000000e+00 0.000000000000000000e+00 0.000000000000000000e+00 4.045107221336520231e-01 4.054286247363033113e-01 0.000000000000000000e+00 0.000000000000000000e+00 4.588310916541490925e-01 4.565819182307133683e-01 7.584212816446385397e-02 0.000000000000000000e+00
0.000000000000000000e+00 0.000000000000000000e+00 0.000000000000000000e+00 0.000000000000000000e+00 4.541918810255255456e-01 0.000000000000000000e+00 0.000000000000000000e+00 0.000000000000000000e+00 4.016203023746544587e-01 3.978731604142525802e-01 0.000000000000000000e+00 0.000000000000000000e+00 4.534206414899666915e-01 4.488009862201171041e-01 7.015065451149703202e-02 0.000000000000000000e+00
0.000000000000000000e+00 0.000000000000000000e+00 0.000000000000000000e+00 0.000000000000000000e+00 4.619110403549728239e-01 0.000000000000000000e+00 0.000000000000000000e+00 0.000000000000000000e+00 4.002631012094197138e-01 4.036817319714359198e-01 0.000000000000000000e+00 0.000000000000000000e+00 4.565185813132293102e-01 4.585820300367022817e-01 6.769514384832080178e-02 0.000000000000000000e+00
0.000000000000000000e+00 0.000000000000000000e+00 0.000000000000000000e+00 0.000000000000000000e+00 4.701006016455072101e-01 0.000000000000000000e+00 0.000000000000000000e+00 0.000000000000000000e+00 4.053137185069292103e-01 4.044675224025567895e-01 0.000000000000000000e+00 0.000000000000000000e+00 4.650597305660205127e-01 4.633366821260204715e-01 7.619120708250604057e-02 0.000000000000000000e+00
0.000000000000000000e+00 0.000000000000000000e+00 0.000000000000000000e+00 0.000000000000000000e+00 4.688543876015763279e-01 0.000000000000000000e+00 0.000000000000000000e+00 0.000000000000000000e+00 3.974019886849224914e-01 3.948785258709000545e-01 0.000000000000000000e+00 0.000000000000000000e+00 4.541478841395110710e-01 4.492521441485052835e-01 6.833403976881910480e-02 0.000000000000000000e+00
0.000000000000000000e+00 0.000000000000000000e+00 0.000000000000000000e+00 0.000000000000000000e+00 4.772786202510889142e-01 0.000000000000000000e+00 0.000000000000000000e+00 0.000000000000000000e+00 4.007066144212415026e-01 3.967984913246652701e-01 0.000000000000000000e+00 0.000000000000000000e+00 4.688401065842244253e-01 4.627633778239716444e-01 7.446825989657751554e-02 0.000000000000000000e+00
0.000000000000000000e+00 0.000000000000000000e+00 0.000000000000000000e+00 0.000000000000000000e+00 4.634263965879195091e-01 0.000000000000000000e+00 0.000000000000000000e+00 0.000000000000000000e+00 4.020319715784873571e-01 3.992917520709920454e-01 0.000000000000000000e+00 0.000000000000000000e+00 4.625092554131524092e-01 4.577936168767123837e-01 7.356973573269620648e-02 0.000000000000000000e+00
0.000000000000000000e+00 0.000000000000000000e+00 0.000000000000000000e+00 0.000000000000000000e+00 4.737786460944264366e-01 0.000000000000000000e+00 0.000000000000000000e+00 0.000000000000000000e+00 4.063056555597098218e-01 4.074252728155661196e-01 0.000000000000000000e+00 0.000000000000000000e+00 4.675066692788524825e-01 4.671759045976131564e-01 8.419294454498921221e-02 0.000000000000000000e+00
0.000000000000000000e+00 0.000000000000000000e+00 0.000000000000000000e+00 0.000000000000000000e+00 4.684058134059180256e-01 0.000000000000000000e+00 0.000000000000000000e+00 0.000000000000000000e+00 3.973686721975668301e-01 3.934579682685924173e-01 0.000000000000000000e+00 0.000000000000000000e+00 4.573979823235383435e-01 4.513432777001752938e-01 6.389576214461274717e-02 0.000000000000000000e+00
