# 'name' : 'rogers_a02_b00_d00_g06'
# 'source' : 'rogers_a02_b00_d00_g06.yaml'
# 'sample_pops' : ['X', 'D', 'Y', 'N']
# 'sample_size' : 1
# 'n_reps' : 100
# 'n_windows' : 200
# 'seq_length' : 100000000.0
# 'window_length' : 500000.0
# 'recomb_rate' : 1e-08
# 'mut_rate' : 1e-08
# 'created' : None
0.000000000000000000e+00 0.000000000000000000e+00 0.000000000000000000e+00 0.000000000000000000e+00 4.744127514155122884e-04 0.000000000000000000e+00 0.000000000000000000e+00 0.000000000000000000e+00 1.271873900898574461e-03 1.259494377762738516e-03 0.000000000000000000e+00 0.000000000000000000e+00 1.254941472782480569e-03 1.235960616294799188e-03 9.669958421525372749e-04 0.000000000000000000e+00
0.000000000000000000e+00 0.000000000000000000e+00 0.000000000000000000e+00 0.000000000000000000e+00 4.789591665763496577e-04 0.000000000000000000e+00 0.000000000000000000e+00 0.000000000000000000e+00 1.272572144259962726e-03 1.258646917762427670e-03 0.000000000000000000e+00 0.000000000000000000e+00 1.252908208510657368e-03 1.235502546640829041e-03 9.664824183736055695e-04 0.000000000000000000e+00
0.000000000000000000e+00 0.000000000000000000e+00 0.000000000000000000e+00 0.000000000000000000e+00 4.579207992421170485e-04 0.000000000000000000e+00 0.000000000000000000e+00 0.000000000000000000e+00 1.273814602387184688e-03 1.263594376629316755e-03 0.000000000000000000e+00 0.000000000000000000e+00 1.257482617148596203e-03 1.240643161910522357e-03 9.708233215598011372e-04 0.000000000000000000e+00
0.000000000000000000e+00 0.000000000000000000e+00 0.000000000000000000e+00 0.000000000000000000e+00 4.713947266382572483e-04 0.000000000000000000e+00 0.000000000000000000e+00 0.000000000000000000e+00 1.280845437410179331e-03 1.270315860333688131e-03 0.000000000000000000e+00 0.000000000000000000e+00 1.261491975754162149e-03 1.244749834894674084e-03 9.659775389108328676e-04 0.000000000000000000e+00
0.000000000000000000e+00 0.000000000000000000e+00 0.000000000000000000e+00 0.000000000000000000e+00 4.692431951740803409e-04 0.000000000000000000e+00 0.000000000000000000e+00 0.000000000000000000e+00 1.274811806554751632e-03 1.263528718125153617e-03 0.000000000000000000e+00 0.000000000000000000e+00 1.260333601555144655e-03 1.243129550731439338e-03 9.638519711897455388e-04 0.000000000000000000e+00
0.000000000000000000e+00 0.000000000000000000e+00 0.000000000000000000e+00 0.000000000000000000e+00 4.767090649177759812e-04 0.000000000000000000e+00 0.000000000000000000e+00 0.000000000000000000e+00 1.282225124514185322e-03 1.265081848902180686e-03 0.000000000000000000e+00 0.000000000000000000e+00 1.261650262581458758e-03 1.239485610508270696e-03 9.645708230413087064e-04 0.000000000000000000e+00
0.000000000000000000e+00 0.000000000000000000e+00 0.000000000000000000e+00 0.000000000000000000e+00 4.738296417005201334e-04 0.000000000000000000e+00 0.000000000000000000e+00 0.000000000000000000e+00 1.285080911150892008e-03 1.270932909038085916e-03 0.000000000000000000e+00 0.000000000000000000e+00 1.263553491389435811e-03 1.244241399184750456e-03 9.743483182723455338e-04 0.000000000000000000e+00
0.000000000000000000e+00 0.000000000000000000e+00 0.000000000000000000e+00 0.000000000000000000e+00 4.698951325247247143e-04 0.000000000000000000e+00 0.000000000000000000e+00 0.000000000000000000e+00 1.284194408920703075e-03 1.269088068199925772e-03 0.000000000000000000e+00 0.000000000000000000e+00 1.267085936333925585e-03 1.246225351537778598e-03 9.810637792410392168e-04 0.000000000000000000e+00
0.000000000000000000e+00 0.000000000000000000e+00 0.000000000000000000e+00 0.000000000000000000e+00 4.631240616033695744e-04 0.000000000000000000e+00 0.000000000000000000e+00 0.000000000000000000e+00 1.270259065746314571e-03 1.262879327973475590e-03 0.000000000000000000e+00 0.000000000000000000e+00 1.251696081098051727e-03 1.236968323587832276e-03 9.724067558691907925e-04 0.000000000000000000e+00
0.000000000000000000e+00 0.000000000000000000e+00 0.000000000000000000e+00 0.000000000000000000e+00 4.777860607086995785e-04 0.000000000000000000e+00 0.000000000000000000e+00 0.000000000000000000e+00 1.279558191060117898e-03 1.264677492445360823e-03 0.000000000000000000e+00 0.000000000000000000e+00 1.257123528165585884e-03 1.237846498359687630e-03 9.674787289743844599e-04 0.000000000000000000e+00
0.000000000000000000e+00 0.000000000000000000e+00 0.000000000000000000e+00 0.000000000000000000e+00 4.661155725309339224e-04 0.000000000000000000e+00 0.000000000000000000e+00 0.000000000000000000e+00 1.274689808704539606e-03 1.264873823580049336e-03 0.000000000000000000e+00 0.000000000000000000e+00 1.269214904681480183e-03 1.253743477140198317e-03 9.649332996367650109e-04 0.000000000000000000e+00
0.000000000000000000e+00 0.000000000000000000e+00 0.000000000000000000e+00 0.000000000000000000e+00 4.652756381188381720e-04 0.000000000000000000e+00 0.000000000000000000e+00 0.000000000000000000e+00 1.276947066605617137e-03 1.263950576143948968e-03 0.000000000000000000e+00 0.000000000000000000e+00 1.256139407127123330e-03 1.237133160296284996e-03 9.561268050036239412e-04 0.000000000000000000e+00
0.000000000000000000e+00 0.000000000000000000e+00 0.000000000000000000e+00 0.000000000000000000e+00 4.672873867216229731e-04 0.000000000000000000e+00 0.000000000000000000e+00 0.000000000000000000e+00 1.284349196264416779e-03 1.273425322545198570e-03 0.000000000000000000e+00 0.000000000000000000e+00 1.272261838529664115e-03 1.252825529134728166e-03 9.656033993156504149e-04 0.000000000000000000e+00
0.000000000000000000e+00 0.000000000000000000e+00 0.000000000000000000e+00 0.000000000000000000e+00 4.799253208453660327e-04 0.000000000000000000e+00 0.000000000000000000e+00 0.000000000000000000e+00 1.279635737191318077e-03 1.265554596589270071e-03 0.000000000000000000e+00 0.000000000000000000e+00 1.268391774117721103e-03 1.249215183827079778e-03 9.736123496772220755e-04 0.000000000000000000e+00
0.000000000000000000e+00 0.000000000000000000e+00 0.000000000000000000e+00 0.000000000000000000e+00 4.648500277944204073e-04 0.000000000000000000e+00 0.000000000000000000e+00 0.000000000000000000e+00 1.280247313226407250e-03 1.270406167230931976e-03 0.000000000000000000e+00 0.000000000000000000e+00 1.268962582631581433e-03 1.252641276592142720e-03 9.713505544062316999e-04 0.000000000000000000e+00
0.000000000000000000e+00 0.000000000000000000e+00 0.000000000000000000e+00 0.000000000000000000e+00 4.744620250605471011e-04 0.000000000000000000e+00 0.000000000000000000e+00 0.000000000000000000e+00 1.283594813913674403e-03 1.267428902219545949e-03 0.000000000000000000e+00 0.000000000000000000e+00 1.267215759509832335e-03 1.245247924682594707e-03 9.629274596559310798e-04 0.000000000000000000e+00
0.000000000000000000e+00 0.000000000000000000e+00 0.000000000000000000e+00 0.000000000000000000e+00 4.611864230385506270e-04 0.000000000000000000e+00 0.000000000000000000e+00 0.000000000000000000e+00 1.278581464696941722e-03 1.266591091954238999e-03 0.000000000000000000e+00 0.000000000000000000e+00 1.259491879688242342e-03 1.243681831127068597e-03 9.700313932810781647e-04 0.000000000000000000e+00
0.000000000000000000e+00 0.000000000000000000e+00 0.000000000000000000e+00 0.000000000000000000e+00 4.625132971238835023e-04 0.000000000000000000e+00 0.000000000000000000e+00 0.000000000000000000e+00 1.275705124797630804e-03 1.264522520498094407e-03 0.000000000000000000e+00 0.000000000000000000e+00 1.255978171952211626e-03 1.240900709640250284e-03 9.652878421874301488e-04 0.000000000000000000e+00
0.000000000000000000e+00 0.000000000000000000e+00 0.000000000000000000e+00 0.000000000000000000e+00 4.642675376267342341e-04 0.000000000000000000e+00 0.000000000000000000e+00 0.000000000000000000e+00 1.272142391146486272e-03 1.261884211703133115e-03 0.000000000000000000e+00 0.000000000000000000e+00 1.250154906728902964e-03 1.231811935657083686e-03 9.644414587673163630e-04 0.000000000000000000e+00
0.000000000000000000e+00 0.000000000000000000e+00 0.000000000000000000e+00 0.000000000000000000e+00 4.733343431969520908e-04 0.000000000000000000e+00 0.000000000000000000e+00 0.000000000000000000e+00 1.285651431003362408e-03 1.270461317913322476e-03 0.000000000000000000e+00 0.000000000000000000e+00 1.271333639166741161e-03 1.252799328525910439e-03 9.757179967608553550e-04 0.000000000000000000e+00
0.000000000000000000e+00 0.000000000000000000e+00 0.000000000000000000e+00 0.000000000000000000e+00 4.713492220542449761e-04 0.000000000000000000e+00 0.000000000000000000e+00 0.000000000000000000e+00 1.282329153385561651e-03 1.270216492325115581e-03 0.000000000000000000e+00 0.000000000000000000e+00 1.265514608171789974e-03 1.246531743351635829e-03 9.664848985418699086e-04 0.000000000000000000e+00
0.000000000000000000e+00 0.000000000000000000e+00 0.000000000000000000e+00 0.000000000000000000e+00 4.749606870521112952e-04 0.000000000000000000e+00 0.000000000000000000e+00 0.000000000000000000e+00 1.283343267970876982e-03 1.269827911562584595e-03 0.000000000000000000e+00 0.000000000000000000e+00 1.267300594755253794e-03 1.250558086159742023e-03 9.649020209288424388e-04 0.000000000000000000e+00
0.000000000000000000e+00 0.000000000000000000e+00 0.000000000000000000e+00 0.000000000000000000e+00 4.661617219067907322e-04 0.000000000000000000e+00 0.000000000000000000e+00 0.000000000000000000e+00 1.277788013547612438e-03 1.266280730052950221e-03 0.000000000000000000e+00 0.000000000000000000e+00 1.262214546287521947e-03 1.246108025847349979e-03 9.647530585212204732e-04 0.000000000000000000e+00
0.000000000000000000e+00 0.000000000000000000e+00 0.000000000000000000e+00 0.000000000000000000e+00 4.818644490018798182e-04 0.000000000000000000e+00 0.000000000000000000e+00 0.000000000000000000e+00 1.276322822755646905e-03 1.260730820080134497e-03 0.000000000000000000e+00 0.000000000000000000e+00 1.257449628603902114e-03 1.237334288739895365e-03 9.672672080890721853e-04 0.000000000000000000e+00
0.000000000000000000e+00 0.000000000000000000e+00 0.000000000000000000e+00 0.000000000000000000e+00 4.725978848436006817e-04 0.000000000000000000e+00 0.000000000000000000e+00 0.000000000000000000e+00 1.272074775033127944e-03 1.261353686317936507e-03 0.000000000000000000e+00 0.000000000000000000e+00 1.257563583870885404e-03 1.241989746566767158e-03 9.636484989969393636e-04 0.000000000000000000e+00
0.000000000000000000e+00 0.000000000000000000e+00 0.000000000000000000e+00 0.000000000000000000e+00 4.725043756447809616e-04 0.000000000000000000e+00 0.000000000000000000e+00 0.000000000000000000e+00 1.280638557245079249e-03 1.266705911638766344e-03 0.000000000000000000e+00 0.000000000000000000e+00 1.266204982656425788e-03 1.247325533051423614e-03 9.660026533344094526e-04 0.000000000000000000e+00
0.000000000000000000e+00 0.000000000000000000e+00 0.000000000000000000e+00 0.000000000000000000e+00 4.534621302197724274e-04 0.000000000000000000e+00 0.000000000000000000e+00 0.000000000000000000e+00 1.272665999263638279e-03 1.261697164535256288e-03 0.000000000000000000e+00 0.000000000000000000e+00 1.262932670704022082e-03 1.245820464684064361e-03 9.677205195545974083e-04 0.000000000000000000e+00
0.000000000000000000e+00 0.000000000000000000e+00 0.000000000000000000e+00 0.000000000000000000e+00 4.647409718808366585e-04 0.000000000000000000e+00 0.000000000000000000e+00 0.000000000000000000e+00 1.273958364868897413e-03 1.261575617633147123e-03 0.000000000000000000e+00 0.000000000000000000e+00 1.262973919496163154e-03 1.248021638451205515e-03 9.717103604838786199e-04 0.000000000000000000e+00
0.000000000000000000e+00 0.000000000000000000e+00 0.000000000000000000e+00 0.000000000000000000e+00 4.690467809933944487e-04 0.000000000000000000e+00 0.000000000000000000e+00 0.000000000000000000e+00 1.273867585089623810e-03 1.259529759060636946e-03 0.000000000000000000e+00 0.000000000000000000e+00 1.260904581726249611e-03 1.241066505255174375e-03 9.642999732926391425e-04 0.000000000000000000e+00
0.000000000000000000e+00 0.000000000000000000e+00 0.000000000000000000e+00 0.000000000000000000e+00 4.621954242225252609e-04 0.000000000000000000e+00 0.000000000000000000e+00 0.000000000000000000e+00 1.269756354237573659e-03 1.260470661002275564e-03 0.000000000000000000e+00 0.000000000000000000e+00 1.261650966372292529e-03 1.247319173161613943e-03 9.624845018865890332e-04 0.000000000000000000e+00
0.000000000000000000e+00 0.000000000000000000e+00 0.000000000000000000e+00 0.000000000000000000e+00 4.683936778510503006e-04 0.000000000000000000e+00 0.000000000000000000e+00 0.000000000000000000e+00 1.277817553222348459e-03 1.265284070718734888e-03 0.000000000000000000e+00 0.000000000000000000e+00 1.263184186876150066e-03 1.244470772707265051e-03 9.668025895539954706e-04 0.000000000000000000e+00
0.000000000000000000e+00 0.000000000000000000e+00 0.000000000000000000e+00 0.000000000000000000e+00 4.655660689758924831e-04 0.000000000000000000e+00 0.000000000000000000e+00 0.000000000000000000e+00 1.280022620154217276e-03 1.266951591690657726e-03 0.000000000000000000e+00 0.000000000000000000e+00 1.267577909250811128e-03 1.250307617331794605e-03 9.619661481635924773e-04 0.000000000000000000e+00
0.000000000000000000e+00 0.000000000000000000e+00 0.000000000000000000e+00 0.000000000000000000e+00 4.614483358396408641e-04 0.000000000000000000e+00 0.000000000000000000e+00 0.000000000000000000e+00 1.277938150122363272e-03 1.265610915359666015e-03 0.000000000000000000e+00 0.000000000000000000e+00 1.262581970889739297e-03 1.241901210868228593e-03 9.776717032387626308e-04 0.000000000000000000e+00
0.000000000000000000e+00 0.000000000000000000e+00 0.000000000000000000e+00 0.000000000000000000e+00 4.731486843519824219e-04 0.000000000000000000e+00 0.000000000000000000e+00 0.000000000000000000e+00 1.283050379276747584e-03 1.268362897056835373e-03 0.000000000000000000e+00 0.000000000000000000e+00 1.271094673917179396e-03 1.250993593008817122e-03 9.646753920432790414e-04 0.000000000000000000e+00
0.000000000000000000e+00 0.000000000000000000e+00 0.000000000000000000e+00 0.000000000000000000e+00 4.727113714135960671e-04 0.000000000000000000e+00 0.000000000000000000e+00 0.000000000000000000e+00 1.272822778092723124e-03 1.262688192104956817e-03 0.000000000000000000e+00 0.000000000000000000e+00 1.260620163617999414e-03 1.245866542289853418e-03 9.657580983867249200e-04 0.000000000000000000e+00
0.000000000000000000e+00 0.000000000000000000e+00 0.000000000000000000e+00 0.000000000000000000e+00 4.628358463358059989e-04 0.000000000000000000e+00 0.000000000000000000e+00 0.000000000000000000e+00 1.274371453478117524e-03 1.261125237793196035e-03 0.000000000000000000e+00 0.000000000000000000e+00 1.263139527752523686e-03 1.244558261062417986e-03 9.675507407654196715e-04 0.000000000000000000e+00
0.000000000000000000e+00 0.000000000000000000e+00 0.000000000000000000e+00 0.000000000000000000e+00 4.670103592302537413e-04 0.000000000000000000e+00 0.000000000000000000e+00 0.000000000000000000e+00 1.276458750447801186e-03 1.266345326191702005e-03 0.000000000000000000e+00 0.000000000000000000e+00 1.255045725851643319e-03 1.240164644780282965e-03 9.647954495480999797e-04 0.000000000000000000e+00
0.000000000000000000e+00 0.000000000000000000e+00 0.000000000000000000e+00 0.000000000000000000e+00 4.759741685743554772e-04 0.000000000000000000e+00 0.000000000000000000e+00 0.000000000000000000e+00 1.287114767125482288e-03 1.270279611785825151e-03 0.000000000000000000e+00 0.000000000000000000e+00 1.277707779934173123e-03 1.258088199658776362e-03 9.757672227144975575e-04 0.000000000000000000e+00
0.000000000000000000e+00 0.000000000000000000e+00 0.000000000000000000e+00 0.000000000000000000e+00 4.801466070791230085e-04 0.000000000000000000e+00 0.000000000000000000e+00 0.000000000000000000e+00 1.272074164444432238e-03 1.257257281948520426e-03 0.000000000000000000e+00 0.000000000000000000e+00 1.260985961934004947e-03 1.239720139787859818e-03 9.655808861038296968e-04 0.000000000000000000e+00
0.000000000000000000e+00 0.000000000000000000e+00 0.000000000000000000e+00 0.000000000000000000e+00 4.698788268742019381e-04 0.000000000000000000e+00 0.000000000000000000e+00 0.000000000000000000e+00 1.284224378124076147e-03 1.270435871164118154e-03 0.000000000000000000e+00 0.000000000000000000e+00 1.261318023544821896e-03 1.239266040359010340e-03 9.683847465667100134e-04 0.000000000000000000e+00
0.000000000000000000e+00 0.000000000000000000e+00 0.000000000000000000e+00 0.000000000000000000e+00 4.709182898757312405e-04 0.000000000000000000e+00 0.000000000000000000e+00 0.000000000000000000e+00 1.288069018678035874e-03 1.274798981455042184e-03 0.000000000000000000e+00 0.000000000000000000e+00 1.271289055413077655e-03 1.249110106702445598e-03 9.730885529428111042e-04 0.000000000000000000e+00
0.000000000000000000e+00 0.000000000000000000e+00 0.000000000000000000e+00 0.000000000000000000e+00 4.623021920201447321e-04 0.000000000000000000e+00 0.000000000000000000e+00 0.000000000000000000e+00 1.281992298601823850e-03 1.269063905103244485e-03 0.000000000000000000e+00 0.000000000000000000e+00 1.269542720250819512e-03 1.249073725457784190e-03 9.685844436326456830e-04 0.000000000000000000e+00
0.000000000000000000e+00 0.000000000000000000e+00 0.000000000000000000e+00 0.000000000000000000e+00 4.526433258758964947e-04 0.000000000000000000e+00 0.000000000000000000e+00 0.000000000000000000e+00 1.274913470371517909e-03 1.264547511443113101e-03 0.000000000000000000e+00 0.000000000000000000e+00 1.263838707781778266e-03 1.249402184826157568e-03 9.696104526301418990e-04 0.000000000000000000e+00
0.000000000000000000e+00 0.000000000000000000e+00 0.000000000000000000e+00 0.000000000000000000e+00 4.650478186783049521e-04 0.000000000000000000e+00 0.000000000000000000e+00 0.000000000000000000e+00 1.284144686410586440e-03 1.272620654963820723e-03 0.000000000000000000e+00 0.000000000000000000e+00 1.259356604577441816e-03 1.243040879555640070e-03 9.703150648628917734e-04 0.000000000000000000e+00
0.000000000000000000e+00 0.000000000000000000e+00 0.000000000000000000e+00 0.000000000000000000e+00 4.740418543790696866e-04 0.000000000000000000e+00 0.000000000000000000e+00 0.000000000000000000e+00 1.286471104871252276e-03 1.274159748038106469e-03 0.000000000000000000e+00 0.000000000000000000e+00 1.276415289605255720e-03 1.258462985071407162e-03 9.747101963215162781e-04 0.000000000000000000e+00
0.000000000000000000e+00 0.000000000000000000e+00 0.000000000000000000e+00 0.000000000000000000e+00 4.716657866347831007e-04 0.000000000000000000e+00 0.000000000000000000e+00 0.000000000000000000e+00 1.285052485625819141e-03 1.273318335186461115e-03 0.000000000000000000e+00 0.000000000000000000e+00 1.255756354908247989e-03 1.238785025747652984e-03 9.689378584984874787e-04 0.000000000000000000e+00
0.000000000000000000e+00 0.000000000000000000e+00 0.000000000000000000e+00 0.000000000000000000e+00 4.777786562771158137e-04 0.000000000000000000e+00 0.000000000000000000e+00 0.000000000000000000e+00 1.284629951514965149e-03 1.270486379753361277e-03 0.000000000000000000e+00 0.000000000000000000e+00 1.258973945458085556e-03 1.236248134512583701e-03 9.784991086001751555e-04 0.000000000000000000e+00
0.000000000000000000e+00 0.000000000000000000e+00 0.000000000000000000e+00 0.000000000000000000e+00 4.847969613025341685e-04 0.000000000000000000e+00 0.000000000000000000e+00 0.000000000000000000e+00 1.286784200548333167e-03 1.272038474197640431e-03 0.000000000000000000e+00 0.000000000000000000e+00 1.264740895337223506e-03 1.241982057731674024e-03 9.726540756161053793e-04 0.000000000000000000e+00
0.000000000000000000e+00 0.000000000000000000e+00 0.000000000000000000e+00 0.000000000000000000e+00 4.693324653435730675e-04 0.000000000000000000e+00 0.000000000000000000e+00 0.000000000000000000e+00 1.277829536981414486e-03 1.267516340516799435e-03 0.000000000000000000e+00 0.000000000000000000e+00 1.269636317812001310e-03 1.255539436423030921e-03 9.705618414533245461e-04 0.000000000000000000e+00
0.000000000000000000e+00 0.000000000000000000e+00 0.000000000000000000e+00 0.000000000000000000e+00 4.689857979226717257e-04 0.000000000000000000e+00 0.000000000000000000e+00 0.000000000000000000e+00 1.277632361197361850e-03 1.267508727434195652e-03 0.000000000000000000e+00 0.000000000000000000e+00 1.264728195795572800e-03 1.247492142051754259e-03 9.671397354248418990e-04 0.000000000000000000e+00
0.000000000000000000e+00 0.000000000000000000e+00 0.000000000000000000e+00 0.000000000000000000e+00 4.665252203353224391e-04 0.000000000000000000e+00 0.000000000000000000e+00 0.000000000000000000e+00 1.285617083462738640e-03 1.274489943322770769e-03 0.000000000000000000e+00 0.000000000000000000e+00 1.266592452850896300e-03 1.247807921078004749e-03 9.602390268309251697e-04 0.000000000000000000e+00
0.000000000000000000e+00 0.000000000000000000e+00 0.000000000000000000e+00 0.000000000000000000e+00 4.609550696895507141e-04 0.000000000000000000e+00 0.000000000000000000e+00 0.000000000000000000e+00 1.284265178292868029e-03 1.271787957841334377e-03 0.000000000000000000e+00 0.000000000000000000e+00 1.262519059341834539e-03 1.249052781783103160e-03 9.743353246289954530e-04 0.000000000000000000e+00
0.000000000000000000e+00 0.000000000000000000e+00 0.000000000000000000e+00 0.000000000000000000e+00 4.820878927896825360e-04 0.000000000000000000e+00 0.000000000000000000e+00 0.000000000000000000e+00 1.286308571699804797e-03 1.268759005436495601e-03 0.000000000000000000e+00 0.000000000000000000e+00 1.268465436960420625e-03 1.245434690421465349e-03 9.686738146756402896e-04 0.000000000000000000e+00
0.000000000000000000e+00 0.000000000000000000e+00 0.000000000000000000e+00 0.000000000000000000e+00 4.792241087252100329e-04 0.000000000000000000e+00 0.000000000000000000e+00 0.000000000000000000e+00 1.280671358597371134e-03 1.268836915831665461e-03 0.000000000000000000e+00 0.000000000000000000e+00 1.267453284644941064e-03 1.250363218004711934e-03 9.662102269066276091e-04 0.000000000000000000e+00
0.000000000000000000e+00 0.000000000000000000e+00 0.000000000000000000e+00 0.000000000000000000e+00 4.676060474258477762e-04 0.000000000000000000e+00 0.000000000000000000e+00 0.000000000000000000e+00 1.279857177804903960e-03 1.269730798078159495e-03 0.000000000000000000e+00 0.000000000000000000e+00 1.269382839746779814e-03 1.255243975835847962e-03 9.589229596807714471e-04 0.000000000000000000e+00
0.000000000000000000e+00 0.000000000000000000e+00 0.000000000000000000e+00 0.000000000000000000e+00 4.703252892540082854e-04 0.000000000000000000e+00 0.000000000000000000e+00 0.000000000000000000e+00 1.278476449360470236e-03 1.265045107657339872e-03 0.000000000000000000e+00 0.000000000000000000e+00 1.262446193034184524e-03 1.246163526201528532e-03 9.640361897283554601e-04 0.000000000000000000e+00
0.000000000000000000e+00 0.000000000000000000e+00 0.000000000000000000e+00 0.000000000000000000e+00 4.733586721258951457e-04 0.000000000000000000e+00 0.000000000000000000e+00 0.000000000000000000e+00 1.272916462310622098e-03 1.258818049373227384e-03 0.000000000000000000e+00 0.000000000000000000e+00 1.256305688577954516e-03 1.237310509221623998e-03 9.674484222473808161e-04 0.000000000000000000e+00
0.000000000000000000e+00 0.000000000000000000e+00 0.000000000000000000e+00 0.000000000000000000e+00 4.775314643241330764e-04 0.000000000000000000e+00 0.000000000000000000e+00 0.000000000000000000e+00 1.287278891283841209e-03 1.271310244874881978e-03 0.000000000000000000e+00 0.000000000000000000e+00 1.278755133038983168e-03 1.258973754437872671e-03 9.717494778307689263e-04 0.000000000000000000e+00
0.000000000000000000e+00 0.000000000000000000e+00 0.000000000000000000e+00 0.000000000000000000e+00 4.621047110897933503e-04 0.000000000000000000e+00 0.000000000000000000e+00 0.000000000000000000e+00 1.279480497955528314e-03 1.268472422854062184e-03 0.000000000000000000e+00 0.000000000000000000e+00 1.267525848560979978e-03 1.248125015708016153e-03 9.679513628300370548e-04 0.000000000000000000e+00
0.000000000000000000e+00 0.000000000000000000e+00 0.000000000000000000e+00 0.000000000000000000e+00 4.620908598221485004e-04 0.000000000000000000e+00 0.000000000000000000e+00 0.000000000000000000e+00 1.275448524768857698e-03 1.266451493750930801e-03 0.000000000000000000e+00 0.000000000000000000e+00 1.259417709207738632e-03 1.241843967240327182e-03 9.740478889087821057e-04 0.000000000000000000e+00
0.000000000000000000e+00 0.000000000000000000e+00 0.000000000000000000e+00 0.000000000000000000e+00 4.631540442107226659e-04 0.000000000000000000e+00 0.000000000000000000e+00 0.000000000000000000e+00 1.280024247828758432e-03 1.269831352142292884e-03 0.000000000000000000e+00 0.000000000000000000e+00 1.269384268728767024e-03 1.254797201653754879e-03 9.704628526545671296e-04 0.000000000000000000e+00
0.000000000000000000e+00 0.000000000000000000e+00 0.000000000000000000e+00 0.000000000000000000e+00 4.742723396593528104e-04 0.000000000000000000e+00 0.000000000000000000e+00 0.000000000000000000e+00 1.282994109851731202e-03 1.271545723531731717e-03 0.000000000000000000e+00 0.000000000000000000e+00 1.265663477505023790e-03 1.246173022337278453e-03 9.679130149428910417e-04 0.000000000000000000e+00
0.000000000000000000e+00 0.000000000000000000e+00 0.000000000000000000e+00 0.000000000000000000e+00 4.670815763566393852e-04 0.000000000000000000e+00 0.000000000000000000e+00 0.000000000000000000e+00 1.285498127590361823e-03 1.273624414613419012e-03 0.000000000000000000e+00 0.000000000000000000e+00 1.273212550020373342e-03 1.255357826276294261e-03 9.716897472618856975e-04 0.000000000000000000e+00
0.000000000000000000e+00 0.000000000000000000e+00 0.000000000000000000e+00 0.000000000000000000e+00 4.802911248251074306e-04 0.000000000000000000e+00 0.000000000000000000e+00 0.000000000000000000e+00 1.285102807313689630e-03 1.268423219753324989e-03 0.000000000000000000e+00 0.000000000000000000e+00 1.266185413403895501e-03 1.242056853661035586e-03 9.710944962096633480e-04 0.000000000000000000e+00
0.000000000000000000e+00 0.000000000000000000e+00 0.000000000000000000e+00 0.000000000000000000e+00 4.721373832482767246e-04 0.000000000000000000e+00 0.000000000000000000e+00 0.000000000000000000e+00 1.282918142028432714e-03 1.266076585845580041e-03 0.000000000000000000e+00 0.000000000000000000e+00 1.265876759940359536e-03 1.242686015844647433e-03 9.702167594057792364e-04 0.000000000000000000e+00
0.000000000000000000e+00 0.000000000000000000e+00 0.000000000000000000e+00 0.000000000000000000e+00 4.801577235195329048e-04 0.000000000000000000e+00 0.000000000000000000e+00 0.000000000000000000e+00 1.281198154978672359e-03 1.266363735555555651e-03 0.000000000000000000e+00 0.000000000000000000e+00 1.260232022580612963e-03 1.239069198609583401e-03 9.735758148282611405e-04 0.000000000000000000e+00
0.000000000000000000e+00 0.000000000000000000e+00 0.000000000000000000e+00 0.000000000000000000e+00 4.785652523201236398e-04 0.000000000000000000e+00 0.000000000000000000e+00 0.000000000000000000e+00 1.280660654464348689e-03 1.262910730735242182e-03 0.000000000000000000e+00 0.000000000000000000e+00 1.259593913852961010e-03 1.237315321947568764e-03 9.572758766118953221e-04 0.000000000000000000e+00
0.000000000000000000e+00 0.000000000000000000e+00 0.000000000000000000e+00 0.000000000000000000e+00 4.751150635117167942e-04 0.000000000000000000e+00 0.000000000000000000e+00 0.000000000000000000e+00 1.289567923252696226e-03 1.278046102765447540e-03 0.000000000000000000e+00 0.000000000000000000e+00 1.267194735275902579e-03 1.248167273308168962e-03 9.557648963469908858e-04 0.000000000000000000e+00
0.000000000000000000e+00 0.000000000000000000e+00 0.000000000000000000e+00 0.000000000000000000e+00 4.821141724700592429e-04 0.000000000000000000e+00 0.000000000000000000e+00 0.000000000000000000e+00 1.276837571523016480e-03 1.264590703604922487e-03 0.000000000000000000e+00 0.000000000000000000e+00 1.257549163007477475e-03 1.239731753988599413e-03 9.618761700330044585e-04 0.000000000000000000e+00
0.000000000000000000e+00 0.000000000000000000e+00 0.000000000000000000e+00 0.000000000000000000e+00 4.753980952752187355e-04 0.000000000000000000e+00 0.000000000000000000e+00 0.000000000000000000e+00 1.288015849002259981e-03 1.274813976401365867e-03 0.000000000000000000e+00 0.000000000000000000e+00 1.270316391777825092e-03 1.251273089435929161e-03 9.719832744784380734e-04 0.000000000000000000e+00
0.000000000000000000e+00 0.000000000000000000e+00 0.000000000000000000e+00 0.000000000000000000e+00 4.609271959151686098e-04 0.000000000000000000e+00 0.000000000000000000e+00 0.000000000000000000e+00 1.278792010871739873e-03 1.267264913315953399e-03 0.000000000000000000e+00 0.000000000000000000e+00 1.267499711931063637e-03 1.249507112501474461e-03 9.654048897200477467e-04 0.000000000000000000e+00
0.000000000000000000e+00 0.000000000000000000e+00 0.000000000000000000e+00 0.000000000000000000e+00 4.680850774750234416e-04 0.000000000000000000e+00 0.000000000000000000e+00 0.000000000000000000e+00 1.275793255651123210e-03 1.265523385367701460e-03 0.000000000000000000e+00 0.000000000000000000e+00 1.253515637035293624e-03 1.240195292488510334e-03 9.654345755419898667e-04 0.000000000000000000e+00
0.000000000000000000e+00 0.000000000000000000e+00 0.000000000000000000e+00 0.000000000000000000e+00 4.727793752124448217e-04 0.000000000000000000e+00 0.000000000000000000e+00 0.000000000000000000e+00 1.264713332587976682e-03 1.251303142126476654e-03 0.000000000000000000e+00 0.000000000000000000e+00 1.248595122502704291e-03 1.227831877016019244e-03 9.534128028526197250e-04 0.000000000000000000e+00
0.000000000000000000e+00 0.000000000000000000e+00 0.000000000000000000e+00 0.000000000000000000e+00 4.737104059709596653e-04 0.000000000000000000e+00 0.000000000000000000e+00 0.000000000000000000e+00 1.284274126141268183e-03 1.270222682269076843e-03 0.000000000000000000e+00 0.000000000000000000e+00 1.271567989595179813e-03 1.254504542252438733e-03 9.564617118204852891e-04 0.000000000000000000e+00
0.000000000000000000e+00 0.000000000000000000e+00 0.000000000000000000e+00 0.000000000000000000e+00 4.742991304954444405e-04 0.000000000000000000e+00 0.000000000000000000e+00 0.000000000000000000e+00 1.264734625208572194e-03 1.255408501195229808e-03 0.000000000000000000e+00 0.000000000000000000e+00 1.256590401821139650e-03 1.234390605915018820e-03 9.681750281755350856e-04 0.000000000000000000e+00
0.000000000000000000e+00 0.000000000000000000e+00 0.000000000000000000e+00 0.000000000000000000e+00 4.668349139201552218e-04 0.000000000000000000e+00 0.000000000000000000e+00 0.000000000000000000e+00 1.292418998158849884e-03 1.280742094399249346e-03 0.000000000000000000e+00 0.000000000000000000e+00 1.278730989571925762e-03 1.264379747140608650e-03 9.773206288157540791e-04 0.000000000000000000e+00
0.000000000000000000e+00 0.000000000000000000e+00 0.000000000000000000e+00 0.000000000000000000e+00 4.730094528791442716e-04 0.000000000000000000e+00 0.000000000000000000e+00 0.000000000000000000e+00 1.293664445018622355e-03 1.281209116598757509e-03 0.000000000000000000e+00 0.000000000000000000e+00 1.278374584225744912e-03 1.261523399706825652e-03 9.694456988698664773e-04 0.000000000000000000e+00
0.000000000000000000e+00 0.000000000000000000e+00 0.000000000000000000e+00 0.000000000000000000e+00 4.724746643309263327e-04 0.000000000000000000e+00 0.000000000000000000e+00 0.000000000000000000e+00 1.277019580891004900e-03 1.264730013528964992e-03 0.000000000000000000e+00 0.000000000000000000e+00 1.259209401169329810e-03 1.236325294366941554e-03 9.689574341946379258e-04 0.000000000000000000e+00
0.000000000000000000e+00 0.000000000000000000e+00 0.000000000000000000e+00 0.000000000000000000e+00 4.677867227300393726e-04 0.000000000000000000e+00 0.000000000000000000e+00 0.000000000000000000e+00 1.278502986958412503e-03 1.268167124050376690e-03 0.000000000000000000e+00 0.000000000000000000e+00 1.256918942101123340e-03 1.240878678357252261e-03 9.714316436805121337e-04 0.000000000000000000e+00
0.000000000000000000e+00 0.000000000000000000e+00 0.000000000000000000e+00 0.000000000000000000e+00 4.658685936587659508e-04 0.000000000000000000e+00 0.000000000000000000e+00 0.000000000000000000e+00 1.275129076936881625e-03 1.262044302950686165e-03 0.000000000000000000e+00 0.000000000000000000e+00 1.265878579577475217e-03 1.248666222768970427e-03 9.548911006032892923e-04 0.000000000000000000e+00
0.000000000000000000e+00 0.000000000000000000e+00 0.000000000000000000e+00 0.000000000000000000e+00 4.599353769630811590e-04 0.000000000000000000e+00 0.000000000000000000e+00 0.000000000000000000e+00 1.280222628661228457e-03 1.267631808605438433e-03 0.000000000000000000e+00 0.000000000000000000e+00 1.272331402112198600e-03 1.257893502685016821e-03 9.720555440995851462e-04 0.000000000000000000e+00
0.000000000000000000e+00 0.000000000000000000e+00 0.000000000000000000e+00 0.000000000000000000e+00 4.751464409790306020e-04 0.000000000000000000e+00 0.000000000000000000e+00 0.000000000000000000e+00 1.284968610431297138e-03 1.270292650576554123e-03 0.000000000000000000e+00 0.000000000000000000e+00 1.264023769920292421e-03 1.243329450039720816e-03 9.855464686294322565e-04 0.000000000000000000e+00
0.000000000000000000e+00 0.000000000000000000e+00 0.000000000000000000e+00 0.000000000000000000e+00 4.665481381271822242e-04 0.000000000000000000e+00 0.000000000000000000e+00 0.000000000000000000e+00 1.277731739339104961e-03 1.264105974608820907e-03 0.000000000000000000e+00 0.000000000000000000e+00 1.268694393035978444e-03 1.252267265700818602e-03 9.730187313486224777e-04 0.000000000000000000e+00
0.000000000000000000e+00 0.000000000000000000e+00 0.000000000000000000e+00 0.000000000000000000e+00 4.688248853764925622e-04 0.000000000000000000e+00 0.000000000000000000e+00 0.000000000000000000e+00 1.280867871454639557e-03 1.268451656157576707e-03 0.000000000000000000e+00 0.000000000000000000e+00 1.262610545763648198e-03 1.246791580683186997e-03 9.683275067992189655e-04 0.000000000000000000e+00
0.000000000000000000e+00 0.000000000000000000e+00 0.000000000000000000e+00 0.000000000000000000e+00 4.758477846208426895e-04 0.000000000000000000e+00 0.000000000000000000e+00 0.000000000000000000e+00 1.271127908291216696e-03 1.257266948630682193e-03 0.000000000000000000e+00 0.000000000000000000e+00 1.249356027451701146e-03 1.229506470461049243e-03 9.670930804032637235e-04 0.000000000000000000e+00
0.000000000000000000e+00 0.000000000000000000e+00 0.000000000000000000e+00 0.000000000000000000e+00 4.715994409729834524e-04 0.000000000000000000e+00 0.000000000000000000e+00 0.000000000000000000e+00 1.290781091478508322e-03 1.277398367588859860e-03 0.000000000000000000e+00 0.000000000000000000e+00 1.277003318726380654e-03 1.259178912636371977e-03 9.766870095525112972e-04 0.000000000000000000e+00
0.000000000000000000e+00 0.000000000000000000e+00 0.000000000000000000e+00 0.000000000000000000e+00 4.624607435442587566e-04 0.000000000000000000e+00 0.000000000000000000e+00 0.000000000000000000e+00 1.276894468754111471e-03 1.267161042423526869e-03 0.000000000000000000e+00 0.000000000000000000e+00 1.266297515401935102e-03 1.249534629096925656e-03 9.646045274025117277e-04 0.000000000000000000e+00
0.000000000000000000e+00 0.000000000000000000e+00 0.000000000000000000e+00 0.000000000000000000e+00 4.770745667683413721e-04 0.000000000000000000e+00 0.000000000000000000e+00 0.000000000000000000e+00 1.289706827298759935e-03 1.275224336816883127e-03 0.000000000000000000e+00 0.000000000000000000e+00 1.272914247369695464e-03 1.252549493206656008e-03 9.711146730347707369e-04 0.000000000000000000e+00
0.000000000000000000e+00 0.000000000000000000e+00 0.000000000000000000e+00 0.000000000000000000e+00 4.776790083514344037e-04 0.000000000000000000e+00 0.000000000000000000e+00 0.000000000000000000e+00 1.285146225406642384e-03 1.270710368635578858e-03 0.000000000000000000e+00 0.000000000000000000e+00 1.268770802293261784e-03 1.246584177757970469e-03 9.684170265804771397e-04 0.000000000000000000e+00
0.000000000000000000e+00 0.000000000000000000e+00 0.000000000000000000e+00 0.000000000000000000e+00 4.668117627639212794e-04 0.000000000000000000e+00 0.000000000000000000e+00 0.000000000000000000e+00 1.287327432274557515e-03 1.277007183210543233e-03 0.000000000000000000e+00 0.000000000000000000e+00 1.267142677579065303e-03 1.247621577927587920e-03 9.752131755596468460e-04 0.000000000000000000e+00
0.000000000000000000e+00 0.000000000000000000e+00 0.000000000000000000e+00 0.000000000000000000e+00 4.644212578580469986e-04 0.000000000000000000e+00 0.000000000000000000e+00 0.000000000000000000e+00 1.272732043742336736e-03 1.262440681275978646e-03 0.000000000000000000e+00 0.000000000000000000e+00 1.262500501939670334e-03 1.248851356769117111e-03 9.697380033220146921e-04 0.000000000000000000e+00
0.000000000000000000e+00 0.000000000000000000e+00 0.000000000000000000e+00 0.000000000000000000e+00 4.639744795428545629e-04 0.000000000000000000e+00 0.000000000000000000e+00 0.000000000000000000e+00 1.276387084283095398e-03 1.266481183324547890e-03 0.000000000000000000e+00 0.000000000000000000e+00 1.249619935184807622e-03 1.232217468545938671e-03 9.700141963899507969e-04 0.000000000000000000e+00
0.000000000000000000e+00 0.000000000000000000e+00 0.000000000000000000e+00 0.000000000000000000e+00 4.740723280267734657e-04 0.000000000000000000e+00 0.000000000000000000e+00 0.000000000000000000e+00 1.287534893688226621e-03 1.272914649585031588e-03 0.000000000000000000e+00 0.000000000000000000e+00 1.270638663544799768e-03 1.252750135425774935e-03 9.744997584320495669e-04 0.000000000000000000e+00
0.000000000000000000e+00 0.000000000000000000e+00 0.000000000000000000e+00 0.000000000000000000e+00 4.608707548180608626e-04 0.000000000000000000e+00 0.000000000000000000e+00 0.000000000000000000e+00 1.275708599250185244e-03 1.263514712390590615e-03 0.000000000000000000e+00 0.000000000000000000e+00 1.257698556475270396e-03 1.240853401969302773e-03 9.568018438172302444e-04 0.000000000000000000e+00
0.000000000000000000e+00 0.000000000000000000e+00 0.000000000000000000e+00 0.000000000000000000e+00 4.729373823326377601e-04 0.000000000000000000e+00 0.000000000000000000e+00 0.000000000000000000e+00 1.280619038643464932e-03 1.267543993339535508e-03 0.000000000000000000e+00 0.000000000000000000e+00 1.268632261776429749e-03 1.252058482628343010e-03 9.682332806869894774e-04 0.000000000000000000e+00
0.000000000000000000e+00 0.000000000000000000e+00 0.000000000000000000e+00 0.000000000000000000e+00 4.850785435144811496e-04 0.000000000000000000e+00 0.000000000000000000e+00 0.000000000000000000e+00 1.277894709705735491e-03 1.263135762436338105e-03 0.000000000000000000e+00 0.000000000000000000e+00 1.261368219609057192e-03 1.239618054768564740e-03 9.713681045333411989e-04 0.000000000000000000e+00
0.000000000000000000e+00 0.000000000000000000e+00 0.000000000000000000e+00 0.000000000000000000e+00 4.734302557655063206e-04 0.000000000000000000e+00 0.000000000000000000e+00 0.000000000000000000e+00 1.283844998488466085e-03 1.271038371090452146e-03 0.000000000000000000e+00 0.000000000000000000e+00 1.267167346267907609e-03 1.246319126880127354e-03 9.734224926839402407e-04 0.000000000000000000e+00
0.000000000000000000e+00 0.000000000000000000e+00 0.000000000000000000e+00 0.000000000000000000e+00 4.761245964094139044e-04 0.000000000000000000e+00 0.000000000000000000e+00 0.000000000000000000e+00 1.286252945811856233e-03 1.274884358968097868e-03 0.000000000000000000e+00 0.000000000000000000e+00 1.275039558258062337e-03 1.256541516808627919e-03 9.734215161838761631e-04 0.000000000000000000e+00
0.000000000000000000e+00 0.000000000000000000e+00 0.000000000000000000e+00 0.000000000000000000e+00 4.628919887853834292e-04 0.000000000000000000e+00 0.000000000000000000e+00 0.000000000000000000e+00 1.274978856175121647e-03 1.263832902180127803e-03 0.000000000000000000e+00 0.000000000000000000e+00 1.255768874997576770e-03 1.239622181853184757e-03 9.747558146033190448e-04 0.000000000000000000e+00
0.000000000000000000e+00 0.000000000000000000e+00 0.000000000000000000e+00 0.000000000000000000e+00 4.744746477743375991e-04 0.000000000000000000e+00 0.000000000000000000e+00 0.000000000000000000e+00 1.277854256425891514e-03 1.264666034014101442e-03 0.000000000000000000e+00 0.000000000000000000e+00 1.265768680372048212e-03 1.245797136751665424e-03 9.663308020263063156e-04 0.000000000000000000e+00
