# 'name' : 'rogers_a02_b02_d05_g00'
# 'source' : 'rogers_a02_b02_d05_g00.yaml'
# 'sample_pops' : ['X', 'Y', 'D', 'N']
# 'sample_size' : 1
# 'n_reps' : 100
# 'n_windows' : 200
# 'seq_length' : 100000000.0
# 'window_length' : 500000.0
# 'recomb_rate' : 1e-08
# 'mut_rate' : 1e-08
# 'created' : None
2.294924190608005235e-04 1.354567871353889313e-04 9.272882961899365801e-04 7.725502437285849434e-04
2.203748372638513907e-04 1.446693959160149452e-04 9.276931645837790561e-04 7.714742324417693574e-04
2.333559453244954721e-04 1.372618502743369270e-04 9.280519054452789161e-04 7.357518711780458099e-04
2.302714090084644310e-04 1.407227825943805743e-04 9.144382547810355182e-04 7.471391304585470313e-04
2.171630561663458604e-04 1.482702369872767418e-04 9.234059883149178328e-04 7.726447045045283478e-04
2.130581218180162240e-04 1.354172306227585556e-04 9.296755355409513531e-04 7.590498662757174221e-04
2.290240157255008251e-04 1.328611903267284315e-04 9.249239880698657476e-04 7.689248594368623202e-04
2.196293971550792169e-04 1.439233602876507717e-04 9.245794004112847754e-04 7.571921350229035130e-04
2.104538442098833001e-04 1.460702362200565251e-04 9.218729541719538094e-04 7.673240135129396830e-04
2.172922597399089490e-04 1.352494009863903514e-04 9.231514370011355665e-04 7.488329423329297347e-04
2.289588865295537595e-04 1.353602938681944864e-04 9.072508190206016263e-04 7.813576961869930304e-04
2.343856002237628495e-04 1.385175679153864865e-04 9.380147579876249586e-04 7.831713343399664519e-04
2.292823010308295002e-04 1.395579851066605301e-04 9.190764138075521424e-04 7.688405727700382310e-04
2.393841340954624736e-04 1.470997556877677419e-04 9.258747190669541251e-04 7.536622712790086919e-04
2.084949801216383770e-04 1.370913653268044990e-04 9.160106161740700801e-04 7.755760375103658419e-04
2.165504495338038769e-04 1.366682649541486004e-04 9.127811515787188565e-04 7.578757161037663224e-04
2.291547528223586460e-04 1.381115766333390117e-04 9.285738765657732289e-04 7.963867923936781808e-04
2.121172725625532587e-04 1.445259447200200164e-04 9.364870700415478186e-04 7.771089691255426068e-04
2.238287762770182240e-04 1.387873369421304445e-04 9.260494898225060927e-04 7.495078990636781660e-04
2.380303541491102617e-04 1.376406027737094083e-04 9.187290164411164453e-04 7.821684433964387834e-04
2.206358267044295537e-04 1.355091660397224102e-04 9.292769727679051116e-04 7.597513029888121241e-04
2.134364565227596258e-04 1.366497750470286167e-04 9.232347926035040873e-04 7.708257780455226964e-04
2.263912113921192715e-04 1.434299631423580350e-04 9.256037497797661544e-04 7.663633980649433609e-04
2.169912002925083918e-04 1.396738921490431340e-04 9.254974310497137780e-04 7.445256531002360061e-04
2.259871161948695929e-04 1.417041178011914468e-04 9.153530413381731623e-04 7.657955217222951359e-04
2.292251243215033432e-04 1.372277032337392184e-04 9.339877429696494000e-04 7.461393716661000701e-04
2.227022610646133102e-04 1.364366588537864488e-04 9.099093856010227700e-04 7.583244922255899306e-04
2.200528446318184385e-04 1.362935263676221822e-04 9.332553906597540255e-04 7.487763418128662481e-04
2.309515817111271760e-04 1.380793127322102085e-04 9.393178855204614881e-04 7.624725673679061703e-04
2.353170114252941386e-04 1.409365373489030382e-04 9.043669941667885868e-04 7.633013468517066196e-04
2.264100918350896044e-04 1.423570298466268172e-04 9.333036742129578343e-04 7.737828939421849102e-04
2.239546676017021415e-04 1.387806735401420587e-04 9.073058080593401041e-04 7.663972040105191319e-04
2.308885552918067338e-04 1.356321943307176470e-04 9.373423412841572645e-04 7.983066942857723570e-04
2.242846288021977253e-04 1.375839285195491041e-04 9.095302014287135264e-04 7.680501820787247582e-04
2.246362032243763281e-04 1.395798309596521611e-04 9.221406512903037016e-04 7.619073820867243831e-04
2.201851714659902983e-04 1.463538653032377536e-04 9.387259257564688339e-04 7.677927854108751145e-04
2.008275268730523144e-04 1.404827987029197347e-04 9.152275748583202451e-04 7.452347256134408612e-04
2.163063329722198229e-04 1.383840588529064029e-04 9.224582325914183712e-04 7.651900131745322225e-04
2.429427005188714321e-04 1.425565900600776845e-04 9.244239796480977324e-04 7.631400308759414943e-04
2.364763547354551256e-04 1.323844481016273761e-04 9.161928071688295230e-04 7.675113130625123466e-04
2.356967984219489722e-04 1.374703812708484129e-04 9.263471634750014387e-04 7.569082017031987780e-04
2.212225445810240513e-04 1.425424195039596512e-04 9.122887850832457320e-04 7.797893087258493802e-04
2.255196306383556982e-04 1.353293020772736817e-04 9.387390443884075127e-04 7.661392847649753715e-04
2.196086202384894359e-04 1.379835707986828660e-04 9.082728735695605547e-04 7.403420087164000593e-04
2.375177825190214734e-04 1.393113040650364499e-04 9.207204010105936353e-04 7.333657244556603203e-04
2.273576070741437744e-04 1.351933642829381292e-04 9.121497403534979198e-04 7.477333874502524284e-04
2.263530415169815499e-04 1.357610494651362277e-04 9.186982939088897578e-04 7.498335420184786991e-04
2.206181731479889014e-04 1.431389363347581928e-04 9.302756727158759988e-04 7.714410014428622030e-04
2.311183875123958345e-04 1.359038821266819112e-04 9.114886963251065278e-04 7.635486715421935591e-04
2.235486499470956364e-04 1.404904683139008203e-04 9.087873640846843692e-04 7.519992159661196022e-04
2.204629124287034382e-04 1.363045437362098264e-04 9.138818092679633657e-04 7.517399829193217474e-04
2.142245477565220529e-04 1.377220804136716325e-04 9.174822765184582592e-04 7.611261802265660830e-04
2.148962275929752655e-04 1.363740561391684337e-04 9.165274460331745759e-04 7.829721423320729371e-04
2.227151860815807655e-04 1.449074609544603930e-04 9.117658270549407369e-04 7.820164727943666608e-04
2.260372127492530064e-04 1.407225354402693511e-04 9.255905205770723412e-04 7.366920396288806350e-04
2.247668341173573200e-04 1.427012219117822320e-04 9.327538612895099057e-04 7.773716438135547767e-04
2.286924796838495381e-04 1.348750590348474438e-04 9.132354686690011573e-04 7.512875165328039475e-04
2.275265436620602523e-04 1.454363734133993309e-04 9.139293944743810683e-04 7.901562062218650800e-04
2.130163123746927440e-04 1.408160295887207032e-04 9.295126318316563989e-04 7.767967554475278379e-04
2.337211602357187575e-04 1.401207001726574629e-04 9.291662397588254648e-04 7.748950753117617640e-04
2.151685546551564230e-04 1.432775605807207902e-04 9.321108986311625296e-04 7.673265120340588483e-04
2.313001051443713569e-04 1.396790243556283290e-04 9.250735828925524739e-04 7.693411799542104875e-04
2.319519464837329031e-04 1.362626756065467857e-04 9.169457706841388587e-04 7.729836753591942233e-04
2.101003769390783231e-04 1.396466594255352516e-04 9.240898271281317283e-04 7.674343575438047826e-04
2.299858405878954200e-04 1.380985471147317116e-04 9.243397652611607968e-04 7.978815622328956159e-04
2.031852436099571447e-04 1.354024097911115418e-04 9.309399659931223920e-04 7.828666124192781677e-04
2.099580383672366589e-04 1.448714704978309380e-04 9.182742168542806912e-04 7.467007303481275598e-04
2.274970500451202362e-04 1.396862447243805213e-04 9.283025686041147372e-04 7.568974173115670034e-04
2.497763242036663564e-04 1.441491625918892982e-04 9.569969900955607647e-04 7.778341650252312530e-04
2.328429433399760440e-04 1.447758445451068716e-04 9.108686451662411851e-04 7.930562794276882271e-04
2.326214828719711891e-04 1.387073881609302765e-04 9.114002533883824690e-04 7.404369681728328358e-04
2.311412068637340705e-04 1.385000442255690945e-04 9.025775102956555595e-04 7.853689817636311590e-04
2.245070111472529176e-04 1.345689647582997545e-04 9.287562348749435872e-04 7.901446716943607250e-04
2.154362267490933264e-04 1.346899410202975571e-04 9.187503709813208286e-04 7.725616232736981200e-04
2.308495829262561866e-04 1.363850166408145295e-04 9.089203142105485491e-04 7.565746981820129467e-04
2.387550280223092454e-04 1.431309103428982251e-04 9.185928934563973840e-04 7.519995711764287938e-04
2.344620855954603858e-04 1.374745289778853173e-04 9.327797618348795863e-04 7.807829433668206885e-04
2.361170766429190242e-04 1.378001103650624551e-04 9.207485105016389960e-04 7.556243612593900117e-04
2.263800969659479504e-04 1.409076292576637009e-04 9.317975172959104763e-04 7.555358228721961592e-04
2.225758609589465267e-04 1.395583639224552621e-04 9.277050038002854129e-04 7.811611378337815492e-04
2.302843038268979458e-04 1.365774957953741877e-04 9.224263909000399381e-04 7.748245321923495632e-04
2.362091228249851285e-04 1.364844973363797643e-04 9.280819560624222440e-04 7.645650287541953501e-04
2.168638310432465075e-04 1.381650227827052363e-04 9.297201523988780046e-04 7.762831387406829041e-04
2.334743376549975030e-04 1.363501065355158495e-04 9.444644147089944694e-04 7.687688919752455868e-04
2.193510942107303435e-04 1.438769796892298088e-04 9.214929911113562810e-04 7.524529762688119110e-04
2.258647336024869083e-04 1.402922169913325403e-04 9.235790276434017836e-04 7.740992139683016164e-04
2.219441653377938724e-04 1.375678467220461888e-04 9.158501387437091839e-04 7.782479600506671431e-04
2.092549156296404664e-04 1.354965858316691234e-04 9.237851238371032163e-04 7.714962232037610168e-04
2.235126120216582714e-04 1.375407156027861895e-04 9.171545943933519154e-04 7.749858247513383581e-04
2.335786663508309779e-04 1.396400163752442439e-04 9.099929072311773197e-04 7.739722731805675181e-04
2.176658606104513085e-04 1.373832423943105788e-04 9.315560866176708773e-04 7.952331478875540984e-04
2.209988479739658667e-04 1.359174151154850024e-04 9.344424752200519583e-04 7.744790425888862032e-04
2.203257259846357454e-04 1.353793834200597596e-04 9.266442742814161694e-04 7.651047992501107137e-04
2.298875840702492947e-04 1.306048684104151232e-04 9.210320969013275792e-04 7.722137644163996461e-04
2.305820271831945337e-04 1.370962990770619339e-04 9.264630348143124399e-04 7.502495848431247000e-04
2.242211833708246621e-04 1.353254291158460701e-04 9.168546058142451648e-04 7.712239219955690020e-04
2.342035851304766171e-04 1.431946688780957584e-04 9.227234822266881277e-04 7.640803639938877545e-04
2.209052084609887867e-04 1.399032943585033436e-04 9.351974912766565333e-04 7.858731302814894563e-04
2.118187176673805305e-04 1.348650434377650668e-04 9.042325993133010654e-04 7.257892444303282046e-04
2.207976819456925225e-04 1.425368712678108467e-04 9.315155223727644576e-04 7.733319356016082717e-04
