# 'name' : 'rogers_a02_b02_d05_g00'
# 'source' : 'rogers_a02_b02_d05_g00.yaml'
# 'sample_pops' : ['X', 'Y', 'D', 'N']
# 'sample_size' : 1
# 'n_reps' : 100
# 'n_windows' : 200
# 'seq_length' : 100000000.0
# 'window_length' : 500000.0
# 'recomb_rate' : 1e-08
# 'mut_rate' : 1e-08
# 'created' : None
0.000000000000000000e+00 0.000000000000000000e+00 0.000000000000000000e+00 0.000000000000000000e+00 4.982133049576075150e-04 0.000000000000000000e+00 0.000000000000000000e+00 0.000000000000000000e+00 1.373522824175810132e-03 1.350595277084586402e-03 0.000000000000000000e+00 0.000000000000000000e+00 1.348705511580596851e-03 1.321038640029176432e-03 9.787632804279769623e-04 0.000000000000000000e+00
0.000000000000000000e+00 0.000000000000000000e+00 0.000000000000000000e+00 0.000000000000000000e+00 4.887307775139885678e-04 0.000000000000000000e+00 0.000000000000000000e+00 0.000000000000000000e+00 1.334102733116816590e-03 1.316785908602658610e-03 0.000000000000000000e+00 0.000000000000000000e+00 1.322374980846723795e-03 1.298705157493655312e-03 9.659998140705118932e-04 0.000000000000000000e+00
0.000000000000000000e+00 0.000000000000000000e+00 0.000000000000000000e+00 0.000000000000000000e+00 4.935018674045490430e-04 0.000000000000000000e+00 0.000000000000000000e+00 0.000000000000000000e+00 1.353250348164540236e-03 1.329080058704277178e-03 0.000000000000000000e+00 0.000000000000000000e+00 1.350610642020063550e-03 1.322515309705645696e-03 9.662826975395705405e-04 0.000000000000000000e+00
0.000000000000000000e+00 0.000000000000000000e+00 0.000000000000000000e+00 0.000000000000000000e+00 4.932362046135820239e-04 0.000000000000000000e+00 0.000000000000000000e+00 0.000000000000000000e+00 1.350911005851111908e-03 1.335317564790185684e-03 0.000000000000000000e+00 0.000000000000000000e+00 1.327161712727808291e-03 1.304792527019666771e-03 9.632669457595443045e-04 0.000000000000000000e+00
0.000000000000000000e+00 0.000000000000000000e+00 0.000000000000000000e+00 0.000000000000000000e+00 4.884389418778464428e-04 0.000000000000000000e+00 0.000000000000000000e+00 0.000000000000000000e+00 1.352579360656893694e-03 1.335282503303169025e-03 0.000000000000000000e+00 0.000000000000000000e+00 1.341587964603022662e-03 1.318766013602364539e-03 9.645246622066633345e-04 0.000000000000000000e+00
0.000000000000000000e+00 0.000000000000000000e+00 0.000000000000000000e+00 0.000000000000000000e+00 4.998308427795126714e-04 0.000000000000000000e+00 0.000000000000000000e+00 0.000000000000000000e+00 1.370905131570992119e-03 1.357568133971765942e-03 0.000000000000000000e+00 0.000000000000000000e+00 1.357236660073016807e-03 1.338320173001436575e-03 9.671585286560641006e-04 0.000000000000000000e+00
0.000000000000000000e+00 0.000000000000000000e+00 0.000000000000000000e+00 0.000000000000000000e+00 4.862508958635960088e-04 0.000000000000000000e+00 0.000000000000000000e+00 0.000000000000000000e+00 1.360648013183023359e-03 1.335751755934979149e-03 0.000000000000000000e+00 0.000000000000000000e+00 1.341824830731745688e-03 1.307120522261436728e-03 9.644917190803874033e-04 0.000000000000000000e+00
0.000000000000000000e+00 0.000000000000000000e+00 0.000000000000000000e+00 0.000000000000000000e+00 4.907321433846215759e-04 0.000000000000000000e+00 0.000000000000000000e+00 0.000000000000000000e+00 1.344013607216850391e-03 1.321133419060107304e-03 0.000000000000000000e+00 0.000000000000000000e+00 1.325723402293285495e-03 1.294703941693066103e-03 9.776462176477648119e-04 0.000000000000000000e+00
0.000000000000000000e+00 0.000000000000000000e+00 0.000000000000000000e+00 0.000000000000000000e+00 4.795744226793260826e-04 0.000000000000000000e+00 0.000000000000000000e+00 0.000000000000000000e+00 1.356526838157620174e-03 1.340276202680515220e-03 0.000000000000000000e+00 0.000000000000000000e+00 1.339818398659437275e-03 1.316489248735411288e-03 9.686818943433512120e-04 0.000000000000000000e+00
0.000000000000000000e+00 0.000000000000000000e+00 0.000000000000000000e+00 0.000000000000000000e+00 4.853232263111340733e-04 0.000000000000000000e+00 0.000000000000000000e+00 0.000000000000000000e+00 1.349144395066965724e-03 1.332908463570133721e-03 0.000000000000000000e+00 0.000000000000000000e+00 1.320781665252977527e-03 1.297415342429464671e-03 9.782406862294209561e-04 0.000000000000000000e+00
0.000000000000000000e+00 0.000000000000000000e+00 0.000000000000000000e+00 0.000000000000000000e+00 4.919279182469465462e-04 0.000000000000000000e+00 0.000000000000000000e+00 0.000000000000000000e+00 1.365237073516739402e-03 1.343106723545755806e-03 0.000000000000000000e+00 0.000000000000000000e+00 1.345415188689945158e-03 1.317891063725022726e-03 9.727322875853155028e-04 0.000000000000000000e+00
0.000000000000000000e+00 0.000000000000000000e+00 0.000000000000000000e+00 0.000000000000000000e+00 4.928369088589365380e-04 0.000000000000000000e+00 0.000000000000000000e+00 0.000000000000000000e+00 1.368896960652200238e-03 1.350542873484805468e-03 0.000000000000000000e+00 0.000000000000000000e+00 1.358012453679150692e-03 1.334283076699810692e-03 9.754700272243487348e-04 0.000000000000000000e+00
0.000000000000000000e+00 0.000000000000000000e+00 0.000000000000000000e+00 0.000000000000000000e+00 5.015911732970984756e-04 0.000000000000000000e+00 0.000000000000000000e+00 0.000000000000000000e+00 1.381821254770739535e-03 1.360096641293073640e-03 0.000000000000000000e+00 0.000000000000000000e+00 1.363493349879575742e-03 1.335780352408262031e-03 9.741695534972434709e-04 0.000000000000000000e+00
0.000000000000000000e+00 0.000000000000000000e+00 0.000000000000000000e+00 0.000000000000000000e+00 5.231977907886500422e-04 0.000000000000000000e+00 0.000000000000000000e+00 0.000000000000000000e+00 1.391241053819174687e-03 1.358746982081448585e-03 0.000000000000000000e+00 0.000000000000000000e+00 1.377292800340094124e-03 1.339713596611836295e-03 9.680041503411045394e-04 0.000000000000000000e+00
0.000000000000000000e+00 0.000000000000000000e+00 0.000000000000000000e+00 0.000000000000000000e+00 4.859435471636204757e-04 0.000000000000000000e+00 0.000000000000000000e+00 0.000000000000000000e+00 1.337290389113580859e-03 1.329403688174771777e-03 0.000000000000000000e+00 0.000000000000000000e+00 1.326556153428887002e-03 1.311151384269689836e-03 9.665859147453295620e-04 0.000000000000000000e+00
0.000000000000000000e+00 0.000000000000000000e+00 0.000000000000000000e+00 0.000000000000000000e+00 4.835801123094826248e-04 0.000000000000000000e+00 0.000000000000000000e+00 0.000000000000000000e+00 1.355174471596359625e-03 1.339739212465069790e-03 0.000000000000000000e+00 0.000000000000000000e+00 1.330463207336116420e-03 1.305619450374042581e-03 9.729216396704428805e-04 0.000000000000000000e+00
0.000000000000000000e+00 0.000000000000000000e+00 0.000000000000000000e+00 0.000000000000000000e+00 5.116110451102892339e-04 0.000000000000000000e+00 0.000000000000000000e+00 0.000000000000000000e+00 1.370237636347897180e-03 1.348414912645080638e-03 0.000000000000000000e+00 0.000000000000000000e+00 1.341239959064956288e-03 1.305498261292493056e-03 9.751951026259164353e-04 0.000000000000000000e+00
0.000000000000000000e+00 0.000000000000000000e+00 0.000000000000000000e+00 0.000000000000000000e+00 4.839997623131848383e-04 0.000000000000000000e+00 0.000000000000000000e+00 0.000000000000000000e+00 1.345721888557442928e-03 1.324827089183539452e-03 0.000000000000000000e+00 0.000000000000000000e+00 1.334329925813806461e-03 1.309925244666489304e-03 9.626570946092039439e-04 0.000000000000000000e+00
0.000000000000000000e+00 0.000000000000000000e+00 0.000000000000000000e+00 0.000000000000000000e+00 4.852068405571321064e-04 0.000000000000000000e+00 0.000000000000000000e+00 0.000000000000000000e+00 1.358277970155085139e-03 1.337700764817926265e-03 0.000000000000000000e+00 0.000000000000000000e+00 1.346339530236277627e-03 1.320841299391484376e-03 9.657269776006344262e-04 0.000000000000000000e+00
0.000000000000000000e+00 0.000000000000000000e+00 0.000000000000000000e+00 0.000000000000000000e+00 5.075575479091507273e-04 0.000000000000000000e+00 0.000000000000000000e+00 0.000000000000000000e+00 1.356654534264273120e-03 1.323163213396481505e-03 0.000000000000000000e+00 0.000000000000000000e+00 1.344153719421275215e-03 1.303648654756042486e-03 9.630924933186169956e-04 0.000000000000000000e+00
0.000000000000000000e+00 0.000000000000000000e+00 0.000000000000000000e+00 0.000000000000000000e+00 4.903612874399129393e-04 0.000000000000000000e+00 0.000000000000000000e+00 0.000000000000000000e+00 1.356672864639332310e-03 1.329798659531630789e-03 0.000000000000000000e+00 0.000000000000000000e+00 1.342494457914270587e-03 1.310856003792054128e-03 9.685592679994414539e-04 0.000000000000000000e+00
0.000000000000000000e+00 0.000000000000000000e+00 0.000000000000000000e+00 0.000000000000000000e+00 4.775777921974796785e-04 0.000000000000000000e+00 0.000000000000000000e+00 0.000000000000000000e+00 1.360633290463326983e-03 1.342474452210131505e-03 0.000000000000000000e+00 0.000000000000000000e+00 1.346982953331087507e-03 1.323044460541633258e-03 9.703005042930704137e-04 0.000000000000000000e+00
0.000000000000000000e+00 0.000000000000000000e+00 0.000000000000000000e+00 0.000000000000000000e+00 4.912435369875272923e-04 0.000000000000000000e+00 0.000000000000000000e+00 0.000000000000000000e+00 1.354437783910411846e-03 1.332359430330463078e-03 0.000000000000000000e+00 0.000000000000000000e+00 1.340371399325992986e-03 1.313930477114282373e-03 9.657559292454881731e-04 0.000000000000000000e+00
0.000000000000000000e+00 0.000000000000000000e+00 0.000000000000000000e+00 0.000000000000000000e+00 4.931047043150150154e-04 0.000000000000000000e+00 0.000000000000000000e+00 0.000000000000000000e+00 1.348714032793438310e-03 1.329936779667307374e-03 0.000000000000000000e+00 0.000000000000000000e+00 1.334598194300602942e-03 1.309693842332872735e-03 9.613389420065624391e-04 0.000000000000000000e+00
0.000000000000000000e+00 0.000000000000000000e+00 0.000000000000000000e+00 0.000000000000000000e+00 4.990658009467403887e-04 0.000000000000000000e+00 0.000000000000000000e+00 0.000000000000000000e+00 1.356670106507892925e-03 1.335538126462908551e-03 0.000000000000000000e+00 0.000000000000000000e+00 1.333086391950681366e-03 1.304565110352239000e-03 9.744443723220817853e-04 0.000000000000000000e+00
0.000000000000000000e+00 0.000000000000000000e+00 0.000000000000000000e+00 0.000000000000000000e+00 4.816492618924092983e-04 0.000000000000000000e+00 0.000000000000000000e+00 0.000000000000000000e+00 1.342782577486939175e-03 1.323100770746490950e-03 0.000000000000000000e+00 0.000000000000000000e+00 1.331942345079055630e-03 1.305790362459870527e-03 9.690973258922863914e-04 0.000000000000000000e+00
0.000000000000000000e+00 0.000000000000000000e+00 0.000000000000000000e+00 0.000000000000000000e+00 4.775123405434749616e-04 0.000000000000000000e+00 0.000000000000000000e+00 0.000000000000000000e+00 1.330422512197736639e-03 1.312954811320659818e-03 0.000000000000000000e+00 0.000000000000000000e+00 1.317595733376241644e-03 1.293201800906085925e-03 9.654999187326890808e-04 0.000000000000000000e+00
0.000000000000000000e+00 0.000000000000000000e+00 0.000000000000000000e+00 0.000000000000000000e+00 4.896380066991126495e-04 0.000000000000000000e+00 0.000000000000000000e+00 0.000000000000000000e+00 1.370912774913906002e-03 1.352529077739245697e-03 0.000000000000000000e+00 0.000000000000000000e+00 1.345507072923582880e-03 1.320930033835097158e-03 9.642735796196000124e-04 0.000000000000000000e+00
0.000000000000000000e+00 0.000000000000000000e+00 0.000000000000000000e+00 0.000000000000000000e+00 5.031228947955202835e-04 0.000000000000000000e+00 0.000000000000000000e+00 0.000000000000000000e+00 1.380223434294277707e-03 1.361245105243986779e-03 0.000000000000000000e+00 0.000000000000000000e+00 1.372045830344817982e-03 1.346497259040463444e-03 9.807019064642041005e-04 0.000000000000000000e+00
0.000000000000000000e+00 0.000000000000000000e+00 0.000000000000000000e+00 0.000000000000000000e+00 5.060454897366438139e-04 0.000000000000000000e+00 0.000000000000000000e+00 0.000000000000000000e+00 1.352384157288261286e-03 1.332496904221717104e-03 0.000000000000000000e+00 0.000000000000000000e+00 1.339451370465890353e-03 1.310217760823941631e-03 9.725556237998429993e-04 0.000000000000000000e+00
0.000000000000000000e+00 0.000000000000000000e+00 0.000000000000000000e+00 0.000000000000000000e+00 4.938439182763224890e-04 0.000000000000000000e+00 0.000000000000000000e+00 0.000000000000000000e+00 1.344749887039662110e-03 1.322215806434396757e-03 0.000000000000000000e+00 0.000000000000000000e+00 1.319145129972555588e-03 1.287224240872326215e-03 9.785625538185778981e-04 0.000000000000000000e+00
0.000000000000000000e+00 0.000000000000000000e+00 0.000000000000000000e+00 0.000000000000000000e+00 4.751390698459627459e-04 0.000000000000000000e+00 0.000000000000000000e+00 0.000000000000000000e+00 1.330702267077612209e-03 1.312417352610143091e-03 0.000000000000000000e+00 0.000000000000000000e+00 1.318469295359739986e-03 1.294681814042234662e-03 9.692836367684284958e-04 0.000000000000000000e+00
0.000000000000000000e+00 0.000000000000000000e+00 0.000000000000000000e+00 0.000000000000000000e+00 4.913156806745385243e-04 0.000000000000000000e+00 0.000000000000000000e+00 0.000000000000000000e+00 1.356336798429368714e-03 1.328685016129830783e-03 0.000000000000000000e+00 0.000000000000000000e+00 1.340387264993778181e-03 1.304494514355940228e-03 9.755186137253949201e-04 0.000000000000000000e+00
0.000000000000000000e+00 0.000000000000000000e+00 0.000000000000000000e+00 0.000000000000000000e+00 5.005934588001318070e-04 0.000000000000000000e+00 0.000000000000000000e+00 0.000000000000000000e+00 1.370252377553054981e-03 1.346669043479689024e-03 0.000000000000000000e+00 0.000000000000000000e+00 1.352918591529651479e-03 1.322352318864463425e-03 9.623839228394628648e-04 0.000000000000000000e+00
0.000000000000000000e+00 0.000000000000000000e+00 0.000000000000000000e+00 0.000000000000000000e+00 4.985353870716525450e-04 0.000000000000000000e+00 0.000000000000000000e+00 0.000000000000000000e+00 1.372826923558578089e-03 1.352379484005337669e-03 0.000000000000000000e+00 0.000000000000000000e+00 1.358098883786014498e-03 1.329693982955122960e-03 9.763906571613131542e-04 0.000000000000000000e+00
0.000000000000000000e+00 0.000000000000000000e+00 0.000000000000000000e+00 0.000000000000000000e+00 4.893824300891695851e-04 0.000000000000000000e+00 0.000000000000000000e+00 0.000000000000000000e+00 1.355915404993197904e-03 1.335133217573070304e-03 0.000000000000000000e+00 0.000000000000000000e+00 1.334058697634009968e-03 1.305686146683830142e-03 9.765274845686822006e-04 0.000000000000000000e+00
0.000000000000000000e+00 0.000000000000000000e+00 0.000000000000000000e+00 0.000000000000000000e+00 4.776760786732178548e-04 0.000000000000000000e+00 0.000000000000000000e+00 0.000000000000000000e+00 1.347903192795824566e-03 1.325817039152826565e-03 0.000000000000000000e+00 0.000000000000000000e+00 1.343640838189568429e-03 1.315402963280750325e-03 9.666415473179638083e-04 0.000000000000000000e+00
0.000000000000000000e+00 0.000000000000000000e+00 0.000000000000000000e+00 0.000000000000000000e+00 4.856877415297986651e-04 0.000000000000000000e+00 0.000000000000000000e+00 0.000000000000000000e+00 1.351247268405377216e-03 1.336874721204117959e-03 0.000000000000000000e+00 0.000000000000000000e+00 1.327955582929792348e-03 1.306031992048390083e-03 9.689057515739871217e-04 0.000000000000000000e+00
0.000000000000000000e+00 0.000000000000000000e+00 0.000000000000000000e+00 0.000000000000000000e+00 5.029012692508729419e-04 0.000000000000000000e+00 0.000000000000000000e+00 0.000000000000000000e+00 1.372975510392920005e-03 1.343973808599279807e-03 0.000000000000000000e+00 0.000000000000000000e+00 1.350661606691064753e-03 1.315642667896757762e-03 9.690231094941185877e-04 0.000000000000000000e+00
0.000000000000000000e+00 0.000000000000000000e+00 0.000000000000000000e+00 0.000000000000000000e+00 4.903717161711568543e-04 0.000000000000000000e+00 0.000000000000000000e+00 0.000000000000000000e+00 1.361725718805971387e-03 1.340376088256014803e-03 0.000000000000000000e+00 0.000000000000000000e+00 1.350554880282138319e-03 1.324912874085710200e-03 9.573664885609319128e-04 0.000000000000000000e+00
0.000000000000000000e+00 0.000000000000000000e+00 0.000000000000000000e+00 0.000000000000000000e+00 5.054774831529022881e-04 0.000000000000000000e+00 0.000000000000000000e+00 0.000000000000000000e+00 1.367362705337860822e-03 1.338455881144232995e-03 0.000000000000000000e+00 0.000000000000000000e+00 1.353387286081012345e-03 1.316826205704573491e-03 9.787442962323994293e-04 0.000000000000000000e+00
0.000000000000000000e+00 0.000000000000000000e+00 0.000000000000000000e+00 0.000000000000000000e+00 4.931789787842727479e-04 0.000000000000000000e+00 0.000000000000000000e+00 0.000000000000000000e+00 1.357294212872421071e-03 1.338035464517161287e-03 0.000000000000000000e+00 0.000000000000000000e+00 1.345208960479512845e-03 1.320712841390387846e-03 9.612757164542086105e-04 0.000000000000000000e+00
0.000000000000000000e+00 0.000000000000000000e+00 0.000000000000000000e+00 0.000000000000000000e+00 4.957028373749576685e-04 0.000000000000000000e+00 0.000000000000000000e+00 0.000000000000000000e+00 1.356441650816242158e-03 1.339240113341270619e-03 0.000000000000000000e+00 0.000000000000000000e+00 1.333409051542982582e-03 1.305599759572807599e-03 9.765058123213044223e-04 0.000000000000000000e+00
0.000000000000000000e+00 0.000000000000000000e+00 0.000000000000000000e+00 0.000000000000000000e+00 4.677375340716032103e-04 0.000000000000000000e+00 0.000000000000000000e+00 0.000000000000000000e+00 1.351462071679983886e-03 1.334628396150351051e-03 0.000000000000000000e+00 0.000000000000000000e+00 1.341794161687562097e-03 1.321307246978514977e-03 9.622959460462379320e-04 0.000000000000000000e+00
0.000000000000000000e+00 0.000000000000000000e+00 0.000000000000000000e+00 0.000000000000000000e+00 4.993773887330277142e-04 0.000000000000000000e+00 0.000000000000000000e+00 0.000000000000000000e+00 1.362588450654193730e-03 1.336216299922229293e-03 0.000000000000000000e+00 0.000000000000000000e+00 1.350162792505722742e-03 1.318498249836600172e-03 9.699074772575733009e-04 0.000000000000000000e+00
0.000000000000000000e+00 0.000000000000000000e+00 0.000000000000000000e+00 0.000000000000000000e+00 4.940044771041804178e-04 0.000000000000000000e+00 0.000000000000000000e+00 0.000000000000000000e+00 1.341938811254421915e-03 1.318536882112542226e-03 0.000000000000000000e+00 0.000000000000000000e+00 1.327831072711302494e-03 1.295710520538733692e-03 9.673215772439030039e-04 0.000000000000000000e+00
0.000000000000000000e+00 0.000000000000000000e+00 0.000000000000000000e+00 0.000000000000000000e+00 4.851093632636189535e-04 0.000000000000000000e+00 0.000000000000000000e+00 0.000000000000000000e+00 1.339132833205892341e-03 1.314520399659977433e-03 0.000000000000000000e+00 0.000000000000000000e+00 1.321170990961474320e-03 1.291958984363414083e-03 9.684773054581258386e-04 0.000000000000000000e+00
0.000000000000000000e+00 0.000000000000000000e+00 0.000000000000000000e+00 0.000000000000000000e+00 4.908914784572075826e-04 0.000000000000000000e+00 0.000000000000000000e+00 0.000000000000000000e+00 1.356274302581223293e-03 1.342559217546592182e-03 0.000000000000000000e+00 0.000000000000000000e+00 1.342523394729166000e-03 1.323551387640593737e-03 9.744502570927917945e-04 0.000000000000000000e+00
0.000000000000000000e+00 0.000000000000000000e+00 0.000000000000000000e+00 0.000000000000000000e+00 4.944163272804423482e-04 0.000000000000000000e+00 0.000000000000000000e+00 0.000000000000000000e+00 1.355022870458898968e-03 1.326003937636197711e-03 0.000000000000000000e+00 0.000000000000000000e+00 1.342083846614024753e-03 1.306501046508506091e-03 9.697181952262042904e-04 0.000000000000000000e+00
0.000000000000000000e+00 0.000000000000000000e+00 0.000000000000000000e+00 0.000000000000000000e+00 4.695331956814367716e-04 0.000000000000000000e+00 0.000000000000000000e+00 0.000000000000000000e+00 1.352938991696769552e-03 1.334066160432925696e-03 0.000000000000000000e+00 0.000000000000000000e+00 1.334454654439118024e-03 1.308086280527109542e-03 9.675984173951234163e-04 0.000000000000000000e+00
0.000000000000000000e+00 0.000000000000000000e+00 0.000000000000000000e+00 0.000000000000000000e+00 4.872991488286927079e-04 0.000000000000000000e+00 0.000000000000000000e+00 0.000000000000000000e+00 1.335670550786647367e-03 1.318865851842154551e-03 0.000000000000000000e+00 0.000000000000000000e+00 1.314078360215845207e-03 1.289545308765905436e-03 9.707599458307423611e-04 0.000000000000000000e+00
0.000000000000000000e+00 0.000000000000000000e+00 0.000000000000000000e+00 0.000000000000000000e+00 4.839782673332202649e-04 0.000000000000000000e+00 0.000000000000000000e+00 0.000000000000000000e+00 1.342706271368294957e-03 1.327831690926424384e-03 0.000000000000000000e+00 0.000000000000000000e+00 1.317906002943194281e-03 1.294638611612888672e-03 9.733370069528711217e-04 0.000000000000000000e+00
0.000000000000000000e+00 0.000000000000000000e+00 0.000000000000000000e+00 0.000000000000000000e+00 4.856871192496032478e-04 0.000000000000000000e+00 0.000000000000000000e+00 0.000000000000000000e+00 1.350528736893163387e-03 1.331366044051512281e-03 0.000000000000000000e+00 0.000000000000000000e+00 1.331916719841974486e-03 1.308058643326253994e-03 9.654268325470406623e-04 0.000000000000000000e+00
0.000000000000000000e+00 0.000000000000000000e+00 0.000000000000000000e+00 0.000000000000000000e+00 4.776128578385571135e-04 0.000000000000000000e+00 0.000000000000000000e+00 0.000000000000000000e+00 1.334717716371446126e-03 1.316751212760543461e-03 0.000000000000000000e+00 0.000000000000000000e+00 1.320238802131023983e-03 1.296996478725685091e-03 9.653954244201086183e-04 0.000000000000000000e+00
0.000000000000000000e+00 0.000000000000000000e+00 0.000000000000000000e+00 0.000000000000000000e+00 4.841146050401549201e-04 0.000000000000000000e+00 0.000000000000000000e+00 0.000000000000000000e+00 1.358960324633923028e-03 1.336628794903441326e-03 0.000000000000000000e+00 0.000000000000000000e+00 1.341991550550946689e-03 1.315233873534673919e-03 9.714165970374900958e-04 0.000000000000000000e+00
0.000000000000000000e+00 0.000000000000000000e+00 0.000000000000000000e+00 0.000000000000000000e+00 4.941533583455579763e-04 0.000000000000000000e+00 0.000000000000000000e+00 0.000000000000000000e+00 1.338490627789433191e-03 1.320288240227910671e-03 0.000000000000000000e+00 0.000000000000000000e+00 1.323500851742960473e-03 1.298065411635970041e-03 9.705578403364248331e-04 0.000000000000000000e+00
0.000000000000000000e+00 0.000000000000000000e+00 0.000000000000000000e+00 0.000000000000000000e+00 4.917691379442170035e-04 0.000000000000000000e+00 0.000000000000000000e+00 0.000000000000000000e+00 1.370988504109099584e-03 1.352436907601871309e-03 0.000000000000000000e+00 0.000000000000000000e+00 1.343220932036315535e-03 1.315397923251600222e-03 9.669910399564805598e-04 0.000000000000000000e+00
0.000000000000000000e+00 0.000000000000000000e+00 0.000000000000000000e+00 0.000000000000000000e+00 4.951155666551165660e-04 0.000000000000000000e+00 0.000000000000000000e+00 0.000000000000000000e+00 1.343584338161427994e-03 1.318726049709835306e-03 0.000000000000000000e+00 0.000000000000000000e+00 1.323906477158369368e-03 1.290858862432290926e-03 9.636450074626807085e-04 0.000000000000000000e+00
0.000000000000000000e+00 0.000000000000000000e+00 0.000000000000000000e+00 0.000000000000000000e+00 4.770743420637755996e-04 0.000000000000000000e+00 0.000000000000000000e+00 0.000000000000000000e+00 1.342758338563073946e-03 1.329584699809017133e-03 0.000000000000000000e+00 0.000000000000000000e+00 1.320117102910776897e-03 1.298312469859204746e-03 9.716244558616894678e-04 0.000000000000000000e+00
0.000000000000000000e+00 0.000000000000000000e+00 0.000000000000000000e+00 0.000000000000000000e+00 4.864668385357267632e-04 0.000000000000000000e+00 0.000000000000000000e+00 0.000000000000000000e+00 1.366746028916973913e-03 1.349031951533775269e-03 0.000000000000000000e+00 0.000000000000000000e+00 1.346550845797443979e-03 1.320981529682450830e-03 9.703108794830470974e-04 0.000000000000000000e+00
0.000000000000000000e+00 0.000000000000000000e+00 0.000000000000000000e+00 0.000000000000000000e+00 4.855618440503746999e-04 0.000000000000000000e+00 0.000000000000000000e+00 0.000000000000000000e+00 1.349435411030448784e-03 1.329025401290915382e-03 0.000000000000000000e+00 0.000000000000000000e+00 1.334565915599641474e-03 1.309415162956992489e-03 9.679853912986269467e-04 0.000000000000000000e+00
0.000000000000000000e+00 0.000000000000000000e+00 0.000000000000000000e+00 0.000000000000000000e+00 4.863573624422198784e-04 0.000000000000000000e+00 0.000000000000000000e+00 0.000000000000000000e+00 1.365213732508872672e-03 1.344037139628507724e-03 0.000000000000000000e+00 0.000000000000000000e+00 1.351058744162213872e-03 1.324509067576074483e-03 9.646723689165298890e-04 0.000000000000000000e+00
0.000000000000000000e+00 0.000000000000000000e+00 0.000000000000000000e+00 0.000000000000000000e+00 5.034364106988032089e-04 0.000000000000000000e+00 0.000000000000000000e+00 0.000000000000000000e+00 1.369960540328392633e-03 1.348176901995957501e-03 0.000000000000000000e+00 0.000000000000000000e+00 1.348436665685356179e-03 1.318520885962843996e-03 9.685844576276871369e-04 0.000000000000000000e+00
0.000000000000000000e+00 0.000000000000000000e+00 0.000000000000000000e+00 0.000000000000000000e+00 4.951126848228169699e-04 0.000000000000000000e+00 0.000000000000000000e+00 0.000000000000000000e+00 1.350372650876009413e-03 1.328266286303471421e-03 0.000000000000000000e+00 0.000000000000000000e+00 1.336075865730763056e-03 1.306600598262936362e-03 9.710435278366700900e-04 0.000000000000000000e+00
0.000000000000000000e+00 0.000000000000000000e+00 0.000000000000000000e+00 0.000000000000000000e+00 4.940082422850016223e-04 0.000000000000000000e+00 0.000000000000000000e+00 0.000000000000000000e+00 1.365762079318673123e-03 1.338673379744833528e-03 0.000000000000000000e+00 0.000000000000000000e+00 1.352704626888992252e-03 1.318170959859871942e-03 9.730749783340876665e-04 0.000000000000000000e+00
0.000000000000000000e+00 0.000000000000000000e+00 0.000000000000000000e+00 0.000000000000000000e+00 4.870349229130207592e-04 0.000000000000000000e+00 0.000000000000000000e+00 0.000000000000000000e+00 1.367076598539707652e-03 1.344115962469560107e-03 0.000000000000000000e+00 0.000000000000000000e+00 1.357377631451491895e-03 1.327638373755757372e-03 9.820296021493780340e-04 0.000000000000000000e+00
0.000000000000000000e+00 0.000000000000000000e+00 0.000000000000000000e+00 0.000000000000000000e+00 4.864723651040225904e-04 0.000000000000000000e+00 0.000000000000000000e+00 0.000000000000000000e+00 1.353656355961386842e-03 1.332806835880082346e-03 0.000000000000000000e+00 0.000000000000000000e+00 1.333404433567881523e-03 1.306306164279585728e-03 9.742067173372589593e-04 0.000000000000000000e+00
0.000000000000000000e+00 0.000000000000000000e+00 0.000000000000000000e+00 0.000000000000000000e+00 4.882403242829849873e-04 0.000000000000000000e+00 0.000000000000000000e+00 0.000000000000000000e+00 1.331993924749379568e-03 1.310088434456490583e-03 0.000000000000000000e+00 0.000000000000000000e+00 1.312884981584618331e-03 1.281895858391769467e-03 9.692120803515364086e-04 0.000000000000000000e+00
0.000000000000000000e+00 0.000000000000000000e+00 0.000000000000000000e+00 0.000000000000000000e+00 5.286989259805345174e-04 0.000000000000000000e+00 0.000000000000000000e+00 0.000000000000000000e+00 1.377153885988908208e-03 1.351796295388805807e-03 0.000000000000000000e+00 0.000000000000000000e+00 1.362674882179115482e-03 1.329184558044597692e-03 9.817780415576817660e-04 0.000000000000000000e+00
0.000000000000000000e+00 0.000000000000000000e+00 0.000000000000000000e+00 0.000000000000000000e+00 4.960835903411387393e-04 0.000000000000000000e+00 0.000000000000000000e+00 0.000000000000000000e+00 1.372821688649329165e-03 1.341229763729862110e-03 0.000000000000000000e+00 0.000000000000000000e+00 1.362651679818377469e-03 1.326164853509150627e-03 9.748586521105814589e-04 0.000000000000000000e+00
0.000000000000000000e+00 0.000000000000000000e+00 0.000000000000000000e+00 0.000000000000000000e+00 4.984899484656146046e-04 0.000000000000000000e+00 0.000000000000000000e+00 0.000000000000000000e+00 1.366479101792974311e-03 1.345716037718508928e-03 0.000000000000000000e+00 0.000000000000000000e+00 1.345476499053308191e-03 1.318067583118916674e-03 9.591413941492565789e-04 0.000000000000000000e+00
0.000000000000000000e+00 0.000000000000000000e+00 0.000000000000000000e+00 0.000000000000000000e+00 5.007905792941898552e-04 0.000000000000000000e+00 0.000000000000000000e+00 0.000000000000000000e+00 1.378778343998665265e-03 1.354746269841659205e-03 0.000000000000000000e+00 0.000000000000000000e+00 1.368618767042942882e-03 1.338521950505661877e-03 9.625819029369124188e-04 0.000000000000000000e+00
0.000000000000000000e+00 0.000000000000000000e+00 0.000000000000000000e+00 0.000000000000000000e+00 4.800140690027774660e-04 0.000000000000000000e+00 0.000000000000000000e+00 0.000000000000000000e+00 1.350797692331267555e-03 1.330838577458707574e-03 0.000000000000000000e+00 0.000000000000000000e+00 1.334351198657357171e-03 1.308435395037782153e-03 9.714511442341558891e-04 0.000000000000000000e+00
0.000000000000000000e+00 0.000000000000000000e+00 0.000000000000000000e+00 0.000000000000000000e+00 4.931882259106195113e-04 0.000000000000000000e+00 0.000000000000000000e+00 0.000000000000000000e+00 1.371249729937255770e-03 1.339806257072936315e-03 0.000000000000000000e+00 0.000000000000000000e+00 1.344956913724040240e-03 1.305793880121243217e-03 9.519565054722117260e-04 0.000000000000000000e+00
0.000000000000000000e+00 0.000000000000000000e+00 0.000000000000000000e+00 0.000000000000000000e+00 4.979107046414341315e-04 0.000000000000000000e+00 0.000000000000000000e+00 0.000000000000000000e+00 1.338738019275177065e-03 1.312291804456984685e-03 0.000000000000000000e+00 0.000000000000000000e+00 1.317513004755883161e-03 1.286826161932082355e-03 9.568771380101912406e-04 0.000000000000000000e+00
0.000000000000000000e+00 0.000000000000000000e+00 0.000000000000000000e+00 0.000000000000000000e+00 5.165645514312336385e-04 0.000000000000000000e+00 0.000000000000000000e+00 0.000000000000000000e+00 1.395531527921030877e-03 1.367756320924923275e-03 0.000000000000000000e+00 0.000000000000000000e+00 1.373866221283789315e-03 1.340910621298667090e-03 9.800647626691365039e-04 0.000000000000000000e+00
0.000000000000000000e+00 0.000000000000000000e+00 0.000000000000000000e+00 0.000000000000000000e+00 5.056212780347167125e-04 0.000000000000000000e+00 0.000000000000000000e+00 0.000000000000000000e+00 1.375155286664522065e-03 1.351610041565497406e-03 0.000000000000000000e+00 0.000000000000000000e+00 1.358174585389587685e-03 1.328696936129097070e-03 9.662565793209618344e-04 0.000000000000000000e+00
0.000000000000000000e+00 0.000000000000000000e+00 0.000000000000000000e+00 0.000000000000000000e+00 5.024446129993480076e-04 0.000000000000000000e+00 0.000000000000000000e+00 0.000000000000000000e+00 1.362641362596842898e-03 1.336610328571519396e-03 0.000000000000000000e+00 0.000000000000000000e+00 1.340995630331697202e-03 1.306182527372539435e-03 9.649705542192722535e-04 0.000000000000000000e+00
0.000000000000000000e+00 0.000000000000000000e+00 0.000000000000000000e+00 0.000000000000000000e+00 4.984618175937533978e-04 0.000000000000000000e+00 0.000000000000000000e+00 0.000000000000000000e+00 1.382209777519512010e-03 1.355113482762997567e-03 0.000000000000000000e+00 0.000000000000000000e+00 1.366163392689934706e-03 1.333971397496068381e-03 9.687793953995014595e-04 0.000000000000000000e+00
0.000000000000000000e+00 0.000000000000000000e+00 0.000000000000000000e+00 0.000000000000000000e+00 5.013731917494628236e-04 0.000000000000000000e+00 0.000000000000000000e+00 0.000000000000000000e+00 1.373858916562556908e-03 1.345372210781633745e-03 0.000000000000000000e+00 0.000000000000000000e+00 1.346762742416212537e-03 1.307402832080272565e-03 9.770769619471685215e-04 0.000000000000000000e+00
0.000000000000000000e+00 0.000000000000000000e+00 0.000000000000000000e+00 0.000000000000000000e+00 4.943188610413897649e-04 0.000000000000000000e+00 0.000000000000000000e+00 0.000000000000000000e+00 1.350520979902467564e-03 1.325465182919566493e-03 0.000000000000000000e+00 0.000000000000000000e+00 1.333692557036293648e-03 1.302136059112183426e-03 9.583775335835962011e-04 0.000000000000000000e+00
0.000000000000000000e+00 0.000000000000000000e+00 0.000000000000000000e+00 0.000000000000000000e+00 4.961699632417076143e-04 0.000000000000000000e+00 0.000000000000000000e+00 0.000000000000000000e+00 1.337956671376497103e-03 1.313915817730040066e-03 0.000000000000000000e+00 0.000000000000000000e+00 1.322255173326377167e-03 1.291849803861905071e-03 9.704983338065838053e-04 0.000000000000000000e+00
0.000000000000000000e+00 0.000000000000000000e+00 0.000000000000000000e+00 0.000000000000000000e+00 4.865780832067852007e-04 0.000000000000000000e+00 0.000000000000000000e+00 0.000000000000000000e+00 1.338802840503612070e-03 1.321027486348268741e-03 0.000000000000000000e+00 0.000000000000000000e+00 1.317042144509559306e-03 1.291254143198475573e-03 9.653662345601371009e-04 0.000000000000000000e+00
0.000000000000000000e+00 0.000000000000000000e+00 0.000000000000000000e+00 0.000000000000000000e+00 4.942172234858765350e-04 0.000000000000000000e+00 0.000000000000000000e+00 0.000000000000000000e+00 1.366613921081669082e-03 1.346336569132530010e-03 0.000000000000000000e+00 0.000000000000000000e+00 1.343214169765490637e-03 1.315108266887950487e-03 9.821820816647854578e-04 0.000000000000000000e+00
0.000000000000000000e+00 0.000000000000000000e+00 0.000000000000000000e+00 0.000000000000000000e+00 5.040801552510653250e-04 0.000000000000000000e+00 0.000000000000000000e+00 0.000000000000000000e+00 1.380675978443943967e-03 1.362020089317446912e-03 0.000000000000000000e+00 0.000000000000000000e+00 1.364068854116998446e-03 1.336358257627207925e-03 9.773706616754238453e-04 0.000000000000000000e+00
0.000000000000000000e+00 0.000000000000000000e+00 0.000000000000000000e+00 0.000000000000000000e+00 4.922301948451344609e-04 0.000000000000000000e+00 0.000000000000000000e+00 0.000000000000000000e+00 1.367648717012577304e-03 1.350609119091784622e-03 0.000000000000000000e+00 0.000000000000000000e+00 1.345822733595121922e-03 1.321266784910175027e-03 9.674798112727971350e-04 0.000000000000000000e+00
0.000000000000000000e+00 0.000000000000000000e+00 0.000000000000000000e+00 0.000000000000000000e+00 4.937542315038563438e-04 0.000000000000000000e+00 0.000000000000000000e+00 0.000000000000000000e+00 1.342821796290267784e-03 1.318861113899920477e-03 0.000000000000000000e+00 0.000000000000000000e+00 1.328568376137559057e-03 1.300025246914472601e-03 9.713860718175080762e-04 0.000000000000000000e+00
0.000000000000000000e+00 0.000000000000000000e+00 0.000000000000000000e+00 0.000000000000000000e+00 4.793241154470611926e-04 0.000000000000000000e+00 0.000000000000000000e+00 0.000000000000000000e+00 1.365843996459757204e-03 1.348006617688095234e-03 0.000000000000000000e+00 0.000000000000000000e+00 1.347713638011973063e-03 1.323242037854888793e-03 9.672744630690969115e-04 0.000000000000000000e+00
0.000000000000000000e+00 0.000000000000000000e+00 0.000000000000000000e+00 0.000000000000000000e+00 4.967579821864875379e-04 0.000000000000000000e+00 0.000000000000000000e+00 0.000000000000000000e+00 1.342116091572698395e-03 1.318709457329846025e-03 0.000000000000000000e+00 0.000000000000000000e+00 1.325178335813018441e-03 1.294887578074152340e-03 9.657641233958238645e-04 0.000000000000000000e+00
0.000000000000000000e+00 0.000000000000000000e+00 0.000000000000000000e+00 0.000000000000000000e+00 5.021844918813382066e-04 0.000000000000000000e+00 0.000000000000000000e+00 0.000000000000000000e+00 1.354084004063420580e-03 1.332326520985707046e-03 0.000000000000000000e+00 0.000000000000000000e+00 1.343416266336996782e-03 1.317247651700550852e-03 9.683169065524209040e-04 0.000000000000000000e+00
0.000000000000000000e+00 0.000000000000000000e+00 0.000000000000000000e+00 0.000000000000000000e+00 4.961524361343787499e-04 0.000000000000000000e+00 0.000000000000000000e+00 0.000000000000000000e+00 1.389332773406706583e-03 1.365078095835147148e-03 0.000000000000000000e+00 0.000000000000000000e+00 1.371843455253341296e-03 1.342446293459819339e-03 9.734981805963569294e-04 0.000000000000000000e+00
0.000000000000000000e+00 0.000000000000000000e+00 0.000000000000000000e+00 0.000000000000000000e+00 4.695628478909742026e-04 0.000000000000000000e+00 0.000000000000000000e+00 0.000000000000000000e+00 1.337399037136594113e-03 1.321419447644491029e-03 0.000000000000000000e+00 0.000000000000000000e+00 1.321075643139978453e-03 1.297716792357382588e-03 9.762771321487593874e-04 0.000000000000000000e+00
0.000000000000000000e+00 0.000000000000000000e+00 0.000000000000000000e+00 0.000000000000000000e+00 4.868796927083612783e-04 0.000000000000000000e+00 0.000000000000000000e+00 0.000000000000000000e+00 1.353454763164903480e-03 1.334953850609076715e-03 0.000000000000000000e+00 0.000000000000000000e+00 1.339444947774481691e-03 1.315570737346145359e-03 9.665482239337640181e-04 0.000000000000000000e+00
0.000000000000000000e+00 0.000000000000000000e+00 0.000000000000000000e+00 0.000000000000000000e+00 4.868501127254449613e-04 0.000000000000000000e+00 0.000000000000000000e+00 0.000000000000000000e+00 1.353129623851333230e-03 1.333561681695580011e-03 0.000000000000000000e+00 0.000000000000000000e+00 1.324004119424519255e-03 1.296920522040971016e-03 9.695680623118405539e-04 0.000000000000000000e+00
0.000000000000000000e+00 0.000000000000000000e+00 0.000000000000000000e+00 0.000000000000000000e+00 4.959881141319462394e-04 0.000000000000000000e+00 0.000000000000000000e+00 0.000000000000000000e+00 1.345359435562245090e-03 1.322481245355855341e-03 0.000000000000000000e+00 0.000000000000000000e+00 1.330189436256276831e-03 1.301916894841475625e-03 9.661140763739284624e-04 0.000000000000000000e+00
0.000000000000000000e+00 0.000000000000000000e+00 0.000000000000000000e+00 0.000000000000000000e+00 4.998016970472688846e-04 0.000000000000000000e+00 0.000000000000000000e+00 0.000000000000000000e+00 1.351161256411870714e-03 1.330899492486299109e-03 0.000000000000000000e+00 0.000000000000000000e+00 1.336301187359656244e-03 1.307829512924228634e-03 9.670832375580807206e-04 0.000000000000000000e+00
0.000000000000000000e+00 0.000000000000000000e+00 0.000000000000000000e+00 0.000000000000000000e+00 4.972721678604634767e-04 0.000000000000000000e+00 0.000000000000000000e+00 0.000000000000000000e+00 1.379415400960738725e-03 1.348896288711136848e-03 0.000000000000000000e+00 0.000000000000000000e+00 1.376982423509270090e-03 1.345449952182897931e-03 9.649249348789800361e-04 0.000000000000000000e+00
0.000000000000000000e+00 0.000000000000000000e+00 0.000000000000000000e+00 0.000000000000000000e+00 4.952407246945933787e-04 0.000000000000000000e+00 0.000000000000000000e+00 0.000000000000000000e+00 1.366900195440745071e-03 1.348050606304208388e-03 0.000000000000000000e+00 0.000000000000000000e+00 1.351925806240052716e-03 1.326451458347173993e-03 9.647221466919062320e-04 0.000000000000000000e+00
0.000000000000000000e+00 0.000000000000000000e+00 0.000000000000000000e+00 0.000000000000000000e+00 4.902392064086811153e-04 0.000000000000000000e+00 0.000000000000000000e+00 0.000000000000000000e+00 1.368536806143729519e-03 1.353254739292810045e-03 0.000000000000000000e+00 0.000000000000000000e+00 1.352772262865507488e-03 1.330622393880502271e-03 9.688804065913548570e-04 0.000000000000000000e+00
0.000000000000000000e+00 0.000000000000000000e+00 0.000000000000000000e+00 0.000000000000000000e+00 4.854489563518292494e-04 0.000000000000000000e+00 0.000000000000000000e+00 0.000000000000000000e+00 1.347085834137498692e-03 1.327493859003901983e-03 0.000000000000000000e+00 0.000000000000000000e+00 1.330852179888918855e-03 1.306783364093605689e-03 9.673654927137119311e-04 0.000000000000000000e+00
