4.804436079223483519e-07 3.933867921885652180e-07 5.714621645772225909e-07 6.614720761488233380e-07 6.724757727217779628e-07 5.739806285103696011e-07 5.287941768773988336e-07 5.377346291870026350e-07 5.038536798493293132e-07 4.279374393251200774e-07 4.138558972216424964e-07 3.872740741865753728e-07 3.752276901867508501e-07 3.422393261474119657e-07 2.972985157989849587e-07 3.463724098083027902e-07 3.536069124656280628e-07 3.333338880322317241e-07 3.371749312041664273e-07 3.443149231293624270e-07 3.751520839660513002e-07
6.578291642186175029e-07 6.692485130758664049e-07 6.193074270030312019e-07 5.734235542855775653e-07 5.840165855535567414e-07 6.653461852652186588e-07 6.336775701479352771e-07 5.670931982187648253e-07 5.052648438680682739e-07 4.646575415109881963e-07 3.459236662138572644e-07 2.742092144835474713e-07 2.819529350626813507e-07 3.094928979045835695e-07 3.155660899633064438e-07 3.104631920136019467e-07 2.955174104520742061e-07 3.308719551107337243e-07 3.310695682797982566e-07 3.283057109746026293e-07 3.647641347393717835e-07
3.409159151260530241e-07 3.415284709094174237e-07 5.207296880395117160e-07 6.084817758054969263e-07 5.914545952854191976e-07 5.805270702716205269e-07 5.331374555375827487e-07 5.057370876580034057e-07 4.762824545728642462e-07 4.459933901929123367e-07 4.591348470657877941e-07 3.681913869223888780e-07 3.416629108807410185e-07 3.679326226148481091e-07 3.459082565864108935e-07 3.617503975294437977e-07 3.465176938032560655e-07 3.337094878559229620e-07 3.477529327448238327e-07 3.544877418196080365e-07 3.662535025108244330e-07
4.451226115641253722e-07 5.455863623332831015e-07 6.828261374648804772e-07 6.951199094466770353e-07 7.285264889154556781e-07 6.837900733577863040e-07 6.214281670516351232e-07 5.915476766931614848e-07 6.532424225227281617e-07 5.364175921388161353e-07 5.199043999484533498e-07 4.843107732030501808e-07 4.388961830510076526e-07 4.221704562674258650e-07 3.811840505104599091e-07 3.998451560560079110e-07 4.026978496426672487e-07 3.630500362127202909e-07 3.497346266000311464e-07 3.682950935058690633e-07 3.641035026158569393e-07
8.117974853602636388e-07 7.606909967515235544e-07 8.331675008632187667e-07 7.126490202066366628e-07 7.202915495694651810e-07 7.073003381177568985e-07 6.926511507057457219e-07 7.009550781411141380e-07 6.461184772695081480e-07 4.816871541189269927e-07 4.674406819926806240e-07 4.051025354356193355e-07 3.748515256006557572e-07 4.492477230832307029e-07 3.517664308163642661e-07 4.009342622448033540e-07 3.828664394997146969e-07 3.999462832861372001e-07 3.934912370189502965e-07 3.907567113001181928e-07 3.750035995325575019e-07
3.578934106131547286e-07 4.249927513113594871e-07 5.780615111187134192e-07 6.225856580261541977e-07 6.095183332056565912e-07 5.526904613911711831e-07 4.992734547339609103e-07 4.484933759054364795e-07 3.795544602125442962e-07 3.763772461523338479e-07 3.099004207164356907e-07 3.413015790748797533e-07 3.173229528262597818e-07 3.565002897371370783e-07 3.080434442833009658e-07 2.997482924879659588e-07 3.142226655831921333e-07 3.094525879257097306e-07 3.181130127640186908e-07 3.101432556211937391e-07 2.962218512528431259e-07
3.932144069713777083e-07 4.584398342665495169e-07 4.458683507094750134e-07 5.077397599436597577e-07 5.152149955338291013e-07 5.126148526962092619e-07 4.852256628174283499e-07 4.547829270238514187e-07 4.182398186572843784e-07 3.777685046823574075e-07 3.944774565577681309e-07 3.296569757136160867e-07 2.457057858576941846e-07 2.595271653273657220e-07 2.868596970066325080e-07 2.440590009326295989e-07 3.005483376716603116e-07 2.922816774012009300e-07 3.006866927347130885e-07 2.900340236360938896e-07 3.176360276376395386e-07
6.435836794995552049e-07 6.011269312772225757e-07 6.795264641941350631e-07 6.634869164660601364e-07 6.583966828721811972e-07 7.076988171814851347e-07 5.692748912648947002e-07 5.803980178923349053e-07 4.940631212089750029e-07 4.453243696976004929e-07 3.620880138408621802e-07 2.658959152102170308e-07 3.066145665716270768e-07 3.129450887735582148e-07 3.253228580982524820e-07 3.178620112309620665e-07 3.444305961082866632e-07 3.624119834679161614e-07 3.358183546999490742e-07 3.413654388315085411e-07 3.620717257147552227e-07
4.835659059429647257e-07 4.912732092776076088e-07 6.921064685388520472e-07 7.976752815940272908e-07 8.272129394649878693e-07 8.024229831877585932e-07 7.264133559157695635e-07 7.073765778843909609e-07 6.639575368994976714e-07 5.427580818330219615e-07 4.792809147608044848e-07 4.746310408158069946e-07 4.683653385925240385e-07 4.731131790905685977e-07 4.882344361612802840e-07 4.201461066895455636e-07 4.267187055443616712e-07 4.291513546902706965e-07 4.281431243415339786e-07 4.272329158141098693e-07 4.184423357084146621e-07
6.262158967598765332e-07 6.164696298805207039e-07 6.704523626995852271e-07 6.135188765985888694e-07 6.772573504065467376e-07 6.550426551888150959e-07 6.722920319861333355e-07 5.913717451933457104e-07 4.981311664492017109e-07 3.972157140801732794e-07 3.775123469198593415e-07 3.497520203578182562e-07 3.029935429858517206e-07 3.080339575373436663e-07 3.365030363008292873e-07 3.554265915118936370e-07 3.405969922882827534e-07 3.305974691063307321e-07 3.454813221283313928e-07 3.370977992011192160e-07 3.531517193005332168e-07
5.243509238372665184e-07 4.578261263224175791e-07 5.574385531765545278e-07 6.380999284688771326e-07 6.696865190723295550e-07 6.494070227160861403e-07 6.021548679970687419e-07 5.956160926264019286e-07 5.693024938218770610e-07 4.988384068169225937e-07 5.064847331450293349e-07 4.705392219473201228e-07 3.477325198330139530e-07 3.792911754739874919e-07 3.338881899165089478e-07 3.529876588380720410e-07 3.858917737731565824e-07 3.865245462647345057e-07 3.741187818011817199e-07 3.734020083607752344e-07 3.825126444082450629e-07
9.928907705560149056e-07 8.539746042595765173e-07 8.036766710059315616e-07 7.851832716271595005e-07 7.598723870711617963e-07 6.831069663913949058e-07 7.169463657111498244e-07 8.484076664242342964e-07 6.588870785976838986e-07 5.494939018199120062e-07 4.531263707356950681e-07 3.984399272597528305e-07 3.868149656612320006e-07 4.478637527348620083e-07 4.044369079862448144e-07 3.923330292072047955e-07 3.765810847218060240e-07 4.072799386897075539e-07 3.892301791537498863e-07 3.955476295839921001e-07 3.694819212297109718e-07
7.842822340535816993e-07 7.063778436958480617e-07 7.937776511936953192e-07 7.994886378795403776e-07 8.814041532256999441e-07 7.523284723190562712e-07 7.524051641478080757e-07 7.299397927357676754e-07 6.020901598848529762e-07 5.231056047832353970e-07 5.132111340366220636e-07 5.243861619016005002e-07 4.628230631721600866e-07 5.013530761990271336e-07 4.865254831466147617e-07 4.276060894791025372e-07 4.442117258041788398e-07 4.103376588992794035e-07 4.149228531873336036e-07 4.237493472824726034e-07 4.034337311475602746e-07
5.145937425228402709e-07 4.875909616128159818e-07 5.194923105629821592e-07 6.719492457984544357e-07 7.064781029245777624e-07 6.721203293486000506e-07 5.470155881314519105e-07 5.638824483471264668e-07 5.151332598335944496e-07 4.734232305006995227e-07 4.084769855070190833e-07 3.214957793963963859e-07 3.685129765471091733e-07 4.261974172810798817e-07 3.675707785531661606e-07 3.589876079687366151e-07 3.615992918582255126e-07 3.463916392506311561e-07 3.323775189756386598e-07 3.477191827791837455e-07 3.274431009915969551e-07
5.280586527367484225e-07 5.863979406180562794e-07 7.886219117081555698e-07 8.947905848848383916e-07 8.104774175682973164e-07 7.233533518279545971e-07 6.334739789607390717e-07 6.734877727323718926e-07 4.633289420974053286e-07 4.349545520202662779e-07 3.971172099454375678e-07 3.940837983363850055e-07 3.866550078232195582e-07 3.166947797174186789e-07 3.084543008854833926e-07 3.399744746686891772e-07 3.469430096443190815e-07 3.068884037292890621e-07 3.108832406830583162e-07 3.209030102224463978e-07 3.394398507398720158e-07
7.493515249479357398e-07 7.880010002653943116e-07 9.562865597779073366e-07 1.049328837216896712e-06 9.754418476928179811e-07 8.764831634606923360e-07 8.487377275561072809e-07 8.285933812574794003e-07 7.080345151123851664e-07 5.572560600666555668e-07 5.385096910845583595e-07 5.077795112836098557e-07 4.871735678972794807e-07 4.675677776946974930e-07 3.973633826199172011e-07 4.183461501363241767e-07 4.011804379467630764e-07 3.756032959242268083e-07 3.799960880132721179e-07 3.937006438194150027e-07 3.779289304722720935e-07
4.242422435512532006e-07 4.964897268027290275e-07 5.681624913064771767e-07 6.185559773916807067e-07 6.704834486864577017e-07 6.632968643660444642e-07 6.068374653025795601e-07 5.729209291501633304e-07 4.593776828449363128e-07 4.892212371968142164e-07 3.876406057336369606e-07 3.830550872728156101e-07 3.724521580304696508e-07 3.230351013133845910e-07 3.656255471200162230e-07 3.536054954751940774e-07 3.488604893484900957e-07 3.255068762137682505e-07 3.455283437863289238e-07 3.344416966023223564e-07 3.174784262003180138e-07
7.427166416541258662e-07 7.585430189470618249e-07 6.436425173747786577e-07 6.332643117075089011e-07 5.837509423488473945e-07 5.686865495208362916e-07 6.118593812534172814e-07 5.531946097333164274e-07 4.712411927679899097e-07 4.052363575182872987e-07 3.416271638381108330e-07 3.068340518237560381e-07 3.325716807906293135e-07 3.345233642051741776e-07 3.634081650388548939e-07 3.399431882331415132e-07 3.208030302731688074e-07 3.356375350222920658e-07 3.338273701404607812e-07 3.300726193908403394e-07 3.333410660947321067e-07
5.985055018269059777e-07 5.050816380205759454e-07 5.590883898119272349e-07 6.469652258647188551e-07 6.356841888695298612e-07 6.671678038422623873e-07 6.080250805612236680e-07 6.130772939831204455e-07 5.792876957751608758e-07 4.692190448881146691e-07 3.442172147561379474e-07 3.157557629215293846e-07 2.955686868565725404e-07 3.021351260525082398e-07 3.321232762237813508e-07 3.481264232174316395e-07 3.224966684530193914e-07 2.915557412421189752e-07 2.791875685711947816e-07 2.735950348158635113e-07 2.934655881360334151e-07
3.496973783090366680e-07 3.676110585350243053e-07 5.394965797668762722e-07 5.804754953959062010e-07 6.226676718387705894e-07 6.533348877728366534e-07 5.734824424669480234e-07 5.642123199092810172e-07 5.028901954503282341e-07 4.857316871133124952e-07 5.218372737678764747e-07 4.580867274749109720e-07 3.894815155542519930e-07 4.024283512980049693e-07 3.623965681661939593e-07 4.148756106687677996e-07 3.948784772117133247e-07 3.945475596488283844e-07 3.767503570788616857e-07 3.859541876034414451e-07 3.650046132480269741e-07
6.962724585974569622e-07 7.505648156733467389e-07 7.432514042354060724e-07 7.213128335707546737e-07 7.124550750305386515e-07 7.388940353133588794e-07 7.394771237608542214e-07 7.207473718703920357e-07 5.820321664874669319e-07 4.974091357587562231e-07 3.510872005600307190e-07 3.227699533402091547e-07 3.923238432912416638e-07 4.003482307744035710e-07 4.103094311080090093e-07 3.346591629429376550e-07 3.386861210772597627e-07 3.733234157703164954e-07 3.602818485052830266e-07 3.630530226407810224e-07 3.708612011799441451e-07
5.198626204326303619e-07 5.799540072046710909e-07 6.597284245696625782e-07 7.229247058245440490e-07 7.529656637487180340e-07 7.130498217515511401e-07 6.467074061284871282e-07 6.223136977234500817e-07 6.455150829994266416e-07 5.151001663563784387e-07 4.781819379320467289e-07 4.512645358696823620e-07 4.665073667817645461e-07 4.800163708282183807e-07 4.630650450359669798e-07 3.579622020901554384e-07 3.790202964875837994e-07 3.523268228847677275e-07 3.589761035162143309e-07 3.688433394798699478e-07 3.882804818144394680e-07
6.232887423655485636e-07 5.161283810149506147e-07 6.036339789669904318e-07 7.332003914424515410e-07 7.334408882025791793e-07 6.859532454180257845e-07 6.423641274683032131e-07 5.927572057543951188e-07 5.250016757991205193e-07 4.324457251628467312e-07 3.611768018974198121e-07 3.239094787654977202e-07 3.383600451925507835e-07 4.018928511632105696e-07 4.204760992523500684e-07 3.966891721026067138e-07 3.907281740662326287e-07 3.832076657687808690e-07 3.862865297876687577e-07 3.875626821349207536e-07 3.922722918095988063e-07
6.104092630305059424e-07 6.002063693610246160e-07 6.956123713890189835e-07 7.509309862341348801e-07 7.194946199553370342e-07 6.063143582528956761e-07 5.943505391545507116e-07 5.876991751346908118e-07 5.433176115457874664e-07 4.698880653834265129e-07 4.149217390706387039e-07 3.873937617585968986e-07 4.148445006606367226e-07 3.498886480728753639e-07 3.751206871276121746e-07 2.888352455371945360e-07 3.187879482086582870e-07 3.316809853972117488e-07 3.183483884124026776e-07 3.271277458921270400e-07 3.349877547803115426e-07
1.525242583071110763e-06 1.258101285470450330e-06 8.327550417043756164e-07 7.595947995982528910e-07 8.355807004133330928e-07 7.550039746040892739e-07 9.023500735177532072e-07 6.738616271694804396e-07 5.926694235390646821e-07 5.642275577280305847e-07 4.675235194420844949e-07 5.135270082317282751e-07 4.223976746160137671e-07 3.496316080081740245e-07 3.376892113571882335e-07 3.574624647007314221e-07 3.750872263732755100e-07 3.405034504940204584e-07 3.681436558357447345e-07 3.510601615632491398e-07 3.429997426786941004e-07
6.002617944635026747e-07 5.906938962269797383e-07 7.818163355872431135e-07 8.583219751428533671e-07 8.735676786867734145e-07 8.013983227381715489e-07 6.478271576580658343e-07 7.365592154163373769e-07 6.822053474866391966e-07 4.937979455851978030e-07 5.606935600349098508e-07 5.537046300647135837e-07 4.370153601205320819e-07 3.400913756067365639e-07 3.163619751624118173e-07 3.987546405683139938e-07 4.110147229936852693e-07 3.960389435837655999e-07 3.841679484334154294e-07 3.903951242763592651e-07 3.898958921638100754e-07
2.056228390202186943e-06 2.286368945863494334e-06 1.549402830194396642e-06 9.925103402708206273e-07 9.750433828857540136e-07 1.064166802476728115e-06 1.258906106027231313e-06 8.577540273519488180e-07 7.406372700280781264e-07 7.338926758402496740e-07 4.873548048293665292e-07 3.943580823556010770e-07 3.885903218853257324e-07 4.123624737985912311e-07 4.335058496093381900e-07 4.339149569283281294e-07 4.141930693007845171e-07 4.158796420804347920e-07 4.417931406984277358e-07 4.170359296358519470e-07 3.868052979970188121e-07
6.010423689686567152e-07 5.050816380205759454e-07 5.512516657939068498e-07 6.058624833930892048e-07 5.954392433560598256e-07 6.454791576593356271e-07 6.022566635906668446e-07 6.338152195239082099e-07 5.678232046436127843e-07 5.399451547504606146e-07 5.000841595544251121e-07 4.447290957390888009e-07 3.552188982076825259e-07 3.301846231130398263e-07 3.781817840472481614e-07 4.048476034262825283e-07 4.052239885106224159e-07 3.975457729688960259e-07 3.978083398880325678e-07 3.885366428799112775e-07 3.712683455316495405e-07
8.730725840148604769e-07 7.873872923212623738e-07 5.988906986402938327e-07 6.487785821502318361e-07 6.545448564038952957e-07 6.196349440975278878e-07 6.556314865005838646e-07 4.973583499792758548e-07 4.224927750447942004e-07 4.083685898372475066e-07 3.462550160114726951e-07 3.357934572708044913e-07 3.184426576923466138e-07 3.386479052433907373e-07 3.203696206451665207e-07 3.253231214596378724e-07 3.380640754786373111e-07 3.205677445188370485e-07 3.331150939521876360e-07 3.113854582318319374e-07 2.825250783465966329e-07
5.471827281130238971e-07 5.679867022940984619e-07 7.137605743781188672e-07 7.491176299486217933e-07 7.445979028003728106e-07 7.568255931811330024e-07 6.951281768166319346e-07 6.909929569640443002e-07 6.383327447523276496e-07 5.392229167157489518e-07 5.030883977194714222e-07 4.669810101707626637e-07 4.278590922281516160e-07 4.281942377837133058e-07 3.878108470450781192e-07 4.348811722531704222e-07 3.818719460052131528e-07 3.857876546119108705e-07 3.913994249241540258e-07 4.004252748040816554e-07 4.101214567072698739e-07
3.817009330203547638e-07 4.121048844845890043e-07 4.945385314529699250e-07 5.081427280071070750e-07 5.063159481760650780e-07 4.974157226940007316e-07 4.620501993416029005e-07 4.592691802691544060e-07 4.385703126927716866e-07 3.705613293464975753e-07 3.350112128790565459e-07 2.635295921717075878e-07 2.983565234619316077e-07 3.019233059991895695e-07 3.328038919920066547e-07 3.160975690099839782e-07 3.326454499943690471e-07 3.609554415950427665e-07 3.480195559058074411e-07 3.422072860664302995e-07 3.377100570578631164e-07
4.605389580409188368e-07 4.473930912721747947e-07 5.518703545321716282e-07 5.659686451118016123e-07 5.906576656712910508e-07 5.810394004964140490e-07 4.957445408225613932e-07 5.340840505658247347e-07 5.064327037456453010e-07 5.021074842371965085e-07 4.242381908802585470e-07 3.228971213854820986e-07 3.186201933147560029e-07 3.173207198749784165e-07 3.580478973547360761e-07 3.540849389604790054e-07 3.455406535086069109e-07 3.381372434440688682e-07 3.401874921969645802e-07 3.476514949931608339e-07 3.515882758729805606e-07
7.462292269273192602e-07 7.791022350754813718e-07 7.529441944682206867e-07 7.956604412767905982e-07 6.951882667244294047e-07 7.275089192068355762e-07 6.885453950972906073e-07 6.750051819182831847e-07 6.029855191243287393e-07 5.336654851012831378e-07 4.940812057209592579e-07 4.606325818714527565e-07 4.762929193555564653e-07 3.822649862225458542e-07 3.702607174712963201e-07 3.999976421968304503e-07 3.657634897841712620e-07 3.752038095322134833e-07 3.697983369521422599e-07 3.794944893734746641e-07 3.828881773024479508e-07
9.965984994554967039e-07 1.089024746862104473e-06 9.449439329097199093e-07 8.242711737815523524e-07 8.199077513354800337e-07 7.817020718738862874e-07 7.444651078471592418e-07 6.875622927176360649e-07 6.107517873102161391e-07 5.473804052551767308e-07 4.582346801155992754e-07 4.261226652719047089e-07 5.058077771365050078e-07 4.707724485013672311e-07 4.325473436363771656e-07 3.721938660872200888e-07 3.679968215711077515e-07 3.473708688196648281e-07 3.858581547967577461e-07 3.734060075232950764e-07 3.814655039205348464e-07
9.048809950998900626e-07 1.005560466460162410e-06 1.108277759811618227e-06 9.741752933839661534e-07 9.130156945861153034e-07 9.097277024917402753e-07 7.863370286804954217e-07 7.995646837878718663e-07 7.823104033262861453e-07 6.051746530433691486e-07 4.640719590502573349e-07 4.118374548529155278e-07 3.942925551437020738e-07 4.103668432962573676e-07 4.121987018630968722e-07 4.241922038272676314e-07 4.092546609852702645e-07 3.973871278409422982e-07 3.886494767163908019e-07 3.947873652644760592e-07 3.932441819503311749e-07
5.996763635846371444e-07 6.014337852492884916e-07 6.756081021851248705e-07 7.027763026521765941e-07 7.165725447035339000e-07 6.891410779278523094e-07 6.319809769213008674e-07 6.464383046356920849e-07 6.008736391790435200e-07 5.373679053423841350e-07 4.281536409887472781e-07 3.809306328694330247e-07 3.896660822904201713e-07 3.729853638867083619e-07 4.357619736983886600e-07 3.898191218319806096e-07 3.811634816500400641e-07 3.942428412709851073e-07 3.894639172319548533e-07 3.925152606825398187e-07 3.774112950472547788e-07
4.864930603372925894e-07 4.341983704733383959e-07 5.529015024292795569e-07 5.921615692358793566e-07 6.364811184836579021e-07 5.850811167142297422e-07 4.887206448642950601e-07 5.268268761984228247e-07 4.880583750050995873e-07 3.763924511635909088e-07 3.992930736164453807e-07 3.454258133274558391e-07 3.453067855862324000e-07 2.777770099211594931e-07 3.180087496458972332e-07 3.349875295862986240e-07 3.488081297489329269e-07 3.492142653404013140e-07 3.582876222252362950e-07 3.489728496557122314e-07 3.679557698543535076e-07
3.902872525770498447e-07 4.133323003728528800e-07 4.716470481371736011e-07 4.896061970885289953e-07 5.292940853834258669e-07 5.710204983226735423e-07 4.824432499257479350e-07 4.722881112555238263e-07 4.029213899297319703e-07 3.614839376260159183e-07 3.277933097876676224e-07 3.295572360702647976e-07 3.126226532785106185e-07 2.739023689458470148e-07 2.936744640239721463e-07 2.771955640743334105e-07 2.901009877988552656e-07 2.938847714526520022e-07 3.105174943965448460e-07 3.068925794951263880e-07 3.443396266527718087e-07
4.000444338914760921e-07 4.648837676799347583e-07 6.529228484487501218e-07 7.029777866839003057e-07 6.866876841737294548e-07 6.478131064611728778e-07 5.885821221839937823e-07 5.834108448266805971e-07 5.525729010755856922e-07 5.020542666977966895e-07 4.995263873951057677e-07 4.712373994507791996e-07 4.589981372873799477e-07 3.330180138262520978e-07 3.633340290978324796e-07 4.133856998732262103e-07 4.020415754385090243e-07 3.571214378480459283e-07 3.750163373582807814e-07 3.711910360749272407e-07 3.477693207638544887e-07
6.080675395150437150e-07 5.673729943499665241e-07 6.531290780281717499e-07 7.301781309665963962e-07 7.735530121136944885e-07 7.279643238510965084e-07 5.934683106767008059e-07 6.610626105578807902e-07 5.353858965439098925e-07 5.128194146678151758e-07 4.602448688877993994e-07 3.880345889671289656e-07 4.250941067425085741e-07 3.287471027511917500e-07 3.832785104184420810e-07 3.822478044294386101e-07 3.773969794527695814e-07 3.413307399367347229e-07 3.429980973409505273e-07 3.664116604718950216e-07 3.712176760296071352e-07
5.520613187702369679e-07 5.741237817354177344e-07 6.805576120912430976e-07 6.159366849792729852e-07 5.547958330355257166e-07 5.241707455443304411e-07 4.745371254896318020e-07 5.229343917649982611e-07 4.990849186825563466e-07 4.246911694217317010e-07 3.750051334512360980e-07 3.292355757204568875e-07 3.328019497662295426e-07 3.122441785971273215e-07 2.999382335957773196e-07 3.141163766184097477e-07 3.343904310825232374e-07 3.135379095018196658e-07 3.031497319631525766e-07 3.123773289517154105e-07 2.961984801641848536e-07
7.052490654067290633e-07 7.441208822599615504e-07 8.203812669390802604e-07 8.174207167029474283e-07 7.501764100992696262e-07 7.545485699598283418e-07 7.568163065370573925e-07 6.933460407740806793e-07 5.725627693134463146e-07 4.940108157427970790e-07 4.194557088013428456e-07 3.959489296670542497e-07 4.148480162175160908e-07 4.383116203304291531e-07 4.004641781402297346e-07 3.838245280371305025e-07 3.909171091908482797e-07 3.894163775499441238e-07 3.904618658669675560e-07 3.922319004142679020e-07 3.852562138504947418e-07
5.446458609712730537e-07 4.989445585792566729e-07 5.743493786891248547e-07 5.605285762552624577e-07 5.644918100074178866e-07 5.495026288813446582e-07 5.092154910420382502e-07 5.196796590184059061e-07 4.454996146330622487e-07 3.732070013052309348e-07 3.435489926642802143e-07 3.262084775447450880e-07 3.434769382305080647e-07 3.284353226727114153e-07 3.295438237725943378e-07 3.017576708575111041e-07 3.283263761008011679e-07 3.100110187761069030e-07 3.236447916683365440e-07 3.185338906626747010e-07 3.246039958688528017e-07
8.219449539272670123e-07 8.039574068128243777e-07 8.238871697892473027e-07 9.381096517054284461e-07 8.270801178626331429e-07 8.381722477622416592e-07 8.569153069084849152e-07 7.008891038286832491e-07 6.419725747041095747e-07 5.285642038245301035e-07 3.411135716518069923e-07 2.865619693126053331e-07 2.893936111979177670e-07 3.144766191590702581e-07 3.530941816052563590e-07 3.415596540697723916e-07 3.393218920078049632e-07 3.489093074982140259e-07 3.682733914976823812e-07 3.489514423739881288e-07 3.374024984402756550e-07
2.888125669070169030e-07 3.445970106300770070e-07 4.664913086516338518e-07 5.484395343518419848e-07 5.509440065672398150e-07 5.432408150227567885e-07 4.818324763641596364e-07 5.142477739615929463e-07 4.741511102962860870e-07 4.026667106158394024e-07 3.056039183406892593e-07 2.834750273508827707e-07 2.650009197902456903e-07 2.881419125301803535e-07 3.130756006413463703e-07 2.766115506107764507e-07 3.066193400436149078e-07 3.112443798802967014e-07 3.169554845860508502e-07 3.135331653349143082e-07 3.518315596135827643e-07
5.368401159197321193e-07 5.811814230929348607e-07 5.974470915843427538e-07 5.982060901875895402e-07 6.213394558152236428e-07 5.960108281764921133e-07 5.454886542274810053e-07 5.019325689744867293e-07 4.629980484654251921e-07 4.367487433486026923e-07 3.838411280543135958e-07 3.581775267299188573e-07 3.373405336975266587e-07 3.702864432073444839e-07 3.696379755667078495e-07 3.340179319440997812e-07 3.325646230397128181e-07 3.622731540144351159e-07 3.683328119013209791e-07 3.556603119534292980e-07 3.691869335577858907e-07
7.112985178216733007e-07 7.886147082095262495e-07 8.028517526882451551e-07 7.962648933719616272e-07 7.204243711718198015e-07 7.012093010007669048e-07 7.106350389080699984e-07 6.087229893626792360e-07 6.020123025596811109e-07 5.262986571472239015e-07 4.932859662066823090e-07 3.999958656960330361e-07 3.920935743156413818e-07 3.205337206837449203e-07 3.138284391650193298e-07 3.634641049900742711e-07 3.922627000649046345e-07 3.425485957246452549e-07 3.484762040471561260e-07 3.659728504040266188e-07 3.844417147546878177e-07
3.139860946982366151e-07 3.080813879542273940e-07 4.576234367365055380e-07 5.740280063807485943e-07 5.658200260309647273e-07 5.654987170110097667e-07 4.864811418051377537e-07 5.129942620254053157e-07 4.573436602248229058e-07 4.472554061272506670e-07 4.537172778747759079e-07 4.083166454426147889e-07 4.026560649597792758e-07 3.969091299087238810e-07 3.623482602304309723e-07 3.194719942926596457e-07 3.509269143213042754e-07 3.422302278791894323e-07 3.200815726379942980e-07 3.373491818522222750e-07 3.367279102878246150e-07
6.822221175046831744e-07 6.106394044112674533e-07 6.716897401761146780e-07 7.112386319845709992e-07 7.096658213810902436e-07 7.589318396608397870e-07 6.256017863891556396e-07 6.214560316618479964e-07 5.354929503660211941e-07 4.298076557097419021e-07 3.590782531791888925e-07 3.447351162972480746e-07 3.628371099653283313e-07 3.191568903371734837e-07 3.209717958048261372e-07 3.339739618184652134e-07 3.179674783670538309e-07 3.527706700465220639e-07 3.524806646912444410e-07 3.504553470433296911e-07 3.449837254404990829e-07
6.751969469582962805e-07 7.183451486064205848e-07 7.469635366649946368e-07 8.011005101333297528e-07 7.982578301516661914e-07 6.969398824608207455e-07 7.307566345759535844e-07 6.545751365021729725e-07 6.023042675290753676e-07 5.199201549248754230e-07 4.007178777461916425e-07 3.647927585751935238e-07 3.609000381247824466e-07 3.965140498092755192e-07 3.911584435045363198e-07 4.022553390322992026e-07 3.359852807622384481e-07 3.286790005137248220e-07 3.468789047266233372e-07 3.516257686074834340e-07 3.635441393656283005e-07
5.811377190872272001e-07 5.738169277633518184e-07 7.230409054520903313e-07 7.444834972189772733e-07 8.048989102694005008e-07 7.400894725045437997e-07 6.935333791835956276e-07 7.058811601359566671e-07 6.590135967510880872e-07 6.670514463540898269e-07 6.686804590777707539e-07 5.751785752782473703e-07 5.417684084558215778e-07 4.723111188886765324e-07 3.842111883861436782e-07 4.751702091647687694e-07 4.176735423587265443e-07 4.034638947685168360e-07 3.884688092799058007e-07 4.065169873502576452e-07 3.878452150124655478e-07
7.031024855175553460e-07 6.324260364279507700e-07 6.285877580770026660e-07 6.777922827184410135e-07 6.189486669728393084e-07 6.213427115135063304e-07 6.366296423622789847e-07 6.744334045438817592e-07 5.941487127173289588e-07 5.271881503057635518e-07 5.358699376968889755e-07 4.640935474957426796e-07 4.257321803161185272e-07 4.015406110745458085e-07 3.433685027359003742e-07 4.216368630644262374e-07 4.034400342577493026e-07 3.548513158661569231e-07 3.512108794065150320e-07 3.735993474273938436e-07 3.710855145395048796e-07
5.688436706310501093e-07 5.538714195790641034e-07 6.353933341979151224e-07 7.559680870272267173e-07 7.306516345531306655e-07 7.380970771859023011e-07 6.593300597346467803e-07 6.216759460366177673e-07 5.500425380075020276e-07 4.770496256855150566e-07 3.953610560180759283e-07 3.977567107027964841e-07 3.412603796180504261e-07 2.697290378953491571e-07 3.218456433161034952e-07 3.309797653786169621e-07 3.379659647726709442e-07 3.562479916530100404e-07 3.409303809216454573e-07 3.420378627224995537e-07 3.655315410038686605e-07
7.112985178216733007e-07 6.265958109586975194e-07 7.374769760116015447e-07 7.372300720769250319e-07 6.998370228068434530e-07 7.083249985673439428e-07 7.058506460089610775e-07 6.677919904258352712e-07 5.233472076392197309e-07 4.691962373712290248e-07 4.077645834421459524e-07 4.122887767390801349e-07 3.980436543340149519e-07 3.274309624198970059e-07 3.623530431943678954e-07 3.325528248091726625e-07 3.586615624811300253e-07 3.620259669452573737e-07 3.709051338743601932e-07 3.619180916836174329e-07 3.606702318340419009e-07
5.655262289841452254e-07 5.612359149086472516e-07 6.168326720499720884e-07 6.564349753557315007e-07 6.445832362272937786e-07 6.597674783730222932e-07 5.473549067767787077e-07 5.306533863194166053e-07 5.058487738068567875e-07 4.266222058513819281e-07 4.063784367887881637e-07 3.773100838157809967e-07 4.106398946328820168e-07 4.202152857752764810e-07 3.792402539664910273e-07 3.588827561306848884e-07 3.578846409148854439e-07 3.549671567426061345e-07 3.712817081759349124e-07 3.532546980752899119e-07 3.394130783074779775e-07
4.480497659584532358e-07 4.971034347468608594e-07 5.671313434093692480e-07 5.419920453366843780e-07 5.462952504848257667e-07 5.670926332659230292e-07 5.054151222143772318e-07 5.141158253367310625e-07 4.340935164953929768e-07 4.234063459705077794e-07 4.359293162394554931e-07 3.808957239942600577e-07 3.015451335515415569e-07 3.290184228194875523e-07 3.178179093848136936e-07 3.639897734792314845e-07 3.642404862863726286e-07 3.410288352649344223e-07 3.551153480102846002e-07 3.487393612965119262e-07 3.743929531357980404e-07
6.632931857546962099e-07 6.922625609808137032e-07 6.240507073297276950e-07 6.183544933599569951e-07 6.087214035915284444e-07 5.902613445426978716e-07 6.360188688006906862e-07 5.584505632903135070e-07 4.864914963360170018e-07 4.215589371027715460e-07 4.362551435404439461e-07 3.389477234917892348e-07 3.525927772187755056e-07 2.976714349289218743e-07 3.463817700161670768e-07 3.331799628190250525e-07 3.417550036260615228e-07 3.317362417946084908e-07 3.450109050295591645e-07 3.327731205351030819e-07 3.346398884861858489e-07
5.922609057856731243e-07 5.517234417746023739e-07 5.597070785501920133e-07 5.931689893944977029e-07 6.161594133233909005e-07 5.928229956666655884e-07 5.820672041937178568e-07 5.442880775551413416e-07 5.015568887567611387e-07 4.228057480258527625e-07 4.013363973684070530e-07 3.492807505429833595e-07 3.704852039564489514e-07 3.595669205090597940e-07 3.373773621085002953e-07 3.597311540676088560e-07 3.599836000078127747e-07 3.609519094959675452e-07 3.541943985934853238e-07 3.494012148520581838e-07 3.343565775922400981e-07
3.606254213811940821e-07 3.725207220880797021e-07 4.825772158465178252e-07 6.006238985682736559e-07 6.197455965869674551e-07 5.729559680607825568e-07 5.097244690100285519e-07 5.166228492091063236e-07 4.846618491944795958e-07 4.317386921393921292e-07 4.340958473593169074e-07 4.354258805054967814e-07 4.236035106256457278e-07 4.148126844153505354e-07 3.488521708895920521e-07 3.249893994804624895e-07 3.753602079748502229e-07 3.573527604044282818e-07 3.676062654586306461e-07 3.587392750189858849e-07 3.558491952753539916e-07
7.230071353989848612e-07 5.431315305567554560e-07 5.774428223804486408e-07 6.759789264329279267e-07 7.164397231011792794e-07 6.364849159351822706e-07 7.404272159677694230e-07 6.161121123549430297e-07 5.221890799272891472e-07 4.661704401310684548e-07 4.370669505446017221e-07 4.282246782555332516e-07 3.905590337377860894e-07 3.903415182555452220e-07 4.199255801032093064e-07 4.103791016030708030e-07 4.117687690067253046e-07 3.876165036737443989e-07 3.901645633299770666e-07 3.965910346099161571e-07 3.698147620002206687e-07
1.242284324952749693e-06 1.229563866068315803e-06 1.014443301174795234e-06 8.139954881636449663e-07 8.742317866985468349e-07 7.826128811624081516e-07 8.704201889924944730e-07 7.143698550020691035e-07 5.960464850183916808e-07 5.398539246829180375e-07 4.718586792942193994e-07 4.090996016429224773e-07 4.414326573394900702e-07 4.155897546109522507e-07 3.784142360945830063e-07 3.790050076638870569e-07 3.623680798944418062e-07 3.822357997283276534e-07 3.691011999330751344e-07 3.799338797119832620e-07 3.800334856096983767e-07
4.617098197986499505e-07 4.719414090374518846e-07 6.050775860229415107e-07 6.727551819253491762e-07 7.011652388303902937e-07 6.827654129081992596e-07 5.592989230922846594e-07 5.964737586880040139e-07 5.800857333581718867e-07 4.476051213861637028e-07 3.908933562468948304e-07 3.727345276770403568e-07 3.978713920469246944e-07 4.414901111305089277e-07 4.289892967636939770e-07 3.923843276871118529e-07 3.722709916009777434e-07 3.624414375822381459e-07 3.649396996507990285e-07 3.709841460672317136e-07 3.659722429427399088e-07
8.049674584401653608e-07 8.570431439802361006e-07 8.476035714227299801e-07 5.687894215559331513e-07 6.193471317799033818e-07 6.539041435781628715e-07 6.797570421833245685e-07 5.230443489523830407e-07 4.714261039152729708e-07 4.261736580192978377e-07 4.275406438631587923e-07 3.860572505376895608e-07 3.620830230146983819e-07 3.811178259337862327e-07 3.824864515904862777e-07 3.557921636461761796e-07 3.496011489266918853e-07 3.420724807425259576e-07 3.509887045789619009e-07 3.422363309644178973e-07 3.427070342577259377e-07
4.244373871775417107e-07 4.575192723503516101e-07 7.028304066687745902e-07 7.499235660755164279e-07 7.206900143765292544e-07 6.780405897239920623e-07 5.904823065978242915e-07 5.833228790767727099e-07 4.913770434905477135e-07 4.497870405015558581e-07 4.545235623823067063e-07 4.712772953081197259e-07 4.133591778790929550e-07 3.669687223722181791e-07 3.852500481532451487e-07 3.828509843580157729e-07 3.728189881866342413e-07 3.786723308240565138e-07 3.738723441991394888e-07 3.770453238313441296e-07 3.882786058155749397e-07
4.648321178192663772e-07 5.109118634898293019e-07 6.564287512989171640e-07 7.481102097900034470e-07 6.506930299356093941e-07 5.820640609460010934e-07 6.482343400324580334e-07 6.513204037555806174e-07 5.013622454438316342e-07 4.644826838815316784e-07 4.354599040261669972e-07 4.097154939406166956e-07 3.177342729811488210e-07 3.142314790973643664e-07 3.233709305155908626e-07 3.044170178790650872e-07 3.652890338658539103e-07 3.459174998493505320e-07 3.595759220789284605e-07 3.501213463994628291e-07 3.567539527090550959e-07
4.330237067342367915e-07 4.550644405738239117e-07 4.347319534207092141e-07 4.386307370624393820e-07 4.059028167959220786e-07 4.681559743002360014e-07 4.316811805848477724e-07 4.060718930123509253e-07 3.629708499509500558e-07 3.330581690808894441e-07 3.148817126739206294e-07 2.060645966548590150e-07 2.036368744604313657e-07 2.153531642080244317e-07 2.455650212643492277e-07 2.407699791632057603e-07 2.452852373429396341e-07 2.762216419688844516e-07 2.687847536198925773e-07 2.740793726044975845e-07 3.166604380972770541e-07
4.236568126723876172e-07 4.569055644062196723e-07 5.962097141078131970e-07 6.822249314163618218e-07 7.083376053575434029e-07 6.316462415899098932e-07 5.285566538256700332e-07 6.245128414711475789e-07 5.515802201796451768e-07 4.543561463843109142e-07 4.117131685303962319e-07 4.119970382822775798e-07 4.160591255624671831e-07 3.548295293165785048e-07 3.499747325255898360e-07 2.971300969942494360e-07 3.389916367989476268e-07 3.481135674828324246e-07 3.215235701499171186e-07 3.395626790995043301e-07 3.360383667425561832e-07
4.913716509945057660e-07 4.958760188585970896e-07 6.562225217194955359e-07 7.414612367431221286e-07 7.544267013746196012e-07 7.283058773342922604e-07 6.268572653768650435e-07 6.356625002719741583e-07 6.190533246066597292e-07 5.245272733357731314e-07 5.826730966100650742e-07 4.261899895311668370e-07 4.316646825500950976e-07 4.217242061550971898e-07 4.046569243273436487e-07 4.624397303544340318e-07 3.926363341005794881e-07 3.900437741314366395e-07 3.936883469968245919e-07 3.813007620953002769e-07 3.420432637809704543e-07
6.785143886052011644e-07 5.989789534727607403e-07 6.989120446597643977e-07 7.489161459168980817e-07 7.662478239841866528e-07 6.112668837592332336e-07 5.529875962892048334e-07 6.045885991170079033e-07 5.677064186558550392e-07 4.952652291715068259e-07 4.657618430180958777e-07 4.337726959169490398e-07 3.651644086194868346e-07 4.196571756347907468e-07 3.801255805912169902e-07 4.087865938477152048e-07 3.583589273846604911e-07 3.858079492150717335e-07 3.629358150486760772e-07 3.742184177854723928e-07 3.560003446791974338e-07
5.850405916129977203e-07 6.324260364279507700e-07 8.166691345094916960e-07 9.026484621220617679e-07 9.865988622906116124e-07 9.296516556781558969e-07 7.933948565032943499e-07 7.645543153245270512e-07 6.697579076247970331e-07 6.299284113699088533e-07 5.790889962991918267e-07 5.604619909017638187e-07 5.745439452424075138e-07 4.607121859690294474e-07 4.435825980316649039e-07 5.206119247092266084e-07 4.579819615906276520e-07 4.419374336103100598e-07 4.210605664776872232e-07 4.421115882489828695e-07 4.009174205584157126e-07
6.160684281928731596e-07 6.173901917967185578e-07 6.626156386815648420e-07 7.511324702658584858e-07 7.789986978102365777e-07 7.585333605971114449e-07 7.330979332287089935e-07 6.380815583944414263e-07 6.406198036792494865e-07 5.373603028367556046e-07 3.830017085670212491e-07 3.351601105355237895e-07 3.523554771294164873e-07 2.886869326673710795e-07 3.776016105216984019e-07 3.549736428459013488e-07 3.586483454948340312e-07 3.603959930211832296e-07 3.660571574890803647e-07 3.594118557398795928e-07 3.603939164872639390e-07
9.792307167158181380e-07 7.441208822599615504e-07 6.153890649940210094e-07 6.796056390039541003e-07 7.463245836309837247e-07 7.230687239252915410e-07 8.293626329079429028e-07 6.680558876755589328e-07 5.604170265866448514e-07 5.010127234266861127e-07 4.732337809543233387e-07 4.497734282015805314e-07 4.637933568708727395e-07 4.988112355592029836e-07 4.581146773612431301e-07 4.379091918665837501e-07 4.164782523416514206e-07 4.194535276836734814e-07 4.075269512827019060e-07 4.204715552662213785e-07 3.881665017338935660e-07
6.960773149711684521e-07 7.867735843771304360e-07 6.316812017683264520e-07 4.970611062623049483e-07 4.951589335782714467e-07 5.911152282506871458e-07 5.897358055781051894e-07 4.778079620622447262e-07 4.221910779097534472e-07 4.851843067080573502e-07 4.136018623768040119e-07 3.389776453847945898e-07 3.054561905798668774e-07 3.013521058554088800e-07 3.271853442552935118e-07 3.180483205453496822e-07 3.514461046547772099e-07 3.546818948427195231e-07 3.411799599848474828e-07 3.321908424722074702e-07 3.286894830783417508e-07
1.137101910383234794e-06 9.813190026669513419e-07 9.397881934241801600e-07 9.616832834170983631e-07 9.920445479871539134e-07 9.371658323084612770e-07 9.449345635062757884e-07 7.871395216133807640e-07 6.288730797439534758e-07 5.802764471098871536e-07 6.725627742064979366e-07 6.242330253694979400e-07 4.313939846703818435e-07 3.491460878859604306e-07 4.109388691621091616e-07 4.414155275261631736e-07 4.630899878969403456e-07 4.266450609990316852e-07 4.264353725834164874e-07 4.302361927686038079e-07 4.050324328341466137e-07
4.814193260537910084e-07 4.857498377804202742e-07 6.681838373259477416e-07 6.848442238287696492e-07 7.040873140821934280e-07 7.046817614132564858e-07 6.434160152688165175e-07 6.265140622815524093e-07 6.051265955665532891e-07 4.863398875635959896e-07 4.033686761271148759e-07 3.346863472296051397e-07 3.347073815948608492e-07 3.469683873377964363e-07 3.986327812487787579e-07 3.753315291549402205e-07 3.945444941349264005e-07 3.558640704433619844e-07 3.622676195760380629e-07 3.657052358579898844e-07 3.893119130032466121e-07
1.210866201120297127e-06 9.862286662200068446e-07 8.715262026356342856e-07 9.157449241841005871e-07 8.541757247429891803e-07 7.785711649445923526e-07 7.443293803890285440e-07 9.295120878393195113e-07 6.924825144093173741e-07 5.093298645843134546e-07 3.808424123858942104e-07 4.137798844071819655e-07 5.078274645637165472e-07 4.842146918850066942e-07 4.281283632550463855e-07 4.011239538765474669e-07 3.753888447784915347e-07 3.690316759296086583e-07 3.355627600728241620e-07 3.696371967645530737e-07 3.417983845646984077e-07
6.707086435536601241e-07 6.554400843328980683e-07 6.904566319034793401e-07 7.569755071858450636e-07 7.060796381175136890e-07 6.665985480369362750e-07 7.567484428079920966e-07 6.822843477231619870e-07 6.310238883518245748e-07 4.797561176892767656e-07 4.841462342891240571e-07 4.665795581062737012e-07 3.899033823797791896e-07 3.843831867557326635e-07 3.681676924524952040e-07 4.034225203800740376e-07 3.730584189768422407e-07 3.501783487896718951e-07 3.645530994093527962e-07 3.744386697008814347e-07 3.832471067300645575e-07
4.987871087934696802e-07 5.434383845288213720e-07 6.306500538712185233e-07 7.001570102397688726e-07 6.892112946184685156e-07 6.228797021878870028e-07 5.434527423555196925e-07 4.757847498143629505e-07 4.547549041628604216e-07 4.203273311909473904e-07 4.002871230092916197e-07 3.039166672557306460e-07 3.270241320349462829e-07 2.840875815096368127e-07 3.519735331548333867e-07 3.313202519925053921e-07 3.435967398318439614e-07 3.539091434043697558e-07 3.460467182974866642e-07 3.321080049175798197e-07 3.159298505020843208e-07
4.954696671465647963e-07 4.081157828477314613e-07 5.190798514041390089e-07 6.231901101213252266e-07 6.513571379473828144e-07 6.216273394161693865e-07 5.945201984772141102e-07 5.963418100631421302e-07 5.383347427347920025e-07 4.401394608589333589e-07 3.633360980785469037e-07 3.441616133479781356e-07 3.357128308623674484e-07 2.955960744065186127e-07 3.175624991105815329e-07 3.454724315316921232e-07 3.488176188672992803e-07 3.393944911165808065e-07 3.275279384399793595e-07 3.419622393433979517e-07 3.574196868481734832e-07
2.122186935887708659e-06 1.969388792719353894e-06 9.822714867850273936e-07 6.953213934784006410e-07 7.027590980586464814e-07 8.422139639800573524e-07 9.800540432976071365e-07 5.751860472102918223e-07 4.337723550290592838e-07 4.605749959884599886e-07 2.928966536021384282e-07 2.591360608820830427e-07 2.698119593796957182e-07 2.898697929651169907e-07 3.121371831169204442e-07 2.576232209713434306e-07 3.009746702039768900e-07 3.262765744817309773e-07 3.307217015860557061e-07 3.151894929867295539e-07 3.513327718407092672e-07
4.324382758553712082e-07 4.621220819313410380e-07 5.652752771945749129e-07 6.479726460233372014e-07 6.161594133233909005e-07 5.403945359961260157e-07 4.934711058988712801e-07 5.232862547646298098e-07 4.798638915307671929e-07 3.901529863512557903e-07 3.565213372409233794e-07 3.907849096325409405e-07 3.171067460781770783e-07 2.688972276859684993e-07 2.984942567832177512e-07 3.194519822483003052e-07 3.121235370417225509e-07 3.265613574529294608e-07 3.342993579698129332e-07 3.192817654198742132e-07 3.123825470416243339e-07
5.721611122779550990e-07 5.106050095177632801e-07 5.283601824781104730e-07 5.937734414896687319e-07 5.893294496477442101e-07 6.085913814742003367e-07 5.888875089647879845e-07 6.120217049842255876e-07 5.359114334888196394e-07 4.184723198175826266e-07 3.976142346418606873e-07 3.407929068937881894e-07 3.012867401209061179e-07 3.319089335470778874e-07 3.623076050369670198e-07 3.711853717954214503e-07 3.710421507725359062e-07 3.663176469198792610e-07 3.677064580177468401e-07 3.800562697680820601e-07 4.215383124140042599e-07
5.177160405434566447e-07 4.851361298362883363e-07 5.671313434093692480e-07 5.587152199697493709e-07 5.873371256124239491e-07 5.649863867862162446e-07 5.129479961406338667e-07 5.076723341559772413e-07 5.010410839774979411e-07 4.541128662041974635e-07 4.462729524216830707e-07 3.648002390484448361e-07 3.420795043709491364e-07 3.095595379213579594e-07 3.539355049617626081e-07 3.608991809947227757e-07 3.505341326003544105e-07 3.737027871574270186e-07 3.835932615599792846e-07 3.675029143011453171e-07 3.976563384200464238e-07
3.014969026157710141e-07 3.304817279150427015e-07 3.503840554372793664e-07 4.317802799838344580e-07 4.476087999352936813e-07 4.620080116027134706e-07 4.363298460258259426e-07 4.111079321945782870e-07 3.722261394807482287e-07 3.333546668004026608e-07 3.236735273039827293e-07 2.317425678356498868e-07 2.248919313532447286e-07 2.219183958606039958e-07 2.500581375867024222e-07 2.643712259573555750e-07 2.802512829345878080e-07 2.992054895798764116e-07 2.922152748402626272e-07 2.946016631874358991e-07 3.183753640499668845e-07
6.406565251052273413e-07 5.992858074448267622e-07 7.416015676000333653e-07 7.182905730948995290e-07 6.384734425189782690e-07 6.617598736916638977e-07 6.204780748447199215e-07 6.598750729341240486e-07 5.723097330066379376e-07 4.388698424189664982e-07 3.930029499583795995e-07 3.559707871207714664e-07 3.691334723363221268e-07 3.573796999584994735e-07 3.635884827792772345e-07 3.492688009045920568e-07 3.667888229133633885e-07 3.721818293759957602e-07 3.643465650479992234e-07 3.774441422740137427e-07 4.029161307879423419e-07
7.440826470381455429e-07 7.634526825001172217e-07 8.009956864734509258e-07 7.734971977871863449e-07 7.330424233955151059e-07 7.363893097699237527e-07 7.579021262021033978e-07 6.955012016468242858e-07 6.409896259738155027e-07 4.856100470232557963e-07 4.594661968634031718e-07 3.749861501256958331e-07 3.636175635925536743e-07 3.200791405693194265e-07 3.308084394375189185e-07 3.664633749059572946e-07 3.470355285483909873e-07 3.673435720360087929e-07 3.721820041565988740e-07 3.715400610234766430e-07 3.852513046945875085e-07
1.262188974834179208e-06 1.194582513252796087e-06 8.923553901572146992e-07 7.892129522616329915e-07 6.865548625713747284e-07 7.366739376725868088e-07 7.487405227782778609e-07 6.292629919661743336e-07 5.725238406508604349e-07 5.354216639014768470e-07 4.798552544100045505e-07 4.026514337002612810e-07 3.786395381382022921e-07 4.365516098874048552e-07 4.330763394478017207e-07 4.310377322970591187e-07 4.150111668627973980e-07 4.116009530464793671e-07 4.275032020193336906e-07 4.218852984244773444e-07 4.225726364982566868e-07
6.549020098242896392e-07 6.413248016178637099e-07 6.615844907844569133e-07 6.181530093282333893e-07 6.654362277969795800e-07 6.993307568431905863e-07 6.821662045651453794e-07 6.319679387758422615e-07 5.516386131735239434e-07 5.482394883912022593e-07 5.144536957776798624e-07 4.296733965752108028e-07 4.485727533615383648e-07 4.539482242664261417e-07 3.979913857848362977e-07 4.173001684938242169e-07 4.013370083998078279e-07 3.659064866410919578e-07 3.771156689079807135e-07 3.823580622506071928e-07 3.659518524130252420e-07
6.773435268474699977e-07 6.852049196232965769e-07 8.511094742728970223e-07 8.389795080973806527e-07 8.520505791053141928e-07 8.215499782467176366e-07 7.103296521272757962e-07 7.322928765458040545e-07 7.022049478901463684e-07 4.992945571546351616e-07 4.791041948687428936e-07 4.928434996917534892e-07 5.212762274058366112e-07 5.473882377868538410e-07 4.310201432513149867e-07 3.966302634086475777e-07 3.529094622657015918e-07 3.783445640030954529e-07 3.751734438360676685e-07 3.922460935204659561e-07 3.836675233354191791e-07
4.796630334171943114e-07 4.971034347468608594e-07 6.100270959290596320e-07 6.125114564399704173e-07 6.396688369401703833e-07 6.324431997173664715e-07 5.545823939222411404e-07 5.673351040310115945e-07 5.243690850320996826e-07 4.958658271161617898e-07 4.524305361607027114e-07 4.465742791410877555e-07 4.433240269406037983e-07 3.278879225349215681e-07 3.656934652079206584e-07 3.369100951436934132e-07 3.456394420087422841e-07 3.378906550357513653e-07 3.409780709756343732e-07 3.501538258723204281e-07 3.782522159214623447e-07
3.857989491724137941e-07 4.237653354230956115e-07 5.221732950954627950e-07 5.716101980000645844e-07 6.116434788433315786e-07 6.138285348832009503e-07 5.006985930443337127e-07 5.142917568365468369e-07 4.702874405346353270e-07 4.040047516064631960e-07 4.186218118106774236e-07 3.875732931166292402e-07 3.588838662544502753e-07 3.820472161677294336e-07 4.031737272105012895e-07 3.636611249760908207e-07 3.510219749535099550e-07 3.456897692581293496e-07 3.475753399298994769e-07 3.534884059963540648e-07 3.665623234827880582e-07
3.840426565358170442e-07 3.949210620488950626e-07 5.592946193913488630e-07 6.149292648206545330e-07 6.170891645398736679e-07 6.125192465309508499e-07 4.943872662412538867e-07 4.867364856778967044e-07 3.998460255854457248e-07 3.902594214300553754e-07 3.491101467675920905e-07 3.220742693278338839e-07 3.318861471991475461e-07 3.562979896862147343e-07 3.495791814080056373e-07 3.438277797170903300e-07 3.321955641146788632e-07 3.426777268721909955e-07 3.349174905826924250e-07 3.356705686712275895e-07 3.195628713312243686e-07
1.595689432161268318e-06 1.578456832307316375e-06 1.129931865650884941e-06 7.092237916673342008e-07 5.695390308968959025e-07 6.990461289405275302e-07 7.743590805004567691e-07 6.550369566891895126e-07 5.226464917126734723e-07 4.982454113778960544e-07 3.956040458696605633e-07 2.901102071248276738e-07 3.127474555477291146e-07 3.074151573815811866e-07 3.194756846853540644e-07 3.146645938899436611e-07 3.398495547683906887e-07 3.666613979858076632e-07 3.542023859255829756e-07 3.440950476057199808e-07 3.583255313092540531e-07
6.340216418114174676e-07 6.713964908803281344e-07 8.649268560941434573e-07 8.333379552091176806e-07 8.095476663518145491e-07 7.585333605971114449e-07 6.990303412378909498e-07 8.323539170660421861e-07 6.909156357402347886e-07 6.713696695511028490e-07 5.018016560053982256e-07 4.347052615822836619e-07 4.505309185433605644e-07 3.937580091155335775e-07 3.147405503877921258e-07 3.263581105707291506e-07 3.223561956114890169e-07 3.372521233622590550e-07 3.276021638148282847e-07 3.354844429426549237e-07 3.603136517881808706e-07
8.139440652494374619e-07 8.588842678126319141e-07 7.748045298869091349e-07 6.667106609736388868e-07 6.088542251938831708e-07 6.726895851539261628e-07 6.783997676020170620e-07 5.732727921497948791e-07 4.918344552759320385e-07 5.027841072381369887e-07 4.163962456700272882e-07 3.902313546119412382e-07 3.493426448837762166e-07 4.178162451713974901e-07 3.846851801122935643e-07 3.614172392698278045e-07 3.724429818713677596e-07 3.841833033726533698e-07 3.814958015190553146e-07 3.659996683173952445e-07 3.195522465152251748e-07
4.219005200357908673e-07 4.124117384566549733e-07 5.405277276639842009e-07 5.768487828248801333e-07 5.876027688171332960e-07 5.539428241628886935e-07 5.327981368922559514e-07 5.029441750984275907e-07 4.565456226418119479e-07 3.895295808897151821e-07 3.602655899539774440e-07 2.797123493054551742e-07 3.511935855807769197e-07 3.298073930180846623e-07 3.124088554685381329e-07 3.605290991039649037e-07 3.227410132509527926e-07 3.391415569031451059e-07 3.386165276784943535e-07 3.460021933209883918e-07 3.733558062868989358e-07
6.695377817959290633e-07 7.247890820198058792e-07 9.870147671117239926e-07 1.126698705398787782e-06 1.111583990106371694e-06 8.317965827425886094e-07 7.010662531098521566e-07 6.831200223472870741e-07 6.385955132247825760e-07 5.922351884635870374e-07 5.269952856174230046e-07 5.171625182318828747e-07 4.841835867713552354e-07 4.765082499451651794e-07 4.801703589636141343e-07 4.744909270956701844e-07 4.197379339490336521e-07 4.004819650238467083e-07 4.284532600815600302e-07 4.289735395386482447e-07 4.237234127737082969e-07
4.373168665125843319e-07 4.160939861214465473e-07 5.250605092073650588e-07 6.106981001544574363e-07 6.599905421004374908e-07 6.227658510268217168e-07 5.588238769888270586e-07 5.461353583032072900e-07 5.504999497928863526e-07 4.234139484761363098e-07 4.013474423616609025e-07 3.913584125818108794e-07 3.432747937099429397e-07 3.401544456226123779e-07 4.058651010178125048e-07 3.789810495826117767e-07 3.630148649802336773e-07 3.438358363062533084e-07 3.361964328925045151e-07 3.538282877615736946e-07 3.532546362475882058e-07
6.006520817160796950e-07 6.222998553497740604e-07 7.999645385763429972e-07 8.879401278062334675e-07 8.610824480654329425e-07 8.846235214768564183e-07 7.932930609096962472e-07 7.814877221817980333e-07 7.077036214804050299e-07 5.244892608076303733e-07 3.893139222115947292e-07 4.557503263294068840e-07 4.074020667469605957e-07 3.459033370697053343e-07 4.211457142035204703e-07 3.714973905715592707e-07 3.901278178810189621e-07 3.645462094345391561e-07 3.778583571138641963e-07 3.745037070615479804e-07 3.663067317870184422e-07
6.201664443449321899e-07 6.624977256904151946e-07 6.820012191471941766e-07 7.583858954079108331e-07 7.633257487323836245e-07 6.468453715921184235e-07 6.012387076546861353e-07 6.029612327437117257e-07 5.120676276549545945e-07 4.248052070061598694e-07 4.170092427956157741e-07 3.380375992462086554e-07 3.499068917629188561e-07 3.527267987872857721e-07 3.948441955143355359e-07 3.625615899754461917e-07 3.970865611658536930e-07 3.869061326970277661e-07 3.760973676150288402e-07 3.772328923950220263e-07 3.671074677135854273e-07
