6.972481767288995129e-07 5.980583915565628865e-07 6.751956430262817202e-07 7.281632906493595978e-07 7.055483517080949951e-07 6.631830132049792841e-07 6.013744351128169389e-07 6.801071954129414882e-07 6.533300120135464705e-07 5.555150862777189185e-07 4.494262979956563484e-07 4.167496322879668082e-07 4.087116116845346848e-07 3.124762286555382051e-07 3.303487966031798546e-07 3.898946602529425891e-07 3.770089422910029196e-07 3.827274798928122197e-07 3.902199399378674899e-07 3.864231403786166305e-07 4.019291975908942590e-07
6.022132307263878819e-07 6.158559219363887661e-07 5.693998687830067335e-07 5.520662469228681584e-07 5.638277019956443604e-07 6.244166928622675693e-07 5.486103857644882174e-07 4.953571291688710244e-07 4.447794343752230502e-07 4.228361580483669372e-07 3.695930867568511365e-07 3.181245794511226336e-07 3.121234442016367400e-07 3.199113505270838116e-07 3.328249370333291588e-07 3.198541961539449786e-07 3.214784521626019903e-07 3.354951136036498491e-07 3.456947743881963382e-07 3.276648726260236301e-07 3.154335348398641049e-07
6.500234191670765684e-07 7.042298658913862263e-07 8.374983220310721096e-07 9.943236965563337141e-07 8.580275512112750818e-07 9.021566002809023052e-07 9.114438132125134481e-07 9.912860357121433685e-07 7.511382767606251388e-07 5.008378657972297007e-07 3.487898419632305622e-07 3.367783862488985641e-07 3.659184955701167311e-07 3.805644757944986882e-07 3.725479308259368433e-07 3.562673792347654730e-07 3.705049988935837744e-07 3.952475737926634702e-07 3.571010522414405403e-07 3.791748229827183031e-07 3.912880761809993609e-07
4.369265792600073116e-07 4.820675901156286471e-07 5.782677406981350473e-07 5.750354265393670464e-07 6.169563429375190473e-07 5.844549353283710400e-07 5.226525093969824062e-07 5.703699224028341786e-07 5.776040311183206511e-07 4.866820003168804949e-07 4.169043153597042572e-07 4.447141347925860705e-07 3.815152636655461987e-07 3.641127216533146261e-07 3.453596506228448902e-07 3.567183548822997914e-07 3.637212959528996940e-07 3.503666276302056684e-07 3.439883928418612706e-07 3.591285895695493781e-07 3.439123196964473854e-07
6.847589846464339119e-07 5.891596263666499467e-07 6.663277711111534065e-07 6.415251570081795947e-07 6.083229387844643710e-07 6.019310885518842309e-07 5.985241584920712281e-07 6.227755179104665159e-07 5.688450820364926301e-07 4.117745123588352871e-07 3.433943627587263220e-07 2.903520757599545314e-07 3.118738396631998008e-07 3.466768372644083678e-07 3.526082324692641651e-07 3.555410265824554652e-07 3.458124489703858628e-07 3.837494538472644051e-07 3.632353567122378751e-07 3.634363149230792478e-07 3.493018365091916599e-07
9.889878980302442796e-07 8.828188776337770662e-07 7.708861678778989423e-07 7.124475361749130571e-07 6.569356452462796301e-07 6.231643300905500589e-07 6.693399597717896278e-07 6.975683967696598992e-07 5.493710185778952052e-07 4.826146598056094010e-07 3.560464025310079588e-07 3.208948480452048451e-07 3.620707185656205139e-07 3.377756350238256002e-07 3.165958620989277710e-07 3.769099439213103879e-07 3.468357487170709173e-07 3.231569527392141741e-07 3.259070113211493075e-07 3.205082223082772292e-07 3.074820347553384719e-07
3.547711125925383019e-07 3.580985854009794277e-07 4.924762356587540676e-07 5.456187579077105517e-07 5.481547529177914072e-07 5.345312012012665940e-07 4.937764926796654823e-07 5.101793580283525024e-07 4.887590909316458459e-07 4.212016193382299798e-07 4.147947216482194881e-07 3.705252945768091599e-07 3.456003345856617854e-07 3.282782426331717403e-07 3.504587684760072713e-07 3.580490149023057944e-07 3.534398362029634485e-07 3.709473906822575947e-07 3.497554471351643605e-07 3.586236756976757415e-07 3.687533498949801360e-07
6.156781409402961393e-07 6.370288460089402509e-07 7.488196028797889720e-07 6.874635162411773707e-07 6.885471866066950953e-07 7.056494962823109401e-07 6.084322629356158671e-07 6.481096538839422589e-07 5.135177203362794350e-07 4.279450418307486078e-07 3.882370353693446722e-07 3.467049742534361670e-07 2.993250593822045501e-07 3.121097085632789280e-07 3.272575670107411675e-07 3.449208319428016598e-07 3.476374097704849182e-07 3.846722895632670181e-07 3.488087310528952625e-07 3.573683777901587268e-07 3.664704170711249885e-07
4.096064715796138294e-07 4.535301707134940671e-07 6.675651485876829633e-07 7.597962836299764967e-07 7.104627509952183904e-07 6.504316831656731846e-07 5.807438614769430511e-07 6.317920072760264871e-07 5.950538041224511654e-07 5.027841072381369887e-07 4.180861296378658310e-07 3.962157332130189560e-07 4.263843161172460059e-07 4.064434123086635913e-07 4.012394965944063069e-07 4.143149915669266773e-07 3.991829785306471971e-07 4.188308605229765598e-07 4.009426157908711146e-07 3.918586295627547863e-07 3.310379005354593261e-07
3.727243262110826098e-07 4.035129732667420335e-07 5.137178823391777374e-07 5.806769794276299126e-07 5.767113974240490117e-07 5.573583589948456844e-07 4.929281960663483833e-07 5.042856527845231085e-07 4.841947052434488273e-07 3.744994272620834398e-07 3.161353194082322776e-07 3.364916347742635681e-07 3.495570938534192096e-07 3.081220175595098301e-07 3.254089514491172570e-07 2.758643403347680179e-07 3.080550775421515403e-07 3.233210456809957936e-07 3.168243787123307800e-07 3.159318002823817417e-07 3.143201733455053914e-07
4.562457982625712964e-07 4.789990503949690638e-07 5.762054449039190840e-07 5.548870233669995915e-07 5.772426838334677056e-07 5.558213683204650120e-07 5.378539847076262677e-07 5.400877129970390141e-07 4.923599922208417854e-07 4.688921371460872247e-07 4.565006161747452819e-07 4.105383459982649103e-07 3.527228528233130804e-07 3.290208028200866736e-07 3.464095112070012627e-07 3.331602326344454599e-07 3.495823401385014301e-07 3.461630705342057234e-07 3.434482954609818831e-07 3.450458288910853735e-07 3.640168384813948349e-07
4.985919651671811701e-07 4.673385994564624567e-07 5.700185575212714060e-07 6.590542677681393281e-07 7.047514220939668483e-07 6.981353196520056659e-07 6.048694171596837550e-07 6.056881709908566518e-07 5.133522735202893667e-07 3.997093359263357653e-07 3.969901925230182991e-07 3.830276588708940082e-07 2.932536926514919051e-07 3.786093053023493042e-07 3.562322842442769775e-07 3.119158973182219094e-07 3.250894005980812839e-07 3.317579133177478407e-07 3.262464896451993646e-07 3.346808151550310853e-07 3.475012808513200912e-07
1.118368122259536340e-06 9.690448437843127970e-07 9.381383567888074529e-07 1.009032030872161803e-06 9.879270783141584531e-07 8.269579083973162321e-07 8.922723097515450637e-07 7.815756879317060263e-07 5.824506496102653772e-07 5.599245395422745176e-07 5.216274188960534410e-07 4.723494964741461104e-07 4.470223927777258363e-07 4.755455397028348101e-07 4.378746088693311715e-07 4.577199883432075408e-07 4.308398635405743007e-07 4.809488692349955820e-07 4.534081586197972712e-07 4.671221938184569450e-07 4.655479658891717375e-07
5.028851249455287105e-07 5.228791684004018250e-07 5.970346324254996035e-07 6.908887447804798327e-07 6.882815434019857483e-07 6.225381487046912507e-07 6.251267402856980388e-07 6.586875353103674129e-07 5.482907481911363810e-07 5.121351891612461652e-07 4.498073502629141015e-07 4.395850236332457812e-07 3.845245803543071012e-07 3.772336649560773752e-07 3.674516827511365737e-07 3.084264732454250241e-07 3.681635589366878098e-07 3.351364558823023141e-07 3.289832036123321319e-07 3.438114050436231703e-07 3.519882142851221927e-07
5.819182935923813465e-07 6.272095189028294573e-07 7.659366579717808211e-07 8.434121567953014610e-07 7.176351175223713937e-07 6.883441198003956252e-07 6.435178108624145143e-07 6.778420773528129962e-07 5.417215363797654446e-07 4.376610440240279869e-07 3.640429776467931099e-07 3.189948078393626868e-07 3.436193182841235075e-07 2.880919325175995478e-07 2.881204863004075714e-07 2.955877602796820099e-07 3.360644132314720553e-07 3.587060931450027522e-07 3.401253647895606304e-07 3.445487408313585300e-07 3.538732950880962637e-07
1.145883373566218279e-06 1.221278808822534907e-06 1.122920059950551069e-06 1.010240935062503861e-06 8.780836131668327364e-07 8.739784379172572093e-07 9.209108034171331872e-07 8.174437224566528209e-07 5.680567766191281685e-07 4.805011632408741256e-07 3.548148857832040095e-07 3.839028742413016205e-07 4.098119809877848596e-07 4.026556413552177162e-07 3.758084773417428632e-07 3.678740831034006065e-07 3.522757247176634632e-07 3.631115186830631193e-07 3.804384324804040671e-07 3.745564803238202489e-07 3.898515694990477125e-07
4.037521627909580492e-07 4.283681450040850923e-07 5.073247653771084313e-07 5.645582568897359487e-07 5.784380782546599258e-07 5.645309821419553124e-07 5.266225375473068231e-07 4.761366128139945521e-07 4.881556966615643396e-07 3.998765910501636998e-07 3.962391329817567481e-07 3.611647290482901306e-07 3.637212725204958026e-07 4.017952711386480266e-07 3.530329596668636584e-07 3.819890571516657641e-07 3.403372276730040345e-07 3.231030133957099162e-07 3.231601711547463300e-07 3.314377609622369282e-07 2.988462158700456549e-07
4.092161843270367562e-07 4.237653354230956115e-07 4.953634497706563315e-07 5.353430722898031656e-07 5.234499348798197042e-07 5.165996433334924709e-07 5.213630985447403014e-07 4.997334252267891263e-07 4.483900678300654861e-07 3.872716367180375635e-07 3.606908221942505420e-07 3.743702578280016149e-07 2.865266745627723602e-07 2.855548518789735345e-07 3.070409350421201745e-07 3.264880479291749898e-07 3.429416517674815510e-07 3.323498093102303467e-07 3.283519704380205345e-07 3.252489707062644359e-07 3.649967060004764178e-07
5.696242451362042557e-07 5.931487280035074897e-07 7.385081239087094733e-07 8.174207167029474283e-07 8.219000753708004006e-07 7.963319460707687054e-07 7.451098132732803471e-07 7.490723433407363664e-07 6.761032796262991346e-07 5.852028707571837760e-07 4.956716847495132615e-07 4.485940069189514925e-07 4.415504284949497770e-07 5.462208474930020593e-07 4.200705039104983205e-07 3.937617764305494780e-07 4.119349980266786081e-07 3.825265094420421037e-07 3.999847374955450223e-07 3.779698674739810386e-07 3.349274598261510864e-07
6.906132934350897451e-07 6.996270563103968514e-07 7.921278145583226121e-07 8.250771099084470930e-07 8.261503666461503756e-07 7.785711649445923526e-07 8.001133656807663749e-07 6.854731061573234532e-07 6.091751764754871101e-07 5.701423071070378590e-07 5.412267594250046897e-07 4.998377421817629697e-07 4.792934471521188151e-07 3.778072451004571859e-07 3.999485746278285431e-07 4.596721491774717720e-07 4.598923244560238879e-07 4.202804579298716235e-07 4.103928327751795794e-07 4.097405946351119733e-07 3.670132469855661102e-07
4.285354033296007410e-07 4.584398342665495169e-07 5.283601824781104730e-07 5.998179624413790213e-07 6.404657665542985301e-07 6.643215248156316144e-07 5.674086387155969978e-07 5.914817023807305959e-07 6.215447590121575141e-07 5.556975464128040727e-07 4.809818437218968771e-07 4.008436526645190465e-07 2.800809010244042798e-07 2.951141242852036477e-07 2.918502415784265543e-07 3.115579353979915515e-07 3.485651405393375384e-07 3.208407338710895482e-07 3.284750221400438038e-07 3.301350376921311218e-07 3.469184237835354756e-07
6.082626831413322252e-07 6.186176076849824334e-07 7.888281412875771979e-07 8.613442356187085118e-07 8.083522719306223290e-07 7.021770358698213591e-07 6.711383485920220343e-07 7.405176741621929352e-07 6.083576745611832123e-07 5.174569431012271119e-07 4.457869727185138006e-07 4.356054118635290700e-07 4.803569031081354389e-07 3.991415704706668176e-07 3.978966830988850293e-07 3.894107070111823317e-07 4.074480006277348566e-07 3.865890220393783189e-07 3.764140870555705191e-07 3.893846535300106977e-07 3.916447789557580958e-07
6.991996129917848259e-07 6.358014301206763752e-07 6.508605526545342644e-07 7.259469663003991937e-07 6.816404632842513330e-07 6.595967016314244171e-07 6.902080564593923160e-07 6.858909434693859967e-07 5.811757359105771543e-07 5.358626092279324599e-07 4.499178001954525431e-07 4.342913420623757750e-07 4.566849008607389700e-07 4.611596260816576303e-07 3.922188266093539444e-07 4.125319466004878287e-07 3.740691795314003604e-07 3.680075467960596855e-07 3.386193015218588016e-07 3.753750226351947304e-07 3.804300577435036248e-07
5.774299901877452960e-07 5.379150130316340373e-07 6.219884115355118377e-07 6.469652258647188551e-07 6.343559728459829146e-07 6.341509671333450199e-07 5.968614971299695193e-07 5.710076740896664930e-07 5.342666974945651886e-07 5.140054055458680429e-07 4.975659010925479662e-07 4.532842636475460990e-07 4.103973212082038668e-07 3.548461893207720891e-07 3.667863724675094449e-07 3.505160304298042008e-07 3.498780278447384905e-07 3.660812357461851381e-07 3.651909162841800209e-07 3.621411038053147380e-07 3.530063206221811170e-07
1.987537833748626296e-06 1.864444734272794324e-06 1.116526942988481869e-06 7.424686569017404749e-07 7.501764100992696262e-07 7.926317833361486584e-07 9.991576830295100132e-07 6.420400171402969847e-07 5.387629580232368912e-07 5.270437026988212616e-07 4.550592445551182988e-07 4.037934526166335996e-07 3.505115675461745734e-07 3.750964244180979133e-07 3.629767416917437188e-07 3.815273708325025118e-07 3.385554762511802447e-07 3.380810890553818731e-07 3.608931300592502949e-07 3.504741509486683317e-07 3.742456433931820304e-07
4.462934733218564859e-07 5.216517525121379494e-07 7.149979518546484240e-07 9.282369341509683774e-07 9.547216777254870120e-07 9.217959255646548707e-07 7.277027667680117741e-07 8.520142621704582001e-07 8.322948060865843037e-07 7.253170494912519793e-07 5.658073919114408770e-07 4.132637317528390364e-07 3.669801937476935914e-07 2.466953920973919201e-07 3.241012891087602623e-07 3.654230304590515494e-07 3.895738905963835000e-07 3.470481307499295338e-07 3.509688866378158169e-07 3.605216625466240787e-07 3.776685698821925604e-07
2.037884889331065932e-06 2.172832976199087846e-06 1.378026049695056310e-06 8.456284811442618652e-07 7.645211431535757387e-07 8.968625212913689957e-07 1.120939144837324728e-06 7.402977597874231644e-07 5.057417199847455918e-07 4.885446141958738421e-07 3.759605253676938639e-07 3.152745191423593696e-07 3.455827568012647858e-07 3.628572713372965747e-07 3.853299236509918919e-07 3.316956892190776780e-07 3.806705558406168133e-07 3.912332533945736073e-07 4.002889913508464324e-07 3.799446696092918115e-07 3.716714573624311939e-07
5.965540655640206647e-07 4.645769137078687894e-07 5.454772375701024280e-07 6.141233286937598984e-07 5.978300321984441600e-07 6.047204419979824137e-07 5.287941768773988336e-07 5.591542892895767103e-07 5.168266566560811177e-07 4.885218066789881449e-07 3.843215852608559411e-07 3.239069852744139671e-07 2.987731169521397786e-07 2.906528131622164034e-07 3.418628256885544551e-07 3.645399637692233678e-07 3.765192360038825548e-07 3.929772722125164038e-07 3.724643346233811898e-07 3.777003709691114842e-07 4.031559255213105100e-07
5.581107711851813112e-07 5.363807431713042457e-07 6.444674356924649583e-07 8.037198025457375802e-07 8.080866287259129820e-07 7.391786632160219355e-07 7.189483457185784363e-07 6.570601689370712353e-07 5.243496207008066898e-07 4.365282706853749388e-07 4.149659190436541017e-07 4.576329120976625588e-07 4.174706216495436900e-07 4.313025185661200085e-07 4.310603201483852362e-07 3.735262172659043138e-07 3.942281337065341174e-07 3.466834864199799763e-07 3.518889003002271123e-07 3.644755796395709630e-07 3.489050364502907199e-07
4.556603673837057131e-07 4.427902816911853668e-07 5.894041379869008465e-07 6.743670541791385515e-07 6.935944074961731111e-07 6.469592227531836036e-07 6.025281185069283459e-07 6.180033759779628688e-07 5.787524266646046854e-07 5.259261343714252744e-07 5.380734138510313590e-07 4.344010556700621824e-07 3.703656750225495869e-07 4.049440119312392088e-07 3.919548070000353433e-07 3.813715023743234755e-07 3.688859180723259519e-07 3.816689277598016044e-07 3.806474064871263426e-07 3.779290760162782063e-07 3.900650651829128905e-07
3.697971718167547462e-07 3.844880269986522782e-07 5.221732950954627950e-07 5.403801730828950028e-07 5.659528476333193479e-07 5.383452150969518211e-07 4.952355628545710915e-07 5.333363416916075348e-07 5.138194174713202411e-07 4.145494269132538759e-07 4.451905430828060890e-07 4.320097977207148907e-07 4.586676749407169585e-07 4.429776115049378627e-07 4.091170381985320312e-07 3.909211935706426512e-07 3.951238387009002883e-07 3.701696104926821137e-07 3.749508679709196429e-07 3.782133145320054072e-07 3.591744295618108333e-07
3.912629707084924482e-07 4.007512875181483661e-07 4.567985184188191845e-07 5.035085952774625551e-07 5.798991158805614929e-07 5.639048007560965043e-07 4.696848688614575322e-07 4.671860977608655757e-07 4.737715558360735744e-07 4.705266758562242350e-07 4.522427712753873236e-07 3.894010220810417113e-07 2.931060392625573836e-07 2.504189030346624736e-07 2.657902625680566611e-07 3.047107157695218421e-07 3.247716845813509353e-07 3.121173471466444084e-07 3.204729519107793446e-07 3.188949287817740363e-07 3.222128161572434303e-07
4.265839670667154809e-07 4.467793833280429098e-07 4.607168804278293770e-07 5.625434165724991503e-07 5.662184908380288007e-07 5.298063780170593967e-07 4.944551299703192885e-07 4.618421784539605560e-07 4.388428133308730036e-07 3.769854466026173423e-07 3.204594342671132797e-07 2.742840192160609646e-07 2.847970205781107321e-07 2.486124825799559460e-07 2.897519552992948121e-07 3.069878609297904923e-07 3.145808798015217222e-07 3.350318698300249027e-07 3.284151004394116144e-07 3.243580827607556583e-07 3.386098176721586647e-07
7.971617133886243205e-07 9.073671953990541561e-07 1.166228271629084709e-06 1.303198717188726538e-06 1.112115276515790388e-06 1.056424923524292269e-06 1.166848957550050727e-06 1.185800300195990897e-06 7.737850262199736144e-07 4.862562600016820488e-07 4.067153090830305190e-07 3.563198758725009783e-07 3.841062290856592727e-07 4.275968576333425999e-07 4.011792312488009591e-07 4.066112000679214261e-07 3.696997794207823844e-07 4.035158585311824736e-07 3.871478582820319891e-07 4.031176364763921613e-07 3.985193504958364865e-07
1.100610052267280542e-06 1.194889367224861897e-06 1.094666607569793315e-06 9.578550868143485837e-07 9.547216777254870120e-07 1.084716937049002650e-06 1.056332874767088263e-06 8.137711523979980282e-07 7.244818750549288277e-07 5.685533834306721372e-07 5.127582893132143419e-07 4.198664961426947785e-07 4.026613382950984075e-07 4.005624308283213097e-07 3.857866967069688442e-07 3.965972858144216387e-07 3.946964894773302004e-07 3.786284489830036303e-07 4.009198903271623374e-07 3.912085382499141174e-07 3.733512477849850990e-07
7.345206093500078056e-07 7.705103238576343480e-07 7.271654970405221519e-07 7.313870351569384541e-07 7.383552874897025746e-07 7.994059274195299444e-07 7.076490348291935899e-07 6.772043256659806818e-07 6.225374399080979237e-07 5.288074840046435012e-07 4.985157705123788074e-07 4.720627449995111674e-07 4.323080294590241294e-07 4.766617599838062784e-07 4.864145183832779123e-07 4.450520824039681842e-07 4.553548313914877880e-07 4.390922978721962487e-07 4.537868049489453998e-07 4.306986998347763847e-07 3.917429270085032207e-07
8.036014530561456841e-07 7.723514476900301615e-07 7.688238720836830849e-07 6.989481060494268147e-07 6.303713247753423925e-07 7.319491144883797174e-07 7.076151029646608890e-07 7.601560278291319510e-07 6.567070734928734692e-07 4.675769036723491283e-07 3.811571946936288140e-07 2.962840910482727986e-07 3.416488486532234399e-07 3.405923657328442345e-07 3.841882301592464154e-07 3.698902261076587989e-07 3.739275205500742247e-07 3.790974997669725379e-07 3.831477756316875410e-07 3.915573279536093709e-07 4.113250590068231560e-07
4.632709688089581903e-07 5.265614160651934520e-07 5.446523192524160215e-07 5.290970673063692704e-07 5.257079021198493123e-07 5.245122990275260872e-07 5.011736391477913136e-07 4.837016673060741202e-07 4.264634986285561561e-07 4.187612150314673129e-07 3.766674049359400701e-07 3.541555256117779197e-07 3.011760000792052532e-07 2.916250434069431519e-07 2.721315161556401161e-07 3.164293179707014442e-07 3.225349638235692552e-07 3.135625743292600005e-07 3.151717027839075678e-07 3.048738179380774271e-07 3.039710941139912451e-07
3.457945057832661479e-07 3.752824078366733694e-07 5.347532994401797790e-07 5.720131660635119017e-07 5.828211911323646272e-07 5.221214246451562465e-07 5.028702323744257232e-07 4.967865726048744293e-07 4.711633354428181503e-07 4.342399164911831455e-07 4.645468937601727555e-07 3.904058989878060206e-07 3.349833528098932879e-07 3.464007571949143759e-07 3.243968762800626195e-07 3.393202781199847048e-07 3.398810721972503832e-07 3.379010118686328594e-07 3.282457957347810019e-07 3.396258658673185524e-07 3.534298580480767133e-07
6.603660313603683463e-07 6.084914266068056179e-07 6.492107160191615573e-07 6.890753884949667459e-07 6.799137824536404190e-07 6.410389623777915919e-07 5.796241099473643450e-07 5.982550651236389675e-07 5.011578699652555803e-07 4.761829400438610506e-07 4.667614149075690415e-07 4.379492934822845232e-07 4.073458178368902817e-07 4.015358510733476189e-07 4.338176988580260753e-07 4.403303673742837233e-07 4.145472167540999621e-07 3.846284675883001903e-07 3.914198110018927974e-07 3.924040996474772122e-07 3.772865148237129848e-07
9.322011027802835978e-07 1.012311253845613620e-06 8.253307768451983817e-07 5.397757209877239739e-07 4.764310876462606328e-07 5.452332103413983930e-07 6.489469091876445405e-07 4.706607448822276487e-07 3.525185040466353666e-07 4.255502525577572295e-07 2.537863324902666207e-07 1.823465094659210909e-07 2.022429561577518056e-07 2.058081718053888344e-07 2.201780052799055509e-07 2.289978236038814625e-07 2.381240030501087813e-07 2.466510881095971475e-07 2.416537248325394782e-07 2.288356551097487795e-07 2.589813451946464397e-07
5.140083116439746347e-07 4.642700597358028205e-07 5.945598774724404899e-07 6.729566659570727820e-07 6.874846137878576015e-07 7.085527008894744089e-07 6.097216737878579718e-07 6.013998406828464371e-07 5.525339724129997066e-07 4.943833385185957060e-07 4.486862834476486468e-07 3.941461356134795744e-07 3.338882568419621918e-07 4.038468316550604460e-07 3.836635390153650277e-07 3.405604611507041069e-07 3.574452608448151229e-07 3.678171726425152334e-07 3.597037862320900921e-07 3.684669006643214764e-07 3.745021643220340783e-07
4.125336259739416931e-07 4.553712945458898806e-07 6.213697227972470593e-07 6.679195651639809447e-07 6.949226235197200577e-07 6.477561808806402878e-07 5.495944098359361200e-07 5.709197083397586059e-07 4.826083622430733549e-07 4.234747685211646592e-07 4.339356949571361433e-07 4.046337591118682449e-07 3.463104770752992358e-07 3.262576221245474740e-07 3.348055623996123698e-07 3.578300098534719345e-07 3.694117168989469099e-07 3.837647196991995545e-07 3.616587108278404012e-07 3.647028889006033052e-07 3.726393325149394850e-07
9.915247651719952288e-07 9.846943963596769471e-07 9.265895003411985034e-07 8.490537096835643272e-07 7.819207730620397119e-07 7.405448771488047319e-07 6.878667578066368010e-07 6.677919904258352712e-07 6.592082400640175917e-07 5.132755650055278496e-07 4.854219310099432984e-07 5.381352717375764096e-07 4.467604837902110291e-07 3.843617667503408896e-07 3.950929096390559618e-07 4.266669326931123268e-07 4.142789797117083994e-07 3.829440753920335545e-07 3.900583552069379859e-07 3.889233697370795042e-07 3.690369588448202367e-07
4.127287696002302032e-07 4.332778085571404891e-07 5.479519925231614356e-07 6.445474174840347394e-07 6.808435336701232922e-07 5.943030607605135648e-07 5.460654959245366029e-07 5.310932150689560412e-07 4.419473741720986854e-07 4.525163400222032113e-07 3.995084509848953921e-07 3.887402469438394076e-07 4.101072877656539025e-07 3.540845891290645032e-07 3.763408212279233385e-07 3.653133870047447456e-07 3.421028814833134474e-07 3.591119253421342221e-07 3.663550281626635417e-07 3.664063125722115978e-07 3.808451444081589585e-07
5.883580332599026042e-07 6.032749090816843052e-07 6.312687426094833017e-07 6.967317817004664105e-07 6.807107120677685657e-07 6.390465670591499873e-07 5.903805110042262947e-07 5.780889169572525228e-07 5.798035005544240734e-07 4.763273876508033938e-07 5.060263659249947414e-07 4.063093851201699762e-07 3.600773978150043681e-07 4.811516311139826074e-07 3.949025476743660721e-07 4.165323824538970538e-07 3.506171623860599629e-07 3.606601820587907304e-07 3.439923029584111469e-07 3.532603596347788323e-07 3.595595353100327784e-07
4.400488772806236854e-07 4.286749989761510612e-07 5.531077320087011850e-07 6.781952507818883308e-07 6.735383455406154565e-07 6.770159292744050180e-07 6.287913816552282535e-07 6.163540181671897988e-07 5.608063132125038605e-07 4.833901153797208829e-07 4.238295261298662231e-07 3.954826468343869122e-07 3.771665198057363925e-07 3.309640733092406100e-07 3.727956883578698634e-07 4.018801836655066115e-07 4.034759573487076442e-07 3.830608741258591277e-07 3.777796534858726542e-07 3.830537910651454293e-07 3.569478468346907226e-07
7.526689665948406237e-07 6.962516626176712462e-07 6.646779344757806994e-07 5.943778935848397608e-07 6.237302446576080831e-07 6.753650874389591655e-07 5.829833645361004634e-07 5.947584265647999492e-07 5.324857111812602116e-07 4.901563453891251552e-07 3.727298648409436401e-07 3.435955908719595619e-07 3.183160976446884601e-07 3.696759730536788757e-07 3.624726172927911852e-07 3.645461646843769722e-07 3.370780544112485578e-07 3.549066919957256706e-07 3.648244347620760168e-07 3.587832344407241258e-07 3.777949806468035793e-07
7.659387331824603711e-07 6.974790785059351219e-07 7.185038547048153604e-07 7.418642048065694460e-07 7.131191830423120718e-07 8.023660576072260032e-07 6.641144526337557012e-07 7.061230659482033304e-07 6.357926495185976473e-07 4.442068013702045057e-07 4.804516840457122092e-07 5.021891042737697352e-07 3.992951925830790692e-07 3.677481725684189628e-07 3.705476953075121840e-07 3.883416128667462821e-07 4.219517791536106801e-07 3.948415021311879364e-07 3.938994932905190798e-07 3.968541481377442551e-07 4.058612912109821236e-07
4.907862201156402356e-07 4.719414090374518846e-07 5.434149417758864647e-07 6.366895402468113631e-07 6.322308272083079272e-07 5.940753584383830988e-07 5.257403090694569174e-07 5.195697018310210206e-07 4.902481122755565661e-07 4.114247970999222513e-07 3.793458157999979272e-07 3.382420655150787928e-07 3.645808261775075379e-07 3.709278533687982452e-07 3.537695361131510899e-07 3.328110083673860659e-07 3.302858790434516865e-07 3.407476442588971628e-07 3.337694870476025061e-07 3.374974645252635637e-07 3.210943526472811208e-07
1.095926605236355875e-06 1.103140029577138938e-06 1.156329251816848466e-06 1.089424159529908017e-06 1.078644232722409494e-06 1.002744101082035080e-06 1.055280986966574853e-06 1.006306187508917619e-06 8.862596645962909671e-07 8.571749071127211903e-07 6.570224686983353561e-07 5.686979919514969599e-07 5.449921741142254203e-07 4.776839702411138326e-07 4.532202703645813551e-07 4.893280258995497682e-07 4.316993065468976798e-07 4.538996953206243773e-07 4.412605293526524616e-07 4.575103870562953444e-07 4.534813308000174458e-07
1.140224208403851168e-06 9.570775388737402738e-07 7.552127198418581722e-07 6.004224145365500502e-07 5.938453841278035320e-07 6.276614509526266842e-07 7.575967394213091956e-07 6.183992218525484140e-07 4.744625395969733366e-07 4.692874674387715490e-07 3.997183058567184787e-07 3.068589867345938868e-07 3.648726173984971598e-07 3.687929928314178516e-07 3.464826905552363241e-07 3.298495076619840058e-07 3.206606934976736125e-07 3.480636391670915159e-07 3.541486468878715721e-07 3.484777690187404596e-07 3.744130105442189752e-07
3.797494967574695038e-07 3.642356648422987001e-07 4.699972115018008940e-07 6.040491271075761180e-07 6.164250565281002475e-07 6.339232648112145539e-07 5.266225375473068231e-07 5.053632332208948588e-07 4.978781301423933339e-07 3.944636070426402819e-07 3.639435727075084648e-07 2.964586354241375811e-07 3.290947950369090576e-07 3.122548885998232084e-07 2.727901302897555630e-07 3.195402043593491884e-07 3.143011202582567871e-07 3.198096004054762414e-07 3.160026861002596635e-07 3.227770334622559685e-07 3.359481610027609966e-07
3.616011395126366856e-07 3.989101636857525526e-07 4.776277059403997039e-07 5.377608806704872813e-07 5.093708450302229387e-07 5.496734056229424283e-07 5.236365334684303087e-07 5.099814350910597298e-07 4.492756949038947529e-07 4.058749679910850207e-07 3.688972521818587798e-07 3.290909532375975130e-07 3.066919088229737057e-07 3.419656260785170421e-07 3.587069897852451730e-07 3.376939471910640300e-07 3.393205364194668976e-07 3.383992773025796345e-07 3.462161232615159739e-07 3.471748418697610539e-07 3.834718233417176821e-07
7.948199898731619873e-07 8.358702199076846158e-07 9.350449130974836668e-07 8.581204911111296555e-07 8.373073812439440069e-07 7.763510673038203879e-07 7.959736782077785594e-07 7.002953350168048253e-07 7.112266654444292099e-07 5.811811452796839707e-07 5.404591323938623115e-07 4.750599212822175590e-07 4.577430834814364093e-07 4.815181512062418845e-07 4.068857855219536356e-07 4.364714251302883558e-07 4.066158388367147236e-07 3.911795535154134134e-07 3.992111359750576631e-07 3.979775991460271498e-07 3.947981051219638204e-07
5.795765700769190132e-07 6.176970457687845796e-07 6.312687426094833017e-07 6.125114564399704173e-07 6.411298745660719505e-07 6.588566690845004289e-07 6.374440071110634887e-07 6.098005697990510922e-07 5.214786318350964451e-07 5.047683612071869289e-07 4.979248633732980205e-07 3.378231590130033467e-07 3.212164320701881556e-07 3.426248862444639483e-07 3.385424921235367374e-07 3.770613026230140948e-07 3.681017102187643406e-07 3.728270660511223378e-07 3.621889159480465737e-07 3.621674198629946224e-07 3.672193438701711091e-07
8.014548731669718609e-07 6.867391894836263686e-07 6.106457846673244104e-07 5.569018636842362841e-07 6.068619011585628039e-07 6.672816550033276732e-07 6.265179467315382462e-07 6.062159654903040808e-07 5.501690561609062161e-07 4.475290963298782924e-07 3.521143849326384535e-07 3.012536187782510888e-07 3.134171691332535400e-07 3.475360174806785497e-07 3.169569758761660491e-07 3.493863364327306872e-07 3.448294779767576910e-07 3.824568253179145156e-07 3.675854115036978840e-07 3.578112654354984251e-07 3.800394642602853581e-07
4.016055829017842790e-07 4.176282559817763390e-07 4.675224565487418334e-07 5.405816571146187144e-07 5.339428414658399152e-07 5.368651500031038446e-07 5.160357958131083779e-07 5.094096577166583043e-07 4.621124213915959254e-07 4.156061751956215136e-07 3.454597764971956933e-07 2.721371233929243366e-07 3.155950566200378642e-07 2.836556114009026535e-07 3.339097132542251548e-07 3.080242593397803507e-07 3.235169181259438646e-07 3.522764755064246937e-07 3.480216279333809034e-07 3.454387818953924671e-07 3.592076540276829542e-07
6.632931857546962099e-07 5.541782735511301253e-07 5.524890432704364066e-07 6.520023266578106924e-07 6.027444314855675553e-07 5.878135445797953350e-07 6.455537227343758270e-07 5.253094670125115326e-07 4.626087618395661831e-07 3.948817448522101976e-07 3.939804318613450643e-07 3.330705650073141713e-07 3.385639474915555661e-07 3.854434770226255759e-07 4.110952720828468336e-07 3.821012373439899275e-07 3.677673882448928603e-07 3.749444696475736350e-07 3.735747074641532541e-07 3.792509482175086466e-07 3.937112355368044069e-07
9.228342087184343706e-07 9.939000155216559087e-07 7.913028962406362056e-07 6.090862279006679552e-07 6.295743951612142458e-07 6.527087063869778452e-07 7.203734840289512388e-07 6.333753907743686681e-07 5.361158089673955874e-07 4.651669093881006361e-07 3.558199801693040979e-07 3.596362190139315798e-07 2.904236693635801022e-07 2.407620506038698174e-07 3.130349454478824179e-07 3.072001013439113581e-07 3.333225663692247457e-07 3.236489322341288600e-07 3.378018198045337059e-07 3.235057592883308468e-07 3.297088167043775099e-07
5.830891553501125131e-07 6.321191824558848541e-07 7.731546932515364278e-07 7.632215121692789588e-07 7.331752449978697264e-07 6.660292922316100569e-07 6.139292249899111892e-07 6.083931178005246856e-07 6.000074764365071931e-07 5.245880933808014808e-07 4.547775972271451907e-07 4.035291425617526464e-07 3.963807959300617952e-07 4.217265861556962582e-07 3.599673007826265865e-07 3.774544970157080565e-07 3.863909691786433536e-07 3.836173293954176269e-07 3.710504431628982492e-07 3.926874912817296256e-07 3.999438648112147900e-07
4.714670011130761979e-07 5.188900667635442820e-07 6.409615328422980220e-07 7.527443425196479669e-07 7.666462887912507262e-07 7.315506354246513753e-07 5.863765509893691768e-07 6.299447265279605387e-07 5.318531204142392690e-07 5.414884633930550478e-07 4.368902306525401838e-07 3.791727216553664349e-07 3.488891380463344418e-07 2.918939834746398859e-07 3.325432204574439210e-07 3.807547931763202716e-07 3.659373439885260985e-07 3.677861620099567009e-07 3.481779991755772036e-07 3.510335945777249112e-07 3.357076123633070949e-07
1.398204082357281036e-06 1.246747688504009850e-06 9.593800034692311226e-07 7.340063275693461756e-07 6.868205057760841812e-07 7.349092446760757762e-07 9.364855292376366527e-07 6.089429037374490069e-07 5.100141407035483536e-07 4.382388344517973595e-07 3.852327972042983092e-07 3.384091294176922100e-07 3.810019923611547417e-07 4.383556503415122615e-07 4.057742247030108066e-07 3.451122147332240476e-07 3.494525425551331700e-07 3.688533348593542010e-07 3.678308130919533839e-07 3.643192515925190337e-07 3.535985050861894866e-07
4.958599543991418165e-07 4.900457933893437331e-07 5.170175556099231515e-07 5.113664725146858254e-07 4.979481872277198545e-07 5.448916568582027469e-07 5.562111234198101482e-07 5.077163170309312379e-07 4.284585925860836304e-07 3.626395184815546106e-07 3.498612063088536944e-07 3.038618104518874422e-07 3.038495810859840348e-07 3.292421428758016702e-07 3.652687380103211651e-07 3.085431631942245170e-07 3.211029541929622634e-07 3.414353259890121342e-07 3.313872234747279166e-07 3.412141920733054430e-07 3.736685019854893222e-07
1.021576883620427906e-06 9.650557421474553598e-07 8.958612930073817414e-07 9.338784870392312435e-07 8.666609553643297581e-07 7.297290168476076468e-07 9.613575859400964588e-07 8.269880063216602211e-07 6.499334862029264789e-07 5.587309461585931202e-07 4.653255657845689302e-07 3.728666827044808070e-07 3.059729774411377555e-07 3.191961603470584024e-07 3.566383578825224283e-07 3.885538532808670950e-07 3.757070691408486381e-07 3.582902034454198550e-07 3.588441621475049767e-07 3.628838972736654189e-07 3.522750667844009728e-07
6.156781409402961393e-07 6.023543471654863455e-07 7.053051616218337038e-07 7.793402347071729227e-07 7.799284490267194509e-07 7.377555237027065491e-07 7.063596239769513792e-07 7.187461510599872053e-07 6.755582783500965008e-07 5.518810885872749071e-07 4.522041137989988505e-07 5.234361417986793945e-07 5.253015400327422174e-07 4.886010329891227299e-07 3.648377929596036929e-07 3.751677686229293048e-07 3.725653237188767383e-07 3.811010380678132440e-07 3.915889486075255108e-07 3.867595091540148586e-07 3.749323817065034490e-07
6.369487962057453312e-07 6.238341252101038521e-07 7.339710731614345024e-07 7.878025640395673279e-07 7.929449660574787227e-07 6.765605246301440859e-07 6.137256338027150897e-07 5.922953855673786846e-07 5.361450054643350237e-07 5.103105878103955761e-07 4.107467316206846165e-07 3.866132990493730162e-07 3.633451079344006567e-07 3.461746571380011896e-07 3.459513032618432546e-07 3.600172417440134264e-07 3.646053089978502410e-07 3.724260231408725176e-07 3.558423289103693227e-07 3.654965423064128320e-07 3.674881902868902338e-07
5.465972972341582609e-07 6.112531123553992853e-07 7.745983003074875068e-07 8.105702596243425042e-07 7.238777328330417356e-07 6.988184266183970641e-07 7.046969626148497764e-07 6.565983487500546953e-07 5.719593750433648083e-07 4.698652578665409216e-07 4.084051930508690618e-07 3.729913572586699448e-07 4.061118573722231639e-07 3.828909263801055389e-07 3.996046795207631988e-07 4.033004750954600249e-07 3.746708913049520926e-07 3.797231602319704443e-07 3.871012376616293524e-07 3.953073504900030871e-07 4.070193260240965964e-07
9.790355730895295220e-07 1.045451482828737628e-06 8.715262026356342856e-07 7.920337287057644246e-07 7.562862038075852417e-07 6.683632410334473076e-07 6.875274391613100038e-07 5.563173938550468987e-07 4.973331288661907000e-07 4.588568297164089846e-07 3.630599732472007203e-07 3.890818552223176073e-07 4.033310518806228329e-07 4.000293106941259784e-07 3.682140872026834324e-07 3.411363006806494924e-07 3.209660397708192779e-07 3.684569016377279164e-07 3.615003678174693358e-07 3.478357073969200771e-07 3.266773778662682436e-07
3.200355471131808525e-07 3.798852174176628503e-07 4.724719664548599546e-07 5.593196720649203999e-07 5.942438489348676054e-07 5.997679164916447503e-07 4.962535187905516950e-07 5.036039182227367975e-07 4.859367628941679245e-07 4.875106734303917957e-07 4.522262037855065494e-07 3.879847191454533210e-07 3.962015025292127486e-07 3.763970947454985807e-07 3.978770729467436339e-07 3.824002905702611493e-07 3.603767206258471428e-07 3.744855362321421575e-07 3.689104731369190191e-07 3.599343188778699371e-07 3.274473439049167774e-07
4.388780155228925717e-07 5.081501777412356346e-07 6.667402302699965568e-07 8.111747117195135332e-07 8.052973750764645742e-07 7.554024536678176160e-07 6.813518398163608755e-07 6.299227350904835404e-07 5.822365419660429857e-07 4.742214935916967018e-07 4.395410290334634172e-07 3.627605633419108624e-07 4.100281877358675631e-07 4.077095726273774767e-07 4.642564813526565521e-07 3.872587075931044435e-07 3.930968952384318394e-07 3.788025994272366243e-07 3.630157886290512929e-07 3.772900725775612822e-07 3.630800663380987270e-07
1.015722574831772178e-06 8.168452736395948605e-07 8.729698096915853646e-07 9.520120498943620059e-07 9.201880611132684126e-07 7.304690493945316350e-07 8.114805402992166232e-07 6.434914520137773879e-07 5.562516596899533912e-07 4.599211805044052057e-07 4.596760517352262585e-07 4.904098523939818653e-07 3.889436353517048000e-07 4.106476833669495492e-07 3.777900593008134800e-07 3.895744675431932474e-07 3.321215151017129094e-07 3.515394641214290000e-07 3.421387406147620082e-07 3.614260849127393678e-07 3.456232481936128028e-07
7.743299091128669418e-07 8.051848227010882534e-07 5.803300364923509046e-07 4.700622460113326223e-07 5.040579809360354700e-07 5.643032798198248464e-07 5.481014077964979157e-07 4.281732876767112057e-07 4.343562849678477973e-07 4.073726615999082184e-07 3.883474853018831138e-07 3.432714370310678458e-07 3.101687945766939086e-07 3.468315373033489745e-07 3.439238048489781122e-07 3.490965845791898720e-07 3.539222562027668364e-07 3.573946666646424920e-07 3.506700133702454568e-07 3.532379800076577435e-07 3.555091310325808140e-07
8.488747743550834214e-07 7.530196474498744902e-07 5.801238069129292765e-07 4.928299415961078516e-07 4.886506750628918637e-07 5.454609126635288591e-07 5.994403188344537288e-07 6.010039948082608919e-07 4.738396809955988904e-07 4.001578837584198557e-07 3.783075864341363433e-07 2.646840785434988309e-07 2.231939173804976522e-07 2.275351972744476801e-07 2.835020563229067582e-07 2.827098688045594522e-07 2.870561669430539187e-07 3.096112929197494611e-07 3.047698235869933446e-07 3.031438586469254557e-07 3.216492275263945808e-07
6.375342270846109675e-07 5.900801882828478005e-07 5.520765841115932563e-07 5.649612249531832660e-07 5.469593584965991870e-07 6.105268512123092453e-07 5.711072119496599135e-07 5.783308227694992919e-07 4.500250716586733347e-07 3.907307767790251100e-07 3.295770761981638856e-07 2.778247765550319402e-07 2.729513516729941955e-07 2.778841099481183625e-07 3.007929492513069322e-07 2.510775913071623026e-07 3.173562774751357983e-07 2.975145121141475670e-07 2.839752222182475793e-07 3.030140975853978078e-07 3.609969536923671942e-07
5.637699363475485284e-07 5.968309756682990108e-07 5.638316701386238339e-07 5.929675053627739913e-07 5.878684120218426430e-07 5.380605871942887650e-07 5.393469867470645779e-07 4.905629957988903790e-07 4.813821093716173493e-07 3.841698144215915303e-07 4.798607769066314223e-07 3.626608236985595733e-07 3.084514450411102014e-07 2.558631544050723534e-07 3.127364884982179491e-07 3.555742860364611520e-07 3.525780209170484943e-07 3.145058842466815376e-07 3.123752676349400054e-07 3.122562249008190421e-07 3.056771660533484228e-07
4.560506546362827333e-07 5.735100737912857966e-07 8.579150503938093729e-07 9.927118243025442330e-07 8.038363374505630071e-07 6.765035990496114958e-07 5.709036207624637081e-07 5.957040583763098158e-07 5.322034783775123983e-07 5.267015899455367563e-07 4.513370818285718802e-07 5.130258165238879175e-07 3.999807261745607837e-07 3.148443292516290958e-07 3.056409614977804259e-07 3.457075025879693839e-07 3.380425555137707776e-07 2.827094494430742342e-07 3.383678509498807611e-07 3.316296266652499149e-07 3.705382137866482439e-07
5.083491464816074175e-07 5.069227618529717589e-07 5.788864294363997198e-07 6.147277807889309273e-07 6.619828661357577518e-07 6.960290731722988813e-07 6.397853057638188977e-07 5.851481683873616601e-07 5.162719232142320404e-07 5.278723758123325624e-07 4.585605074165877284e-07 4.387945869596867276e-07 3.436825983079526108e-07 3.035012463963837895e-07 3.531625779895544973e-07 3.358993459736571101e-07 4.061064765186926457e-07 3.684419351162228338e-07 3.623461895248313069e-07 3.516922174372747139e-07 3.399511568603088996e-07
7.614504297778242147e-07 6.655662654110748838e-07 9.399944230036017880e-07 1.124885349113274695e-06 1.041321362460742593e-06 1.037525630787463691e-06 9.716728727580332968e-07 9.668535486752238131e-07 8.949115598560076865e-07 7.265866679312187872e-07 6.127430907436632750e-07 6.570024851925658813e-07 5.139410179769819808e-07 3.670770123994766091e-07 4.107748134990724021e-07 4.034983406608157120e-07 4.672984118924149231e-07 4.051035669985262850e-07 3.999477751972186583e-07 4.161295939449232353e-07 4.110278096166408210e-07
2.175851433117052861e-06 2.157183423623723696e-06 1.128075799436090712e-06 7.743031339140810854e-07 8.723722842655813002e-07 9.322702323826563096e-07 1.131491954706990578e-06 6.774462314782274510e-07 4.623946541953436858e-07 4.404207535671895148e-07 4.148444241178618107e-07 3.437302393904838181e-07 3.060186796805698592e-07 3.376328349878804411e-07 3.646890427811651085e-07 3.744512810629091462e-07 3.819919155731305034e-07 3.905938835958769937e-07 3.928982360953487895e-07 3.783228759020600875e-07 4.068724020008733119e-07
6.232887423655485636e-07 5.554056894393940010e-07 5.312473965900127368e-07 6.449503855474820567e-07 5.938453841278035320e-07 5.910013770896218599e-07 6.435178108624145143e-07 5.932630088163655495e-07 4.602730420844120230e-07 3.399460391803504153e-07 3.019369805804120880e-07 2.907161254581867738e-07 3.179750886273873134e-07 3.408743958038359767e-07 3.809133347516295733e-07 3.413744721945035553e-07 3.264915872852512030e-07 3.493625536354735476e-07 3.328605687586490560e-07 3.390421292863274615e-07 3.404052537817269728e-07
5.791862828243419930e-07 5.066159078809057371e-07 5.361969064961308580e-07 6.520023266578106924e-07 5.842822287582660884e-07 6.113238093397658236e-07 5.686980495678391026e-07 5.725030918381007868e-07 5.295660614873175379e-07 4.340954688842408024e-07 4.281978209617626759e-07 3.834091630067126812e-07 3.178748952563245533e-07 3.327407437564585452e-07 3.776413091223748956e-07 3.688834229745383825e-07 3.590858616309395318e-07 3.493196895178830286e-07 3.138523893562127230e-07 3.482156905682704469e-07 3.482018173992807778e-07
4.886396402264664125e-07 5.630770387410430651e-07 6.756081021851248705e-07 6.912917128439271501e-07 6.413955177707812974e-07 6.137716093026683603e-07 6.081268761548216649e-07 5.759997303969399111e-07 6.044356118056535798e-07 5.185364989004803409e-07 5.465670136632396826e-07 4.398493336881266815e-07 3.980999032440852659e-07 3.587279702978818783e-07 3.848855863012510032e-07 4.039388874965008444e-07 3.604902511491587744e-07 3.856340382351828035e-07 3.826370208348321591e-07 3.796398550103249943e-07 3.744635573173636759e-07
4.915667946207942761e-07 4.872841076407500658e-07 4.949509906118130753e-07 6.477711619916134898e-07 6.315667191965345068e-07 6.118361395645594517e-07 5.335785697765077545e-07 5.214389740165638614e-07 4.480786385293782366e-07 3.682805776579343654e-07 2.991922997568311342e-07 3.282057639028547294e-07 3.301811021126417068e-07 3.380338650888265002e-07 3.595530961056883452e-07 3.467453102968577695e-07 3.566927398686554577e-07 3.659446812039728855e-07 3.651651496187101993e-07 3.616795847675293957e-07 3.587253119270986515e-07
6.314847746696666242e-07 6.937968308411434949e-07 7.248969716668846664e-07 7.344092956327934930e-07 6.538807483921218753e-07 6.190087627116690797e-07 6.312684077661144662e-07 6.408964623914943455e-07 5.259359637011821622e-07 4.574503661751283641e-07 4.033741986237418007e-07 3.332949792048545983e-07 3.586992995182820970e-07 3.787889953475803137e-07 3.818063141186546238e-07 3.604146640334030756e-07 3.503228302681609681e-07 3.706745210621771533e-07 3.712122284126252005e-07 3.709187323147985722e-07 3.741693586169237104e-07
5.926511930382501446e-07 5.458932163053491233e-07 6.568412104577603143e-07 7.299766469348726846e-07 7.613334246970632575e-07 7.188562309658779717e-07 6.921082408732227193e-07 7.103894048187365468e-07 6.780107840930083001e-07 5.529986569146708942e-07 5.423533487368971221e-07 5.172198685268098845e-07 3.779786134448763136e-07 3.960689896972464046e-07 3.411415547268651988e-07 3.846686980773588355e-07 3.390219680880115073e-07 3.690135365055444768e-07 3.552340551383635507e-07 3.545040207635125099e-07 3.416734991449585735e-07
9.692783917751033804e-07 9.377457386335844967e-07 8.354360262368562522e-07 8.037198025457375802e-07 7.457932972215649248e-07 7.607534582378835155e-07 6.732760560575813439e-07 6.512324380056727303e-07 5.884553958141407928e-07 6.027570562534921259e-07 4.569645058914068530e-07 4.026788621021828828e-07 4.574442611466879981e-07 4.195726856135231590e-07 4.183400275581165912e-07 4.218682699435673062e-07 3.939109260354305235e-07 4.040793779988913624e-07 4.180370103708299221e-07 4.190574984481599690e-07 4.202365445290061883e-07
7.760862017494636388e-07 8.030368448966265239e-07 8.234747106304040465e-07 6.947169413832296121e-07 7.744827633301772558e-07 7.577364024696548666e-07 8.110054941957590223e-07 7.695903545067543599e-07 6.270823612650020554e-07 6.180304900612373189e-07 5.413482543507970336e-07 4.318277728715987960e-07 4.229355548185609600e-07 3.926751088429493306e-07 3.818330987167014568e-07 3.969707500225360077e-07 3.972585514362437092e-07 3.613667216060020752e-07 3.892743601287837673e-07 3.895294075302403892e-07 4.114889020852266831e-07
4.092161843270367562e-07 4.228447735068977047e-07 5.628005222415157993e-07 5.119709246098568544e-07 4.966199712041730138e-07 5.528043125522363631e-07 4.997145689728858102e-07 5.083980515927174429e-07 4.490129264314398794e-07 4.003555489047620178e-07 4.039540607695687911e-07 3.733579004479859403e-07 3.599947822283386075e-07 3.908234683768601870e-07 3.801987599394520517e-07 3.945261801531201969e-07 3.640310478881440065e-07 3.645541117578937961e-07 3.679212136497950071e-07 3.707535120122612675e-07 3.795643806973639182e-07
4.704912829816335944e-07 4.636563517916708826e-07 5.145428006568640380e-07 5.186198976567381727e-07 5.506783633625304680e-07 5.616847031153245396e-07 5.136266334312875670e-07 5.364811172508151103e-07 4.692363666448159920e-07 3.953607027068085156e-07 3.900705042494832579e-07 3.300733887246077267e-07 2.329777121758498873e-07 2.523217135136319836e-07 3.121266605962591921e-07 3.070357770923410527e-07 3.229880692255623251e-07 3.262401160353446060e-07 3.184085440516318622e-07 2.979098802048188005e-07 2.991420626442544569e-07
1.004794531759614764e-06 7.005476182265947052e-07 5.982720099020291602e-07 5.992135103462079923e-07 5.793678294711426931e-07 5.611154473099983215e-07 6.390048728795670947e-07 5.294658486956598636e-07 4.317286002432994334e-07 3.620161130200140024e-07 3.221437957383249507e-07 3.083550813848632766e-07 2.857005186961148606e-07 2.938479639664897623e-07 3.111638499557549475e-07 3.146161140078337110e-07 3.154448979184859999e-07 3.333186820463825775e-07 3.165994634612127488e-07 3.169457212865905587e-07 3.364587658152111403e-07
6.338264981851289575e-07 6.161627759084547880e-07 7.203599209196096955e-07 7.130519882700840861e-07 7.054155301057402687e-07 6.906211430217002858e-07 6.472842478255428317e-07 6.110320902977617245e-07 5.371474185259219825e-07 4.947862713169085608e-07 4.259280748480971427e-07 4.120518950861207836e-07 3.723554802162863117e-07 4.158717846819439400e-07 3.740607823191882000e-07 3.997828650446922249e-07 3.766037908264683715e-07 3.864173859707581818e-07 3.873152246382874375e-07 3.883195275625570416e-07 4.257419875519595513e-07
6.498282755407879524e-07 4.949554569423991299e-07 6.209572636384039090e-07 6.967317817004664105e-07 6.675613734346545675e-07 6.516271203568582108e-07 5.813546350385314555e-07 6.263821136566905256e-07 5.534390638181219132e-07 4.916996540317195884e-07 4.141154545631079056e-07 3.503404842535908726e-07 3.492231159498767992e-07 3.281473426002219758e-07 3.618513102773838233e-07 3.821237861263666805e-07 3.685614241139053281e-07 3.712484572288535920e-07 3.714130814080515260e-07 3.799252070183616813e-07 3.778524353036177462e-07
5.270829346053058719e-07 6.124805282436631609e-07 6.782890867176056122e-07 6.719492457984544357e-07 7.568174902170039356e-07 7.295582401060097708e-07 6.195279826378046140e-07 5.728549548377324414e-07 5.236586369399069805e-07 5.181335661021674862e-07 4.984992030224980862e-07 4.797501780108122184e-07 4.658130442980843319e-07 3.965628398215568172e-07 3.625405353806955677e-07 4.029644982380469773e-07 3.820068270448490663e-07 3.570830636869069394e-07 3.915240807765567139e-07 3.810425887094085631e-07 4.046105785474191829e-07
4.119481950950761097e-07 3.909319604120375196e-07 6.023966014904608750e-07 7.638259642644499877e-07 7.869679939515178337e-07 7.314367842635861952e-07 5.538019610379893373e-07 5.591322978520997120e-07 4.527500780396865039e-07 3.686378954224759316e-07 3.534784415994885433e-07 3.973951544956479949e-07 4.138390513931301763e-07 4.418649612248650234e-07 3.897541652926532981e-07 3.387371102357668825e-07 3.601461011598364904e-07 3.728464027969068921e-07 3.634588349119742807e-07 3.573144439866061742e-07 3.463707022458867852e-07
3.756514806054104735e-07 3.946142080768290936e-07 4.893827919674301757e-07 5.274851950525797893e-07 5.363336303082242496e-07 5.484210428512249179e-07 5.097923327390939537e-07 4.991836392898648050e-07 4.618691172504340447e-07 4.050158848550595452e-07 3.791801409011902383e-07 3.457374997129286308e-07 2.950114710911886373e-07 2.866448921533550393e-07 2.907458552053891629e-07 3.107374415792587508e-07 2.904625909880299921e-07 3.212796720137902294e-07 3.175785299094673486e-07 3.204412245738264099e-07 3.431221559877806005e-07
6.342167854377059777e-07 6.845912116791646391e-07 8.389419290870232944e-07 9.199760888502977897e-07 9.569796449655165141e-07 6.874333105118737610e-07 6.392423959312960010e-07 6.655268723657067793e-07 5.271427522413451749e-07 4.591305199190366100e-07 3.964379428603259853e-07 3.785418684111694862e-07 3.527861328471421838e-07 3.445871967384105903e-07 3.868767341881954662e-07 3.480029686339191525e-07 3.604346720272987726e-07 3.514660682999681294e-07 3.471486693487666342e-07 3.632521338853005544e-07 4.108767128108963724e-07
5.698193887624927658e-07 5.750443436516155882e-07 6.677713781671045913e-07 7.684600969940945076e-07 8.095476663518145491e-07 7.699754022841673381e-07 6.465038149412910287e-07 6.310442984018092872e-07 6.391307823353386604e-07 5.643111852899445255e-07 5.242616497870958473e-07 4.669336338401708252e-07 3.774881932602009349e-07 4.325460688791426124e-07 3.995697638840235753e-07 3.934700515585507459e-07 3.956962358766417025e-07 3.540505470995496610e-07 3.721510908419949447e-07 3.826474918361151222e-07 4.062306525949016143e-07
5.698193887624927658e-07 4.694865772609241862e-07 4.056535827222651593e-07 4.650251452182407321e-07 5.108318826561245058e-07 4.432225700269500734e-07 4.474255657280146895e-07 4.019375027666795397e-07 3.754085576471457229e-07 3.085933059682344257e-07 2.854578506456725686e-07 2.474366007169761723e-07 2.396607858035769861e-07 2.592498952575721694e-07 3.252047188890103008e-07 2.822008300424050822e-07 3.155665619718259723e-07 3.127965278925445005e-07 3.117846395171081050e-07 3.107731158765808907e-07 3.218772052201860493e-07
6.043598106155617050e-07 6.416316555899297317e-07 7.877969933904692692e-07 8.700080489828265227e-07 8.776851483597687689e-07 7.844344997394518801e-07 7.642813167342486256e-07 7.798163729335479651e-07 6.700206760972519595e-07 6.193761335574896430e-07 5.711752586328105465e-07 5.373498220461850210e-07 4.653859041372380035e-07 4.009551309271705502e-07 4.450021817281461008e-07 4.207825460721284132e-07 4.544081223859025140e-07 4.014559862433966583e-07 3.943920342966078496e-07 4.121209432159198618e-07 4.117219642619220832e-07
