# {'chrom': '7', 'window_id': '5', 'statistic': 'H2', 'bounds': [101000000, 121000000], 'span': 20000000, 'n_sites': 12493441, 'coverage': 62.47, 'right_discontinuous': False, 'rows': "{0: 'Altai', 1: 'Chagyrskaya', 2: 'Denisova', 3: 'French-1', 4: 'Han-1', 5: 'Khomani_San-2', 6: 'Papuan-2', 7: 'Vindija', 8: 'Yoruba-1', 9: 'Yoruba-3'}"}
2.820000000000000000e+02 2.580000000000000000e+02 4.820000000000000000e+02 3.810000000000000000e+02 6.230000000000000000e+02 1.513000000000000000e+03 2.535000000000000000e+03 2.639000000000000000e+03 5.879000000000000000e+03 7.455000000000000000e+03 1.014800000000000000e+04 1.340000000000000000e+04 1.901300000000000000e+04 2.810900000000000000e+04 1.243380000000000000e+05 1.696490000000000000e+05 4.051840000000000000e+05 1.257863000000000000e+06 1.444740000000000000e+06
2.120000000000000000e+02 1.880000000000000000e+02 2.620000000000000000e+02 2.610000000000000000e+02 4.240000000000000000e+02 1.093000000000000000e+03 1.350000000000000000e+03 2.112000000000000000e+03 4.722000000000000000e+03 6.587000000000000000e+03 1.020800000000000000e+04 2.054500000000000000e+04 1.972600000000000000e+04 2.492500000000000000e+04 9.051600000000000000e+04 1.252820000000000000e+05 2.138170000000000000e+05 7.506470000000000000e+05 6.952620000000000000e+05
3.570000000000000000e+02 3.240000000000000000e+02 5.920000000000000000e+02 7.230000000000000000e+02 1.121000000000000000e+03 2.427000000000000000e+03 3.621000000000000000e+03 5.757000000000000000e+03 1.218500000000000000e+04 1.261700000000000000e+04 1.985600000000000000e+04 3.399800000000000000e+04 3.213500000000000000e+04 4.410100000000000000e+04 1.726400000000000000e+05 2.241900000000000000e+05 4.895850000000000000e+05 1.429839000000000000e+06 2.254898000000000000e+06
3.563000000000000000e+03 2.754000000000000000e+03 3.686000000000000000e+03 3.146000000000000000e+03 4.331000000000000000e+03 1.029700000000000000e+04 1.693100000000000000e+04 2.993400000000000000e+04 6.849800000000000000e+04 7.133700000000000000e+04 1.024770000000000000e+05 1.978710000000000000e+05 2.556130000000000000e+05 3.918980000000000000e+05 1.411495000000000000e+06 2.230924000000000000e+06 4.752563000000000000e+06 1.604947900000000000e+07 2.614179800000000000e+07
1.534000000000000000e+03 1.271000000000000000e+03 2.190000000000000000e+03 2.296000000000000000e+03 3.511000000000000000e+03 8.434000000000000000e+03 1.264200000000000000e+04 2.222900000000000000e+04 4.729100000000000000e+04 5.008800000000000000e+04 8.064500000000000000e+04 1.381390000000000000e+05 1.575550000000000000e+05 2.549630000000000000e+05 7.943400000000000000e+05 1.407428000000000000e+06 2.901444000000000000e+06 1.145435400000000000e+07 1.797092400000000000e+07
3.703000000000000000e+03 2.665000000000000000e+03 4.889000000000000000e+03 5.664000000000000000e+03 8.086000000000000000e+03 1.829400000000000000e+04 2.653500000000000000e+04 4.059700000000000000e+04 9.393600000000000000e+04 1.203170000000000000e+05 1.907410000000000000e+05 3.257680000000000000e+05 5.804170000000000000e+05 7.240290000000000000e+05 2.321701000000000000e+06 3.724704000000000000e+06 8.106748000000000000e+06 2.778591800000000000e+07 4.618463200000000000e+07
3.384000000000000000e+03 1.635000000000000000e+03 1.671000000000000000e+03 1.526000000000000000e+03 2.269000000000000000e+03 6.338000000000000000e+03 9.987000000000000000e+03 1.740900000000000000e+04 3.585500000000000000e+04 4.696200000000000000e+04 5.456400000000000000e+04 7.841800000000000000e+04 1.095150000000000000e+05 1.283640000000000000e+05 4.884730000000000000e+05 8.572590000000000000e+05 1.738180000000000000e+06 6.050182000000000000e+06 8.708656000000000000e+06
2.100000000000000000e+02 1.690000000000000000e+02 2.090000000000000000e+02 2.160000000000000000e+02 3.040000000000000000e+02 8.610000000000000000e+02 1.152000000000000000e+03 1.736000000000000000e+03 4.351000000000000000e+03 4.812000000000000000e+03 7.368000000000000000e+03 1.061000000000000000e+04 1.564500000000000000e+04 2.707000000000000000e+04 7.890100000000000000e+04 9.717500000000000000e+04 2.464520000000000000e+05 8.921020000000000000e+05 1.332777000000000000e+06
7.051000000000000000e+03 4.566000000000000000e+03 5.240000000000000000e+03 4.851000000000000000e+03 6.927000000000000000e+03 1.671300000000000000e+04 2.613100000000000000e+04 4.836200000000000000e+04 1.050420000000000000e+05 1.272200000000000000e+05 1.746060000000000000e+05 2.889340000000000000e+05 4.650550000000000000e+05 8.071660000000000000e+05 2.729845000000000000e+06 3.983800000000000000e+06 8.036627000000000000e+06 2.848874900000000000e+07 4.605522100000000000e+07
2.916000000000000000e+03 2.457000000000000000e+03 4.772000000000000000e+03 5.262000000000000000e+03 7.307000000000000000e+03 1.625200000000000000e+04 2.411900000000000000e+04 3.983800000000000000e+04 8.999300000000000000e+04 1.063950000000000000e+05 1.794690000000000000e+05 2.863060000000000000e+05 4.185380000000000000e+05 5.575230000000000000e+05 2.248782000000000000e+06 3.222836000000000000e+06 6.703244000000000000e+06 2.536280000000000000e+07 3.849601900000000000e+07
