# {'chrom': '7', 'window_id': '2', 'statistic': 'H2', 'bounds': [39000000, 59000000], 'span': 20000000, 'n_sites': 11037634, 'coverage': 55.19, 'right_discontinuous': True, 'rows': "{0: 'Altai', 1: 'Chagyrskaya', 2: 'Denisova', 3: 'French-1', 4: 'Han-1', 5: 'Khomani_San-2', 6: 'Papuan-2', 7: 'Vindija', 8: 'Yoruba-1', 9: 'Yoruba-3'}"}
4.900000000000000000e+02 2.610000000000000000e+02 5.990000000000000000e+02 6.910000000000000000e+02 1.085000000000000000e+03 3.420000000000000000e+03 3.743000000000000000e+03 5.737000000000000000e+03 1.008700000000000000e+04 7.506000000000000000e+03 7.376000000000000000e+03 1.859200000000000000e+04 2.992200000000000000e+04 3.845400000000000000e+04 1.028130000000000000e+05 8.763300000000000000e+04 1.910680000000000000e+05 7.059580000000000000e+05 8.787070000000000000e+05
5.000000000000000000e+01 5.200000000000000000e+01 1.430000000000000000e+02 1.730000000000000000e+02 2.930000000000000000e+02 6.910000000000000000e+02 1.013000000000000000e+03 1.676000000000000000e+03 3.213000000000000000e+03 3.618000000000000000e+03 6.167000000000000000e+03 1.231500000000000000e+04 1.285100000000000000e+04 2.015900000000000000e+04 6.101100000000000000e+04 8.959000000000000000e+04 1.808640000000000000e+05 4.674740000000000000e+05 5.086300000000000000e+05
1.670000000000000000e+02 1.630000000000000000e+02 3.200000000000000000e+02 4.010000000000000000e+02 6.130000000000000000e+02 1.230000000000000000e+03 2.005000000000000000e+03 3.062000000000000000e+03 4.945000000000000000e+03 6.517000000000000000e+03 9.039000000000000000e+03 2.072300000000000000e+04 3.419100000000000000e+04 5.203100000000000000e+04 1.278720000000000000e+05 1.812290000000000000e+05 3.235490000000000000e+05 6.809380000000000000e+05 8.288350000000000000e+05
3.949000000000000000e+03 1.654000000000000000e+03 3.521000000000000000e+03 3.767000000000000000e+03 5.575000000000000000e+03 1.506500000000000000e+04 2.041700000000000000e+04 3.575100000000000000e+04 7.182100000000000000e+04 7.355600000000000000e+04 1.068930000000000000e+05 1.929160000000000000e+05 1.989280000000000000e+05 4.716620000000000000e+05 1.217768000000000000e+06 2.150351000000000000e+06 4.102939000000000000e+06 1.086505800000000000e+07 1.278639900000000000e+07
5.551000000000000000e+03 2.239000000000000000e+03 3.775000000000000000e+03 3.611000000000000000e+03 4.741000000000000000e+03 1.150900000000000000e+04 1.927400000000000000e+04 3.204700000000000000e+04 6.689000000000000000e+04 6.941000000000000000e+04 9.822800000000000000e+04 2.059190000000000000e+05 2.334930000000000000e+05 3.774250000000000000e+05 1.464525000000000000e+06 2.119263000000000000e+06 3.867268000000000000e+06 1.056113000000000000e+07 1.176917500000000000e+07
8.164000000000000000e+03 3.411000000000000000e+03 5.443000000000000000e+03 5.167000000000000000e+03 7.847000000000000000e+03 2.071200000000000000e+04 3.190200000000000000e+04 5.176200000000000000e+04 9.286600000000000000e+04 9.917200000000000000e+04 1.508450000000000000e+05 3.523520000000000000e+05 4.436290000000000000e+05 8.220820000000000000e+05 2.642232000000000000e+06 4.019904000000000000e+06 8.193461000000000000e+06 2.271506400000000000e+07 2.621994200000000000e+07
2.667000000000000000e+03 1.317000000000000000e+03 2.970000000000000000e+03 2.936000000000000000e+03 4.409000000000000000e+03 1.132800000000000000e+04 1.689500000000000000e+04 2.668900000000000000e+04 5.369000000000000000e+04 5.462500000000000000e+04 9.482600000000000000e+04 1.722220000000000000e+05 2.119230000000000000e+05 4.161350000000000000e+05 9.996740000000000000e+05 1.359065000000000000e+06 2.720893000000000000e+06 6.528064000000000000e+06 7.378268000000000000e+06
1.820000000000000000e+02 1.040000000000000000e+02 1.480000000000000000e+02 1.620000000000000000e+02 2.460000000000000000e+02 5.290000000000000000e+02 9.560000000000000000e+02 1.594000000000000000e+03 3.027000000000000000e+03 3.406000000000000000e+03 3.419000000000000000e+03 8.665000000000000000e+03 9.947000000000000000e+03 1.154300000000000000e+04 3.480700000000000000e+04 5.004000000000000000e+04 8.199800000000000000e+04 2.293960000000000000e+05 3.615030000000000000e+05
5.258000000000000000e+03 2.670000000000000000e+03 4.744000000000000000e+03 4.766000000000000000e+03 7.021000000000000000e+03 1.698200000000000000e+04 2.584000000000000000e+04 4.084300000000000000e+04 9.135500000000000000e+04 9.670100000000000000e+04 1.488750000000000000e+05 3.492930000000000000e+05 4.539530000000000000e+05 8.423050000000000000e+05 2.702084000000000000e+06 3.926394000000000000e+06 7.527685000000000000e+06 1.979131700000000000e+07 2.322191600000000000e+07
5.532000000000000000e+03 2.869000000000000000e+03 4.948000000000000000e+03 4.358000000000000000e+03 6.488000000000000000e+03 1.625500000000000000e+04 2.382000000000000000e+04 4.167900000000000000e+04 8.037200000000000000e+04 9.456200000000000000e+04 1.273290000000000000e+05 3.020850000000000000e+05 3.605940000000000000e+05 7.082420000000000000e+05 2.256314000000000000e+06 3.471885000000000000e+06 7.028054000000000000e+06 1.758707700000000000e+07 2.167225900000000000e+07
