# {'chrom': '7', 'window_id': '6', 'statistic': 'H2', 'bounds': [121000000, 140000000], 'span': 19000000, 'n_sites': 11931742, 'coverage': 62.8, 'right_discontinuous': False, 'rows': "{0: 'Altai', 1: 'Chagyrskaya', 2: 'Denisova', 3: 'French-1', 4: 'Han-1', 5: 'Khomani_San-2', 6: 'Papuan-2', 7: 'Vindija', 8: 'Yoruba-1', 9: 'Yoruba-3'}"}
1.312000000000000000e+03 2.620000000000000000e+02 3.540000000000000000e+02 3.940000000000000000e+02 5.720000000000000000e+02 1.838000000000000000e+03 2.259000000000000000e+03 3.664000000000000000e+03 8.815000000000000000e+03 8.246000000000000000e+03 6.057000000000000000e+03 1.807900000000000000e+04 1.704600000000000000e+04 4.734800000000000000e+04 1.067510000000000000e+05 1.396430000000000000e+05 2.948400000000000000e+05 5.092650000000000000e+05 1.095677000000000000e+06
1.310000000000000000e+02 1.130000000000000000e+02 4.020000000000000000e+02 4.300000000000000000e+02 6.120000000000000000e+02 1.060000000000000000e+03 1.412000000000000000e+03 2.890000000000000000e+03 5.302000000000000000e+03 3.766000000000000000e+03 4.845000000000000000e+03 1.560500000000000000e+04 1.575200000000000000e+04 1.724400000000000000e+04 7.162200000000000000e+04 1.114990000000000000e+05 1.626310000000000000e+05 2.696910000000000000e+05 4.510590000000000000e+05
2.850000000000000000e+02 1.320000000000000000e+02 2.660000000000000000e+02 2.650000000000000000e+02 3.850000000000000000e+02 1.101000000000000000e+03 1.332000000000000000e+03 2.488000000000000000e+03 4.865000000000000000e+03 5.868000000000000000e+03 7.315000000000000000e+03 1.778900000000000000e+04 2.091800000000000000e+04 3.377800000000000000e+04 9.401700000000000000e+04 1.303650000000000000e+05 2.733710000000000000e+05 5.016380000000000000e+05 1.367748000000000000e+06
1.005300000000000000e+04 2.268000000000000000e+03 3.921000000000000000e+03 3.711000000000000000e+03 4.916000000000000000e+03 1.563800000000000000e+04 1.839400000000000000e+04 3.818500000000000000e+04 7.751500000000000000e+04 8.577900000000000000e+04 1.171140000000000000e+05 2.629910000000000000e+05 3.255600000000000000e+05 5.241220000000000000e+05 1.578819000000000000e+06 2.893203000000000000e+06 4.648876000000000000e+06 1.003533100000000000e+07 1.996822100000000000e+07
1.450900000000000000e+04 1.658000000000000000e+03 2.431000000000000000e+03 2.386000000000000000e+03 3.293000000000000000e+03 1.564700000000000000e+04 1.253300000000000000e+04 3.348900000000000000e+04 7.813800000000000000e+04 7.891200000000000000e+04 9.870900000000000000e+04 1.763090000000000000e+05 2.067550000000000000e+05 3.035950000000000000e+05 1.232454000000000000e+06 2.158809000000000000e+06 3.247710000000000000e+06 5.955793000000000000e+06 1.277510500000000000e+07
1.058800000000000000e+04 2.797000000000000000e+03 3.981000000000000000e+03 4.404000000000000000e+03 6.202000000000000000e+03 1.868500000000000000e+04 2.107800000000000000e+04 4.110700000000000000e+04 1.111180000000000000e+05 1.268170000000000000e+05 1.758280000000000000e+05 3.166190000000000000e+05 4.685830000000000000e+05 8.478900000000000000e+05 2.538335000000000000e+06 4.174173000000000000e+06 6.787257000000000000e+06 1.488005300000000000e+07 3.148343900000000000e+07
8.178000000000000000e+03 1.280000000000000000e+03 1.580000000000000000e+03 1.506000000000000000e+03 1.977000000000000000e+03 9.875000000000000000e+03 7.223000000000000000e+03 1.752800000000000000e+04 5.853300000000000000e+04 5.955400000000000000e+04 6.668300000000000000e+04 1.035590000000000000e+05 1.434630000000000000e+05 1.264090000000000000e+05 4.310220000000000000e+05 1.075654000000000000e+06 1.320561000000000000e+06 1.791702000000000000e+06 2.644476000000000000e+06
1.400000000000000000e+02 8.000000000000000000e+01 2.420000000000000000e+02 3.260000000000000000e+02 4.670000000000000000e+02 9.650000000000000000e+02 1.110000000000000000e+03 2.285000000000000000e+03 5.443000000000000000e+03 5.637000000000000000e+03 8.320000000000000000e+03 1.668700000000000000e+04 1.435400000000000000e+04 3.171900000000000000e+04 6.550800000000000000e+04 1.073070000000000000e+05 1.781240000000000000e+05 3.183490000000000000e+05 7.191420000000000000e+05
1.123600000000000000e+04 2.385000000000000000e+03 3.587000000000000000e+03 3.274000000000000000e+03 4.596000000000000000e+03 1.561000000000000000e+04 1.909200000000000000e+04 3.659200000000000000e+04 9.595500000000000000e+04 1.063430000000000000e+05 1.311200000000000000e+05 2.638660000000000000e+05 3.579520000000000000e+05 6.608440000000000000e+05 2.155041000000000000e+06 3.550220000000000000e+06 6.166606000000000000e+06 1.371763900000000000e+07 2.758501600000000000e+07
8.129000000000000000e+03 3.109000000000000000e+03 4.562000000000000000e+03 4.136000000000000000e+03 6.201000000000000000e+03 1.468800000000000000e+04 2.238600000000000000e+04 4.297400000000000000e+04 8.983500000000000000e+04 1.016410000000000000e+05 1.645690000000000000e+05 3.489400000000000000e+05 4.470040000000000000e+05 8.223170000000000000e+05 2.810721000000000000e+06 4.316410000000000000e+06 6.778745000000000000e+06 1.269410900000000000e+07 3.085691300000000000e+07
