# {'chrom': '7', 'window_id': '0', 'statistic': 'H2', 'bounds': [0, 19000000], 'span': 19000000, 'n_sites': 11462139, 'coverage': 60.33, 'right_discontinuous': False, 'rows': "{0: 'Altai', 1: 'Chagyrskaya', 2: 'Denisova', 3: 'French-1', 4: 'Han-1', 5: 'Khomani_San-2', 6: 'Papuan-2', 7: 'Vindija', 8: 'Yoruba-1', 9: 'Yoruba-3'}"}
2.390000000000000000e+02 2.000000000000000000e+02 4.820000000000000000e+02 5.080000000000000000e+02 8.350000000000000000e+02 2.307000000000000000e+03 3.368000000000000000e+03 5.790000000000000000e+03 1.557800000000000000e+04 1.844000000000000000e+04 2.641800000000000000e+04 5.195900000000000000e+04 7.000200000000000000e+04 1.001450000000000000e+05 2.063240000000000000e+05 3.050870000000000000e+05 3.063680000000000000e+05 8.453130000000000000e+05 1.957923000000000000e+06
4.000000000000000000e+01 4.700000000000000000e+01 5.000000000000000000e+01 4.000000000000000000e+01 1.360000000000000000e+02 5.800000000000000000e+02 7.980000000000000000e+02 1.491000000000000000e+03 3.079000000000000000e+03 3.410000000000000000e+03 5.100000000000000000e+03 8.124000000000000000e+03 5.707000000000000000e+03 8.331000000000000000e+03 2.424000000000000000e+04 4.115600000000000000e+04 4.148700000000000000e+04 8.902800000000000000e+04 2.385860000000000000e+05
8.000000000000000000e+00 2.700000000000000000e+01 1.180000000000000000e+02 2.320000000000000000e+02 4.280000000000000000e+02 1.166000000000000000e+03 1.612000000000000000e+03 3.128000000000000000e+03 6.497000000000000000e+03 7.551000000000000000e+03 1.008200000000000000e+04 2.236900000000000000e+04 1.815900000000000000e+04 2.694400000000000000e+04 8.045600000000000000e+04 1.056190000000000000e+05 1.695200000000000000e+05 5.816620000000000000e+05 1.140209000000000000e+06
1.088000000000000000e+03 1.032000000000000000e+03 2.352000000000000000e+03 3.131000000000000000e+03 5.017000000000000000e+03 1.208000000000000000e+04 1.782700000000000000e+04 3.386600000000000000e+04 7.739100000000000000e+04 9.255800000000000000e+04 1.453160000000000000e+05 3.077480000000000000e+05 3.290150000000000000e+05 4.626070000000000000e+05 1.515309000000000000e+06 2.281992000000000000e+06 4.513327000000000000e+06 1.465546600000000000e+07 2.271400500000000000e+07
1.518000000000000000e+03 9.630000000000000000e+02 1.794000000000000000e+03 2.224000000000000000e+03 3.963000000000000000e+03 1.135200000000000000e+04 1.522200000000000000e+04 2.751500000000000000e+04 6.679700000000000000e+04 8.713100000000000000e+04 1.294190000000000000e+05 2.717080000000000000e+05 3.163310000000000000e+05 5.152470000000000000e+05 1.550430000000000000e+06 2.235369000000000000e+06 4.721150000000000000e+06 1.347099700000000000e+07 2.406393700000000000e+07
1.064000000000000000e+03 9.660000000000000000e+02 2.526000000000000000e+03 3.449000000000000000e+03 6.319000000000000000e+03 1.649000000000000000e+04 2.271000000000000000e+04 4.157000000000000000e+04 9.773600000000000000e+04 1.202700000000000000e+05 1.835870000000000000e+05 4.007160000000000000e+05 5.097610000000000000e+05 9.681240000000000000e+05 2.574373000000000000e+06 3.689967000000000000e+06 8.025095000000000000e+06 2.407372900000000000e+07 4.588506800000000000e+07
6.080000000000000000e+02 6.040000000000000000e+02 1.514000000000000000e+03 2.214000000000000000e+03 3.650000000000000000e+03 9.739000000000000000e+03 1.314700000000000000e+04 2.419900000000000000e+04 5.189700000000000000e+04 5.892600000000000000e+04 8.972400000000000000e+04 1.910500000000000000e+05 2.528260000000000000e+05 3.953590000000000000e+05 9.764340000000000000e+05 1.403549000000000000e+06 2.963431000000000000e+06 8.901689000000000000e+06 1.715122200000000000e+07
5.900000000000000000e+01 5.900000000000000000e+01 9.900000000000000000e+01 1.220000000000000000e+02 2.550000000000000000e+02 9.350000000000000000e+02 1.269000000000000000e+03 2.388000000000000000e+03 4.876000000000000000e+03 5.968000000000000000e+03 9.190000000000000000e+03 1.596500000000000000e+04 1.164100000000000000e+04 1.802400000000000000e+04 6.040600000000000000e+04 7.251700000000000000e+04 1.464310000000000000e+05 4.720400000000000000e+05 8.084900000000000000e+05
1.411000000000000000e+03 1.069000000000000000e+03 2.314000000000000000e+03 3.342000000000000000e+03 5.867000000000000000e+03 1.529600000000000000e+04 2.214900000000000000e+04 3.961500000000000000e+04 9.605900000000000000e+04 1.236260000000000000e+05 1.919310000000000000e+05 4.068530000000000000e+05 5.115480000000000000e+05 8.539600000000000000e+05 2.306150000000000000e+06 3.619856000000000000e+06 7.437154000000000000e+06 2.260617700000000000e+07 3.919461900000000000e+07
2.082000000000000000e+03 1.417000000000000000e+03 2.992000000000000000e+03 4.062000000000000000e+03 6.396000000000000000e+03 1.787200000000000000e+04 2.475100000000000000e+04 4.518300000000000000e+04 1.072710000000000000e+05 1.355630000000000000e+05 2.054100000000000000e+05 4.287790000000000000e+05 5.329990000000000000e+05 9.412730000000000000e+05 2.845002000000000000e+06 4.183488000000000000e+06 8.765403000000000000e+06 2.608254700000000000e+07 4.646573700000000000e+07
