# {'chrom': '7', 'window_id': '4', 'statistic': 'H2', 'bounds': [81000000, 101000000], 'span': 20000000, 'n_sites': 12157117, 'coverage': 60.79, 'right_discontinuous': False, 'rows': "{0: 'Altai', 1: 'Chagyrskaya', 2: 'Denisova', 3: 'French-1', 4: 'Han-1', 5: 'Khomani_San-2', 6: 'Papuan-2', 7: 'Vindija', 8: 'Yoruba-1', 9: 'Yoruba-3'}"}
3.470000000000000000e+02 2.820000000000000000e+02 6.380000000000000000e+02 6.240000000000000000e+02 8.510000000000000000e+02 1.750000000000000000e+03 2.684000000000000000e+03 4.041000000000000000e+03 9.950000000000000000e+03 1.341800000000000000e+04 1.817500000000000000e+04 2.567100000000000000e+04 1.570200000000000000e+04 2.756500000000000000e+04 8.903700000000000000e+04 1.672510000000000000e+05 3.143580000000000000e+05 7.111180000000000000e+05 8.852280000000000000e+05
6.200000000000000000e+01 5.800000000000000000e+01 1.310000000000000000e+02 2.090000000000000000e+02 3.260000000000000000e+02 9.050000000000000000e+02 1.233000000000000000e+03 1.810000000000000000e+03 4.291000000000000000e+03 3.982000000000000000e+03 6.471000000000000000e+03 1.083000000000000000e+04 8.463000000000000000e+03 1.511400000000000000e+04 4.059500000000000000e+04 5.269600000000000000e+04 1.001000000000000000e+05 3.099170000000000000e+05 5.184150000000000000e+05
8.400000000000000000e+01 8.000000000000000000e+01 2.240000000000000000e+02 2.680000000000000000e+02 4.660000000000000000e+02 9.330000000000000000e+02 1.270000000000000000e+03 2.065000000000000000e+03 3.744000000000000000e+03 3.910000000000000000e+03 6.310000000000000000e+03 1.125100000000000000e+04 1.130800000000000000e+04 2.433600000000000000e+04 6.727200000000000000e+04 1.158530000000000000e+05 2.396180000000000000e+05 5.876490000000000000e+05 1.017852000000000000e+06
8.735000000000000000e+03 2.450000000000000000e+03 3.778000000000000000e+03 3.071000000000000000e+03 4.187000000000000000e+03 1.093100000000000000e+04 1.872000000000000000e+04 2.709800000000000000e+04 6.497500000000000000e+04 6.607500000000000000e+04 9.284500000000000000e+04 1.690790000000000000e+05 2.313480000000000000e+05 3.954650000000000000e+05 1.368051000000000000e+06 2.232488000000000000e+06 4.461091000000000000e+06 1.086336500000000000e+07 1.516748100000000000e+07
4.493000000000000000e+03 2.602000000000000000e+03 3.049000000000000000e+03 2.862000000000000000e+03 4.215000000000000000e+03 9.523000000000000000e+03 1.467600000000000000e+04 2.476200000000000000e+04 5.347100000000000000e+04 7.038600000000000000e+04 9.995300000000000000e+04 1.822840000000000000e+05 1.968570000000000000e+05 4.437050000000000000e+05 1.263353000000000000e+06 1.861089000000000000e+06 3.553653000000000000e+06 1.097256300000000000e+07 1.628041600000000000e+07
6.497000000000000000e+03 4.126000000000000000e+03 5.722000000000000000e+03 4.869000000000000000e+03 6.766000000000000000e+03 1.645900000000000000e+04 2.477800000000000000e+04 4.153900000000000000e+04 9.102400000000000000e+04 1.059860000000000000e+05 1.616880000000000000e+05 3.282720000000000000e+05 4.041340000000000000e+05 8.571940000000000000e+05 2.580520000000000000e+06 4.036403000000000000e+06 8.394816000000000000e+06 2.208959500000000000e+07 2.969540800000000000e+07
2.955000000000000000e+03 1.465000000000000000e+03 1.618000000000000000e+03 1.593000000000000000e+03 2.338000000000000000e+03 5.564000000000000000e+03 8.689000000000000000e+03 1.582200000000000000e+04 3.598400000000000000e+04 3.897400000000000000e+04 4.672300000000000000e+04 9.944200000000000000e+04 1.070000000000000000e+05 2.182070000000000000e+05 5.939490000000000000e+05 7.791160000000000000e+05 1.797190000000000000e+06 4.590278000000000000e+06 8.382766000000000000e+06
8.800000000000000000e+01 1.050000000000000000e+02 2.880000000000000000e+02 3.860000000000000000e+02 6.010000000000000000e+02 1.387000000000000000e+03 1.969000000000000000e+03 3.292000000000000000e+03 9.437000000000000000e+03 1.059800000000000000e+04 1.456600000000000000e+04 2.421300000000000000e+04 1.204500000000000000e+04 1.597200000000000000e+04 5.244900000000000000e+04 8.077600000000000000e+04 9.991900000000000000e+04 3.282060000000000000e+05 4.279070000000000000e+05
7.197000000000000000e+03 1.896000000000000000e+03 3.831000000000000000e+03 4.086000000000000000e+03 5.320000000000000000e+03 1.300500000000000000e+04 1.907200000000000000e+04 3.064400000000000000e+04 7.160100000000000000e+04 8.141400000000000000e+04 1.191640000000000000e+05 2.548990000000000000e+05 3.669760000000000000e+05 7.043690000000000000e+05 2.085763000000000000e+06 3.194398000000000000e+06 6.591019000000000000e+06 1.842569000000000000e+07 2.915507100000000000e+07
7.731000000000000000e+03 4.341000000000000000e+03 4.643000000000000000e+03 4.653000000000000000e+03 5.985000000000000000e+03 1.481100000000000000e+04 2.233700000000000000e+04 4.122100000000000000e+04 8.759900000000000000e+04 1.069590000000000000e+05 1.609750000000000000e+05 3.352990000000000000e+05 3.608310000000000000e+05 6.997160000000000000e+05 1.971368000000000000e+06 3.335579000000000000e+06 6.737834000000000000e+06 1.931979100000000000e+07 2.901977800000000000e+07
