# {'chrom': '7', 'window_id': '3', 'statistic': 'H2', 'bounds': [61000000, 81000000], 'span': 20000000, 'n_sites': 7114247, 'coverage': 35.57, 'right_discontinuous': False, 'rows': "{0: 'Altai', 1: 'Chagyrskaya', 2: 'Denisova', 3: 'French-1', 4: 'Han-1', 5: 'Khomani_San-2', 6: 'Papuan-2', 7: 'Vindija', 8: 'Yoruba-1', 9: 'Yoruba-3'}"}
3.360000000000000000e+02 1.700000000000000000e+02 8.700000000000000000e+01 8.400000000000000000e+01 2.100000000000000000e+02 4.290000000000000000e+02 5.200000000000000000e+02 8.020000000000000000e+02 1.903000000000000000e+03 2.185000000000000000e+03 3.178000000000000000e+03 4.542000000000000000e+03 6.205000000000000000e+03 6.536000000000000000e+03 2.198200000000000000e+04 3.394400000000000000e+04 5.142800000000000000e+04 2.512450000000000000e+05 7.481210000000000000e+05
2.670000000000000000e+02 1.300000000000000000e+02 5.800000000000000000e+01 7.500000000000000000e+01 1.620000000000000000e+02 3.080000000000000000e+02 4.280000000000000000e+02 6.530000000000000000e+02 1.672000000000000000e+03 1.886000000000000000e+03 2.154000000000000000e+03 2.460000000000000000e+03 2.853000000000000000e+03 9.039000000000000000e+03 1.565800000000000000e+04 4.664100000000000000e+04 7.759200000000000000e+04 2.620130000000000000e+05 3.648660000000000000e+05
3.620000000000000000e+02 1.720000000000000000e+02 1.410000000000000000e+02 1.420000000000000000e+02 2.720000000000000000e+02 6.200000000000000000e+02 1.014000000000000000e+03 1.505000000000000000e+03 3.756000000000000000e+03 4.257000000000000000e+03 5.822000000000000000e+03 8.010000000000000000e+03 9.929000000000000000e+03 1.348400000000000000e+04 3.165200000000000000e+04 6.247600000000000000e+04 1.241020000000000000e+05 4.854780000000000000e+05 9.413430000000000000e+05
1.938000000000000000e+03 9.400000000000000000e+02 1.502000000000000000e+03 1.470000000000000000e+03 2.230000000000000000e+03 5.687000000000000000e+03 7.952000000000000000e+03 1.325300000000000000e+04 3.077800000000000000e+04 3.433700000000000000e+04 5.082100000000000000e+04 9.368300000000000000e+04 1.163890000000000000e+05 1.409720000000000000e+05 5.367700000000000000e+05 8.571470000000000000e+05 1.596609000000000000e+06 5.052096000000000000e+06 1.208709400000000000e+07
9.640000000000000000e+02 8.040000000000000000e+02 1.476000000000000000e+03 1.463000000000000000e+03 2.153000000000000000e+03 5.360000000000000000e+03 7.900000000000000000e+03 1.360700000000000000e+04 3.279000000000000000e+04 4.081900000000000000e+04 5.652300000000000000e+04 1.089040000000000000e+05 1.193330000000000000e+05 1.903760000000000000e+05 4.683730000000000000e+05 9.549250000000000000e+05 1.720290000000000000e+06 6.073122000000000000e+06 1.240656800000000000e+07
2.761000000000000000e+03 1.278000000000000000e+03 2.056000000000000000e+03 2.106000000000000000e+03 3.083000000000000000e+03 7.303000000000000000e+03 1.172300000000000000e+04 1.945000000000000000e+04 4.279400000000000000e+04 5.266700000000000000e+04 8.165600000000000000e+04 1.440820000000000000e+05 1.881590000000000000e+05 3.090980000000000000e+05 8.505780000000000000e+05 1.404005000000000000e+06 2.653492000000000000e+06 9.264015000000000000e+06 2.190957800000000000e+07
1.758000000000000000e+03 1.297000000000000000e+03 1.397000000000000000e+03 1.289000000000000000e+03 2.031000000000000000e+03 5.152000000000000000e+03 7.471000000000000000e+03 1.377700000000000000e+04 3.093400000000000000e+04 4.095800000000000000e+04 5.900800000000000000e+04 9.819800000000000000e+04 1.098240000000000000e+05 1.849350000000000000e+05 4.300580000000000000e+05 6.349510000000000000e+05 1.283534000000000000e+06 4.244277000000000000e+06 8.010249000000000000e+06
3.820000000000000000e+02 1.460000000000000000e+02 8.300000000000000000e+01 1.080000000000000000e+02 2.070000000000000000e+02 3.810000000000000000e+02 6.490000000000000000e+02 9.690000000000000000e+02 2.683000000000000000e+03 3.164000000000000000e+03 4.196000000000000000e+03 5.315000000000000000e+03 6.582000000000000000e+03 9.539000000000000000e+03 3.116400000000000000e+04 4.985500000000000000e+04 8.366900000000000000e+04 3.188600000000000000e+05 6.415390000000000000e+05
1.127000000000000000e+03 8.500000000000000000e+02 1.596000000000000000e+03 1.647000000000000000e+03 2.601000000000000000e+03 5.549000000000000000e+03 8.019000000000000000e+03 1.374400000000000000e+04 2.964200000000000000e+04 3.367100000000000000e+04 4.464200000000000000e+04 1.055920000000000000e+05 1.326180000000000000e+05 2.461490000000000000e+05 6.377910000000000000e+05 1.154286000000000000e+06 2.065275000000000000e+06 7.549656000000000000e+06 1.746777700000000000e+07
2.021000000000000000e+03 1.265000000000000000e+03 2.336000000000000000e+03 2.646000000000000000e+03 3.622000000000000000e+03 8.323000000000000000e+03 1.224900000000000000e+04 2.167100000000000000e+04 5.025500000000000000e+04 6.303400000000000000e+04 9.347000000000000000e+04 1.672120000000000000e+05 2.256020000000000000e+05 4.301410000000000000e+05 1.004216000000000000e+06 1.791332000000000000e+06 3.161647000000000000e+06 1.121527300000000000e+07 2.341223600000000000e+07
