# {'chrom': '7', 'window_id': '7', 'statistic': 'H2', 'bounds': [140000000, 160000000], 'span': 20000000, 'n_sites': 10761047, 'coverage': 53.81, 'right_discontinuous': True, 'rows': "{0: 'Altai', 1: 'Chagyrskaya', 2: 'Denisova', 3: 'French-1', 4: 'Han-1', 5: 'Khomani_San-2', 6: 'Papuan-2', 7: 'Vindija', 8: 'Yoruba-1', 9: 'Yoruba-3'}"}
4.890000000000000000e+02 3.060000000000000000e+02 6.010000000000000000e+02 8.240000000000000000e+02 1.311000000000000000e+03 3.135000000000000000e+03 4.243000000000000000e+03 6.057000000000000000e+03 1.219700000000000000e+04 1.479300000000000000e+04 1.780900000000000000e+04 3.270300000000000000e+04 4.012800000000000000e+04 4.026300000000000000e+04 1.004410000000000000e+05 2.197490000000000000e+05 2.873690000000000000e+05 4.983760000000000000e+05 6.105560000000000000e+05
5.780000000000000000e+02 2.710000000000000000e+02 4.670000000000000000e+02 4.850000000000000000e+02 7.950000000000000000e+02 1.961000000000000000e+03 2.569000000000000000e+03 4.569000000000000000e+03 1.088600000000000000e+04 6.087000000000000000e+03 2.897000000000000000e+03 3.892000000000000000e+03 3.810000000000000000e+03 5.228000000000000000e+03 2.140900000000000000e+04 3.286600000000000000e+04 3.887100000000000000e+04 1.250150000000000000e+05 2.137260000000000000e+05
2.816000000000000000e+03 6.000000000000000000e+01 2.090000000000000000e+02 3.480000000000000000e+02 5.730000000000000000e+02 1.428000000000000000e+03 2.236000000000000000e+03 3.144000000000000000e+03 8.011000000000000000e+03 8.507000000000000000e+03 8.958000000000000000e+03 1.561700000000000000e+04 1.287400000000000000e+04 3.112700000000000000e+04 5.889700000000000000e+04 9.449400000000000000e+04 2.091740000000000000e+05 5.770770000000000000e+05 6.869070000000000000e+05
1.759500000000000000e+04 1.222000000000000000e+03 2.510000000000000000e+03 2.622000000000000000e+03 3.653000000000000000e+03 1.058300000000000000e+04 1.358600000000000000e+04 2.312000000000000000e+04 5.006600000000000000e+04 5.125100000000000000e+04 8.693100000000000000e+04 1.405440000000000000e+05 1.367270000000000000e+05 3.068930000000000000e+05 8.878170000000000000e+05 1.140200000000000000e+06 2.458568000000000000e+06 6.571854000000000000e+06 9.232576000000000000e+06
1.473300000000000000e+04 1.073000000000000000e+03 1.716000000000000000e+03 2.172000000000000000e+03 3.164000000000000000e+03 8.674000000000000000e+03 1.143800000000000000e+04 1.958100000000000000e+04 4.133500000000000000e+04 4.111000000000000000e+04 6.544300000000000000e+04 1.051930000000000000e+05 1.175760000000000000e+05 2.171060000000000000e+05 6.618190000000000000e+05 1.025748000000000000e+06 1.816000000000000000e+06 5.465757000000000000e+06 7.027491000000000000e+06
2.040800000000000000e+04 1.599000000000000000e+03 3.283000000000000000e+03 3.983000000000000000e+03 6.162000000000000000e+03 1.476700000000000000e+04 2.068200000000000000e+04 3.397200000000000000e+04 7.204200000000000000e+04 8.404900000000000000e+04 1.235360000000000000e+05 2.463840000000000000e+05 3.369820000000000000e+05 6.125460000000000000e+05 1.631861000000000000e+06 2.545496000000000000e+06 4.655066000000000000e+06 1.384130400000000000e+07 1.872324200000000000e+07
1.992000000000000000e+03 8.350000000000000000e+02 1.160000000000000000e+03 1.774000000000000000e+03 2.294000000000000000e+03 5.330000000000000000e+03 8.259000000000000000e+03 1.382700000000000000e+04 3.008900000000000000e+04 3.753800000000000000e+04 6.069000000000000000e+04 1.268110000000000000e+05 1.713070000000000000e+05 1.813420000000000000e+05 3.952700000000000000e+05 7.025210000000000000e+05 1.054294000000000000e+06 2.878561000000000000e+06 3.628587000000000000e+06
3.550000000000000000e+02 2.190000000000000000e+02 3.580000000000000000e+02 4.820000000000000000e+02 6.360000000000000000e+02 1.557000000000000000e+03 2.349000000000000000e+03 3.596000000000000000e+03 8.339000000000000000e+03 8.728000000000000000e+03 1.274400000000000000e+04 2.596500000000000000e+04 1.318400000000000000e+04 1.488700000000000000e+04 4.798900000000000000e+04 9.354200000000000000e+04 1.727170000000000000e+05 4.122710000000000000e+05 6.723400000000000000e+05
1.247100000000000000e+04 2.352000000000000000e+03 3.672000000000000000e+03 3.981000000000000000e+03 5.885000000000000000e+03 1.658300000000000000e+04 2.289300000000000000e+04 3.945400000000000000e+04 8.643300000000000000e+04 9.115100000000000000e+04 1.362180000000000000e+05 2.620270000000000000e+05 3.253840000000000000e+05 6.214660000000000000e+05 1.757871000000000000e+06 2.662484000000000000e+06 5.013980000000000000e+06 1.435843500000000000e+07 1.717929500000000000e+07
1.626400000000000000e+04 2.286000000000000000e+03 3.377000000000000000e+03 3.842000000000000000e+03 5.944000000000000000e+03 1.470700000000000000e+04 2.124100000000000000e+04 3.518300000000000000e+04 8.191100000000000000e+04 8.276700000000000000e+04 1.211180000000000000e+05 2.354570000000000000e+05 2.897380000000000000e+05 5.000680000000000000e+05 1.541674000000000000e+06 2.403601000000000000e+06 4.776629000000000000e+06 1.303893100000000000e+07 1.666257800000000000e+07
