# {'chrom': '7', 'window_id': '1', 'statistic': 'H2', 'bounds': [19000000, 39000000], 'span': 20000000, 'n_sites': 12666471, 'coverage': 63.33, 'right_discontinuous': False, 'rows': "{0: 'Altai', 1: 'Chagyrskaya', 2: 'Denisova', 3: 'French-1', 4: 'Han-1', 5: 'Khomani_San-2', 6: 'Papuan-2', 7: 'Vindija', 8: 'Yoruba-1', 9: 'Yoruba-3'}"}
1.310000000000000000e+03 3.490000000000000000e+02 5.240000000000000000e+02 5.530000000000000000e+02 8.710000000000000000e+02 1.728000000000000000e+03 3.319000000000000000e+03 4.368000000000000000e+03 1.093200000000000000e+04 1.523700000000000000e+04 1.682100000000000000e+04 2.226900000000000000e+04 1.666700000000000000e+04 3.992700000000000000e+04 9.547700000000000000e+04 1.317960000000000000e+05 1.846850000000000000e+05 8.506320000000000000e+05 1.633530000000000000e+06
2.090000000000000000e+02 1.670000000000000000e+02 3.160000000000000000e+02 3.010000000000000000e+02 4.990000000000000000e+02 1.252000000000000000e+03 2.030000000000000000e+03 3.105000000000000000e+03 5.899000000000000000e+03 9.721000000000000000e+03 1.018600000000000000e+04 1.452400000000000000e+04 1.638700000000000000e+04 2.648900000000000000e+04 6.949700000000000000e+04 1.265630000000000000e+05 2.143330000000000000e+05 5.559050000000000000e+05 1.136007000000000000e+06
4.000000000000000000e+01 4.900000000000000000e+01 1.550000000000000000e+02 2.260000000000000000e+02 3.260000000000000000e+02 7.230000000000000000e+02 1.167000000000000000e+03 1.892000000000000000e+03 4.389000000000000000e+03 4.561000000000000000e+03 6.764000000000000000e+03 1.154000000000000000e+04 1.265600000000000000e+04 2.133700000000000000e+04 6.023500000000000000e+04 9.450800000000000000e+04 2.000730000000000000e+05 6.148400000000000000e+05 1.171915000000000000e+06
2.235000000000000000e+03 1.168000000000000000e+03 2.103000000000000000e+03 1.822000000000000000e+03 2.805000000000000000e+03 6.338000000000000000e+03 1.031400000000000000e+04 1.738600000000000000e+04 3.927000000000000000e+04 4.828500000000000000e+04 6.771100000000000000e+04 1.328380000000000000e+05 1.521430000000000000e+05 2.248660000000000000e+05 8.214390000000000000e+05 1.184829000000000000e+06 2.194523000000000000e+06 5.787115000000000000e+06 8.827462000000000000e+06
1.353000000000000000e+03 9.690000000000000000e+02 2.014000000000000000e+03 2.388000000000000000e+03 3.577000000000000000e+03 8.955000000000000000e+03 1.406000000000000000e+04 2.379900000000000000e+04 4.939900000000000000e+04 5.760800000000000000e+04 7.677200000000000000e+04 1.559160000000000000e+05 1.817940000000000000e+05 3.548390000000000000e+05 9.925990000000000000e+05 1.781156000000000000e+06 3.395957000000000000e+06 1.075411900000000000e+07 1.872057200000000000e+07
1.924000000000000000e+03 1.453000000000000000e+03 3.123000000000000000e+03 3.576000000000000000e+03 5.471000000000000000e+03 1.359500000000000000e+04 2.051500000000000000e+04 3.310500000000000000e+04 7.423600000000000000e+04 8.927700000000000000e+04 1.312690000000000000e+05 2.394290000000000000e+05 3.354640000000000000e+05 5.967730000000000000e+05 1.953931000000000000e+06 3.266648000000000000e+06 6.308829000000000000e+06 1.881556300000000000e+07 3.574230400000000000e+07
1.310000000000000000e+03 1.029000000000000000e+03 2.126000000000000000e+03 2.291000000000000000e+03 3.281000000000000000e+03 8.338000000000000000e+03 1.179900000000000000e+04 2.096700000000000000e+04 4.625700000000000000e+04 5.435200000000000000e+04 7.810500000000000000e+04 1.519280000000000000e+05 1.708620000000000000e+05 3.000660000000000000e+05 8.374100000000000000e+05 1.584719000000000000e+06 3.180900000000000000e+06 9.844385000000000000e+06 1.654270500000000000e+07
4.020000000000000000e+02 2.130000000000000000e+02 3.880000000000000000e+02 4.880000000000000000e+02 7.950000000000000000e+02 2.016000000000000000e+03 3.069000000000000000e+03 4.934000000000000000e+03 1.093300000000000000e+04 1.340800000000000000e+04 2.054600000000000000e+04 2.922000000000000000e+04 3.046200000000000000e+04 4.975200000000000000e+04 8.550100000000000000e+04 1.889120000000000000e+05 3.516890000000000000e+05 1.009093000000000000e+06 1.394647000000000000e+06
2.276000000000000000e+03 1.359000000000000000e+03 2.784000000000000000e+03 3.236000000000000000e+03 4.888000000000000000e+03 1.204000000000000000e+04 1.825100000000000000e+04 2.992200000000000000e+04 7.023200000000000000e+04 8.595300000000000000e+04 1.167330000000000000e+05 2.517130000000000000e+05 3.248380000000000000e+05 5.977130000000000000e+05 1.819226000000000000e+06 3.185989000000000000e+06 6.292779000000000000e+06 1.937989200000000000e+07 3.715885200000000000e+07
1.224000000000000000e+03 9.200000000000000000e+02 2.356000000000000000e+03 3.038000000000000000e+03 4.912000000000000000e+03 1.176000000000000000e+04 1.753800000000000000e+04 2.990300000000000000e+04 6.640900000000000000e+04 7.835300000000000000e+04 1.118580000000000000e+05 2.354930000000000000e+05 3.105560000000000000e+05 5.926730000000000000e+05 1.876089000000000000e+06 3.055213000000000000e+06 5.992233000000000000e+06 1.853658500000000000e+07 3.473337200000000000e+07
