# {'chrom': '9', 'window_id': '2', 'statistic': 'H2', 'bounds': [70000000, 88000000], 'span': 18000000, 'n_sites': 10882613, 'coverage': 60.46, 'right_discontinuous': False, 'rows': "{0: 'Altai', 1: 'Chagyrskaya', 2: 'Denisova', 3: 'French-1', 4: 'Han-1', 5: 'Khomani_San-2', 6: 'Papuan-2', 7: 'Vindija', 8: 'Yoruba-1', 9: 'Yoruba-3'}"}
1.600000000000000000e+01 1.500000000000000000e+01 8.400000000000000000e+01 1.710000000000000000e+02 4.100000000000000000e+02 1.085000000000000000e+03 1.379000000000000000e+03 2.176000000000000000e+03 5.165000000000000000e+03 5.592000000000000000e+03 6.415000000000000000e+03 1.300600000000000000e+04 9.574000000000000000e+03 1.949400000000000000e+04 6.701500000000000000e+04 9.634500000000000000e+04 1.543870000000000000e+05 5.678190000000000000e+05 1.197362000000000000e+06
1.900000000000000000e+01 1.000000000000000000e+01 3.500000000000000000e+01 5.700000000000000000e+01 1.630000000000000000e+02 5.930000000000000000e+02 1.122000000000000000e+03 1.815000000000000000e+03 3.462000000000000000e+03 3.672000000000000000e+03 5.002000000000000000e+03 1.214700000000000000e+04 1.163800000000000000e+04 2.088000000000000000e+04 5.412000000000000000e+04 7.112500000000000000e+04 1.329230000000000000e+05 4.185090000000000000e+05 7.468020000000000000e+05
7.100000000000000000e+01 6.700000000000000000e+01 1.730000000000000000e+02 2.040000000000000000e+02 3.320000000000000000e+02 8.220000000000000000e+02 1.436000000000000000e+03 2.369000000000000000e+03 4.590000000000000000e+03 5.109000000000000000e+03 5.536000000000000000e+03 1.138000000000000000e+04 1.513500000000000000e+04 1.922200000000000000e+04 5.725500000000000000e+04 9.235600000000000000e+04 1.565330000000000000e+05 5.062760000000000000e+05 9.892540000000000000e+05
2.616000000000000000e+03 1.145000000000000000e+03 1.637000000000000000e+03 1.521000000000000000e+03 2.397000000000000000e+03 7.333000000000000000e+03 1.268800000000000000e+04 2.037700000000000000e+04 4.589300000000000000e+04 5.131800000000000000e+04 7.121000000000000000e+04 1.282530000000000000e+05 1.356560000000000000e+05 2.602740000000000000e+05 8.327510000000000000e+05 1.409445000000000000e+06 2.438578000000000000e+06 7.598752000000000000e+06 1.268121000000000000e+07
2.143000000000000000e+03 1.120000000000000000e+03 1.847000000000000000e+03 1.606000000000000000e+03 2.167000000000000000e+03 6.697000000000000000e+03 9.877000000000000000e+03 1.840000000000000000e+04 4.056500000000000000e+04 4.118900000000000000e+04 5.765200000000000000e+04 1.097060000000000000e+05 1.245210000000000000e+05 1.670590000000000000e+05 6.100970000000000000e+05 1.158413000000000000e+06 2.034073000000000000e+06 6.122427000000000000e+06 1.188255200000000000e+07
3.820000000000000000e+03 1.287000000000000000e+03 2.239000000000000000e+03 2.277000000000000000e+03 3.570000000000000000e+03 1.035800000000000000e+04 1.500600000000000000e+04 2.690600000000000000e+04 6.328900000000000000e+04 7.552000000000000000e+04 1.088130000000000000e+05 1.945450000000000000e+05 2.735270000000000000e+05 4.455160000000000000e+05 1.551218000000000000e+06 2.350458000000000000e+06 4.270734000000000000e+06 1.167442600000000000e+07 1.975206500000000000e+07
3.576000000000000000e+03 1.340000000000000000e+03 1.323000000000000000e+03 1.172000000000000000e+03 1.873000000000000000e+03 6.375000000000000000e+03 1.006400000000000000e+04 1.811700000000000000e+04 4.562100000000000000e+04 4.570400000000000000e+04 6.662200000000000000e+04 1.167380000000000000e+05 1.350570000000000000e+05 2.357710000000000000e+05 6.780610000000000000e+05 1.245476000000000000e+06 2.248040000000000000e+06 6.077468000000000000e+06 9.613351000000000000e+06
2.000000000000000000e+01 1.800000000000000000e+01 3.600000000000000000e+01 7.700000000000000000e+01 2.310000000000000000e+02 6.760000000000000000e+02 1.166000000000000000e+03 1.763000000000000000e+03 3.619000000000000000e+03 3.881000000000000000e+03 4.853000000000000000e+03 7.871000000000000000e+03 8.683000000000000000e+03 1.688600000000000000e+04 4.857200000000000000e+04 8.145000000000000000e+04 1.340370000000000000e+05 3.831160000000000000e+05 8.206320000000000000e+05
3.936000000000000000e+03 1.895000000000000000e+03 2.556000000000000000e+03 2.810000000000000000e+03 4.006000000000000000e+03 1.252000000000000000e+04 1.841400000000000000e+04 3.141400000000000000e+04 6.786100000000000000e+04 8.918600000000000000e+04 1.302820000000000000e+05 2.345390000000000000e+05 2.966550000000000000e+05 5.185170000000000000e+05 1.791907000000000000e+06 2.688187000000000000e+06 4.937762000000000000e+06 1.519422100000000000e+07 2.571379900000000000e+07
4.025000000000000000e+03 1.766000000000000000e+03 2.366000000000000000e+03 1.804000000000000000e+03 3.236000000000000000e+03 9.547000000000000000e+03 1.571100000000000000e+04 2.747300000000000000e+04 6.183100000000000000e+04 7.424900000000000000e+04 1.100360000000000000e+05 1.993030000000000000e+05 2.907380000000000000e+05 4.818020000000000000e+05 1.596274000000000000e+06 2.319438000000000000e+06 4.411785000000000000e+06 1.355861400000000000e+07 2.371156600000000000e+07
