# {'chrom': '9', 'window_id': '0', 'statistic': 'H2', 'bounds': [0, 19000000], 'span': 19000000, 'n_sites': 12212905, 'coverage': 64.28, 'right_discontinuous': False, 'rows': "{0: 'Altai', 1: 'Chagyrskaya', 2: 'Denisova', 3: 'French-1', 4: 'Han-1', 5: 'Khomani_San-2', 6: 'Papuan-2', 7: 'Vindija', 8: 'Yoruba-1', 9: 'Yoruba-3'}"}
4.000000000000000000e+00 6.000000000000000000e+00 3.000000000000000000e+01 1.050000000000000000e+02 2.210000000000000000e+02 7.020000000000000000e+02 1.252000000000000000e+03 2.410000000000000000e+03 5.446000000000000000e+03 7.408000000000000000e+03 1.026000000000000000e+04 1.409800000000000000e+04 1.497700000000000000e+04 1.794200000000000000e+04 4.216800000000000000e+04 6.198500000000000000e+04 1.226980000000000000e+05 3.445020000000000000e+05 5.712810000000000000e+05
1.000000000000000000e+00 7.000000000000000000e+00 5.500000000000000000e+01 1.200000000000000000e+02 3.000000000000000000e+02 1.030000000000000000e+03 1.497000000000000000e+03 2.980000000000000000e+03 6.758000000000000000e+03 9.019000000000000000e+03 1.089900000000000000e+04 1.817600000000000000e+04 1.652600000000000000e+04 2.930800000000000000e+04 8.330200000000000000e+04 8.887800000000000000e+04 1.541560000000000000e+05 6.057870000000000000e+05 1.155842000000000000e+06
7.000000000000000000e+00 2.000000000000000000e+01 5.900000000000000000e+01 9.600000000000000000e+01 2.330000000000000000e+02 9.050000000000000000e+02 1.487000000000000000e+03 2.828000000000000000e+03 6.955000000000000000e+03 8.978000000000000000e+03 1.362400000000000000e+04 1.896100000000000000e+04 1.894300000000000000e+04 2.320000000000000000e+04 6.857700000000000000e+04 1.074440000000000000e+05 2.228010000000000000e+05 7.114660000000000000e+05 1.329896000000000000e+06
4.520000000000000000e+02 3.020000000000000000e+02 6.360000000000000000e+02 8.680000000000000000e+02 2.027000000000000000e+03 7.100000000000000000e+03 1.293900000000000000e+04 2.577900000000000000e+04 6.366600000000000000e+04 8.427700000000000000e+04 1.422300000000000000e+05 2.989140000000000000e+05 3.489530000000000000e+05 4.898730000000000000e+05 1.332005000000000000e+06 2.278300000000000000e+06 4.169135000000000000e+06 1.346536600000000000e+07 2.493100900000000000e+07
7.400000000000000000e+02 1.870000000000000000e+02 3.800000000000000000e+02 6.870000000000000000e+02 1.453000000000000000e+03 5.283000000000000000e+03 1.032800000000000000e+04 2.179000000000000000e+04 5.284100000000000000e+04 7.141400000000000000e+04 1.082870000000000000e+05 2.302600000000000000e+05 2.372330000000000000e+05 3.113200000000000000e+05 8.476590000000000000e+05 1.505174000000000000e+06 3.070104000000000000e+06 9.852995000000000000e+06 1.788583700000000000e+07
3.830000000000000000e+02 2.790000000000000000e+02 5.490000000000000000e+02 8.170000000000000000e+02 2.286000000000000000e+03 8.941000000000000000e+03 1.526900000000000000e+04 2.971300000000000000e+04 7.411300000000000000e+04 9.835000000000000000e+04 1.507600000000000000e+05 3.207210000000000000e+05 4.327950000000000000e+05 7.272600000000000000e+05 2.107767000000000000e+06 3.172475000000000000e+06 5.865288000000000000e+06 1.532390600000000000e+07 2.488727300000000000e+07
1.600000000000000000e+02 1.460000000000000000e+02 2.540000000000000000e+02 4.200000000000000000e+02 8.800000000000000000e+02 2.936000000000000000e+03 5.296000000000000000e+03 1.125900000000000000e+04 2.800100000000000000e+04 3.561500000000000000e+04 5.606100000000000000e+04 1.122750000000000000e+05 1.410970000000000000e+05 1.516380000000000000e+05 4.777170000000000000e+05 6.369610000000000000e+05 1.173246000000000000e+06 3.177272000000000000e+06 4.814192000000000000e+06
0.000000000000000000e+00 7.000000000000000000e+00 3.600000000000000000e+01 6.200000000000000000e+01 2.000000000000000000e+02 7.530000000000000000e+02 1.131000000000000000e+03 2.387000000000000000e+03 4.747000000000000000e+03 6.071000000000000000e+03 8.118000000000000000e+03 1.469600000000000000e+04 1.252700000000000000e+04 2.153900000000000000e+04 6.044500000000000000e+04 8.181300000000000000e+04 1.766670000000000000e+05 5.844980000000000000e+05 8.403830000000000000e+05
7.770000000000000000e+02 4.630000000000000000e+02 5.840000000000000000e+02 1.102000000000000000e+03 2.725000000000000000e+03 1.038200000000000000e+04 1.910500000000000000e+04 3.744800000000000000e+04 8.999500000000000000e+04 1.142440000000000000e+05 1.790630000000000000e+05 3.682120000000000000e+05 4.908540000000000000e+05 8.980820000000000000e+05 2.417709000000000000e+06 3.847007000000000000e+06 7.309831000000000000e+06 2.297989700000000000e+07 4.470354100000000000e+07
4.980000000000000000e+02 4.910000000000000000e+02 9.010000000000000000e+02 1.302000000000000000e+03 2.646000000000000000e+03 9.653000000000000000e+03 1.787900000000000000e+04 3.605400000000000000e+04 9.076500000000000000e+04 1.191600000000000000e+05 1.819660000000000000e+05 3.805320000000000000e+05 5.020520000000000000e+05 8.546360000000000000e+05 2.403287000000000000e+06 3.577829000000000000e+06 6.885529000000000000e+06 2.252593000000000000e+07 4.283067000000000000e+07
