# {'chrom': '9', 'window_id': '3', 'statistic': 'H2', 'bounds': [88000000, 106000000], 'span': 18000000, 'n_sites': 10708072, 'coverage': 59.49, 'right_discontinuous': False, 'rows': "{0: 'Altai', 1: 'Chagyrskaya', 2: 'Denisova', 3: 'French-1', 4: 'Han-1', 5: 'Khomani_San-2', 6: 'Papuan-2', 7: 'Vindija', 8: 'Yoruba-1', 9: 'Yoruba-3'}"}
2.970000000000000000e+02 1.870000000000000000e+02 2.380000000000000000e+02 3.120000000000000000e+02 5.620000000000000000e+02 1.471000000000000000e+03 2.366000000000000000e+03 3.892000000000000000e+03 8.842000000000000000e+03 1.124000000000000000e+04 1.589500000000000000e+04 3.059300000000000000e+04 3.813500000000000000e+04 7.202200000000000000e+04 1.626130000000000000e+05 1.271490000000000000e+05 3.239460000000000000e+05 6.000600000000000000e+05 1.238729000000000000e+06
3.000000000000000000e+02 2.410000000000000000e+02 3.070000000000000000e+02 3.390000000000000000e+02 4.390000000000000000e+02 9.740000000000000000e+02 2.000000000000000000e+03 3.386000000000000000e+03 7.050000000000000000e+03 7.879000000000000000e+03 1.046100000000000000e+04 1.758200000000000000e+04 2.100200000000000000e+04 4.092900000000000000e+04 9.732300000000000000e+04 1.542210000000000000e+05 2.850440000000000000e+05 6.747610000000000000e+05 1.356921000000000000e+06
1.600000000000000000e+02 1.080000000000000000e+02 1.500000000000000000e+02 1.660000000000000000e+02 2.610000000000000000e+02 7.340000000000000000e+02 9.880000000000000000e+02 1.719000000000000000e+03 3.808000000000000000e+03 4.388000000000000000e+03 5.942000000000000000e+03 1.410700000000000000e+04 9.502000000000000000e+03 2.208700000000000000e+04 5.239500000000000000e+04 8.241000000000000000e+04 1.770700000000000000e+05 5.025690000000000000e+05 1.045679000000000000e+06
2.531000000000000000e+03 1.113000000000000000e+03 1.433000000000000000e+03 1.276000000000000000e+03 2.153000000000000000e+03 6.327000000000000000e+03 1.101100000000000000e+04 1.777500000000000000e+04 3.608600000000000000e+04 4.371000000000000000e+04 6.048100000000000000e+04 1.076210000000000000e+05 1.076870000000000000e+05 2.582500000000000000e+05 7.871460000000000000e+05 1.189291000000000000e+06 2.647056000000000000e+06 8.366025000000000000e+06 1.375980400000000000e+07
3.043000000000000000e+03 1.111000000000000000e+03 1.763000000000000000e+03 1.743000000000000000e+03 2.867000000000000000e+03 8.261000000000000000e+03 1.290400000000000000e+04 2.257600000000000000e+04 4.863400000000000000e+04 6.079300000000000000e+04 7.924000000000000000e+04 1.560050000000000000e+05 1.643790000000000000e+05 3.234180000000000000e+05 1.000756000000000000e+06 1.564728000000000000e+06 3.391902000000000000e+06 1.016038700000000000e+07 1.789313300000000000e+07
3.110000000000000000e+03 1.456000000000000000e+03 2.190000000000000000e+03 2.251000000000000000e+03 4.354000000000000000e+03 1.148200000000000000e+04 1.652600000000000000e+04 2.912600000000000000e+04 6.027400000000000000e+04 7.547600000000000000e+04 1.178710000000000000e+05 2.151490000000000000e+05 2.775060000000000000e+05 5.068430000000000000e+05 1.559368000000000000e+06 2.522132000000000000e+06 5.240998000000000000e+06 1.696767500000000000e+07 2.850625400000000000e+07
1.024000000000000000e+03 9.110000000000000000e+02 1.200000000000000000e+03 1.012000000000000000e+03 1.787000000000000000e+03 4.949000000000000000e+03 8.734000000000000000e+03 1.362500000000000000e+04 2.764400000000000000e+04 3.228200000000000000e+04 4.079000000000000000e+04 6.945300000000000000e+04 6.962000000000000000e+04 1.576660000000000000e+05 3.930680000000000000e+05 6.237570000000000000e+05 1.293415000000000000e+06 4.190506000000000000e+06 8.069564000000000000e+06
1.020000000000000000e+02 1.220000000000000000e+02 1.770000000000000000e+02 1.960000000000000000e+02 2.610000000000000000e+02 6.070000000000000000e+02 1.089000000000000000e+03 1.972000000000000000e+03 4.505000000000000000e+03 4.713000000000000000e+03 6.855000000000000000e+03 1.043100000000000000e+04 9.455000000000000000e+03 1.336900000000000000e+04 5.260800000000000000e+04 9.534900000000000000e+04 1.674400000000000000e+05 5.360280000000000000e+05 8.803100000000000000e+05
4.627000000000000000e+03 1.535000000000000000e+03 2.286000000000000000e+03 2.373000000000000000e+03 3.940000000000000000e+03 1.070700000000000000e+04 1.724600000000000000e+04 2.826000000000000000e+04 5.912600000000000000e+04 7.219200000000000000e+04 1.063740000000000000e+05 2.172350000000000000e+05 2.505660000000000000e+05 4.845910000000000000e+05 1.581509000000000000e+06 2.666303000000000000e+06 5.503517000000000000e+06 1.641155000000000000e+07 2.868005700000000000e+07
7.237000000000000000e+03 2.281000000000000000e+03 3.110000000000000000e+03 2.794000000000000000e+03 4.201000000000000000e+03 1.267200000000000000e+04 2.080800000000000000e+04 3.641700000000000000e+04 7.540500000000000000e+04 9.420200000000000000e+04 1.312810000000000000e+05 2.419100000000000000e+05 2.802600000000000000e+05 5.802700000000000000e+05 1.774159000000000000e+06 2.876899000000000000e+06 5.659947000000000000e+06 1.567166600000000000e+07 2.788191400000000000e+07
