# {'chrom': '9', 'window_id': '4', 'statistic': 'H2', 'bounds': [106000000, 124000000], 'span': 18000000, 'n_sites': 12073310, 'coverage': 67.07, 'right_discontinuous': False, 'rows': "{0: 'Altai', 1: 'Chagyrskaya', 2: 'Denisova', 3: 'French-1', 4: 'Han-1', 5: 'Khomani_San-2', 6: 'Papuan-2', 7: 'Vindija', 8: 'Yoruba-1', 9: 'Yoruba-3'}"}
1.410000000000000000e+02 2.300000000000000000e+01 2.700000000000000000e+01 7.700000000000000000e+01 1.990000000000000000e+02 6.750000000000000000e+02 9.060000000000000000e+02 1.642000000000000000e+03 3.262000000000000000e+03 3.923000000000000000e+03 4.319000000000000000e+03 9.891000000000000000e+03 9.780000000000000000e+03 1.720200000000000000e+04 2.609400000000000000e+04 5.020500000000000000e+04 7.849000000000000000e+04 2.593440000000000000e+05 2.462930000000000000e+05
2.900000000000000000e+01 3.000000000000000000e+01 4.100000000000000000e+01 6.300000000000000000e+01 1.110000000000000000e+02 4.260000000000000000e+02 6.610000000000000000e+02 1.181000000000000000e+03 2.516000000000000000e+03 2.975000000000000000e+03 4.178000000000000000e+03 7.683000000000000000e+03 7.644000000000000000e+03 1.357400000000000000e+04 3.958300000000000000e+04 6.499600000000000000e+04 9.762300000000000000e+04 3.224040000000000000e+05 6.166870000000000000e+05
4.550000000000000000e+02 3.430000000000000000e+02 3.030000000000000000e+02 3.170000000000000000e+02 6.210000000000000000e+02 1.878000000000000000e+03 2.808000000000000000e+03 5.744000000000000000e+03 1.120800000000000000e+04 1.348700000000000000e+04 1.640700000000000000e+04 3.079000000000000000e+04 3.159700000000000000e+04 4.304300000000000000e+04 1.525950000000000000e+05 1.756520000000000000e+05 3.647350000000000000e+05 1.086387000000000000e+06 1.905905000000000000e+06
3.592000000000000000e+03 1.610000000000000000e+03 1.965000000000000000e+03 1.765000000000000000e+03 2.930000000000000000e+03 8.906000000000000000e+03 1.596500000000000000e+04 2.699600000000000000e+04 5.815300000000000000e+04 6.352700000000000000e+04 8.346200000000000000e+04 1.964340000000000000e+05 2.592850000000000000e+05 3.073520000000000000e+05 1.206913000000000000e+06 1.632650000000000000e+06 2.957082000000000000e+06 9.685983000000000000e+06 1.734756800000000000e+07
2.093000000000000000e+03 1.182000000000000000e+03 1.774000000000000000e+03 1.463000000000000000e+03 2.310000000000000000e+03 7.352000000000000000e+03 1.136400000000000000e+04 2.009300000000000000e+04 4.215900000000000000e+04 5.070000000000000000e+04 6.801900000000000000e+04 1.430490000000000000e+05 1.849190000000000000e+05 2.761290000000000000e+05 8.869120000000000000e+05 1.267544000000000000e+06 2.584302000000000000e+06 8.495604000000000000e+06 1.590478100000000000e+07
4.087000000000000000e+03 2.031000000000000000e+03 2.739000000000000000e+03 2.412000000000000000e+03 4.154000000000000000e+03 1.162600000000000000e+04 1.833000000000000000e+04 3.240100000000000000e+04 7.005100000000000000e+04 7.643200000000000000e+04 1.164350000000000000e+05 2.385390000000000000e+05 2.957480000000000000e+05 4.599120000000000000e+05 1.462143000000000000e+06 2.342505000000000000e+06 4.283804000000000000e+06 1.464643100000000000e+07 2.771563900000000000e+07
2.718000000000000000e+03 1.215000000000000000e+03 1.520000000000000000e+03 1.238000000000000000e+03 1.785000000000000000e+03 6.019000000000000000e+03 9.458000000000000000e+03 1.631800000000000000e+04 3.753900000000000000e+04 4.328900000000000000e+04 6.010700000000000000e+04 1.053560000000000000e+05 1.381040000000000000e+05 2.133990000000000000e+05 5.428470000000000000e+05 9.290090000000000000e+05 2.005266000000000000e+06 6.223039000000000000e+06 1.068796700000000000e+07
1.010000000000000000e+02 7.000000000000000000e+01 1.610000000000000000e+02 2.050000000000000000e+02 3.030000000000000000e+02 7.740000000000000000e+02 1.138000000000000000e+03 2.206000000000000000e+03 4.747000000000000000e+03 5.444000000000000000e+03 7.896000000000000000e+03 2.157500000000000000e+04 2.148000000000000000e+04 2.584800000000000000e+04 5.834600000000000000e+04 9.505100000000000000e+04 1.724070000000000000e+05 5.456250000000000000e+05 9.362030000000000000e+05
4.329000000000000000e+03 2.252000000000000000e+03 2.699000000000000000e+03 2.653000000000000000e+03 3.669000000000000000e+03 1.130200000000000000e+04 2.086800000000000000e+04 3.375000000000000000e+04 6.854400000000000000e+04 7.697200000000000000e+04 1.174040000000000000e+05 2.432050000000000000e+05 2.947290000000000000e+05 4.767850000000000000e+05 1.653585000000000000e+06 2.421587000000000000e+06 4.683728000000000000e+06 1.585916400000000000e+07 3.008257000000000000e+07
4.594000000000000000e+03 2.154000000000000000e+03 2.739000000000000000e+03 2.452000000000000000e+03 3.879000000000000000e+03 1.105600000000000000e+04 1.931700000000000000e+04 3.050200000000000000e+04 6.402200000000000000e+04 7.080000000000000000e+04 1.079020000000000000e+05 2.211610000000000000e+05 2.889280000000000000e+05 4.005970000000000000e+05 1.313895000000000000e+06 2.118525000000000000e+06 4.075152000000000000e+06 1.467270800000000000e+07 2.599558600000000000e+07
