# {'chrom': '13', 'window_id': '1', 'statistic': 'H2', 'bounds': [39000000, 58000000], 'span': 19000000, 'n_sites': 11891851, 'coverage': 62.59, 'right_discontinuous': False, 'rows': "{0: 'Altai', 1: 'Chagyrskaya', 2: 'Denisova', 3: 'French-1', 4: 'Han-1', 5: 'Khomani_San-2', 6: 'Papuan-2', 7: 'Vindija', 8: 'Yoruba-1', 9: 'Yoruba-3'}"}
1.145000000000000000e+03 7.110000000000000000e+02 8.610000000000000000e+02 6.260000000000000000e+02 1.011000000000000000e+03 2.533000000000000000e+03 3.217000000000000000e+03 9.060000000000000000e+03 1.043500000000000000e+04 8.538000000000000000e+03 1.463600000000000000e+04 1.948300000000000000e+04 1.941900000000000000e+04 3.730100000000000000e+04 1.096800000000000000e+05 1.770930000000000000e+05 2.641230000000000000e+05 1.060639000000000000e+06 2.877168000000000000e+06
1.270000000000000000e+02 1.150000000000000000e+02 2.980000000000000000e+02 3.670000000000000000e+02 6.640000000000000000e+02 1.308000000000000000e+03 1.662000000000000000e+03 4.172000000000000000e+03 5.704000000000000000e+03 4.211000000000000000e+03 5.939000000000000000e+03 1.065300000000000000e+04 1.468900000000000000e+04 2.797300000000000000e+04 7.671700000000000000e+04 1.077100000000000000e+05 1.765870000000000000e+05 1.060173000000000000e+06 2.186620000000000000e+06
2.960000000000000000e+02 2.220000000000000000e+02 2.550000000000000000e+02 2.330000000000000000e+02 5.430000000000000000e+02 1.706000000000000000e+03 2.530000000000000000e+03 4.382000000000000000e+03 8.433000000000000000e+03 7.537000000000000000e+03 9.220000000000000000e+03 1.804400000000000000e+04 1.872400000000000000e+04 3.883900000000000000e+04 1.210200000000000000e+05 1.455260000000000000e+05 2.719020000000000000e+05 8.172080000000000000e+05 1.956592000000000000e+06
2.672000000000000000e+03 1.376000000000000000e+03 1.939000000000000000e+03 1.543000000000000000e+03 2.393000000000000000e+03 7.260000000000000000e+03 1.172900000000000000e+04 2.107300000000000000e+04 4.709300000000000000e+04 5.572800000000000000e+04 8.908700000000000000e+04 1.319300000000000000e+05 1.665180000000000000e+05 2.992520000000000000e+05 8.660220000000000000e+05 1.779813000000000000e+06 3.317142000000000000e+06 1.166098500000000000e+07 2.557527300000000000e+07
4.268000000000000000e+03 2.086000000000000000e+03 3.084000000000000000e+03 2.393000000000000000e+03 3.563000000000000000e+03 9.891000000000000000e+03 1.581700000000000000e+04 3.033100000000000000e+04 6.149200000000000000e+04 6.897600000000000000e+04 1.130760000000000000e+05 1.870290000000000000e+05 2.561300000000000000e+05 5.048400000000000000e+05 1.550485000000000000e+06 2.593564000000000000e+06 4.150832000000000000e+06 1.455207500000000000e+07 2.790222300000000000e+07
4.528000000000000000e+03 2.099000000000000000e+03 3.365000000000000000e+03 3.778000000000000000e+03 5.819000000000000000e+03 1.487500000000000000e+04 2.305800000000000000e+04 3.758200000000000000e+04 8.403500000000000000e+04 1.084920000000000000e+05 1.781990000000000000e+05 3.337600000000000000e+05 4.513090000000000000e+05 8.971620000000000000e+05 2.351439000000000000e+06 3.724228000000000000e+06 6.358578000000000000e+06 2.244941600000000000e+07 4.529718800000000000e+07
5.005000000000000000e+03 1.073000000000000000e+03 1.507000000000000000e+03 1.576000000000000000e+03 2.239000000000000000e+03 6.422000000000000000e+03 1.039900000000000000e+04 1.974200000000000000e+04 4.672300000000000000e+04 6.468000000000000000e+04 1.098510000000000000e+05 1.711280000000000000e+05 1.123040000000000000e+05 2.342670000000000000e+05 4.627230000000000000e+05 7.712120000000000000e+05 1.397091000000000000e+06 4.453593000000000000e+06 9.401873000000000000e+06
1.410000000000000000e+02 8.400000000000000000e+01 2.070000000000000000e+02 2.280000000000000000e+02 4.210000000000000000e+02 9.400000000000000000e+02 1.426000000000000000e+03 2.996000000000000000e+03 5.246000000000000000e+03 4.564000000000000000e+03 7.594000000000000000e+03 1.236100000000000000e+04 1.764100000000000000e+04 2.735400000000000000e+04 7.915200000000000000e+04 1.229870000000000000e+05 2.304120000000000000e+05 6.464300000000000000e+05 2.226391000000000000e+06
3.402000000000000000e+03 1.552000000000000000e+03 2.728000000000000000e+03 2.687000000000000000e+03 4.385000000000000000e+03 1.159200000000000000e+04 1.735000000000000000e+04 3.186300000000000000e+04 6.766600000000000000e+04 8.513800000000000000e+04 1.401990000000000000e+05 2.834500000000000000e+05 3.543930000000000000e+05 6.887800000000000000e+05 1.928646000000000000e+06 3.658180000000000000e+06 5.973052000000000000e+06 1.973175200000000000e+07 4.311552400000000000e+07
5.756000000000000000e+03 2.433000000000000000e+03 3.230000000000000000e+03 3.270000000000000000e+03 4.863000000000000000e+03 1.248600000000000000e+04 2.048300000000000000e+04 3.752600000000000000e+04 8.151600000000000000e+04 1.105410000000000000e+05 1.829380000000000000e+05 3.382090000000000000e+05 3.570380000000000000e+05 7.278860000000000000e+05 2.047879000000000000e+06 3.765557000000000000e+06 5.701924000000000000e+06 2.073362500000000000e+07 4.450090300000000000e+07
