# {'chrom': '13', 'window_id': '0', 'statistic': 'H2', 'bounds': [19000000, 39000000], 'span': 20000000, 'n_sites': 11760771, 'coverage': 58.8, 'right_discontinuous': False, 'rows': "{0: 'Altai', 1: 'Chagyrskaya', 2: 'Denisova', 3: 'French-1', 4: 'Han-1', 5: 'Khomani_San-2', 6: 'Papuan-2', 7: 'Vindija', 8: 'Yoruba-1', 9: 'Yoruba-3'}"}
4.570000000000000000e+02 4.300000000000000000e+02 6.080000000000000000e+02 7.990000000000000000e+02 1.289000000000000000e+03 2.687000000000000000e+03 4.628000000000000000e+03 6.712000000000000000e+03 1.211800000000000000e+04 1.382500000000000000e+04 1.992700000000000000e+04 2.427300000000000000e+04 3.024300000000000000e+04 4.545300000000000000e+04 1.195280000000000000e+05 1.824200000000000000e+05 4.637040000000000000e+05 1.418394000000000000e+06 2.414877000000000000e+06
0.000000000000000000e+00 0.000000000000000000e+00 2.000000000000000000e+00 7.000000000000000000e+00 1.400000000000000000e+01 2.900000000000000000e+01 6.000000000000000000e+01 1.160000000000000000e+02 2.840000000000000000e+02 3.170000000000000000e+02 5.100000000000000000e+02 7.810000000000000000e+02 4.280000000000000000e+02 6.840000000000000000e+02 1.537000000000000000e+03 3.527000000000000000e+03 4.481000000000000000e+03 1.246200000000000000e+04 1.627600000000000000e+04
6.900000000000000000e+01 1.050000000000000000e+02 2.090000000000000000e+02 2.070000000000000000e+02 3.510000000000000000e+02 9.350000000000000000e+02 1.457000000000000000e+03 2.148000000000000000e+03 4.502000000000000000e+03 4.111000000000000000e+03 5.984000000000000000e+03 1.116400000000000000e+04 1.469700000000000000e+04 1.914200000000000000e+04 7.377000000000000000e+04 9.735000000000000000e+04 2.004090000000000000e+05 5.695050000000000000e+05 1.319517000000000000e+06
1.421000000000000000e+03 1.095000000000000000e+03 1.491000000000000000e+03 1.446000000000000000e+03 2.589000000000000000e+03 7.759000000000000000e+03 1.330200000000000000e+04 2.072000000000000000e+04 4.537300000000000000e+04 5.241000000000000000e+04 6.878200000000000000e+04 1.431810000000000000e+05 1.449700000000000000e+05 2.705270000000000000e+05 9.364870000000000000e+05 1.468646000000000000e+06 2.984734000000000000e+06 8.683507000000000000e+06 1.765425600000000000e+07
5.596000000000000000e+03 1.102000000000000000e+03 1.565000000000000000e+03 2.094000000000000000e+03 3.146000000000000000e+03 8.019000000000000000e+03 1.491700000000000000e+04 2.365500000000000000e+04 5.766100000000000000e+04 6.864500000000000000e+04 9.100800000000000000e+04 1.508590000000000000e+05 1.708210000000000000e+05 2.635240000000000000e+05 8.374430000000000000e+05 1.468726000000000000e+06 3.181706000000000000e+06 9.709045000000000000e+06 1.929997900000000000e+07
1.565000000000000000e+03 1.330000000000000000e+03 2.337000000000000000e+03 2.285000000000000000e+03 3.873000000000000000e+03 1.024600000000000000e+04 1.655600000000000000e+04 2.695800000000000000e+04 5.394100000000000000e+04 6.171300000000000000e+04 9.839000000000000000e+04 1.853670000000000000e+05 2.201530000000000000e+05 3.890360000000000000e+05 1.365441000000000000e+06 2.128443000000000000e+06 4.635614000000000000e+06 1.350725500000000000e+07 2.795374900000000000e+07
1.649000000000000000e+03 9.120000000000000000e+02 1.565000000000000000e+03 1.762000000000000000e+03 2.431000000000000000e+03 6.041000000000000000e+03 1.209500000000000000e+04 1.807500000000000000e+04 3.613400000000000000e+04 4.116900000000000000e+04 5.354600000000000000e+04 8.671300000000000000e+04 8.585200000000000000e+04 1.268420000000000000e+05 5.203450000000000000e+05 6.818180000000000000e+05 1.551404000000000000e+06 4.348219000000000000e+06 7.828110000000000000e+06
2.700000000000000000e+02 2.510000000000000000e+02 3.490000000000000000e+02 3.200000000000000000e+02 6.020000000000000000e+02 1.805000000000000000e+03 3.028000000000000000e+03 4.928000000000000000e+03 9.109000000000000000e+03 9.241000000000000000e+03 1.034800000000000000e+04 1.688400000000000000e+04 1.289000000000000000e+04 1.500500000000000000e+04 6.158500000000000000e+04 9.466100000000000000e+04 1.844320000000000000e+05 6.783260000000000000e+05 1.349893000000000000e+06
2.937000000000000000e+03 1.729000000000000000e+03 2.217000000000000000e+03 1.819000000000000000e+03 2.932000000000000000e+03 9.475000000000000000e+03 1.699700000000000000e+04 2.709400000000000000e+04 5.791300000000000000e+04 6.500000000000000000e+04 8.737000000000000000e+04 1.640080000000000000e+05 2.111420000000000000e+05 3.617780000000000000e+05 1.263949000000000000e+06 1.977695000000000000e+06 4.391086000000000000e+06 1.321934800000000000e+07 2.669586500000000000e+07
2.588000000000000000e+03 1.413000000000000000e+03 2.459000000000000000e+03 2.591000000000000000e+03 4.109000000000000000e+03 1.100500000000000000e+04 1.857100000000000000e+04 3.103900000000000000e+04 6.656700000000000000e+04 7.501600000000000000e+04 1.147300000000000000e+05 2.078240000000000000e+05 2.492330000000000000e+05 4.429620000000000000e+05 1.498661000000000000e+06 2.346853000000000000e+06 5.065223000000000000e+06 1.460783900000000000e+07 2.816483000000000000e+07
