# {'chrom': '13', 'window_id': '2', 'statistic': 'H2', 'bounds': [58000000, 77000000], 'span': 19000000, 'n_sites': 12598220, 'coverage': 66.31, 'right_discontinuous': False, 'rows': "{0: 'Altai', 1: 'Chagyrskaya', 2: 'Denisova', 3: 'French-1', 4: 'Han-1', 5: 'Khomani_San-2', 6: 'Papuan-2', 7: 'Vindija', 8: 'Yoruba-1', 9: 'Yoruba-3'}"}
6.300000000000000000e+02 5.320000000000000000e+02 9.530000000000000000e+02 1.189000000000000000e+03 1.691000000000000000e+03 3.824000000000000000e+03 5.258000000000000000e+03 1.021900000000000000e+04 2.041600000000000000e+04 2.137600000000000000e+04 3.495400000000000000e+04 8.008200000000000000e+04 6.379200000000000000e+04 6.655800000000000000e+04 2.264080000000000000e+05 3.685270000000000000e+05 8.926460000000000000e+05 1.610492000000000000e+06 1.690997000000000000e+06
2.820000000000000000e+02 3.210000000000000000e+02 7.880000000000000000e+02 1.069000000000000000e+03 1.631000000000000000e+03 3.370000000000000000e+03 4.338000000000000000e+03 8.914000000000000000e+03 1.874300000000000000e+04 2.228000000000000000e+04 3.797900000000000000e+04 9.214200000000000000e+04 7.588100000000000000e+04 7.840500000000000000e+04 1.603450000000000000e+05 4.525560000000000000e+05 7.274090000000000000e+05 1.640389000000000000e+06 1.198318000000000000e+06
6.470000000000000000e+02 3.260000000000000000e+02 2.520000000000000000e+02 2.610000000000000000e+02 4.650000000000000000e+02 1.744000000000000000e+03 2.933000000000000000e+03 3.796000000000000000e+03 8.412000000000000000e+03 7.927000000000000000e+03 9.035000000000000000e+03 2.184500000000000000e+04 2.961400000000000000e+04 4.984700000000000000e+04 1.088180000000000000e+05 1.675070000000000000e+05 3.431470000000000000e+05 1.068173000000000000e+06 2.022054000000000000e+06
4.522000000000000000e+03 2.226000000000000000e+03 3.163000000000000000e+03 3.578000000000000000e+03 5.317000000000000000e+03 1.554300000000000000e+04 2.155500000000000000e+04 3.619800000000000000e+04 9.747300000000000000e+04 1.170610000000000000e+05 1.580910000000000000e+05 3.180930000000000000e+05 3.733020000000000000e+05 7.211980000000000000e+05 2.304023000000000000e+06 2.891434000000000000e+06 6.260695000000000000e+06 1.919660100000000000e+07 2.889837500000000000e+07
4.856000000000000000e+03 2.316000000000000000e+03 2.824000000000000000e+03 3.175000000000000000e+03 4.209000000000000000e+03 1.284400000000000000e+04 1.860900000000000000e+04 3.178800000000000000e+04 8.353500000000000000e+04 9.343100000000000000e+04 1.211750000000000000e+05 2.288280000000000000e+05 2.831780000000000000e+05 4.810610000000000000e+05 1.471420000000000000e+06 2.114436000000000000e+06 4.466611000000000000e+06 1.357028700000000000e+07 2.148642000000000000e+07
2.079000000000000000e+03 1.922000000000000000e+03 3.138000000000000000e+03 3.385000000000000000e+03 5.036000000000000000e+03 1.294600000000000000e+04 2.089300000000000000e+04 3.408300000000000000e+04 8.103700000000000000e+04 9.445200000000000000e+04 1.445960000000000000e+05 3.286010000000000000e+05 3.882870000000000000e+05 7.677440000000000000e+05 2.594431000000000000e+06 3.953472000000000000e+06 7.538040000000000000e+06 2.344411300000000000e+07 4.022487700000000000e+07
6.640000000000000000e+02 8.310000000000000000e+02 2.238000000000000000e+03 2.400000000000000000e+03 3.001000000000000000e+03 7.180000000000000000e+03 1.147800000000000000e+04 1.946200000000000000e+04 4.563300000000000000e+04 6.219800000000000000e+04 8.606200000000000000e+04 1.558380000000000000e+05 1.794890000000000000e+05 3.183330000000000000e+05 9.527160000000000000e+05 9.870960000000000000e+05 2.464267000000000000e+06 6.626943000000000000e+06 1.443487900000000000e+07
2.140000000000000000e+02 2.850000000000000000e+02 6.920000000000000000e+02 8.820000000000000000e+02 1.249000000000000000e+03 2.906000000000000000e+03 4.221000000000000000e+03 8.538000000000000000e+03 1.939100000000000000e+04 1.893500000000000000e+04 2.991100000000000000e+04 6.503000000000000000e+04 3.646200000000000000e+04 6.043000000000000000e+04 1.897930000000000000e+05 3.502090000000000000e+05 6.204810000000000000e+05 1.108232000000000000e+06 1.106386000000000000e+06
5.382000000000000000e+03 2.750000000000000000e+03 3.664000000000000000e+03 4.188000000000000000e+03 5.890000000000000000e+03 1.791700000000000000e+04 2.560400000000000000e+04 4.069900000000000000e+04 1.032090000000000000e+05 1.149250000000000000e+05 1.682630000000000000e+05 3.564400000000000000e+05 4.324900000000000000e+05 8.800650000000000000e+05 2.644876000000000000e+06 4.101713000000000000e+06 7.947002000000000000e+06 2.380164300000000000e+07 3.820005300000000000e+07
4.897000000000000000e+03 2.497000000000000000e+03 3.884000000000000000e+03 3.812000000000000000e+03 5.341000000000000000e+03 1.593300000000000000e+04 2.369000000000000000e+04 3.661900000000000000e+04 9.406200000000000000e+04 1.123560000000000000e+05 1.655490000000000000e+05 3.670180000000000000e+05 4.543480000000000000e+05 9.027090000000000000e+05 2.706274000000000000e+06 3.954348000000000000e+06 8.063611000000000000e+06 2.492809400000000000e+07 4.268550600000000000e+07
