# {'chrom': '13', 'window_id': '4', 'statistic': 'H2', 'bounds': [96000000, 116000000], 'span': 20000000, 'n_sites': 12668339, 'coverage': 63.34, 'right_discontinuous': True, 'rows': "{0: 'Altai', 1: 'Chagyrskaya', 2: 'Denisova', 3: 'French-1', 4: 'Han-1', 5: 'Khomani_San-2', 6: 'Papuan-2', 7: 'Vindija', 8: 'Yoruba-1', 9: 'Yoruba-3'}"}
2.819000000000000000e+03 7.500000000000000000e+01 1.750000000000000000e+02 1.830000000000000000e+02 4.260000000000000000e+02 1.211000000000000000e+03 2.040000000000000000e+03 4.137000000000000000e+03 9.449000000000000000e+03 9.156000000000000000e+03 1.232600000000000000e+04 1.012300000000000000e+04 1.480600000000000000e+04 3.657000000000000000e+04 6.185100000000000000e+04 8.305100000000000000e+04 2.195050000000000000e+05 4.659700000000000000e+05 5.470280000000000000e+05
1.882000000000000000e+03 4.800000000000000000e+01 1.570000000000000000e+02 2.880000000000000000e+02 5.580000000000000000e+02 1.642000000000000000e+03 2.345000000000000000e+03 4.070000000000000000e+03 9.453000000000000000e+03 9.756000000000000000e+03 1.237700000000000000e+04 2.635900000000000000e+04 2.176100000000000000e+04 3.057600000000000000e+04 5.251900000000000000e+04 6.493700000000000000e+04 1.325110000000000000e+05 4.539930000000000000e+05 7.059800000000000000e+05
2.190000000000000000e+03 3.000000000000000000e+01 1.530000000000000000e+02 2.650000000000000000e+02 5.610000000000000000e+02 1.655000000000000000e+03 2.170000000000000000e+03 3.888000000000000000e+03 8.838000000000000000e+03 8.142000000000000000e+03 9.491000000000000000e+03 1.437600000000000000e+04 1.677100000000000000e+04 2.772600000000000000e+04 5.338100000000000000e+04 1.057830000000000000e+05 1.916680000000000000e+05 5.478530000000000000e+05 8.648620000000000000e+05
2.364500000000000000e+04 1.067000000000000000e+03 1.153000000000000000e+03 1.146000000000000000e+03 2.301000000000000000e+03 8.405000000000000000e+03 1.165500000000000000e+04 2.228700000000000000e+04 5.013200000000000000e+04 5.355100000000000000e+04 6.694000000000000000e+04 1.246100000000000000e+05 1.717010000000000000e+05 2.725710000000000000e+05 7.761760000000000000e+05 1.361638000000000000e+06 2.575424000000000000e+06 7.504641000000000000e+06 1.250119600000000000e+07
1.367100000000000000e+04 9.340000000000000000e+02 1.050000000000000000e+03 1.485000000000000000e+03 2.514000000000000000e+03 8.408000000000000000e+03 1.321100000000000000e+04 2.412300000000000000e+04 5.362400000000000000e+04 5.825100000000000000e+04 9.984500000000000000e+04 1.806110000000000000e+05 2.046540000000000000e+05 3.007370000000000000e+05 7.320790000000000000e+05 1.193354000000000000e+06 2.302738000000000000e+06 6.542629000000000000e+06 1.083777100000000000e+07
8.294400000000000000e+04 1.545000000000000000e+03 1.521000000000000000e+03 1.864000000000000000e+03 3.688000000000000000e+03 1.524700000000000000e+04 1.910500000000000000e+04 3.852000000000000000e+04 8.887600000000000000e+04 7.940400000000000000e+04 1.287340000000000000e+05 2.388440000000000000e+05 3.203620000000000000e+05 5.466940000000000000e+05 1.426193000000000000e+06 2.243207000000000000e+06 4.421565000000000000e+06 1.290417400000000000e+07 2.080701800000000000e+07
5.609000000000000000e+03 7.300000000000000000e+02 8.000000000000000000e+02 1.003000000000000000e+03 1.931000000000000000e+03 6.527000000000000000e+03 1.007300000000000000e+04 1.801700000000000000e+04 3.993600000000000000e+04 4.138100000000000000e+04 5.986300000000000000e+04 1.053930000000000000e+05 1.214370000000000000e+05 2.274720000000000000e+05 5.813840000000000000e+05 8.429440000000000000e+05 1.835712000000000000e+06 4.424469000000000000e+06 6.039478000000000000e+06
5.070000000000000000e+02 5.000000000000000000e+00 2.700000000000000000e+01 1.270000000000000000e+02 2.460000000000000000e+02 8.110000000000000000e+02 1.481000000000000000e+03 2.143000000000000000e+03 4.257000000000000000e+03 4.922000000000000000e+03 5.492000000000000000e+03 8.845000000000000000e+03 8.346000000000000000e+03 1.483400000000000000e+04 4.032400000000000000e+04 4.881800000000000000e+04 9.665900000000000000e+04 3.248640000000000000e+05 4.907770000000000000e+05
3.531900000000000000e+04 2.197000000000000000e+03 2.182000000000000000e+03 2.417000000000000000e+03 4.506000000000000000e+03 1.453200000000000000e+04 2.275600000000000000e+04 4.137700000000000000e+04 9.010700000000000000e+04 9.049800000000000000e+04 1.391450000000000000e+05 2.671340000000000000e+05 3.333480000000000000e+05 5.779050000000000000e+05 1.572950000000000000e+06 2.709954000000000000e+06 5.198421000000000000e+06 1.535709100000000000e+07 2.377338300000000000e+07
5.765300000000000000e+04 1.628000000000000000e+03 1.624000000000000000e+03 2.067000000000000000e+03 4.466000000000000000e+03 1.430300000000000000e+04 2.108800000000000000e+04 4.299900000000000000e+04 9.050300000000000000e+04 9.077500000000000000e+04 1.549240000000000000e+05 2.842460000000000000e+05 3.100470000000000000e+05 6.230140000000000000e+05 1.755620000000000000e+06 2.663940000000000000e+06 4.736428000000000000e+06 1.494641200000000000e+07 2.318431900000000000e+07
