# 'name' : 'rogers_a02_b02_d00_g03'
# 'source' : 'rogers_a02_b02_d00_g03.yaml'
# 'sample_pops' : ['X', 'Y', 'D', 'N']
# 'sample_size' : 1
# 'n_reps' : 100
# 'n_windows' : 200
# 'seq_length' : 100000000.0
# 'window_length' : 500000.0
# 'recomb_rate' : 1e-08
# 'mut_rate' : 1e-08
# 'created' : None
0.000000000000000000e+00 0.000000000000000000e+00 0.000000000000000000e+00 0.000000000000000000e+00 2.967047805233914270e-04 0.000000000000000000e+00 0.000000000000000000e+00 0.000000000000000000e+00 7.272253059763463283e-04 7.324935913018270229e-04 0.000000000000000000e+00 0.000000000000000000e+00 7.924106394017407665e-04 7.933688244150363710e-04 1.262506425720890226e-04 0.000000000000000000e+00
0.000000000000000000e+00 0.000000000000000000e+00 0.000000000000000000e+00 0.000000000000000000e+00 3.019872422733088169e-04 0.000000000000000000e+00 0.000000000000000000e+00 0.000000000000000000e+00 7.457580229207630635e-04 7.440447651152257537e-04 0.000000000000000000e+00 0.000000000000000000e+00 7.880077822095299693e-04 7.824046444589408556e-04 1.256074045047868358e-04 0.000000000000000000e+00
0.000000000000000000e+00 0.000000000000000000e+00 0.000000000000000000e+00 0.000000000000000000e+00 3.081759863925394760e-04 0.000000000000000000e+00 0.000000000000000000e+00 0.000000000000000000e+00 7.313288410478295271e-04 7.357065928899996074e-04 0.000000000000000000e+00 0.000000000000000000e+00 8.063874435137092546e-04 8.017121445954835876e-04 1.320576687640091361e-04 0.000000000000000000e+00
0.000000000000000000e+00 0.000000000000000000e+00 0.000000000000000000e+00 0.000000000000000000e+00 3.004974858861775852e-04 0.000000000000000000e+00 0.000000000000000000e+00 0.000000000000000000e+00 7.286023027491590363e-04 7.359303717272072665e-04 0.000000000000000000e+00 0.000000000000000000e+00 7.984014688985193115e-04 7.991543358198929976e-04 1.338101812580787177e-04 0.000000000000000000e+00
0.000000000000000000e+00 0.000000000000000000e+00 0.000000000000000000e+00 0.000000000000000000e+00 2.883944441105321262e-04 0.000000000000000000e+00 0.000000000000000000e+00 0.000000000000000000e+00 7.283522324569035884e-04 7.349854999576127014e-04 0.000000000000000000e+00 0.000000000000000000e+00 8.078054590361212700e-04 8.098297335487382193e-04 1.196558711711948536e-04 0.000000000000000000e+00
0.000000000000000000e+00 0.000000000000000000e+00 0.000000000000000000e+00 0.000000000000000000e+00 3.062490841658611581e-04 0.000000000000000000e+00 0.000000000000000000e+00 0.000000000000000000e+00 7.329708575119700661e-04 7.327374726985422162e-04 0.000000000000000000e+00 0.000000000000000000e+00 8.024159196294193899e-04 7.964105384326655322e-04 1.170377639116523436e-04 0.000000000000000000e+00
0.000000000000000000e+00 0.000000000000000000e+00 0.000000000000000000e+00 0.000000000000000000e+00 2.886870481422961214e-04 0.000000000000000000e+00 0.000000000000000000e+00 0.000000000000000000e+00 7.293534823104669230e-04 7.410734161972991427e-04 0.000000000000000000e+00 0.000000000000000000e+00 7.800115225013155938e-04 7.851300911157989195e-04 1.111295108722115449e-04 0.000000000000000000e+00
0.000000000000000000e+00 0.000000000000000000e+00 0.000000000000000000e+00 0.000000000000000000e+00 2.982561872774632298e-04 0.000000000000000000e+00 0.000000000000000000e+00 0.000000000000000000e+00 7.265387679320405370e-04 7.301945524441148501e-04 0.000000000000000000e+00 0.000000000000000000e+00 7.962393462385806845e-04 7.930430411283298031e-04 1.243188184082200435e-04 0.000000000000000000e+00
0.000000000000000000e+00 0.000000000000000000e+00 0.000000000000000000e+00 0.000000000000000000e+00 2.871028210999426126e-04 0.000000000000000000e+00 0.000000000000000000e+00 0.000000000000000000e+00 7.393058585430051319e-04 7.487959596323350920e-04 0.000000000000000000e+00 0.000000000000000000e+00 7.938345596955060767e-04 7.965773228929520951e-04 1.337501159273577454e-04 0.000000000000000000e+00
0.000000000000000000e+00 0.000000000000000000e+00 0.000000000000000000e+00 0.000000000000000000e+00 2.896371587278662239e-04 0.000000000000000000e+00 0.000000000000000000e+00 0.000000000000000000e+00 7.410729793334861143e-04 7.479334420420550829e-04 0.000000000000000000e+00 0.000000000000000000e+00 7.923134448523717378e-04 7.913388422413795498e-04 1.301817531669492917e-04 0.000000000000000000e+00
0.000000000000000000e+00 0.000000000000000000e+00 0.000000000000000000e+00 0.000000000000000000e+00 2.956226571793319998e-04 0.000000000000000000e+00 0.000000000000000000e+00 0.000000000000000000e+00 7.225921704388054128e-04 7.337912781464726733e-04 0.000000000000000000e+00 0.000000000000000000e+00 7.962097038053152220e-04 8.002082750422489111e-04 1.259549877506140015e-04 0.000000000000000000e+00
0.000000000000000000e+00 0.000000000000000000e+00 0.000000000000000000e+00 0.000000000000000000e+00 2.890802942666605624e-04 0.000000000000000000e+00 0.000000000000000000e+00 0.000000000000000000e+00 7.393207232298913559e-04 7.469545574249947034e-04 0.000000000000000000e+00 0.000000000000000000e+00 8.008199061677854797e-04 8.022063787121823516e-04 1.195740536484700699e-04 0.000000000000000000e+00
0.000000000000000000e+00 0.000000000000000000e+00 0.000000000000000000e+00 0.000000000000000000e+00 2.892450429993148153e-04 0.000000000000000000e+00 0.000000000000000000e+00 0.000000000000000000e+00 7.342037938061675038e-04 7.433094592207627020e-04 0.000000000000000000e+00 0.000000000000000000e+00 7.970241844248249306e-04 8.019456480298855919e-04 1.334292018116326850e-04 0.000000000000000000e+00
0.000000000000000000e+00 0.000000000000000000e+00 0.000000000000000000e+00 0.000000000000000000e+00 3.020719769451277160e-04 0.000000000000000000e+00 0.000000000000000000e+00 0.000000000000000000e+00 7.315573296833699892e-04 7.327225979736634197e-04 0.000000000000000000e+00 0.000000000000000000e+00 8.047729461964868696e-04 8.017087196011288362e-04 1.333904617174656610e-04 0.000000000000000000e+00
0.000000000000000000e+00 0.000000000000000000e+00 0.000000000000000000e+00 0.000000000000000000e+00 2.921894497992609790e-04 0.000000000000000000e+00 0.000000000000000000e+00 0.000000000000000000e+00 7.409476272792234024e-04 7.502243637097782969e-04 0.000000000000000000e+00 0.000000000000000000e+00 7.933419415581444189e-04 7.962279921069800566e-04 1.285408079692207839e-04 0.000000000000000000e+00
0.000000000000000000e+00 0.000000000000000000e+00 0.000000000000000000e+00 0.000000000000000000e+00 2.932582969827711287e-04 0.000000000000000000e+00 0.000000000000000000e+00 0.000000000000000000e+00 7.321673346770380753e-04 7.352507373597117098e-04 0.000000000000000000e+00 0.000000000000000000e+00 7.945241324353619506e-04 7.930848415384886317e-04 1.360271982534793245e-04 0.000000000000000000e+00
0.000000000000000000e+00 0.000000000000000000e+00 0.000000000000000000e+00 0.000000000000000000e+00 3.088681482432833829e-04 0.000000000000000000e+00 0.000000000000000000e+00 0.000000000000000000e+00 7.416300532279252811e-04 7.452873890784310080e-04 0.000000000000000000e+00 0.000000000000000000e+00 7.996579957536369392e-04 7.942830159384166137e-04 1.292630535554434854e-04 0.000000000000000000e+00
0.000000000000000000e+00 0.000000000000000000e+00 0.000000000000000000e+00 0.000000000000000000e+00 2.940443627054386330e-04 0.000000000000000000e+00 0.000000000000000000e+00 0.000000000000000000e+00 7.311524682094180634e-04 7.434141987807224268e-04 0.000000000000000000e+00 0.000000000000000000e+00 7.780093614970956832e-04 7.821070823852538769e-04 1.231379934329895139e-04 0.000000000000000000e+00
0.000000000000000000e+00 0.000000000000000000e+00 0.000000000000000000e+00 0.000000000000000000e+00 2.944196406225698314e-04 0.000000000000000000e+00 0.000000000000000000e+00 0.000000000000000000e+00 7.345542604144878265e-04 7.368476779180941662e-04 0.000000000000000000e+00 0.000000000000000000e+00 7.906564526371756118e-04 7.863947922067548871e-04 1.263550746291304636e-04 0.000000000000000000e+00
0.000000000000000000e+00 0.000000000000000000e+00 0.000000000000000000e+00 0.000000000000000000e+00 2.904962954419093319e-04 0.000000000000000000e+00 0.000000000000000000e+00 0.000000000000000000e+00 7.338145294388047054e-04 7.400929025838978411e-04 0.000000000000000000e+00 0.000000000000000000e+00 8.081745969879176959e-04 8.098442276238205020e-04 1.299461370034831896e-04 0.000000000000000000e+00
0.000000000000000000e+00 0.000000000000000000e+00 0.000000000000000000e+00 0.000000000000000000e+00 3.041754352855398249e-04 0.000000000000000000e+00 0.000000000000000000e+00 0.000000000000000000e+00 7.405529572296158918e-04 7.392012573669382936e-04 0.000000000000000000e+00 0.000000000000000000e+00 7.986062175692517761e-04 7.911377576610670488e-04 1.253729816396909795e-04 0.000000000000000000e+00
0.000000000000000000e+00 0.000000000000000000e+00 0.000000000000000000e+00 0.000000000000000000e+00 3.079224859869213030e-04 0.000000000000000000e+00 0.000000000000000000e+00 0.000000000000000000e+00 7.278824292231498693e-04 7.297100416812854354e-04 0.000000000000000000e+00 0.000000000000000000e+00 7.980450277021463971e-04 7.933011371114844380e-04 1.209276390790399078e-04 0.000000000000000000e+00
0.000000000000000000e+00 0.000000000000000000e+00 0.000000000000000000e+00 0.000000000000000000e+00 2.998844996719134278e-04 0.000000000000000000e+00 0.000000000000000000e+00 0.000000000000000000e+00 7.238182322826013440e-04 7.286174477863638496e-04 0.000000000000000000e+00 0.000000000000000000e+00 7.839342607444845087e-04 7.849291347201317170e-04 1.340548182217792992e-04 0.000000000000000000e+00
0.000000000000000000e+00 0.000000000000000000e+00 0.000000000000000000e+00 0.000000000000000000e+00 3.080259825296312423e-04 0.000000000000000000e+00 0.000000000000000000e+00 0.000000000000000000e+00 7.385612232881673530e-04 7.430710837550491077e-04 0.000000000000000000e+00 0.000000000000000000e+00 7.949830566400007152e-04 7.935954434642941702e-04 1.213729285716003787e-04 0.000000000000000000e+00
0.000000000000000000e+00 0.000000000000000000e+00 0.000000000000000000e+00 0.000000000000000000e+00 3.017205092568512660e-04 0.000000000000000000e+00 0.000000000000000000e+00 0.000000000000000000e+00 7.465455169048843898e-04 7.436418558950630116e-04 0.000000000000000000e+00 0.000000000000000000e+00 8.101118860854171402e-04 8.021568819495804737e-04 1.329115184138986302e-04 0.000000000000000000e+00
0.000000000000000000e+00 0.000000000000000000e+00 0.000000000000000000e+00 0.000000000000000000e+00 2.977505001558027335e-04 0.000000000000000000e+00 0.000000000000000000e+00 0.000000000000000000e+00 7.254570596005618889e-04 7.365792748450401828e-04 0.000000000000000000e+00 0.000000000000000000e+00 7.791459948355511454e-04 7.855705046483601843e-04 1.239405773544112238e-04 0.000000000000000000e+00
0.000000000000000000e+00 0.000000000000000000e+00 0.000000000000000000e+00 0.000000000000000000e+00 3.005897792044270335e-04 0.000000000000000000e+00 0.000000000000000000e+00 0.000000000000000000e+00 7.364623036358834826e-04 7.368090302501316630e-04 0.000000000000000000e+00 0.000000000000000000e+00 8.044988046568833954e-04 8.003256822909488423e-04 1.285627401331432566e-04 0.000000000000000000e+00
0.000000000000000000e+00 0.000000000000000000e+00 0.000000000000000000e+00 0.000000000000000000e+00 2.976713096183748871e-04 0.000000000000000000e+00 0.000000000000000000e+00 0.000000000000000000e+00 7.307288097352778941e-04 7.339307887497070835e-04 0.000000000000000000e+00 0.000000000000000000e+00 7.986090137150428109e-04 7.939864971783832043e-04 1.311290291293419890e-04 0.000000000000000000e+00
0.000000000000000000e+00 0.000000000000000000e+00 0.000000000000000000e+00 0.000000000000000000e+00 2.936848375364793000e-04 0.000000000000000000e+00 0.000000000000000000e+00 0.000000000000000000e+00 7.221029875771166210e-04 7.353183081746863950e-04 0.000000000000000000e+00 0.000000000000000000e+00 7.794147588852379368e-04 7.851696278211258741e-04 1.137235259502724651e-04 0.000000000000000000e+00
0.000000000000000000e+00 0.000000000000000000e+00 0.000000000000000000e+00 0.000000000000000000e+00 2.963567395187124412e-04 0.000000000000000000e+00 0.000000000000000000e+00 0.000000000000000000e+00 7.203808304215976541e-04 7.283153669853259125e-04 0.000000000000000000e+00 0.000000000000000000e+00 7.990654553009691888e-04 8.010756310896341610e-04 1.412925912127137697e-04 0.000000000000000000e+00
0.000000000000000000e+00 0.000000000000000000e+00 0.000000000000000000e+00 0.000000000000000000e+00 2.905381920487404789e-04 0.000000000000000000e+00 0.000000000000000000e+00 0.000000000000000000e+00 7.304580446738208679e-04 7.397478322852362983e-04 0.000000000000000000e+00 0.000000000000000000e+00 7.749922647068725875e-04 7.749246747454204215e-04 1.162575597008609976e-04 0.000000000000000000e+00
0.000000000000000000e+00 0.000000000000000000e+00 0.000000000000000000e+00 0.000000000000000000e+00 2.988699949417954020e-04 0.000000000000000000e+00 0.000000000000000000e+00 0.000000000000000000e+00 7.324584314365986453e-04 7.408627898666522368e-04 0.000000000000000000e+00 0.000000000000000000e+00 7.913365611566395078e-04 7.932423473728053174e-04 1.300915481539494350e-04 0.000000000000000000e+00
0.000000000000000000e+00 0.000000000000000000e+00 0.000000000000000000e+00 0.000000000000000000e+00 2.897762639295537747e-04 0.000000000000000000e+00 0.000000000000000000e+00 0.000000000000000000e+00 7.297173578645989095e-04 7.375478824685075202e-04 0.000000000000000000e+00 0.000000000000000000e+00 7.967872976028640914e-04 7.987859575048153341e-04 1.147675743512055870e-04 0.000000000000000000e+00
0.000000000000000000e+00 0.000000000000000000e+00 0.000000000000000000e+00 0.000000000000000000e+00 2.964448899194830852e-04 0.000000000000000000e+00 0.000000000000000000e+00 0.000000000000000000e+00 7.276090979784835544e-04 7.312319426254605898e-04 0.000000000000000000e+00 0.000000000000000000e+00 7.913182177285467281e-04 7.884568304908243187e-04 1.279763469366064195e-04 0.000000000000000000e+00
0.000000000000000000e+00 0.000000000000000000e+00 0.000000000000000000e+00 0.000000000000000000e+00 2.926282073505856668e-04 0.000000000000000000e+00 0.000000000000000000e+00 0.000000000000000000e+00 7.378370458177068098e-04 7.455626188003414406e-04 0.000000000000000000e+00 0.000000000000000000e+00 8.025369480926844001e-04 8.057900299047575116e-04 1.263741100576185972e-04 0.000000000000000000e+00
0.000000000000000000e+00 0.000000000000000000e+00 0.000000000000000000e+00 0.000000000000000000e+00 3.000223024048612923e-04 0.000000000000000000e+00 0.000000000000000000e+00 0.000000000000000000e+00 7.296663406179097625e-04 7.392530492272160990e-04 0.000000000000000000e+00 0.000000000000000000e+00 7.932309120426404327e-04 7.942798688563061866e-04 1.235088753967890037e-04 0.000000000000000000e+00
0.000000000000000000e+00 0.000000000000000000e+00 0.000000000000000000e+00 0.000000000000000000e+00 2.976599112879751790e-04 0.000000000000000000e+00 0.000000000000000000e+00 0.000000000000000000e+00 7.250014905229132693e-04 7.328828274546120118e-04 0.000000000000000000e+00 0.000000000000000000e+00 7.958314445586750193e-04 7.971956752265577182e-04 1.142242324404978349e-04 0.000000000000000000e+00
0.000000000000000000e+00 0.000000000000000000e+00 0.000000000000000000e+00 0.000000000000000000e+00 2.984044925245739658e-04 0.000000000000000000e+00 0.000000000000000000e+00 0.000000000000000000e+00 7.394892140716287712e-04 7.459654109786663725e-04 0.000000000000000000e+00 0.000000000000000000e+00 8.137492796680376476e-04 8.149248611840501436e-04 1.387710579109728277e-04 0.000000000000000000e+00
0.000000000000000000e+00 0.000000000000000000e+00 0.000000000000000000e+00 0.000000000000000000e+00 3.138673986765244195e-04 0.000000000000000000e+00 0.000000000000000000e+00 0.000000000000000000e+00 7.337634123600065075e-04 7.363356440999203889e-04 0.000000000000000000e+00 0.000000000000000000e+00 8.082756507975354457e-04 8.015765715305032870e-04 1.338409011917871894e-04 0.000000000000000000e+00
0.000000000000000000e+00 0.000000000000000000e+00 0.000000000000000000e+00 0.000000000000000000e+00 2.947064650338220991e-04 0.000000000000000000e+00 0.000000000000000000e+00 0.000000000000000000e+00 7.279879623801245201e-04 7.339805325011217185e-04 0.000000000000000000e+00 0.000000000000000000e+00 8.068672606564385565e-04 8.070374493174078566e-04 1.305444740805775724e-04 0.000000000000000000e+00
0.000000000000000000e+00 0.000000000000000000e+00 0.000000000000000000e+00 0.000000000000000000e+00 2.922981285605233642e-04 0.000000000000000000e+00 0.000000000000000000e+00 0.000000000000000000e+00 7.306214576410176211e-04 7.412543564356288434e-04 0.000000000000000000e+00 0.000000000000000000e+00 7.914007790638297700e-04 7.947649864930631230e-04 1.300441753622050669e-04 0.000000000000000000e+00
0.000000000000000000e+00 0.000000000000000000e+00 0.000000000000000000e+00 0.000000000000000000e+00 3.092666153395351209e-04 0.000000000000000000e+00 0.000000000000000000e+00 0.000000000000000000e+00 7.395593204178744010e-04 7.437551729809773306e-04 0.000000000000000000e+00 0.000000000000000000e+00 8.104674963059290164e-04 8.093185859063011835e-04 1.294295620075425245e-04 0.000000000000000000e+00
0.000000000000000000e+00 0.000000000000000000e+00 0.000000000000000000e+00 0.000000000000000000e+00 2.958756847102341175e-04 0.000000000000000000e+00 0.000000000000000000e+00 0.000000000000000000e+00 7.319227162397757983e-04 7.381587119295809777e-04 0.000000000000000000e+00 0.000000000000000000e+00 8.067288791170656483e-04 8.048284103290427160e-04 1.433212984773083994e-04 0.000000000000000000e+00
0.000000000000000000e+00 0.000000000000000000e+00 0.000000000000000000e+00 0.000000000000000000e+00 2.997541482584467013e-04 0.000000000000000000e+00 0.000000000000000000e+00 0.000000000000000000e+00 7.268264297892168806e-04 7.293283452470752937e-04 0.000000000000000000e+00 0.000000000000000000e+00 8.001245273218934384e-04 7.966046305818919515e-04 1.243384462055525290e-04 0.000000000000000000e+00
0.000000000000000000e+00 0.000000000000000000e+00 0.000000000000000000e+00 0.000000000000000000e+00 2.876965097167115924e-04 0.000000000000000000e+00 0.000000000000000000e+00 0.000000000000000000e+00 7.306027277224991321e-04 7.294619248975358792e-04 0.000000000000000000e+00 0.000000000000000000e+00 7.922822613749228460e-04 7.833666482994123843e-04 1.226998242079737473e-04 0.000000000000000000e+00
0.000000000000000000e+00 0.000000000000000000e+00 0.000000000000000000e+00 0.000000000000000000e+00 2.994123496908776398e-04 0.000000000000000000e+00 0.000000000000000000e+00 0.000000000000000000e+00 7.165537855007138258e-04 7.179028422850554760e-04 0.000000000000000000e+00 0.000000000000000000e+00 7.855130518194618607e-04 7.831705212724707427e-04 1.153199335086162853e-04 0.000000000000000000e+00
0.000000000000000000e+00 0.000000000000000000e+00 0.000000000000000000e+00 0.000000000000000000e+00 3.016219266392597539e-04 0.000000000000000000e+00 0.000000000000000000e+00 0.000000000000000000e+00 7.226284685477576747e-04 7.248898242429946490e-04 0.000000000000000000e+00 0.000000000000000000e+00 7.950807326780932015e-04 7.906695884124223311e-04 1.294199381536108697e-04 0.000000000000000000e+00
0.000000000000000000e+00 0.000000000000000000e+00 0.000000000000000000e+00 0.000000000000000000e+00 2.964449748793985986e-04 0.000000000000000000e+00 0.000000000000000000e+00 0.000000000000000000e+00 7.247782616075907659e-04 7.319746433350903143e-04 0.000000000000000000e+00 0.000000000000000000e+00 8.025524496890470635e-04 8.034481371498102898e-04 1.352893455072676514e-04 0.000000000000000000e+00
0.000000000000000000e+00 0.000000000000000000e+00 0.000000000000000000e+00 0.000000000000000000e+00 3.031990324199781419e-04 0.000000000000000000e+00 0.000000000000000000e+00 0.000000000000000000e+00 7.286367908284316656e-04 7.338417231498738005e-04 0.000000000000000000e+00 0.000000000000000000e+00 7.989622270640829886e-04 7.990089691703048053e-04 1.217170830864144443e-04 0.000000000000000000e+00
0.000000000000000000e+00 0.000000000000000000e+00 0.000000000000000000e+00 0.000000000000000000e+00 3.075605066894347836e-04 0.000000000000000000e+00 0.000000000000000000e+00 0.000000000000000000e+00 7.255653456592556227e-04 7.334651577339088187e-04 0.000000000000000000e+00 0.000000000000000000e+00 7.983519278196211412e-04 7.993713519955398129e-04 1.266473609789385492e-04 0.000000000000000000e+00
0.000000000000000000e+00 0.000000000000000000e+00 0.000000000000000000e+00 0.000000000000000000e+00 2.944940984758594280e-04 0.000000000000000000e+00 0.000000000000000000e+00 0.000000000000000000e+00 7.355496053131983835e-04 7.365168458694083646e-04 0.000000000000000000e+00 0.000000000000000000e+00 8.194675901941572650e-04 8.156926097352611106e-04 1.436589495296356498e-04 0.000000000000000000e+00
0.000000000000000000e+00 0.000000000000000000e+00 0.000000000000000000e+00 0.000000000000000000e+00 3.095285459265486997e-04 0.000000000000000000e+00 0.000000000000000000e+00 0.000000000000000000e+00 7.377905072471004381e-04 7.419554628422257887e-04 0.000000000000000000e+00 0.000000000000000000e+00 8.050800403275400370e-04 8.023507086727922838e-04 1.130255899668015229e-04 0.000000000000000000e+00
0.000000000000000000e+00 0.000000000000000000e+00 0.000000000000000000e+00 0.000000000000000000e+00 2.909157231162656939e-04 0.000000000000000000e+00 0.000000000000000000e+00 0.000000000000000000e+00 7.333029996422172226e-04 7.442806470754115321e-04 0.000000000000000000e+00 0.000000000000000000e+00 7.889603512413146877e-04 7.910094029659034453e-04 1.130302799690410809e-04 0.000000000000000000e+00
0.000000000000000000e+00 0.000000000000000000e+00 0.000000000000000000e+00 0.000000000000000000e+00 2.988005151289284986e-04 0.000000000000000000e+00 0.000000000000000000e+00 0.000000000000000000e+00 7.308328169302340162e-04 7.326031175650394829e-04 0.000000000000000000e+00 0.000000000000000000e+00 7.950090235164563104e-04 7.912063533667473489e-04 1.174595549728094492e-04 0.000000000000000000e+00
0.000000000000000000e+00 0.000000000000000000e+00 0.000000000000000000e+00 0.000000000000000000e+00 2.979548210482982113e-04 0.000000000000000000e+00 0.000000000000000000e+00 0.000000000000000000e+00 7.345950778331075768e-04 7.412585951328566885e-04 0.000000000000000000e+00 0.000000000000000000e+00 8.056616861943710151e-04 8.058027674386308674e-04 1.300566547190760492e-04 0.000000000000000000e+00
0.000000000000000000e+00 0.000000000000000000e+00 0.000000000000000000e+00 0.000000000000000000e+00 2.964097224641237642e-04 0.000000000000000000e+00 0.000000000000000000e+00 0.000000000000000000e+00 7.336305237358631444e-04 7.437778154994994628e-04 0.000000000000000000e+00 0.000000000000000000e+00 8.008716558232320754e-04 8.065355831088206031e-04 1.195871543481397435e-04 0.000000000000000000e+00
0.000000000000000000e+00 0.000000000000000000e+00 0.000000000000000000e+00 0.000000000000000000e+00 2.909094934722110132e-04 0.000000000000000000e+00 0.000000000000000000e+00 0.000000000000000000e+00 7.329285652279131803e-04 7.449676651962773176e-04 0.000000000000000000e+00 0.000000000000000000e+00 7.998621956797956432e-04 8.099313378155298436e-04 1.232520703122637340e-04 0.000000000000000000e+00
0.000000000000000000e+00 0.000000000000000000e+00 0.000000000000000000e+00 0.000000000000000000e+00 2.946684214943944458e-04 0.000000000000000000e+00 0.000000000000000000e+00 0.000000000000000000e+00 7.436279921334326606e-04 7.473420198461336490e-04 0.000000000000000000e+00 0.000000000000000000e+00 8.105669379457148887e-04 8.092786401585487554e-04 1.221821798665208509e-04 0.000000000000000000e+00
0.000000000000000000e+00 0.000000000000000000e+00 0.000000000000000000e+00 0.000000000000000000e+00 2.894025209393070097e-04 0.000000000000000000e+00 0.000000000000000000e+00 0.000000000000000000e+00 7.361361188065444370e-04 7.393514096076985245e-04 0.000000000000000000e+00 0.000000000000000000e+00 7.940804386045922751e-04 7.903609871128311872e-04 1.189130532623647383e-04 0.000000000000000000e+00
0.000000000000000000e+00 0.000000000000000000e+00 0.000000000000000000e+00 0.000000000000000000e+00 2.868611641059844067e-04 0.000000000000000000e+00 0.000000000000000000e+00 0.000000000000000000e+00 7.226426813057231120e-04 7.301452229092985193e-04 0.000000000000000000e+00 0.000000000000000000e+00 7.867240329349494028e-04 7.862573134566534869e-04 1.366723358961989120e-04 0.000000000000000000e+00
0.000000000000000000e+00 0.000000000000000000e+00 0.000000000000000000e+00 0.000000000000000000e+00 2.877473201543152576e-04 0.000000000000000000e+00 0.000000000000000000e+00 0.000000000000000000e+00 7.323070077881153883e-04 7.408362990251350904e-04 0.000000000000000000e+00 0.000000000000000000e+00 8.082731660101982957e-04 8.094031024683659209e-04 1.380733712564857904e-04 0.000000000000000000e+00
0.000000000000000000e+00 0.000000000000000000e+00 0.000000000000000000e+00 0.000000000000000000e+00 3.015192251450637094e-04 0.000000000000000000e+00 0.000000000000000000e+00 0.000000000000000000e+00 7.340693893653994686e-04 7.364317146199740463e-04 0.000000000000000000e+00 0.000000000000000000e+00 7.974077238702882318e-04 7.944051093822905325e-04 1.163328611931493825e-04 0.000000000000000000e+00
0.000000000000000000e+00 0.000000000000000000e+00 0.000000000000000000e+00 0.000000000000000000e+00 3.065208519401381318e-04 0.000000000000000000e+00 0.000000000000000000e+00 0.000000000000000000e+00 7.276369364224280272e-04 7.296131309003167859e-04 0.000000000000000000e+00 0.000000000000000000e+00 7.916273076417863286e-04 7.885188591276358827e-04 1.290716711081415233e-04 0.000000000000000000e+00
0.000000000000000000e+00 0.000000000000000000e+00 0.000000000000000000e+00 0.000000000000000000e+00 3.058265444762191384e-04 0.000000000000000000e+00 0.000000000000000000e+00 0.000000000000000000e+00 7.358566176686559242e-04 7.367261396627328152e-04 0.000000000000000000e+00 0.000000000000000000e+00 7.966643284640774307e-04 7.951317837334705109e-04 1.143021344098709736e-04 0.000000000000000000e+00
0.000000000000000000e+00 0.000000000000000000e+00 0.000000000000000000e+00 0.000000000000000000e+00 3.038949750291405167e-04 0.000000000000000000e+00 0.000000000000000000e+00 0.000000000000000000e+00 7.207079148897842756e-04 7.234378954664434603e-04 0.000000000000000000e+00 0.000000000000000000e+00 7.956205549878938871e-04 7.912389982630180273e-04 1.244797683038108022e-04 0.000000000000000000e+00
0.000000000000000000e+00 0.000000000000000000e+00 0.000000000000000000e+00 0.000000000000000000e+00 2.896380127256006237e-04 0.000000000000000000e+00 0.000000000000000000e+00 0.000000000000000000e+00 7.237664356403137895e-04 7.335805358717523064e-04 0.000000000000000000e+00 0.000000000000000000e+00 7.822378204808197585e-04 7.840391482191947769e-04 1.271237175679245767e-04 0.000000000000000000e+00
0.000000000000000000e+00 0.000000000000000000e+00 0.000000000000000000e+00 0.000000000000000000e+00 3.004404176082622782e-04 0.000000000000000000e+00 0.000000000000000000e+00 0.000000000000000000e+00 7.318155625853210201e-04 7.416910785407917605e-04 0.000000000000000000e+00 0.000000000000000000e+00 8.002768153399663796e-04 8.049079864829580344e-04 1.292943587804400488e-04 0.000000000000000000e+00
0.000000000000000000e+00 0.000000000000000000e+00 0.000000000000000000e+00 0.000000000000000000e+00 3.001322420149060461e-04 0.000000000000000000e+00 0.000000000000000000e+00 0.000000000000000000e+00 7.377729383280919127e-04 7.366675950969684339e-04 0.000000000000000000e+00 0.000000000000000000e+00 7.939664764284037890e-04 7.871768661872681786e-04 1.396839598892573914e-04 0.000000000000000000e+00
0.000000000000000000e+00 0.000000000000000000e+00 0.000000000000000000e+00 0.000000000000000000e+00 3.046154701434113403e-04 0.000000000000000000e+00 0.000000000000000000e+00 0.000000000000000000e+00 7.391781386349930826e-04 7.454171802530214479e-04 0.000000000000000000e+00 0.000000000000000000e+00 8.058777028093988765e-04 8.080464326466012519e-04 1.319408977475431484e-04 0.000000000000000000e+00
0.000000000000000000e+00 0.000000000000000000e+00 0.000000000000000000e+00 0.000000000000000000e+00 2.984091780194719616e-04 0.000000000000000000e+00 0.000000000000000000e+00 0.000000000000000000e+00 7.215730358286858142e-04 7.234728558787149747e-04 0.000000000000000000e+00 0.000000000000000000e+00 7.766621084994451175e-04 7.744091746763385976e-04 1.167183981947850772e-04 0.000000000000000000e+00
0.000000000000000000e+00 0.000000000000000000e+00 0.000000000000000000e+00 0.000000000000000000e+00 2.968576109242772386e-04 0.000000000000000000e+00 0.000000000000000000e+00 0.000000000000000000e+00 7.254896398875181410e-04 7.318178841288800829e-04 0.000000000000000000e+00 0.000000000000000000e+00 7.774214207263984181e-04 7.786845534987551576e-04 1.130404454424477540e-04 0.000000000000000000e+00
0.000000000000000000e+00 0.000000000000000000e+00 0.000000000000000000e+00 0.000000000000000000e+00 3.032382021186780761e-04 0.000000000000000000e+00 0.000000000000000000e+00 0.000000000000000000e+00 7.348272122047012564e-04 7.382484674780130565e-04 0.000000000000000000e+00 0.000000000000000000e+00 7.920151950922703268e-04 7.891534490274340619e-04 1.175484642724381959e-04 0.000000000000000000e+00
0.000000000000000000e+00 0.000000000000000000e+00 0.000000000000000000e+00 0.000000000000000000e+00 2.969922335424565242e-04 0.000000000000000000e+00 0.000000000000000000e+00 0.000000000000000000e+00 7.457407598933579263e-04 7.511153204729711930e-04 0.000000000000000000e+00 0.000000000000000000e+00 7.971659934315246127e-04 7.938275702241593280e-04 1.207058706581184271e-04 0.000000000000000000e+00
0.000000000000000000e+00 0.000000000000000000e+00 0.000000000000000000e+00 0.000000000000000000e+00 2.987060003176064920e-04 0.000000000000000000e+00 0.000000000000000000e+00 0.000000000000000000e+00 7.218291535981060259e-04 7.259929924096852026e-04 0.000000000000000000e+00 0.000000000000000000e+00 7.868475192548597284e-04 7.843837751281986480e-04 1.120330022168721694e-04 0.000000000000000000e+00
0.000000000000000000e+00 0.000000000000000000e+00 0.000000000000000000e+00 0.000000000000000000e+00 2.960969404130226064e-04 0.000000000000000000e+00 0.000000000000000000e+00 0.000000000000000000e+00 7.258161262967425999e-04 7.353141268639981892e-04 0.000000000000000000e+00 0.000000000000000000e+00 8.110795589231633174e-04 8.152894809815926279e-04 1.291616005722642346e-04 0.000000000000000000e+00
0.000000000000000000e+00 0.000000000000000000e+00 0.000000000000000000e+00 0.000000000000000000e+00 3.140851201293532141e-04 0.000000000000000000e+00 0.000000000000000000e+00 0.000000000000000000e+00 7.339216208789380068e-04 7.421108564049369105e-04 0.000000000000000000e+00 0.000000000000000000e+00 8.108862897299635736e-04 8.095185334255325426e-04 1.314567485996061421e-04 0.000000000000000000e+00
0.000000000000000000e+00 0.000000000000000000e+00 0.000000000000000000e+00 0.000000000000000000e+00 2.987572242447659576e-04 0.000000000000000000e+00 0.000000000000000000e+00 0.000000000000000000e+00 7.217077522588197236e-04 7.305467141633549674e-04 0.000000000000000000e+00 0.000000000000000000e+00 7.828576281189127605e-04 7.874661802592579449e-04 1.196447927016555321e-04 0.000000000000000000e+00
0.000000000000000000e+00 0.000000000000000000e+00 0.000000000000000000e+00 0.000000000000000000e+00 2.901615519811437242e-04 0.000000000000000000e+00 0.000000000000000000e+00 0.000000000000000000e+00 7.265606253553267765e-04 7.319781133012369812e-04 0.000000000000000000e+00 0.000000000000000000e+00 7.898930600355734714e-04 7.902119498364913340e-04 1.168255210505999311e-04 0.000000000000000000e+00
0.000000000000000000e+00 0.000000000000000000e+00 0.000000000000000000e+00 0.000000000000000000e+00 2.919134727896902461e-04 0.000000000000000000e+00 0.000000000000000000e+00 0.000000000000000000e+00 7.133993082374497563e-04 7.155457226150425043e-04 0.000000000000000000e+00 0.000000000000000000e+00 7.828119106514797986e-04 7.782587071944915402e-04 1.214711659146866827e-04 0.000000000000000000e+00
0.000000000000000000e+00 0.000000000000000000e+00 0.000000000000000000e+00 0.000000000000000000e+00 2.961863273865155072e-04 0.000000000000000000e+00 0.000000000000000000e+00 0.000000000000000000e+00 7.313196642321792649e-04 7.378148980557522069e-04 0.000000000000000000e+00 0.000000000000000000e+00 8.026400863479132754e-04 8.054263354355509002e-04 1.150481796648293738e-04 0.000000000000000000e+00
0.000000000000000000e+00 0.000000000000000000e+00 0.000000000000000000e+00 0.000000000000000000e+00 3.038268594245712101e-04 0.000000000000000000e+00 0.000000000000000000e+00 0.000000000000000000e+00 7.368783779943825947e-04 7.378780586804383011e-04 0.000000000000000000e+00 0.000000000000000000e+00 8.117881001128598702e-04 8.075294214873171344e-04 1.320720425515640030e-04 0.000000000000000000e+00
0.000000000000000000e+00 0.000000000000000000e+00 0.000000000000000000e+00 0.000000000000000000e+00 2.880684354437548322e-04 0.000000000000000000e+00 0.000000000000000000e+00 0.000000000000000000e+00 7.241560998871953000e-04 7.323255210237150908e-04 0.000000000000000000e+00 0.000000000000000000e+00 7.974150446615127638e-04 7.994362418148950877e-04 1.302666149064817197e-04 0.000000000000000000e+00
0.000000000000000000e+00 0.000000000000000000e+00 0.000000000000000000e+00 0.000000000000000000e+00 2.946500564071156112e-04 0.000000000000000000e+00 0.000000000000000000e+00 0.000000000000000000e+00 7.315956331452373338e-04 7.348645234040129511e-04 0.000000000000000000e+00 0.000000000000000000e+00 7.867668660054804837e-04 7.835302084246717827e-04 1.225352911007248833e-04 0.000000000000000000e+00
0.000000000000000000e+00 0.000000000000000000e+00 0.000000000000000000e+00 0.000000000000000000e+00 2.915030082670730925e-04 0.000000000000000000e+00 0.000000000000000000e+00 0.000000000000000000e+00 7.321320231347649672e-04 7.324344558396616049e-04 0.000000000000000000e+00 0.000000000000000000e+00 7.970342472909651161e-04 7.926866094327316217e-04 1.213550308551965777e-04 0.000000000000000000e+00
0.000000000000000000e+00 0.000000000000000000e+00 0.000000000000000000e+00 0.000000000000000000e+00 2.994002729405109719e-04 0.000000000000000000e+00 0.000000000000000000e+00 0.000000000000000000e+00 7.313910200350345761e-04 7.337313036093919124e-04 0.000000000000000000e+00 0.000000000000000000e+00 8.051932801015347944e-04 8.000007605848758266e-04 1.335271902713966853e-04 0.000000000000000000e+00
0.000000000000000000e+00 0.000000000000000000e+00 0.000000000000000000e+00 0.000000000000000000e+00 3.054261795111865951e-04 0.000000000000000000e+00 0.000000000000000000e+00 0.000000000000000000e+00 7.283438888230228886e-04 7.323401681905614656e-04 0.000000000000000000e+00 0.000000000000000000e+00 7.893564272363040157e-04 7.868881126570235942e-04 1.277580613560151093e-04 0.000000000000000000e+00
0.000000000000000000e+00 0.000000000000000000e+00 0.000000000000000000e+00 0.000000000000000000e+00 3.034133439965374626e-04 0.000000000000000000e+00 0.000000000000000000e+00 0.000000000000000000e+00 7.308643524470488824e-04 7.336899247077088848e-04 0.000000000000000000e+00 0.000000000000000000e+00 8.007513991394345481e-04 7.985019620566191200e-04 1.259455652635178250e-04 0.000000000000000000e+00
0.000000000000000000e+00 0.000000000000000000e+00 0.000000000000000000e+00 0.000000000000000000e+00 3.066512674440362795e-04 0.000000000000000000e+00 0.000000000000000000e+00 0.000000000000000000e+00 7.409150549717393765e-04 7.489213949622799439e-04 0.000000000000000000e+00 0.000000000000000000e+00 7.891237074527264733e-04 7.896646246338479350e-04 1.275437899174784143e-04 0.000000000000000000e+00
0.000000000000000000e+00 0.000000000000000000e+00 0.000000000000000000e+00 0.000000000000000000e+00 2.968991466401515100e-04 0.000000000000000000e+00 0.000000000000000000e+00 0.000000000000000000e+00 7.246130477166638816e-04 7.319240910421683866e-04 0.000000000000000000e+00 0.000000000000000000e+00 7.860792443145567243e-04 7.895986527270385143e-04 1.155352906433755210e-04 0.000000000000000000e+00
0.000000000000000000e+00 0.000000000000000000e+00 0.000000000000000000e+00 0.000000000000000000e+00 3.065047410937243974e-04 0.000000000000000000e+00 0.000000000000000000e+00 0.000000000000000000e+00 7.288682573407470481e-04 7.301329229157946590e-04 0.000000000000000000e+00 0.000000000000000000e+00 8.022815625437697707e-04 7.992346836622596287e-04 1.139121518434351268e-04 0.000000000000000000e+00
0.000000000000000000e+00 0.000000000000000000e+00 0.000000000000000000e+00 0.000000000000000000e+00 3.010909108645883504e-04 0.000000000000000000e+00 0.000000000000000000e+00 0.000000000000000000e+00 7.330612599636797269e-04 7.323458627245186918e-04 0.000000000000000000e+00 0.000000000000000000e+00 7.991206002226154854e-04 7.923720822480778778e-04 1.253058234589954974e-04 0.000000000000000000e+00
0.000000000000000000e+00 0.000000000000000000e+00 0.000000000000000000e+00 0.000000000000000000e+00 3.078497868998099742e-04 0.000000000000000000e+00 0.000000000000000000e+00 0.000000000000000000e+00 7.372658655267571139e-04 7.401986801886637109e-04 0.000000000000000000e+00 0.000000000000000000e+00 8.152161219620555899e-04 8.147829945577173298e-04 1.335558990848502621e-04 0.000000000000000000e+00
0.000000000000000000e+00 0.000000000000000000e+00 0.000000000000000000e+00 0.000000000000000000e+00 2.902717015089828338e-04 0.000000000000000000e+00 0.000000000000000000e+00 0.000000000000000000e+00 7.318827232369860304e-04 7.394068190625504916e-04 0.000000000000000000e+00 0.000000000000000000e+00 7.807236897620933478e-04 7.834683879456139479e-04 1.212284343119441682e-04 0.000000000000000000e+00
0.000000000000000000e+00 0.000000000000000000e+00 0.000000000000000000e+00 0.000000000000000000e+00 2.985167067034019336e-04 0.000000000000000000e+00 0.000000000000000000e+00 0.000000000000000000e+00 7.440476481273163153e-04 7.518047975333273705e-04 0.000000000000000000e+00 0.000000000000000000e+00 8.009026732248430980e-04 7.975855884937666992e-04 1.418046832947485679e-04 0.000000000000000000e+00
0.000000000000000000e+00 0.000000000000000000e+00 0.000000000000000000e+00 0.000000000000000000e+00 2.968882905869852274e-04 0.000000000000000000e+00 0.000000000000000000e+00 0.000000000000000000e+00 7.257505224543680123e-04 7.309769284468078682e-04 0.000000000000000000e+00 0.000000000000000000e+00 7.996877891117159555e-04 7.983085523959136936e-04 1.198076033693515520e-04 0.000000000000000000e+00
0.000000000000000000e+00 0.000000000000000000e+00 0.000000000000000000e+00 0.000000000000000000e+00 2.902869323865926894e-04 0.000000000000000000e+00 0.000000000000000000e+00 0.000000000000000000e+00 7.269764690611085853e-04 7.390393662578319343e-04 0.000000000000000000e+00 0.000000000000000000e+00 7.959552389342328506e-04 8.026464107117193669e-04 1.306081923013385293e-04 0.000000000000000000e+00
0.000000000000000000e+00 0.000000000000000000e+00 0.000000000000000000e+00 0.000000000000000000e+00 2.945568199097893850e-04 0.000000000000000000e+00 0.000000000000000000e+00 0.000000000000000000e+00 7.322590046823870434e-04 7.382167688475627446e-04 0.000000000000000000e+00 0.000000000000000000e+00 8.186420105733070544e-04 8.181543713284070152e-04 1.343711523207083652e-04 0.000000000000000000e+00
0.000000000000000000e+00 0.000000000000000000e+00 0.000000000000000000e+00 0.000000000000000000e+00 2.981876683677912301e-04 0.000000000000000000e+00 0.000000000000000000e+00 0.000000000000000000e+00 7.324267414055415579e-04 7.372216039846364284e-04 0.000000000000000000e+00 0.000000000000000000e+00 8.053159255706570339e-04 8.039270787151961070e-04 1.204058804953748362e-04 0.000000000000000000e+00
0.000000000000000000e+00 0.000000000000000000e+00 0.000000000000000000e+00 0.000000000000000000e+00 3.000133396196564151e-04 0.000000000000000000e+00 0.000000000000000000e+00 0.000000000000000000e+00 7.364510960567682797e-04 7.382867030540946496e-04 0.000000000000000000e+00 0.000000000000000000e+00 7.969757534986417419e-04 7.933164365259301682e-04 1.352165736607692384e-04 0.000000000000000000e+00
0.000000000000000000e+00 0.000000000000000000e+00 0.000000000000000000e+00 0.000000000000000000e+00 3.072624411069172011e-04 0.000000000000000000e+00 0.000000000000000000e+00 0.000000000000000000e+00 7.473275186347149227e-04 7.474706942618028569e-04 0.000000000000000000e+00 0.000000000000000000e+00 8.127419503349865570e-04 8.049020710853165873e-04 1.312937166152113901e-04 0.000000000000000000e+00
