# 'name' : 'rogers_a02_b02_d00_g03'
# 'source' : 'rogers_a02_b02_d00_g03.yaml'
# 'sample_pops' : ['X', 'Y', 'D', 'N']
# 'sample_size' : 1
# 'n_reps' : 100
# 'n_windows' : 200
# 'seq_length' : 100000000.0
# 'window_length' : 500000.0
# 'recomb_rate' : 1e-08
# 'mut_rate' : 1e-08
# 'created' : None
0.000000000000000000e+00 0.000000000000000000e+00 0.000000000000000000e+00 0.000000000000000000e+00 4.507854609474524210e-01 0.000000000000000000e+00 0.000000000000000000e+00 0.000000000000000000e+00 3.907600749518297945e-01 4.064006351142732121e-01 0.000000000000000000e+00 0.000000000000000000e+00 4.518994133925692824e-01 4.684945381484875715e-01 7.309081643630649383e-02 0.000000000000000000e+00
0.000000000000000000e+00 0.000000000000000000e+00 0.000000000000000000e+00 0.000000000000000000e+00 4.633610386475819909e-01 0.000000000000000000e+00 0.000000000000000000e+00 0.000000000000000000e+00 4.043671714945946127e-01 4.177921025360713525e-01 0.000000000000000000e+00 0.000000000000000000e+00 4.490972687228668159e-01 4.642229575632396132e-01 7.370490222199088670e-02 0.000000000000000000e+00
0.000000000000000000e+00 0.000000000000000000e+00 0.000000000000000000e+00 0.000000000000000000e+00 4.484303410197499340e-01 0.000000000000000000e+00 0.000000000000000000e+00 0.000000000000000000e+00 3.861922084607519179e-01 4.025100787717028616e-01 0.000000000000000000e+00 0.000000000000000000e+00 4.540690813336427656e-01 4.712021984702865485e-01 7.596133310661337679e-02 0.000000000000000000e+00
0.000000000000000000e+00 0.000000000000000000e+00 0.000000000000000000e+00 0.000000000000000000e+00 4.599482903763165154e-01 0.000000000000000000e+00 0.000000000000000000e+00 0.000000000000000000e+00 3.941267256863685287e-01 4.094833718402432488e-01 0.000000000000000000e+00 0.000000000000000000e+00 4.559756886937920140e-01 4.716365393863038991e-01 7.752262213089579357e-02 0.000000000000000000e+00
0.000000000000000000e+00 0.000000000000000000e+00 0.000000000000000000e+00 0.000000000000000000e+00 4.449727710448973528e-01 0.000000000000000000e+00 0.000000000000000000e+00 0.000000000000000000e+00 3.896312526905846840e-01 4.057483054260244693e-01 0.000000000000000000e+00 0.000000000000000000e+00 4.580175042143857511e-01 4.746557836959366394e-01 6.896815822777438432e-02 0.000000000000000000e+00
0.000000000000000000e+00 0.000000000000000000e+00 0.000000000000000000e+00 0.000000000000000000e+00 4.505805534259043621e-01 0.000000000000000000e+00 0.000000000000000000e+00 0.000000000000000000e+00 3.892484619151321823e-01 4.031416330562988537e-01 0.000000000000000000e+00 0.000000000000000000e+00 4.527090117779145606e-01 4.673937490667917638e-01 6.760259668044682480e-02 0.000000000000000000e+00
0.000000000000000000e+00 0.000000000000000000e+00 0.000000000000000000e+00 0.000000000000000000e+00 4.469048954019723130e-01 0.000000000000000000e+00 0.000000000000000000e+00 0.000000000000000000e+00 3.898557796957461963e-01 4.093083335734556960e-01 0.000000000000000000e+00 0.000000000000000000e+00 4.371737643008411500e-01 4.577516896038774652e-01 6.441079553518921919e-02 0.000000000000000000e+00
0.000000000000000000e+00 0.000000000000000000e+00 0.000000000000000000e+00 0.000000000000000000e+00 4.463076818204367302e-01 0.000000000000000000e+00 0.000000000000000000e+00 0.000000000000000000e+00 3.893955672700002979e-01 4.041564262812629704e-01 0.000000000000000000e+00 0.000000000000000000e+00 4.548367411465422672e-01 4.696442383568576462e-01 7.258648746224057036e-02 0.000000000000000000e+00
0.000000000000000000e+00 0.000000000000000000e+00 0.000000000000000000e+00 0.000000000000000000e+00 4.567390139010421013e-01 0.000000000000000000e+00 0.000000000000000000e+00 0.000000000000000000e+00 3.989490427117770577e-01 4.142432842540397231e-01 0.000000000000000000e+00 0.000000000000000000e+00 4.523515011229729543e-01 4.667719686748441066e-01 7.726740155263023269e-02 0.000000000000000000e+00
0.000000000000000000e+00 0.000000000000000000e+00 0.000000000000000000e+00 0.000000000000000000e+00 4.533909326286217345e-01 0.000000000000000000e+00 0.000000000000000000e+00 0.000000000000000000e+00 3.972078032869251207e-01 4.112615628694010761e-01 0.000000000000000000e+00 0.000000000000000000e+00 4.523967668535727182e-01 4.656662100121182757e-01 7.532876801524962529e-02 0.000000000000000000e+00
0.000000000000000000e+00 0.000000000000000000e+00 0.000000000000000000e+00 0.000000000000000000e+00 4.458461219513613627e-01 0.000000000000000000e+00 0.000000000000000000e+00 0.000000000000000000e+00 3.862758784141002710e-01 4.058472006359199469e-01 0.000000000000000000e+00 0.000000000000000000e+00 4.509756207193562072e-01 4.709001667474412289e-01 7.282364838148139286e-02 0.000000000000000000e+00
0.000000000000000000e+00 0.000000000000000000e+00 0.000000000000000000e+00 0.000000000000000000e+00 4.362214393187740513e-01 0.000000000000000000e+00 0.000000000000000000e+00 0.000000000000000000e+00 3.938723551867074346e-01 4.115609256109357128e-01 0.000000000000000000e+00 0.000000000000000000e+00 4.530128333960701248e-01 4.718580063691099613e-01 6.991377417125577143e-02 0.000000000000000000e+00
0.000000000000000000e+00 0.000000000000000000e+00 0.000000000000000000e+00 0.000000000000000000e+00 4.371905442274595099e-01 0.000000000000000000e+00 0.000000000000000000e+00 0.000000000000000000e+00 3.939636254530119452e-01 4.114509552669863846e-01 0.000000000000000000e+00 0.000000000000000000e+00 4.536368192424249934e-01 4.720307888599033497e-01 7.826052949875379749e-02 0.000000000000000000e+00
0.000000000000000000e+00 0.000000000000000000e+00 0.000000000000000000e+00 0.000000000000000000e+00 4.501016763911537821e-01 0.000000000000000000e+00 0.000000000000000000e+00 0.000000000000000000e+00 3.913241962817198272e-01 4.057907550851573841e-01 0.000000000000000000e+00 0.000000000000000000e+00 4.591338430514292912e-01 4.749119418973258289e-01 7.774818114121936907e-02 0.000000000000000000e+00
0.000000000000000000e+00 0.000000000000000000e+00 0.000000000000000000e+00 0.000000000000000000e+00 4.589181619234786180e-01 0.000000000000000000e+00 0.000000000000000000e+00 0.000000000000000000e+00 4.004268363694139521e-01 4.170360377066416047e-01 0.000000000000000000e+00 0.000000000000000000e+00 4.524664584897951092e-01 4.694510069551591225e-01 7.675559949642032920e-02 0.000000000000000000e+00
0.000000000000000000e+00 0.000000000000000000e+00 0.000000000000000000e+00 0.000000000000000000e+00 4.492224035863306986e-01 0.000000000000000000e+00 0.000000000000000000e+00 0.000000000000000000e+00 3.941634954243991018e-01 4.070726338023576418e-01 0.000000000000000000e+00 0.000000000000000000e+00 4.529232705071343790e-01 4.668819304102453382e-01 7.834479099912251832e-02 0.000000000000000000e+00
0.000000000000000000e+00 0.000000000000000000e+00 0.000000000000000000e+00 0.000000000000000000e+00 4.553196800949112499e-01 0.000000000000000000e+00 0.000000000000000000e+00 0.000000000000000000e+00 3.972812683631187780e-01 4.136473838149523630e-01 0.000000000000000000e+00 0.000000000000000000e+00 4.549095351251301045e-01 4.719200360068772637e-01 7.701351640568676604e-02 0.000000000000000000e+00
0.000000000000000000e+00 0.000000000000000000e+00 0.000000000000000000e+00 0.000000000000000000e+00 4.433861338382264483e-01 0.000000000000000000e+00 0.000000000000000000e+00 0.000000000000000000e+00 3.940034405228120540e-01 4.138522376515184065e-01 0.000000000000000000e+00 0.000000000000000000e+00 4.395262021064232916e-01 4.594134897972310672e-01 7.211521537195322851e-02 0.000000000000000000e+00
0.000000000000000000e+00 0.000000000000000000e+00 0.000000000000000000e+00 0.000000000000000000e+00 4.513907475985479145e-01 0.000000000000000000e+00 0.000000000000000000e+00 0.000000000000000000e+00 3.972118938840601965e-01 4.101127696389409993e-01 0.000000000000000000e+00 0.000000000000000000e+00 4.526022187752036796e-01 4.655469915870415476e-01 7.390451743079708147e-02 0.000000000000000000e+00
0.000000000000000000e+00 0.000000000000000000e+00 0.000000000000000000e+00 0.000000000000000000e+00 4.437769588427498690e-01 0.000000000000000000e+00 0.000000000000000000e+00 0.000000000000000000e+00 3.930744797849134442e-01 4.086423169406019906e-01 0.000000000000000000e+00 0.000000000000000000e+00 4.586388202382715162e-01 4.757092836838063277e-01 7.525597649057667871e-02 0.000000000000000000e+00
0.000000000000000000e+00 0.000000000000000000e+00 0.000000000000000000e+00 0.000000000000000000e+00 4.742034116813122480e-01 0.000000000000000000e+00 0.000000000000000000e+00 0.000000000000000000e+00 4.003798254114403488e-01 4.105261679040980716e-01 0.000000000000000000e+00 0.000000000000000000e+00 4.577248037795647595e-01 4.686710957362903440e-01 7.219603117780783175e-02 0.000000000000000000e+00
0.000000000000000000e+00 0.000000000000000000e+00 0.000000000000000000e+00 0.000000000000000000e+00 4.638265072195741912e-01 0.000000000000000000e+00 0.000000000000000000e+00 0.000000000000000000e+00 3.910411315532563714e-01 4.047267472321411930e-01 0.000000000000000000e+00 0.000000000000000000e+00 4.571588053280254416e-01 4.714082293724647377e-01 7.165422604805911366e-02 0.000000000000000000e+00
0.000000000000000000e+00 0.000000000000000000e+00 0.000000000000000000e+00 0.000000000000000000e+00 4.581985173967498826e-01 0.000000000000000000e+00 0.000000000000000000e+00 0.000000000000000000e+00 3.929723700774199191e-01 4.089501353280018403e-01 0.000000000000000000e+00 0.000000000000000000e+00 4.528900004573066518e-01 4.696188778169791966e-01 7.877901678985704814e-02 0.000000000000000000e+00
0.000000000000000000e+00 0.000000000000000000e+00 0.000000000000000000e+00 0.000000000000000000e+00 4.529990875783669879e-01 0.000000000000000000e+00 0.000000000000000000e+00 0.000000000000000000e+00 3.955095629728503370e-01 4.146321364487549621e-01 0.000000000000000000e+00 0.000000000000000000e+00 4.489876075403521627e-01 4.683891229083153029e-01 7.237381360762447369e-02 0.000000000000000000e+00
0.000000000000000000e+00 0.000000000000000000e+00 0.000000000000000000e+00 0.000000000000000000e+00 4.667323276832007761e-01 0.000000000000000000e+00 0.000000000000000000e+00 0.000000000000000000e+00 4.026895286884062397e-01 4.112941179293457816e-01 0.000000000000000000e+00 0.000000000000000000e+00 4.643879614747063456e-01 4.740647067462382402e-01 7.721002518294145522e-02 0.000000000000000000e+00
0.000000000000000000e+00 0.000000000000000000e+00 0.000000000000000000e+00 0.000000000000000000e+00 4.545137784491909971e-01 0.000000000000000000e+00 0.000000000000000000e+00 0.000000000000000000e+00 3.907189477391521670e-01 4.108621267410753619e-01 0.000000000000000000e+00 0.000000000000000000e+00 4.453062535855710213e-01 4.663748404011691107e-01 7.161376258122893745e-02 0.000000000000000000e+00
0.000000000000000000e+00 0.000000000000000000e+00 0.000000000000000000e+00 0.000000000000000000e+00 4.597777446937669765e-01 0.000000000000000000e+00 0.000000000000000000e+00 0.000000000000000000e+00 4.003060352662173860e-01 4.119257652490746491e-01 0.000000000000000000e+00 0.000000000000000000e+00 4.601888121867346859e-01 4.721127522908726837e-01 7.635194266552408626e-02 0.000000000000000000e+00
0.000000000000000000e+00 0.000000000000000000e+00 0.000000000000000000e+00 0.000000000000000000e+00 4.460241247182464841e-01 0.000000000000000000e+00 0.000000000000000000e+00 0.000000000000000000e+00 3.919534533360282125e-01 4.067868247243954238e-01 0.000000000000000000e+00 0.000000000000000000e+00 4.541323071498651887e-01 4.690446579929862247e-01 7.700785387330821852e-02 0.000000000000000000e+00
0.000000000000000000e+00 0.000000000000000000e+00 0.000000000000000000e+00 0.000000000000000000e+00 4.534208800792709493e-01 0.000000000000000000e+00 0.000000000000000000e+00 0.000000000000000000e+00 3.874057820367839411e-01 4.076356808597381698e-01 0.000000000000000000e+00 0.000000000000000000e+00 4.406076856388714269e-01 4.610436170984568149e-01 6.567561370057950487e-02 0.000000000000000000e+00
0.000000000000000000e+00 0.000000000000000000e+00 0.000000000000000000e+00 0.000000000000000000e+00 4.515566983669744294e-01 0.000000000000000000e+00 0.000000000000000000e+00 0.000000000000000000e+00 3.923793810513067637e-01 4.075686932892779168e-01 0.000000000000000000e+00 0.000000000000000000e+00 4.622776765215584893e-01 4.787484990079062808e-01 8.364976489022890593e-02 0.000000000000000000e+00
0.000000000000000000e+00 0.000000000000000000e+00 0.000000000000000000e+00 0.000000000000000000e+00 4.517721329721856582e-01 0.000000000000000000e+00 0.000000000000000000e+00 0.000000000000000000e+00 3.956609254220866956e-01 4.115286173766126709e-01 0.000000000000000000e+00 0.000000000000000000e+00 4.399503072398152637e-01 4.546185964634159582e-01 6.698284179275075523e-02 0.000000000000000000e+00
0.000000000000000000e+00 0.000000000000000000e+00 0.000000000000000000e+00 0.000000000000000000e+00 4.548128544830576936e-01 0.000000000000000000e+00 0.000000000000000000e+00 0.000000000000000000e+00 3.927574985517518491e-01 4.098485042508792642e-01 0.000000000000000000e+00 0.000000000000000000e+00 4.522237988994783908e-01 4.704147096520985838e-01 7.496604631407355335e-02 0.000000000000000000e+00
0.000000000000000000e+00 0.000000000000000000e+00 0.000000000000000000e+00 0.000000000000000000e+00 4.433739865591339591e-01 0.000000000000000000e+00 0.000000000000000000e+00 0.000000000000000000e+00 3.919346405677142653e-01 4.071487694236269328e-01 0.000000000000000000e+00 0.000000000000000000e+00 4.508353385201577801e-01 4.668377344798142481e-01 6.721474614482744747e-02 0.000000000000000000e+00
0.000000000000000000e+00 0.000000000000000000e+00 0.000000000000000000e+00 0.000000000000000000e+00 4.507042574584660399e-01 0.000000000000000000e+00 0.000000000000000000e+00 0.000000000000000000e+00 3.940508733807105424e-01 4.071240333120050292e-01 0.000000000000000000e+00 0.000000000000000000e+00 4.548965861169557701e-01 4.677791205347286985e-01 7.589484776452896930e-02 0.000000000000000000e+00
0.000000000000000000e+00 0.000000000000000000e+00 0.000000000000000000e+00 0.000000000000000000e+00 4.442832202832521782e-01 0.000000000000000000e+00 0.000000000000000000e+00 0.000000000000000000e+00 3.944349016997664714e-01 4.123539194331605762e-01 0.000000000000000000e+00 0.000000000000000000e+00 4.523958662530714880e-01 4.716269246681280558e-01 7.297731675240869131e-02 0.000000000000000000e+00
0.000000000000000000e+00 0.000000000000000000e+00 0.000000000000000000e+00 0.000000000000000000e+00 4.535851943605677672e-01 0.000000000000000000e+00 0.000000000000000000e+00 0.000000000000000000e+00 3.907985839486251001e-01 4.075174105956732018e-01 0.000000000000000000e+00 0.000000000000000000e+00 4.507609903319539923e-01 4.675073046819615552e-01 7.053049347735905472e-02 0.000000000000000000e+00
0.000000000000000000e+00 0.000000000000000000e+00 0.000000000000000000e+00 0.000000000000000000e+00 4.535166006602925903e-01 0.000000000000000000e+00 0.000000000000000000e+00 0.000000000000000000e+00 3.898661751503439410e-01 4.058242014879370196e-01 0.000000000000000000e+00 0.000000000000000000e+00 4.536014516198428326e-01 4.705024308074054473e-01 6.727857834809830573e-02 0.000000000000000000e+00
0.000000000000000000e+00 0.000000000000000000e+00 0.000000000000000000e+00 0.000000000000000000e+00 4.462170931573061772e-01 0.000000000000000000e+00 0.000000000000000000e+00 0.000000000000000000e+00 3.969302779160567285e-01 4.148662220925030120e-01 0.000000000000000000e+00 0.000000000000000000e+00 4.611779662518450396e-01 4.812641631862800140e-01 8.202412463163692713e-02 0.000000000000000000e+00
0.000000000000000000e+00 0.000000000000000000e+00 0.000000000000000000e+00 0.000000000000000000e+00 4.662392595306126819e-01 0.000000000000000000e+00 0.000000000000000000e+00 0.000000000000000000e+00 3.971509064882451367e-01 4.135618592198576082e-01 0.000000000000000000e+00 0.000000000000000000e+00 4.619001598753819660e-01 4.782439565157952099e-01 8.063980486388368230e-02 0.000000000000000000e+00
0.000000000000000000e+00 0.000000000000000000e+00 0.000000000000000000e+00 0.000000000000000000e+00 4.511170854633267391e-01 0.000000000000000000e+00 0.000000000000000000e+00 0.000000000000000000e+00 3.900317467459292198e-01 4.064219837364312360e-01 0.000000000000000000e+00 0.000000000000000000e+00 4.648545042330879951e-01 4.825492980798964937e-01 7.804307054348509631e-02 0.000000000000000000e+00
0.000000000000000000e+00 0.000000000000000000e+00 0.000000000000000000e+00 0.000000000000000000e+00 4.531179982520734950e-01 0.000000000000000000e+00 0.000000000000000000e+00 0.000000000000000000e+00 3.921211167669272357e-01 4.103204990838084099e-01 0.000000000000000000e+00 0.000000000000000000e+00 4.491457761870267240e-01 4.688733950707766329e-01 7.495075637266036817e-02 0.000000000000000000e+00
0.000000000000000000e+00 0.000000000000000000e+00 0.000000000000000000e+00 0.000000000000000000e+00 4.477949458700575258e-01 0.000000000000000000e+00 0.000000000000000000e+00 0.000000000000000000e+00 3.929214196360174549e-01 4.114330610917241171e-01 0.000000000000000000e+00 0.000000000000000000e+00 4.540550585101092995e-01 4.737308829911377472e-01 7.509059263589175359e-02 0.000000000000000000e+00
0.000000000000000000e+00 0.000000000000000000e+00 0.000000000000000000e+00 0.000000000000000000e+00 4.434933441158437351e-01 0.000000000000000000e+00 0.000000000000000000e+00 0.000000000000000000e+00 3.955713280944391230e-01 4.121100472983421081e-01 0.000000000000000000e+00 0.000000000000000000e+00 4.608719970286566103e-01 4.775895732403940830e-01 8.432277472245790217e-02 0.000000000000000000e+00
0.000000000000000000e+00 0.000000000000000000e+00 0.000000000000000000e+00 0.000000000000000000e+00 4.561245505265789091e-01 0.000000000000000000e+00 0.000000000000000000e+00 0.000000000000000000e+00 3.907813616877448548e-01 4.046118827837109633e-01 0.000000000000000000e+00 0.000000000000000000e+00 4.584470577493800492e-01 4.720308267146466896e-01 7.286128876540293176e-02 0.000000000000000000e+00
0.000000000000000000e+00 0.000000000000000000e+00 0.000000000000000000e+00 0.000000000000000000e+00 4.364328110273709704e-01 0.000000000000000000e+00 0.000000000000000000e+00 0.000000000000000000e+00 3.931398978859608206e-01 4.039344302114323271e-01 0.000000000000000000e+00 0.000000000000000000e+00 4.495905460717931623e-01 4.594796584392012995e-01 7.118381544236719594e-02 0.000000000000000000e+00
0.000000000000000000e+00 0.000000000000000000e+00 0.000000000000000000e+00 0.000000000000000000e+00 4.513257036920436671e-01 0.000000000000000000e+00 0.000000000000000000e+00 0.000000000000000000e+00 3.843317419276713887e-01 3.976757967574192087e-01 0.000000000000000000e+00 0.000000000000000000e+00 4.477700546527493275e-01 4.630300922799308050e-01 6.652364323417203629e-02 0.000000000000000000e+00
0.000000000000000000e+00 0.000000000000000000e+00 0.000000000000000000e+00 0.000000000000000000e+00 4.474244089989211082e-01 0.000000000000000000e+00 0.000000000000000000e+00 0.000000000000000000e+00 3.898388016022186764e-01 4.037192534625719254e-01 0.000000000000000000e+00 0.000000000000000000e+00 4.517678365396695650e-01 4.671001172137361768e-01 7.481213329329414186e-02 0.000000000000000000e+00
0.000000000000000000e+00 0.000000000000000000e+00 0.000000000000000000e+00 0.000000000000000000e+00 4.525894168356967562e-01 0.000000000000000000e+00 0.000000000000000000e+00 0.000000000000000000e+00 3.930765583466980795e-01 4.096426220157081688e-01 0.000000000000000000e+00 0.000000000000000000e+00 4.583243626283199923e-01 4.747151818335879625e-01 7.870418308560070408e-02 0.000000000000000000e+00
0.000000000000000000e+00 0.000000000000000000e+00 0.000000000000000000e+00 0.000000000000000000e+00 4.459605817208751044e-01 0.000000000000000000e+00 0.000000000000000000e+00 0.000000000000000000e+00 3.886564883079919319e-01 4.064942503330468138e-01 0.000000000000000000e+00 0.000000000000000000e+00 4.537357056233324859e-01 4.741074159662900245e-01 7.218917988881905223e-02 0.000000000000000000e+00
0.000000000000000000e+00 0.000000000000000000e+00 0.000000000000000000e+00 0.000000000000000000e+00 4.665650746853792219e-01 0.000000000000000000e+00 0.000000000000000000e+00 0.000000000000000000e+00 3.902221943256206638e-01 4.092746714711874012e-01 0.000000000000000000e+00 0.000000000000000000e+00 4.529313641915252431e-01 4.734234577093093255e-01 7.348110402248390904e-02 0.000000000000000000e+00
0.000000000000000000e+00 0.000000000000000000e+00 0.000000000000000000e+00 0.000000000000000000e+00 4.450986545535923211e-01 0.000000000000000000e+00 0.000000000000000000e+00 0.000000000000000000e+00 3.936613086588367505e-01 4.078396832277000339e-01 0.000000000000000000e+00 0.000000000000000000e+00 4.678854605972532776e-01 4.835682415870856121e-01 8.347988294900193784e-02 0.000000000000000000e+00
0.000000000000000000e+00 0.000000000000000000e+00 0.000000000000000000e+00 0.000000000000000000e+00 4.690932945242872187e-01 0.000000000000000000e+00 0.000000000000000000e+00 0.000000000000000000e+00 3.958138181261203203e-01 4.117946770490565900e-01 0.000000000000000000e+00 0.000000000000000000e+00 4.531253406967422626e-01 4.699262737136835066e-01 6.532627619167312438e-02 0.000000000000000000e+00
0.000000000000000000e+00 0.000000000000000000e+00 0.000000000000000000e+00 0.000000000000000000e+00 4.443641008973054918e-01 0.000000000000000000e+00 0.000000000000000000e+00 0.000000000000000000e+00 3.928980426866091613e-01 4.104680217048320423e-01 0.000000000000000000e+00 0.000000000000000000e+00 4.435487868142626855e-01 4.602822028159432866e-01 6.483999508680823864e-02 0.000000000000000000e+00
0.000000000000000000e+00 0.000000000000000000e+00 0.000000000000000000e+00 0.000000000000000000e+00 4.634843521529022903e-01 0.000000000000000000e+00 0.000000000000000000e+00 0.000000000000000000e+00 3.948473631538771400e-01 4.060065164255841630e-01 0.000000000000000000e+00 0.000000000000000000e+00 4.521188456260351041e-01 4.637668323856031782e-01 6.812520367491402273e-02 0.000000000000000000e+00
0.000000000000000000e+00 0.000000000000000000e+00 0.000000000000000000e+00 0.000000000000000000e+00 4.498506977539868945e-01 0.000000000000000000e+00 0.000000000000000000e+00 0.000000000000000000e+00 3.928015132455563441e-01 4.099728186752504833e-01 0.000000000000000000e+00 0.000000000000000000e+00 4.558707850067129641e-01 4.738268006083503625e-01 7.615633217842743274e-02 0.000000000000000000e+00
0.000000000000000000e+00 0.000000000000000000e+00 0.000000000000000000e+00 0.000000000000000000e+00 4.528757654791571441e-01 0.000000000000000000e+00 0.000000000000000000e+00 0.000000000000000000e+00 3.928493081155018385e-01 4.108407214199102930e-01 0.000000000000000000e+00 0.000000000000000000e+00 4.541928204129706548e-01 4.732443268066983677e-01 6.925493855315581482e-02 0.000000000000000000e+00
0.000000000000000000e+00 0.000000000000000000e+00 0.000000000000000000e+00 0.000000000000000000e+00 4.402937027377706869e-01 0.000000000000000000e+00 0.000000000000000000e+00 0.000000000000000000e+00 3.919153033781450635e-01 4.135988041945639626e-01 0.000000000000000000e+00 0.000000000000000000e+00 4.513229229488052163e-01 4.760347228807290665e-01 7.215176296650191445e-02 0.000000000000000000e+00
0.000000000000000000e+00 0.000000000000000000e+00 0.000000000000000000e+00 0.000000000000000000e+00 4.592169230809911018e-01 0.000000000000000000e+00 0.000000000000000000e+00 0.000000000000000000e+00 3.972694614265261381e-01 4.109425413397028160e-01 0.000000000000000000e+00 0.000000000000000000e+00 4.574498980249364077e-01 4.716484273451376774e-01 6.995691269908445309e-02 0.000000000000000000e+00
0.000000000000000000e+00 0.000000000000000000e+00 0.000000000000000000e+00 0.000000000000000000e+00 4.413020083352535705e-01 0.000000000000000000e+00 0.000000000000000000e+00 0.000000000000000000e+00 3.946701656207755593e-01 4.070007962093917797e-01 0.000000000000000000e+00 0.000000000000000000e+00 4.479923697062468957e-01 4.601855174142098770e-01 6.835372879260083467e-02 0.000000000000000000e+00
0.000000000000000000e+00 0.000000000000000000e+00 0.000000000000000000e+00 0.000000000000000000e+00 4.342996265165826042e-01 0.000000000000000000e+00 0.000000000000000000e+00 0.000000000000000000e+00 3.875684213640149256e-01 4.044573560418586178e-01 0.000000000000000000e+00 0.000000000000000000e+00 4.506303210617879640e-01 4.678696653094479574e-01 7.904789603455471270e-02 0.000000000000000000e+00
0.000000000000000000e+00 0.000000000000000000e+00 0.000000000000000000e+00 0.000000000000000000e+00 4.478442889113769532e-01 0.000000000000000000e+00 0.000000000000000000e+00 0.000000000000000000e+00 3.939242775970230315e-01 4.081983705600744639e-01 0.000000000000000000e+00 0.000000000000000000e+00 4.677516229056319919e-01 4.839048099387170954e-01 8.248732279540098300e-02 0.000000000000000000e+00
0.000000000000000000e+00 0.000000000000000000e+00 0.000000000000000000e+00 0.000000000000000000e+00 4.469880688738503416e-01 0.000000000000000000e+00 0.000000000000000000e+00 0.000000000000000000e+00 3.911052992405328887e-01 4.054895876894128448e-01 0.000000000000000000e+00 0.000000000000000000e+00 4.489924466604364728e-01 4.635295921031239996e-01 6.750708247892943381e-02 0.000000000000000000e+00
0.000000000000000000e+00 0.000000000000000000e+00 0.000000000000000000e+00 0.000000000000000000e+00 4.623248043464904256e-01 0.000000000000000000e+00 0.000000000000000000e+00 0.000000000000000000e+00 3.911604815368056598e-01 4.049966644615273781e-01 0.000000000000000000e+00 0.000000000000000000e+00 4.540722993519143991e-01 4.688844156061148793e-01 7.577591975167023708e-02 0.000000000000000000e+00
0.000000000000000000e+00 0.000000000000000000e+00 0.000000000000000000e+00 0.000000000000000000e+00 4.542625872835436840e-01 0.000000000000000000e+00 0.000000000000000000e+00 0.000000000000000000e+00 3.914658341029019772e-01 4.048413437561079187e-01 0.000000000000000000e+00 0.000000000000000000e+00 4.473276253531400237e-01 4.625211764670031922e-01 6.589130043550998905e-02 0.000000000000000000e+00
0.000000000000000000e+00 0.000000000000000000e+00 0.000000000000000000e+00 0.000000000000000000e+00 4.471905797855537656e-01 0.000000000000000000e+00 0.000000000000000000e+00 0.000000000000000000e+00 3.859801485151957978e-01 4.006652077009691393e-01 0.000000000000000000e+00 0.000000000000000000e+00 4.517952961103831044e-01 4.665924232644503289e-01 7.184887098937350891e-02 0.000000000000000000e+00
0.000000000000000000e+00 0.000000000000000000e+00 0.000000000000000000e+00 0.000000000000000000e+00 4.451209595356505622e-01 0.000000000000000000e+00 0.000000000000000000e+00 0.000000000000000000e+00 3.898582856540228625e-01 4.060838201840662465e-01 0.000000000000000000e+00 0.000000000000000000e+00 4.497277292718500075e-01 4.650459232956465350e-01 7.364559980567600417e-02 0.000000000000000000e+00
0.000000000000000000e+00 0.000000000000000000e+00 0.000000000000000000e+00 0.000000000000000000e+00 4.550289802056565747e-01 0.000000000000000000e+00 0.000000000000000000e+00 0.000000000000000000e+00 3.926206602924909861e-01 4.122562662983352832e-01 0.000000000000000000e+00 0.000000000000000000e+00 4.531813114541743404e-01 4.738536383270580132e-01 7.467620117793588586e-02 0.000000000000000000e+00
0.000000000000000000e+00 0.000000000000000000e+00 0.000000000000000000e+00 0.000000000000000000e+00 4.560269300705938611e-01 0.000000000000000000e+00 0.000000000000000000e+00 0.000000000000000000e+00 3.997449263065253611e-01 4.106438599106074783e-01 0.000000000000000000e+00 0.000000000000000000e+00 4.590960066207619428e-01 4.701684756735970971e-01 8.137818755664728843e-02 0.000000000000000000e+00
0.000000000000000000e+00 0.000000000000000000e+00 0.000000000000000000e+00 0.000000000000000000e+00 4.532271001670487576e-01 0.000000000000000000e+00 0.000000000000000000e+00 0.000000000000000000e+00 3.952014322221584774e-01 4.133843891776637358e-01 0.000000000000000000e+00 0.000000000000000000e+00 4.564216088657026549e-01 4.769606444916149046e-01 7.757376364613131903e-02 0.000000000000000000e+00
0.000000000000000000e+00 0.000000000000000000e+00 0.000000000000000000e+00 0.000000000000000000e+00 4.539247961430597500e-01 0.000000000000000000e+00 0.000000000000000000e+00 0.000000000000000000e+00 3.888771909158319495e-01 4.017045491112209987e-01 0.000000000000000000e+00 0.000000000000000000e+00 4.422040126114940017e-01 4.555177581234268192e-01 6.724333752831437860e-02 0.000000000000000000e+00
0.000000000000000000e+00 0.000000000000000000e+00 0.000000000000000000e+00 0.000000000000000000e+00 4.462113972004596585e-01 0.000000000000000000e+00 0.000000000000000000e+00 0.000000000000000000e+00 3.895670325519538513e-01 4.069719361788305401e-01 0.000000000000000000e+00 0.000000000000000000e+00 4.391010094989873380e-01 4.572965689157229563e-01 6.575704127865812654e-02 0.000000000000000000e+00
0.000000000000000000e+00 0.000000000000000000e+00 0.000000000000000000e+00 0.000000000000000000e+00 4.652740381903070488e-01 0.000000000000000000e+00 0.000000000000000000e+00 0.000000000000000000e+00 3.971440773823321502e-01 4.109209317518703330e-01 0.000000000000000000e+00 0.000000000000000000e+00 4.465314309957280070e-01 4.604443389076133819e-01 6.780084031110776566e-02 0.000000000000000000e+00
0.000000000000000000e+00 0.000000000000000000e+00 0.000000000000000000e+00 0.000000000000000000e+00 4.607979093316733055e-01 0.000000000000000000e+00 0.000000000000000000e+00 0.000000000000000000e+00 3.988888028099382144e-01 4.126628067978567183e-01 0.000000000000000000e+00 0.000000000000000000e+00 4.503550238112258852e-01 4.639690576262848754e-01 6.953106609896413104e-02 0.000000000000000000e+00
0.000000000000000000e+00 0.000000000000000000e+00 0.000000000000000000e+00 0.000000000000000000e+00 4.480669394452198029e-01 0.000000000000000000e+00 0.000000000000000000e+00 0.000000000000000000e+00 3.879288077479736696e-01 4.008953884254194966e-01 0.000000000000000000e+00 0.000000000000000000e+00 4.491229036346255366e-01 4.616474746396937445e-01 6.459792483110642081e-02 0.000000000000000000e+00
0.000000000000000000e+00 0.000000000000000000e+00 0.000000000000000000e+00 0.000000000000000000e+00 4.501886282260370020e-01 0.000000000000000000e+00 0.000000000000000000e+00 0.000000000000000000e+00 3.883597235340699450e-01 4.056164387412376504e-01 0.000000000000000000e+00 0.000000000000000000e+00 4.625897699827592469e-01 4.832032982882786820e-01 7.619015529120443109e-02 0.000000000000000000e+00
0.000000000000000000e+00 0.000000000000000000e+00 0.000000000000000000e+00 0.000000000000000000e+00 4.657086771739240572e-01 0.000000000000000000e+00 0.000000000000000000e+00 0.000000000000000000e+00 3.916503225618541140e-01 4.089671868403765842e-01 0.000000000000000000e+00 0.000000000000000000e+00 4.625336678223113118e-01 4.804477171101775301e-01 7.703153806291818118e-02 0.000000000000000000e+00
0.000000000000000000e+00 0.000000000000000000e+00 0.000000000000000000e+00 0.000000000000000000e+00 4.468522586767862959e-01 0.000000000000000000e+00 0.000000000000000000e+00 0.000000000000000000e+00 3.867131868076365553e-01 4.054823776448078787e-01 0.000000000000000000e+00 0.000000000000000000e+00 4.434749890952698337e-01 4.628786162990885522e-01 6.891237862419644089e-02 0.000000000000000000e+00
0.000000000000000000e+00 0.000000000000000000e+00 0.000000000000000000e+00 0.000000000000000000e+00 4.474528527141163337e-01 0.000000000000000000e+00 0.000000000000000000e+00 0.000000000000000000e+00 3.878647669944241261e-01 4.012924275614804248e-01 0.000000000000000000e+00 0.000000000000000000e+00 4.470312799166898388e-01 4.602241007978537524e-01 6.729391972203953298e-02 0.000000000000000000e+00
0.000000000000000000e+00 0.000000000000000000e+00 0.000000000000000000e+00 0.000000000000000000e+00 4.456037518739599523e-01 0.000000000000000000e+00 0.000000000000000000e+00 0.000000000000000000e+00 3.832023394511102077e-01 3.956158552420981911e-01 0.000000000000000000e+00 0.000000000000000000e+00 4.479852590619932129e-01 4.602532171777271031e-01 6.924750117727968002e-02 0.000000000000000000e+00
0.000000000000000000e+00 0.000000000000000000e+00 0.000000000000000000e+00 0.000000000000000000e+00 4.493934090087541300e-01 0.000000000000000000e+00 0.000000000000000000e+00 0.000000000000000000e+00 3.897538997285708851e-01 4.063472776001494924e-01 0.000000000000000000e+00 0.000000000000000000e+00 4.514356927336811709e-01 4.696609578355271930e-01 6.534846190352737449e-02 0.000000000000000000e+00
0.000000000000000000e+00 0.000000000000000000e+00 0.000000000000000000e+00 0.000000000000000000e+00 4.527226691914790213e-01 0.000000000000000000e+00 0.000000000000000000e+00 0.000000000000000000e+00 3.954682285938845854e-01 4.095412957914358332e-01 0.000000000000000000e+00 0.000000000000000000e+00 4.629083839266009415e-01 4.795576529332203353e-01 7.775577292237788318e-02 0.000000000000000000e+00
0.000000000000000000e+00 0.000000000000000000e+00 0.000000000000000000e+00 0.000000000000000000e+00 4.455052418986347185e-01 0.000000000000000000e+00 0.000000000000000000e+00 0.000000000000000000e+00 3.873399281749627110e-01 4.040782754776037766e-01 0.000000000000000000e+00 0.000000000000000000e+00 4.573283611478122235e-01 4.752597159200422361e-01 7.509283847646493204e-02 0.000000000000000000e+00
0.000000000000000000e+00 0.000000000000000000e+00 0.000000000000000000e+00 0.000000000000000000e+00 4.459740687358907385e-01 0.000000000000000000e+00 0.000000000000000000e+00 0.000000000000000000e+00 3.921904925098480543e-01 4.067596982209227829e-01 0.000000000000000000e+00 0.000000000000000000e+00 4.492084791032532887e-01 4.632503218200316741e-01 7.078117399403002774e-02 0.000000000000000000e+00
0.000000000000000000e+00 0.000000000000000000e+00 0.000000000000000000e+00 0.000000000000000000e+00 4.502560445778495679e-01 0.000000000000000000e+00 0.000000000000000000e+00 0.000000000000000000e+00 3.939205419642300421e-01 4.061469443252906930e-01 0.000000000000000000e+00 0.000000000000000000e+00 4.526558154176592574e-01 4.647373320978930855e-01 7.031594208388615430e-02 0.000000000000000000e+00
0.000000000000000000e+00 0.000000000000000000e+00 0.000000000000000000e+00 0.000000000000000000e+00 4.419390562468551442e-01 0.000000000000000000e+00 0.000000000000000000e+00 0.000000000000000000e+00 3.879132933451641674e-01 4.039966823322659328e-01 0.000000000000000000e+00 0.000000000000000000e+00 4.586202946381376933e-01 4.755681462244606417e-01 7.736413744188785913e-02 0.000000000000000000e+00
0.000000000000000000e+00 0.000000000000000000e+00 0.000000000000000000e+00 0.000000000000000000e+00 4.428275159946643003e-01 0.000000000000000000e+00 0.000000000000000000e+00 0.000000000000000000e+00 3.859116494744712078e-01 4.039184503074130239e-01 0.000000000000000000e+00 0.000000000000000000e+00 4.462518010601090324e-01 4.657000712215991212e-01 7.358053590669834387e-02 0.000000000000000000e+00
0.000000000000000000e+00 0.000000000000000000e+00 0.000000000000000000e+00 0.000000000000000000e+00 4.623891774331080895e-01 0.000000000000000000e+00 0.000000000000000000e+00 0.000000000000000000e+00 3.942128204829988825e-01 4.094356920841139003e-01 0.000000000000000000e+00 0.000000000000000000e+00 4.564816168423201370e-01 4.717349533191408928e-01 7.438649073377107124e-02 0.000000000000000000e+00
0.000000000000000000e+00 0.000000000000000000e+00 0.000000000000000000e+00 0.000000000000000000e+00 4.591175292036611677e-01 0.000000000000000000e+00 0.000000000000000000e+00 0.000000000000000000e+00 3.988111371645119418e-01 4.177107579716966002e-01 0.000000000000000000e+00 0.000000000000000000e+00 4.476343012116171804e-01 4.665050769826651345e-01 7.446399675611649338e-02 0.000000000000000000e+00
0.000000000000000000e+00 0.000000000000000000e+00 0.000000000000000000e+00 0.000000000000000000e+00 4.560375099758040007e-01 0.000000000000000000e+00 0.000000000000000000e+00 0.000000000000000000e+00 3.911259374782461995e-01 4.057420902433251930e-01 0.000000000000000000e+00 0.000000000000000000e+00 4.472113117558746409e-01 4.631605096508578101e-01 6.702446060490122037e-02 0.000000000000000000e+00
0.000000000000000000e+00 0.000000000000000000e+00 0.000000000000000000e+00 0.000000000000000000e+00 4.561569757466729658e-01 0.000000000000000000e+00 0.000000000000000000e+00 0.000000000000000000e+00 3.906107649965284145e-01 4.035347659248870178e-01 0.000000000000000000e+00 0.000000000000000000e+00 4.545769335553027646e-01 4.688266839050351242e-01 6.640481641296346049e-02 0.000000000000000000e+00
0.000000000000000000e+00 0.000000000000000000e+00 0.000000000000000000e+00 0.000000000000000000e+00 4.526825656890220428e-01 0.000000000000000000e+00 0.000000000000000000e+00 0.000000000000000000e+00 3.959314501143869069e-01 4.073916156395399057e-01 0.000000000000000000e+00 0.000000000000000000e+00 4.540223940999253971e-01 4.649425689618221225e-01 7.347641929301629293e-02 0.000000000000000000e+00
0.000000000000000000e+00 0.000000000000000000e+00 0.000000000000000000e+00 0.000000000000000000e+00 4.609459106929057470e-01 0.000000000000000000e+00 0.000000000000000000e+00 0.000000000000000000e+00 3.933469749736626664e-01 4.102192527310431491e-01 0.000000000000000000e+00 0.000000000000000000e+00 4.637831246122158246e-01 4.829665774407531087e-01 7.827686692458975248e-02 0.000000000000000000e+00
0.000000000000000000e+00 0.000000000000000000e+00 0.000000000000000000e+00 0.000000000000000000e+00 4.529538575164794856e-01 0.000000000000000000e+00 0.000000000000000000e+00 0.000000000000000000e+00 3.970189425841852415e-01 4.109333643409779357e-01 0.000000000000000000e+00 0.000000000000000000e+00 4.491600343192760914e-01 4.625980520846706967e-01 7.105126278543387464e-02 0.000000000000000000e+00
0.000000000000000000e+00 0.000000000000000000e+00 0.000000000000000000e+00 0.000000000000000000e+00 4.502977039585549512e-01 0.000000000000000000e+00 0.000000000000000000e+00 0.000000000000000000e+00 4.035138651384372888e-01 4.197558547056715605e-01 0.000000000000000000e+00 0.000000000000000000e+00 4.560541206025994221e-01 4.717165489370698794e-01 8.298199951195059376e-02 0.000000000000000000e+00
0.000000000000000000e+00 0.000000000000000000e+00 0.000000000000000000e+00 0.000000000000000000e+00 4.517972599790054944e-01 0.000000000000000000e+00 0.000000000000000000e+00 0.000000000000000000e+00 3.895566520104364328e-01 4.030263884512127470e-01 0.000000000000000000e+00 0.000000000000000000e+00 4.555062049547460301e-01 4.694883066540924688e-01 6.853849453972869765e-02 0.000000000000000000e+00
0.000000000000000000e+00 0.000000000000000000e+00 0.000000000000000000e+00 0.000000000000000000e+00 4.507660523909002293e-01 0.000000000000000000e+00 0.000000000000000000e+00 0.000000000000000000e+00 3.897291158015827595e-01 4.083401752448513888e-01 0.000000000000000000e+00 0.000000000000000000e+00 4.527311684933196245e-01 4.738627509304763619e-01 7.551632627243538842e-02 0.000000000000000000e+00
0.000000000000000000e+00 0.000000000000000000e+00 0.000000000000000000e+00 0.000000000000000000e+00 4.587880322808658429e-01 0.000000000000000000e+00 0.000000000000000000e+00 0.000000000000000000e+00 3.929356875369740543e-01 4.064103604667053671e-01 0.000000000000000000e+00 0.000000000000000000e+00 4.699904588464128286e-01 4.839306315774160594e-01 7.715752310680677739e-02 0.000000000000000000e+00
0.000000000000000000e+00 0.000000000000000000e+00 0.000000000000000000e+00 0.000000000000000000e+00 4.563412603085271746e-01 0.000000000000000000e+00 0.000000000000000000e+00 0.000000000000000000e+00 3.906827394077367344e-01 4.065659402542774470e-01 0.000000000000000000e+00 0.000000000000000000e+00 4.576053820099615921e-01 4.741102845456891535e-01 6.983030272980050857e-02 0.000000000000000000e+00
0.000000000000000000e+00 0.000000000000000000e+00 0.000000000000000000e+00 0.000000000000000000e+00 4.472738865004944331e-01 0.000000000000000000e+00 0.000000000000000000e+00 0.000000000000000000e+00 3.975587160337473724e-01 4.118398799092977125e-01 0.000000000000000000e+00 0.000000000000000000e+00 4.526278001700843601e-01 4.683281057581660800e-01 8.110086583188519382e-02 0.000000000000000000e+00
0.000000000000000000e+00 0.000000000000000000e+00 0.000000000000000000e+00 0.000000000000000000e+00 4.571620718401526173e-01 0.000000000000000000e+00 0.000000000000000000e+00 0.000000000000000000e+00 3.988739561064406081e-01 4.114736414726021252e-01 0.000000000000000000e+00 0.000000000000000000e+00 4.573891467363751517e-01 4.692827755083091024e-01 7.656461384151336258e-02 0.000000000000000000e+00
