# {'chrom': '4', 'window_id': '0', 'statistic': 'H2', 'bounds': [0, 16000000], 'span': 16000000, 'n_sites': 9566452, 'coverage': 59.79, 'right_discontinuous': False, 'rows': "{0: 'Altai', 1: 'Chagyrskaya', 2: 'Denisova', 3: 'French-1', 4: 'Han-1', 5: 'Khomani_San-2', 6: 'Papuan-2', 7: 'Vindija', 8: 'Yoruba-1', 9: 'Yoruba-3'}"}
3.400000000000000000e+01 8.100000000000000000e+01 2.440000000000000000e+02 3.390000000000000000e+02 5.120000000000000000e+02 1.303000000000000000e+03 1.777000000000000000e+03 2.767000000000000000e+03 6.202000000000000000e+03 9.924000000000000000e+03 9.194000000000000000e+03 1.326600000000000000e+04 1.747100000000000000e+04 3.548200000000000000e+04 7.268400000000000000e+04 1.085380000000000000e+05 1.668860000000000000e+05 4.357060000000000000e+05 1.287794000000000000e+06
3.000000000000000000e+00 7.000000000000000000e+00 4.300000000000000000e+01 9.900000000000000000e+01 1.780000000000000000e+02 6.770000000000000000e+02 9.430000000000000000e+02 1.163000000000000000e+03 2.621000000000000000e+03 2.960000000000000000e+03 5.829000000000000000e+03 7.444000000000000000e+03 7.022000000000000000e+03 1.494000000000000000e+04 2.359900000000000000e+04 5.217400000000000000e+04 4.259600000000000000e+04 2.195240000000000000e+05 5.068230000000000000e+05
1.100000000000000000e+01 1.500000000000000000e+01 1.160000000000000000e+02 2.180000000000000000e+02 4.090000000000000000e+02 1.296000000000000000e+03 1.912000000000000000e+03 2.878000000000000000e+03 5.957000000000000000e+03 6.361000000000000000e+03 9.387000000000000000e+03 1.540300000000000000e+04 1.538600000000000000e+04 3.279100000000000000e+04 6.722700000000000000e+04 1.116780000000000000e+05 1.982320000000000000e+05 6.344640000000000000e+05 1.309874000000000000e+06
2.060000000000000000e+03 1.348000000000000000e+03 1.783000000000000000e+03 1.428000000000000000e+03 2.873000000000000000e+03 8.762000000000000000e+03 1.413500000000000000e+04 2.819900000000000000e+04 6.390100000000000000e+04 7.493300000000000000e+04 9.398700000000000000e+04 2.044110000000000000e+05 2.425770000000000000e+05 4.133290000000000000e+05 1.206561000000000000e+06 1.753891000000000000e+06 3.425911000000000000e+06 1.038972900000000000e+07 2.266945100000000000e+07
2.985000000000000000e+03 1.604000000000000000e+03 2.483000000000000000e+03 1.500000000000000000e+03 2.272000000000000000e+03 6.752000000000000000e+03 1.133800000000000000e+04 1.990600000000000000e+04 4.545000000000000000e+04 5.763900000000000000e+04 8.075300000000000000e+04 1.532310000000000000e+05 2.035900000000000000e+05 2.877230000000000000e+05 7.128490000000000000e+05 9.244360000000000000e+05 1.959383000000000000e+06 6.464857000000000000e+06 1.480441700000000000e+07
2.610000000000000000e+03 1.198000000000000000e+03 2.043000000000000000e+03 2.170000000000000000e+03 4.458000000000000000e+03 1.217300000000000000e+04 2.039600000000000000e+04 3.578500000000000000e+04 8.558400000000000000e+04 1.037910000000000000e+05 1.524590000000000000e+05 3.009380000000000000e+05 4.018900000000000000e+05 6.805280000000000000e+05 1.985407000000000000e+06 2.922979000000000000e+06 5.659020000000000000e+06 1.719654500000000000e+07 3.801867900000000000e+07
1.953000000000000000e+03 1.314000000000000000e+03 2.024000000000000000e+03 1.189000000000000000e+03 2.260000000000000000e+03 5.810000000000000000e+03 8.933000000000000000e+03 1.628800000000000000e+04 3.811200000000000000e+04 4.635700000000000000e+04 5.549100000000000000e+04 1.071360000000000000e+05 1.234390000000000000e+05 2.384980000000000000e+05 6.398790000000000000e+05 8.060690000000000000e+05 1.416002000000000000e+06 3.599347000000000000e+06 1.051496100000000000e+07
6.400000000000000000e+01 1.310000000000000000e+02 3.580000000000000000e+02 5.510000000000000000e+02 9.050000000000000000e+02 2.334000000000000000e+03 3.531000000000000000e+03 5.803000000000000000e+03 1.275200000000000000e+04 1.559800000000000000e+04 2.060700000000000000e+04 3.859500000000000000e+04 3.909500000000000000e+04 6.609800000000000000e+04 1.765870000000000000e+05 1.681390000000000000e+05 3.370930000000000000e+05 1.027876000000000000e+06 1.777141000000000000e+06
7.900000000000000000e+02 7.050000000000000000e+02 1.775000000000000000e+03 2.180000000000000000e+03 3.768000000000000000e+03 1.045500000000000000e+04 1.653400000000000000e+04 2.695500000000000000e+04 6.253100000000000000e+04 7.947600000000000000e+04 1.098220000000000000e+05 1.951020000000000000e+05 2.601450000000000000e+05 4.614870000000000000e+05 1.396291000000000000e+06 2.200800000000000000e+06 3.934759000000000000e+06 1.208218400000000000e+07 2.879983800000000000e+07
2.010000000000000000e+03 1.299000000000000000e+03 1.939000000000000000e+03 2.347000000000000000e+03 3.955000000000000000e+03 1.131400000000000000e+04 1.829600000000000000e+04 3.267500000000000000e+04 7.212300000000000000e+04 8.541700000000000000e+04 1.220160000000000000e+05 2.568440000000000000e+05 3.252410000000000000e+05 5.721160000000000000e+05 1.695347000000000000e+06 2.645456000000000000e+06 5.051133000000000000e+06 1.492957200000000000e+07 3.272428600000000000e+07
