# {'chrom': '4', 'window_id': '6', 'statistic': 'H2', 'bounds': [112000000, 132000000], 'span': 20000000, 'n_sites': 12448015, 'coverage': 62.24, 'right_discontinuous': False, 'rows': "{0: 'Altai', 1: 'Chagyrskaya', 2: 'Denisova', 3: 'French-1', 4: 'Han-1', 5: 'Khomani_San-2', 6: 'Papuan-2', 7: 'Vindija', 8: 'Yoruba-1', 9: 'Yoruba-3'}"}
2.470000000000000000e+02 1.580000000000000000e+02 3.180000000000000000e+02 5.020000000000000000e+02 1.092000000000000000e+03 3.042000000000000000e+03 4.742000000000000000e+03 7.851000000000000000e+03 1.584700000000000000e+04 1.607800000000000000e+04 3.286700000000000000e+04 6.815700000000000000e+04 6.217300000000000000e+04 7.027000000000000000e+04 1.384100000000000000e+05 1.904880000000000000e+05 4.464040000000000000e+05 1.407966000000000000e+06 1.740093000000000000e+06
2.230000000000000000e+02 1.690000000000000000e+02 4.540000000000000000e+02 6.010000000000000000e+02 1.131000000000000000e+03 3.115000000000000000e+03 4.748000000000000000e+03 8.475000000000000000e+03 1.742400000000000000e+04 1.769600000000000000e+04 3.986000000000000000e+04 8.075800000000000000e+04 7.805800000000000000e+04 9.869700000000000000e+04 1.828890000000000000e+05 2.150490000000000000e+05 5.526960000000000000e+05 1.549952000000000000e+06 2.911969000000000000e+06
1.100000000000000000e+01 1.900000000000000000e+01 1.860000000000000000e+02 3.810000000000000000e+02 7.040000000000000000e+02 1.346000000000000000e+03 8.390000000000000000e+02 1.183000000000000000e+03 4.731000000000000000e+03 3.843000000000000000e+03 4.229000000000000000e+03 7.613000000000000000e+03 1.126100000000000000e+04 1.460000000000000000e+04 3.124700000000000000e+04 4.277600000000000000e+04 9.005100000000000000e+04 2.676330000000000000e+05 3.830660000000000000e+05
2.862000000000000000e+03 1.597000000000000000e+03 2.526000000000000000e+03 2.701000000000000000e+03 4.394000000000000000e+03 1.106800000000000000e+04 1.525400000000000000e+04 2.862300000000000000e+04 6.856400000000000000e+04 7.636600000000000000e+04 1.203110000000000000e+05 2.566220000000000000e+05 2.695790000000000000e+05 4.306980000000000000e+05 1.067726000000000000e+06 2.080861000000000000e+06 4.394804000000000000e+06 1.426538300000000000e+07 2.433120100000000000e+07
6.309000000000000000e+03 2.492000000000000000e+03 3.479000000000000000e+03 3.351000000000000000e+03 4.670000000000000000e+03 1.348700000000000000e+04 2.309400000000000000e+04 3.774100000000000000e+04 8.683600000000000000e+04 1.021240000000000000e+05 1.543110000000000000e+05 3.427620000000000000e+05 4.019430000000000000e+05 7.255530000000000000e+05 1.816373000000000000e+06 3.390477000000000000e+06 7.279091000000000000e+06 2.054846100000000000e+07 3.250163200000000000e+07
3.998000000000000000e+03 2.825000000000000000e+03 5.686000000000000000e+03 5.756000000000000000e+03 7.342000000000000000e+03 1.813800000000000000e+04 2.731100000000000000e+04 4.654500000000000000e+04 9.922600000000000000e+04 1.303290000000000000e+05 1.891500000000000000e+05 3.892550000000000000e+05 5.107820000000000000e+05 8.713500000000000000e+05 2.977169000000000000e+06 4.889949000000000000e+06 1.018293100000000000e+07 3.263081000000000000e+07 5.374631100000000000e+07
1.143000000000000000e+03 8.780000000000000000e+02 1.517000000000000000e+03 1.838000000000000000e+03 2.829000000000000000e+03 7.169000000000000000e+03 1.173900000000000000e+04 1.940500000000000000e+04 4.610400000000000000e+04 5.536800000000000000e+04 8.006800000000000000e+04 1.602120000000000000e+05 2.306080000000000000e+05 3.183310000000000000e+05 8.950540000000000000e+05 1.598695000000000000e+06 2.568256000000000000e+06 7.460943000000000000e+06 1.353155900000000000e+07
2.280000000000000000e+02 2.070000000000000000e+02 5.080000000000000000e+02 6.410000000000000000e+02 1.063000000000000000e+03 3.135000000000000000e+03 4.728000000000000000e+03 8.371000000000000000e+03 1.692500000000000000e+04 1.765800000000000000e+04 3.810300000000000000e+04 8.541700000000000000e+04 6.940500000000000000e+04 9.696300000000000000e+04 1.877740000000000000e+05 3.370740000000000000e+05 6.193090000000000000e+05 1.698637000000000000e+06 2.958293000000000000e+06
5.065000000000000000e+03 3.539000000000000000e+03 4.570000000000000000e+03 4.498000000000000000e+03 7.211000000000000000e+03 1.830700000000000000e+04 2.705200000000000000e+04 4.727000000000000000e+04 1.018330000000000000e+05 1.204550000000000000e+05 1.719570000000000000e+05 4.193530000000000000e+05 5.516220000000000000e+05 9.993530000000000000e+05 2.727672000000000000e+06 4.907837000000000000e+06 9.294316000000000000e+06 2.930322600000000000e+07 4.663076900000000000e+07
5.032000000000000000e+03 2.563000000000000000e+03 3.465000000000000000e+03 3.741000000000000000e+03 6.283000000000000000e+03 1.612800000000000000e+04 2.517800000000000000e+04 4.249900000000000000e+04 9.357300000000000000e+04 1.128140000000000000e+05 1.709050000000000000e+05 3.970330000000000000e+05 5.343130000000000000e+05 9.415830000000000000e+05 2.510230000000000000e+06 4.435116000000000000e+06 9.048928000000000000e+06 2.917372400000000000e+07 4.718382000000000000e+07
