# {'chrom': '4', 'window_id': '8', 'statistic': 'H2', 'bounds': [152000000, 172000000], 'span': 20000000, 'n_sites': 12651889, 'coverage': 63.26, 'right_discontinuous': False, 'rows': "{0: 'Altai', 1: 'Chagyrskaya', 2: 'Denisova', 3: 'French-1', 4: 'Han-1', 5: 'Khomani_San-2', 6: 'Papuan-2', 7: 'Vindija', 8: 'Yoruba-1', 9: 'Yoruba-3'}"}
0.000000000000000000e+00 2.000000000000000000e+00 0.000000000000000000e+00 0.000000000000000000e+00 0.000000000000000000e+00 3.000000000000000000e+00 0.000000000000000000e+00 6.000000000000000000e+00 4.700000000000000000e+01 2.600000000000000000e+01 1.900000000000000000e+01 5.800000000000000000e+01 9.300000000000000000e+01 2.410000000000000000e+02 7.350000000000000000e+02 1.101000000000000000e+03 2.274000000000000000e+03 5.577000000000000000e+03 2.610900000000000000e+04
2.960000000000000000e+02 1.870000000000000000e+02 4.500000000000000000e+02 9.490000000000000000e+02 1.773000000000000000e+03 4.975000000000000000e+03 6.881000000000000000e+03 1.058700000000000000e+04 2.155800000000000000e+04 2.602800000000000000e+04 2.886900000000000000e+04 5.448800000000000000e+04 5.218900000000000000e+04 6.131600000000000000e+04 1.974990000000000000e+05 3.807930000000000000e+05 4.905350000000000000e+05 1.557809000000000000e+06 2.188123000000000000e+06
9.390000000000000000e+02 3.210000000000000000e+02 6.590000000000000000e+02 3.890000000000000000e+02 7.890000000000000000e+02 3.023000000000000000e+03 3.934000000000000000e+03 6.990000000000000000e+03 1.622200000000000000e+04 1.111900000000000000e+04 1.511500000000000000e+04 2.063600000000000000e+04 2.307500000000000000e+04 5.927000000000000000e+04 1.149210000000000000e+05 1.988750000000000000e+05 3.777460000000000000e+05 1.319504000000000000e+06 2.240486000000000000e+06
6.343000000000000000e+03 1.903000000000000000e+03 2.819000000000000000e+03 2.595000000000000000e+03 4.619000000000000000e+03 1.377500000000000000e+04 2.144400000000000000e+04 3.220300000000000000e+04 6.055200000000000000e+04 6.286700000000000000e+04 9.966600000000000000e+04 2.209890000000000000e+05 2.087000000000000000e+05 3.805370000000000000e+05 1.180994000000000000e+06 1.782413000000000000e+06 3.789703000000000000e+06 1.063815300000000000e+07 1.458209500000000000e+07
3.948000000000000000e+03 1.130000000000000000e+03 2.296000000000000000e+03 2.510000000000000000e+03 3.803000000000000000e+03 1.216300000000000000e+04 1.723700000000000000e+04 3.152700000000000000e+04 6.428000000000000000e+04 6.704400000000000000e+04 9.734400000000000000e+04 1.678130000000000000e+05 1.808370000000000000e+05 4.113250000000000000e+05 1.147101000000000000e+06 1.883311000000000000e+06 3.975253000000000000e+06 1.197547000000000000e+07 2.021993800000000000e+07
3.407000000000000000e+03 1.653000000000000000e+03 3.672000000000000000e+03 3.665000000000000000e+03 5.965000000000000000e+03 1.744600000000000000e+04 2.643300000000000000e+04 4.241400000000000000e+04 9.119200000000000000e+04 1.065190000000000000e+05 1.452150000000000000e+05 3.046710000000000000e+05 3.947570000000000000e+05 9.291850000000000000e+05 2.511706000000000000e+06 4.332634000000000000e+06 8.810947000000000000e+06 2.738124600000000000e+07 4.670478400000000000e+07
5.790000000000000000e+02 3.360000000000000000e+02 6.570000000000000000e+02 5.540000000000000000e+02 1.010000000000000000e+03 2.769000000000000000e+03 4.505000000000000000e+03 7.246000000000000000e+03 1.647800000000000000e+04 1.530500000000000000e+04 2.053200000000000000e+04 3.525000000000000000e+04 5.125100000000000000e+04 9.910200000000000000e+04 2.088100000000000000e+05 4.126410000000000000e+05 8.420030000000000000e+05 1.791259000000000000e+06 1.427845000000000000e+06
1.150000000000000000e+02 3.900000000000000000e+01 2.020000000000000000e+02 5.900000000000000000e+02 1.440000000000000000e+03 3.988000000000000000e+03 4.744000000000000000e+03 6.712000000000000000e+03 1.761400000000000000e+04 2.004500000000000000e+04 2.150000000000000000e+04 5.242000000000000000e+04 4.147500000000000000e+04 6.227500000000000000e+04 1.677290000000000000e+05 1.747760000000000000e+05 3.928580000000000000e+05 1.378159000000000000e+06 2.041562000000000000e+06
6.878000000000000000e+03 2.502000000000000000e+03 3.107000000000000000e+03 3.410000000000000000e+03 5.553000000000000000e+03 1.819000000000000000e+04 2.750700000000000000e+04 4.741900000000000000e+04 9.151900000000000000e+04 1.039060000000000000e+05 1.465230000000000000e+05 3.274100000000000000e+05 3.592410000000000000e+05 7.325130000000000000e+05 1.979998000000000000e+06 3.592126000000000000e+06 7.256880000000000000e+06 2.262370400000000000e+07 3.951636000000000000e+07
6.481000000000000000e+03 2.215000000000000000e+03 3.179000000000000000e+03 3.009000000000000000e+03 5.165000000000000000e+03 1.628000000000000000e+04 2.486500000000000000e+04 3.950900000000000000e+04 8.686000000000000000e+04 9.792700000000000000e+04 1.445630000000000000e+05 3.120370000000000000e+05 3.351730000000000000e+05 7.973320000000000000e+05 2.473350000000000000e+06 3.913653000000000000e+06 7.957898000000000000e+06 2.399671000000000000e+07 4.268298800000000000e+07
