# {'chrom': '4', 'window_id': '7', 'statistic': 'H2', 'bounds': [132000000, 152000000], 'span': 20000000, 'n_sites': 12301440, 'coverage': 61.51, 'right_discontinuous': False, 'rows': "{0: 'Altai', 1: 'Chagyrskaya', 2: 'Denisova', 3: 'French-1', 4: 'Han-1', 5: 'Khomani_San-2', 6: 'Papuan-2', 7: 'Vindija', 8: 'Yoruba-1', 9: 'Yoruba-3'}"}
1.330000000000000000e+02 5.500000000000000000e+01 1.980000000000000000e+02 1.270000000000000000e+02 1.860000000000000000e+02 4.520000000000000000e+02 5.380000000000000000e+02 1.215000000000000000e+03 2.208000000000000000e+03 2.060000000000000000e+03 3.358000000000000000e+03 6.700000000000000000e+03 9.149000000000000000e+03 1.187900000000000000e+04 2.431800000000000000e+04 2.512600000000000000e+04 1.548700000000000000e+04 1.016400000000000000e+04 1.737900000000000000e+04
2.980000000000000000e+02 2.070000000000000000e+02 7.810000000000000000e+02 9.760000000000000000e+02 1.488000000000000000e+03 3.803000000000000000e+03 5.781000000000000000e+03 9.063000000000000000e+03 1.957500000000000000e+04 2.422700000000000000e+04 2.663200000000000000e+04 5.935000000000000000e+04 5.728500000000000000e+04 8.516300000000000000e+04 1.667420000000000000e+05 2.623150000000000000e+05 7.434780000000000000e+05 1.768110000000000000e+06 3.647399000000000000e+06
1.340000000000000000e+02 1.610000000000000000e+02 2.430000000000000000e+02 1.910000000000000000e+02 3.000000000000000000e+02 7.630000000000000000e+02 1.209000000000000000e+03 2.139000000000000000e+03 2.574000000000000000e+03 3.760000000000000000e+03 5.237000000000000000e+03 7.099000000000000000e+03 6.979000000000000000e+03 1.880700000000000000e+04 3.096200000000000000e+04 7.299000000000000000e+04 1.442890000000000000e+05 3.523870000000000000e+05 5.551800000000000000e+05
2.964000000000000000e+03 2.189000000000000000e+03 3.590000000000000000e+03 3.698000000000000000e+03 5.401000000000000000e+03 1.356600000000000000e+04 2.260800000000000000e+04 3.458700000000000000e+04 7.808300000000000000e+04 8.719300000000000000e+04 1.157720000000000000e+05 2.502150000000000000e+05 3.049890000000000000e+05 4.594840000000000000e+05 1.443327000000000000e+06 2.671545000000000000e+06 4.794875000000000000e+06 1.235717700000000000e+07 2.194215900000000000e+07
4.734000000000000000e+03 1.854000000000000000e+03 3.058000000000000000e+03 3.072000000000000000e+03 5.181000000000000000e+03 1.185400000000000000e+04 2.200000000000000000e+04 3.491100000000000000e+04 7.109000000000000000e+04 7.057600000000000000e+04 9.935600000000000000e+04 2.267660000000000000e+05 2.757540000000000000e+05 4.838570000000000000e+05 1.400755000000000000e+06 2.223179000000000000e+06 3.677707000000000000e+06 1.040636000000000000e+07 1.939676900000000000e+07
6.837000000000000000e+03 3.336000000000000000e+03 4.641000000000000000e+03 4.969000000000000000e+03 7.509000000000000000e+03 2.012300000000000000e+04 3.139000000000000000e+04 4.875800000000000000e+04 9.857000000000000000e+04 1.215150000000000000e+05 1.732730000000000000e+05 3.751210000000000000e+05 4.643690000000000000e+05 9.178280000000000000e+05 2.785265000000000000e+06 4.500489000000000000e+06 8.428823000000000000e+06 2.072391500000000000e+07 3.897863900000000000e+07
2.463000000000000000e+03 1.927000000000000000e+03 2.770000000000000000e+03 2.894000000000000000e+03 4.351000000000000000e+03 9.054000000000000000e+03 1.559200000000000000e+04 2.453900000000000000e+04 5.130000000000000000e+04 5.900300000000000000e+04 7.758300000000000000e+04 1.698310000000000000e+05 2.193960000000000000e+05 2.958910000000000000e+05 7.244680000000000000e+05 1.360426000000000000e+06 2.390292000000000000e+06 7.031926000000000000e+06 1.286150700000000000e+07
2.070000000000000000e+02 1.540000000000000000e+02 5.280000000000000000e+02 7.140000000000000000e+02 1.153000000000000000e+03 2.915000000000000000e+03 4.385000000000000000e+03 6.708000000000000000e+03 1.486800000000000000e+04 1.820900000000000000e+04 2.087800000000000000e+04 3.626600000000000000e+04 2.354400000000000000e+04 5.871900000000000000e+04 8.490100000000000000e+04 1.213060000000000000e+05 3.698280000000000000e+05 6.233130000000000000e+05 1.434488000000000000e+06
4.831000000000000000e+03 2.227000000000000000e+03 4.292000000000000000e+03 4.618000000000000000e+03 7.202000000000000000e+03 1.770500000000000000e+04 2.854000000000000000e+04 4.773400000000000000e+04 9.610700000000000000e+04 1.088870000000000000e+05 1.694360000000000000e+05 3.587770000000000000e+05 5.133180000000000000e+05 8.078270000000000000e+05 2.214913000000000000e+06 3.804266000000000000e+06 7.262080000000000000e+06 2.105864100000000000e+07 3.877324900000000000e+07
4.217000000000000000e+03 2.720000000000000000e+03 4.423000000000000000e+03 4.207000000000000000e+03 6.845000000000000000e+03 1.818400000000000000e+04 2.723700000000000000e+04 4.425900000000000000e+04 9.172400000000000000e+04 1.136350000000000000e+05 1.523750000000000000e+05 3.399750000000000000e+05 4.347910000000000000e+05 8.259930000000000000e+05 2.414931000000000000e+06 4.147267000000000000e+06 7.431597000000000000e+06 1.883374000000000000e+07 3.488809400000000000e+07
