# {'chrom': '4', 'window_id': '1', 'statistic': 'H2', 'bounds': [16000000, 32000000], 'span': 16000000, 'n_sites': 10737520, 'coverage': 67.11, 'right_discontinuous': False, 'rows': "{0: 'Altai', 1: 'Chagyrskaya', 2: 'Denisova', 3: 'French-1', 4: 'Han-1', 5: 'Khomani_San-2', 6: 'Papuan-2', 7: 'Vindija', 8: 'Yoruba-1', 9: 'Yoruba-3'}"}
9.130000000000000000e+02 3.770000000000000000e+02 7.070000000000000000e+02 9.120000000000000000e+02 8.440000000000000000e+02 1.818000000000000000e+03 2.510000000000000000e+03 3.516000000000000000e+03 8.381000000000000000e+03 7.366000000000000000e+03 1.028200000000000000e+04 2.510300000000000000e+04 2.995800000000000000e+04 3.950000000000000000e+04 1.115630000000000000e+05 1.443710000000000000e+05 2.327390000000000000e+05 8.908110000000000000e+05 1.351816000000000000e+06
2.620000000000000000e+02 1.820000000000000000e+02 3.300000000000000000e+02 2.420000000000000000e+02 3.740000000000000000e+02 1.262000000000000000e+03 1.557000000000000000e+03 2.730000000000000000e+03 4.878000000000000000e+03 4.803000000000000000e+03 6.253000000000000000e+03 1.196700000000000000e+04 1.790000000000000000e+04 2.281300000000000000e+04 4.281800000000000000e+04 8.821500000000000000e+04 1.351180000000000000e+05 5.546820000000000000e+05 5.027330000000000000e+05
2.900000000000000000e+01 3.500000000000000000e+01 9.600000000000000000e+01 1.320000000000000000e+02 2.140000000000000000e+02 5.820000000000000000e+02 7.460000000000000000e+02 1.364000000000000000e+03 2.469000000000000000e+03 2.770000000000000000e+03 5.528000000000000000e+03 1.139200000000000000e+04 1.344000000000000000e+04 1.764400000000000000e+04 2.912100000000000000e+04 4.153700000000000000e+04 8.357500000000000000e+04 2.980070000000000000e+05 3.981050000000000000e+05
1.218000000000000000e+03 1.117000000000000000e+03 2.187000000000000000e+03 2.629000000000000000e+03 3.933000000000000000e+03 1.016700000000000000e+04 1.597000000000000000e+04 2.702600000000000000e+04 6.098800000000000000e+04 7.053500000000000000e+04 1.150590000000000000e+05 2.257570000000000000e+05 2.920630000000000000e+05 4.717460000000000000e+05 9.604810000000000000e+05 1.637169000000000000e+06 4.062290000000000000e+06 1.133816700000000000e+07 1.554977700000000000e+07
1.728000000000000000e+03 1.506000000000000000e+03 2.665000000000000000e+03 2.629000000000000000e+03 3.544000000000000000e+03 8.806000000000000000e+03 1.640300000000000000e+04 2.653600000000000000e+04 5.686900000000000000e+04 7.128800000000000000e+04 1.076520000000000000e+05 2.123670000000000000e+05 2.209830000000000000e+05 3.118780000000000000e+05 9.733270000000000000e+05 1.805590000000000000e+06 3.427732000000000000e+06 1.100164900000000000e+07 1.766178400000000000e+07
1.799000000000000000e+03 1.560000000000000000e+03 2.841000000000000000e+03 3.259000000000000000e+03 5.209000000000000000e+03 1.465000000000000000e+04 2.155600000000000000e+04 3.803400000000000000e+04 8.295900000000000000e+04 9.969800000000000000e+04 1.348600000000000000e+05 2.686440000000000000e+05 3.623470000000000000e+05 6.679320000000000000e+05 1.833989000000000000e+06 3.099885000000000000e+06 6.183476000000000000e+06 1.498273800000000000e+07 1.878675700000000000e+07
1.576000000000000000e+03 1.297000000000000000e+03 2.212000000000000000e+03 2.498000000000000000e+03 4.003000000000000000e+03 9.537000000000000000e+03 1.661900000000000000e+04 2.829500000000000000e+04 5.988300000000000000e+04 6.284400000000000000e+04 1.083990000000000000e+05 2.032500000000000000e+05 2.276100000000000000e+05 3.777970000000000000e+05 1.065780000000000000e+06 1.948340000000000000e+06 3.894148000000000000e+06 1.061158300000000000e+07 1.564759600000000000e+07
3.500000000000000000e+01 1.750000000000000000e+02 4.750000000000000000e+02 6.040000000000000000e+02 7.970000000000000000e+02 1.533000000000000000e+03 1.278000000000000000e+03 2.591000000000000000e+03 6.032000000000000000e+03 4.486000000000000000e+03 4.269000000000000000e+03 6.438000000000000000e+03 1.015500000000000000e+04 1.768200000000000000e+04 4.415500000000000000e+04 8.292700000000000000e+04 1.590590000000000000e+05 5.587070000000000000e+05 7.963920000000000000e+05
1.488000000000000000e+03 1.345000000000000000e+03 2.557000000000000000e+03 2.452000000000000000e+03 4.470000000000000000e+03 1.087300000000000000e+04 1.773700000000000000e+04 3.122300000000000000e+04 7.287200000000000000e+04 8.474900000000000000e+04 1.312050000000000000e+05 2.754130000000000000e+05 3.679390000000000000e+05 6.229650000000000000e+05 1.547468000000000000e+06 3.164982000000000000e+06 6.199555000000000000e+06 1.942977000000000000e+07 2.841510400000000000e+07
1.664000000000000000e+03 1.451000000000000000e+03 2.680000000000000000e+03 2.871000000000000000e+03 4.298000000000000000e+03 1.221700000000000000e+04 1.890300000000000000e+04 3.242300000000000000e+04 7.540400000000000000e+04 8.386800000000000000e+04 1.184000000000000000e+05 2.652870000000000000e+05 3.624800000000000000e+05 5.454520000000000000e+05 1.789818000000000000e+06 2.905576000000000000e+06 5.689944000000000000e+06 1.992902500000000000e+07 3.125516900000000000e+07
