# {'chrom': '4', 'window_id': '9', 'statistic': 'H2', 'bounds': [172000000, 191000000], 'span': 19000000, 'n_sites': 12081667, 'coverage': 63.59, 'right_discontinuous': True, 'rows': "{0: 'Altai', 1: 'Chagyrskaya', 2: 'Denisova', 3: 'French-1', 4: 'Han-1', 5: 'Khomani_San-2', 6: 'Papuan-2', 7: 'Vindija', 8: 'Yoruba-1', 9: 'Yoruba-3'}"}
5.200000000000000000e+01 5.500000000000000000e+01 7.400000000000000000e+01 1.700000000000000000e+02 3.320000000000000000e+02 1.238000000000000000e+03 2.111000000000000000e+03 3.259000000000000000e+03 6.928000000000000000e+03 6.566000000000000000e+03 7.892000000000000000e+03 1.406100000000000000e+04 1.947200000000000000e+04 2.681400000000000000e+04 6.112800000000000000e+04 1.024030000000000000e+05 1.569810000000000000e+05 5.056740000000000000e+05 8.867320000000000000e+05
7.000000000000000000e+00 5.000000000000000000e+00 2.500000000000000000e+01 8.300000000000000000e+01 2.010000000000000000e+02 7.340000000000000000e+02 1.244000000000000000e+03 2.160000000000000000e+03 4.577000000000000000e+03 3.732000000000000000e+03 5.811000000000000000e+03 1.214800000000000000e+04 1.124700000000000000e+04 1.500000000000000000e+04 3.444200000000000000e+04 6.346300000000000000e+04 9.051600000000000000e+04 2.575660000000000000e+05 4.718170000000000000e+05
4.900000000000000000e+01 1.020000000000000000e+02 3.530000000000000000e+02 5.480000000000000000e+02 1.081000000000000000e+03 2.325000000000000000e+03 3.431000000000000000e+03 6.374000000000000000e+03 1.320300000000000000e+04 1.252900000000000000e+04 1.367200000000000000e+04 2.737200000000000000e+04 2.914900000000000000e+04 3.889300000000000000e+04 1.042660000000000000e+05 1.758870000000000000e+05 3.468320000000000000e+05 9.196940000000000000e+05 1.284714000000000000e+06
2.120000000000000000e+02 1.230000000000000000e+02 2.540000000000000000e+02 3.240000000000000000e+02 5.100000000000000000e+02 1.421000000000000000e+03 2.740000000000000000e+03 4.803000000000000000e+03 9.477000000000000000e+03 9.634000000000000000e+03 1.337100000000000000e+04 3.088800000000000000e+04 3.718400000000000000e+04 4.489500000000000000e+04 1.294590000000000000e+05 2.426010000000000000e+05 4.371950000000000000e+05 9.753480000000000000e+05 3.221140000000000000e+05
7.130000000000000000e+02 5.550000000000000000e+02 8.950000000000000000e+02 1.373000000000000000e+03 2.509000000000000000e+03 7.971000000000000000e+03 1.352100000000000000e+04 2.292300000000000000e+04 4.895400000000000000e+04 5.667900000000000000e+04 7.816100000000000000e+04 1.508660000000000000e+05 1.619360000000000000e+05 3.020280000000000000e+05 8.621560000000000000e+05 1.345448000000000000e+06 2.877768000000000000e+06 7.853650000000000000e+06 1.207325100000000000e+07
1.044000000000000000e+03 7.990000000000000000e+02 1.306000000000000000e+03 2.151000000000000000e+03 4.264000000000000000e+03 1.205100000000000000e+04 1.829600000000000000e+04 3.113400000000000000e+04 6.940400000000000000e+04 8.052900000000000000e+04 1.204630000000000000e+05 2.514940000000000000e+05 3.119790000000000000e+05 5.380070000000000000e+05 1.688143000000000000e+06 2.823627000000000000e+06 5.159588000000000000e+06 1.544981000000000000e+07 2.288954800000000000e+07
3.550000000000000000e+02 6.250000000000000000e+02 1.603000000000000000e+03 2.603000000000000000e+03 4.803000000000000000e+03 1.308900000000000000e+04 1.623300000000000000e+04 2.452000000000000000e+04 5.617200000000000000e+04 5.280300000000000000e+04 7.831100000000000000e+04 1.678200000000000000e+05 1.971230000000000000e+05 2.660030000000000000e+05 7.849030000000000000e+05 1.305199000000000000e+06 2.746506000000000000e+06 7.286367000000000000e+06 1.132496200000000000e+07
3.900000000000000000e+01 7.800000000000000000e+01 1.890000000000000000e+02 4.550000000000000000e+02 8.440000000000000000e+02 2.307000000000000000e+03 3.442000000000000000e+03 5.513000000000000000e+03 8.501000000000000000e+03 1.564200000000000000e+04 1.742900000000000000e+04 2.080300000000000000e+04 1.917300000000000000e+04 2.719500000000000000e+04 6.687700000000000000e+04 9.223500000000000000e+04 1.488050000000000000e+05 3.884140000000000000e+05 6.746020000000000000e+05
5.650000000000000000e+02 5.770000000000000000e+02 1.230000000000000000e+03 1.911000000000000000e+03 3.238000000000000000e+03 9.734000000000000000e+03 1.655300000000000000e+04 2.822600000000000000e+04 6.199800000000000000e+04 6.952100000000000000e+04 1.005740000000000000e+05 2.185390000000000000e+05 2.782030000000000000e+05 4.920900000000000000e+05 1.461348000000000000e+06 2.425397000000000000e+06 4.645629000000000000e+06 1.385937400000000000e+07 1.966462000000000000e+07
1.859000000000000000e+03 1.246000000000000000e+03 1.822000000000000000e+03 2.645000000000000000e+03 4.512000000000000000e+03 1.312200000000000000e+04 2.067300000000000000e+04 3.432400000000000000e+04 7.552500000000000000e+04 8.755800000000000000e+04 1.136020000000000000e+05 2.577560000000000000e+05 3.428280000000000000e+05 6.049620000000000000e+05 1.643879000000000000e+06 2.709881000000000000e+06 5.338445000000000000e+06 1.555000700000000000e+07 2.346735700000000000e+07
