# {'chrom': '4', 'window_id': '2', 'statistic': 'H2', 'bounds': [32000000, 50000000], 'span': 18000000, 'n_sites': 10533087, 'coverage': 58.52, 'right_discontinuous': True, 'rows': "{0: 'Altai', 1: 'Chagyrskaya', 2: 'Denisova', 3: 'French-1', 4: 'Han-1', 5: 'Khomani_San-2', 6: 'Papuan-2', 7: 'Vindija', 8: 'Yoruba-1', 9: 'Yoruba-3'}"}
6.190000000000000000e+02 5.530000000000000000e+02 6.300000000000000000e+02 6.080000000000000000e+02 1.072000000000000000e+03 2.765000000000000000e+03 3.533000000000000000e+03 6.155000000000000000e+03 8.461000000000000000e+03 7.589000000000000000e+03 1.747500000000000000e+04 3.308300000000000000e+04 3.171000000000000000e+04 4.264700000000000000e+04 9.471500000000000000e+04 1.062970000000000000e+05 2.381100000000000000e+05 3.023980000000000000e+05 3.920630000000000000e+05
1.900000000000000000e+01 1.600000000000000000e+01 6.600000000000000000e+01 1.230000000000000000e+02 3.190000000000000000e+02 1.213000000000000000e+03 1.641000000000000000e+03 2.441000000000000000e+03 6.311000000000000000e+03 7.010000000000000000e+03 1.130000000000000000e+04 1.862800000000000000e+04 1.735500000000000000e+04 3.764800000000000000e+04 5.454900000000000000e+04 3.212200000000000000e+04 4.375900000000000000e+04 1.081320000000000000e+05 1.390800000000000000e+05
2.100000000000000000e+01 4.000000000000000000e+01 1.290000000000000000e+02 1.240000000000000000e+02 2.720000000000000000e+02 5.040000000000000000e+02 8.230000000000000000e+02 1.432000000000000000e+03 3.561000000000000000e+03 3.995000000000000000e+03 4.719000000000000000e+03 1.190700000000000000e+04 1.156600000000000000e+04 1.804100000000000000e+04 6.226800000000000000e+04 9.185300000000000000e+04 1.119510000000000000e+05 1.885700000000000000e+05 3.325660000000000000e+05
5.885000000000000000e+03 1.975000000000000000e+03 2.450000000000000000e+03 3.133000000000000000e+03 4.377000000000000000e+03 1.430200000000000000e+04 2.041300000000000000e+04 3.310400000000000000e+04 6.422200000000000000e+04 7.352400000000000000e+04 9.990100000000000000e+04 2.347620000000000000e+05 3.282040000000000000e+05 4.772700000000000000e+05 1.178733000000000000e+06 1.892777000000000000e+06 2.929446000000000000e+06 5.501900000000000000e+06 8.229966000000000000e+06
7.006000000000000000e+03 2.963000000000000000e+03 3.453000000000000000e+03 3.372000000000000000e+03 4.618000000000000000e+03 1.371900000000000000e+04 2.114200000000000000e+04 4.288500000000000000e+04 8.519200000000000000e+04 1.016740000000000000e+05 1.597200000000000000e+05 2.770450000000000000e+05 3.204840000000000000e+05 6.509860000000000000e+05 1.491090000000000000e+06 2.677473000000000000e+06 4.500791000000000000e+06 7.037422000000000000e+06 1.202051100000000000e+07
1.968000000000000000e+03 1.279000000000000000e+03 2.523000000000000000e+03 2.226000000000000000e+03 3.468000000000000000e+03 9.682000000000000000e+03 1.543000000000000000e+04 2.441600000000000000e+04 5.006300000000000000e+04 5.865500000000000000e+04 8.702300000000000000e+04 2.102620000000000000e+05 3.262880000000000000e+05 5.481900000000000000e+05 1.417553000000000000e+06 2.274347000000000000e+06 3.103899000000000000e+06 5.289960000000000000e+06 6.368994000000000000e+06
3.068000000000000000e+03 1.696000000000000000e+03 3.147000000000000000e+03 3.380000000000000000e+03 4.647000000000000000e+03 1.059700000000000000e+04 1.537100000000000000e+04 2.829800000000000000e+04 6.137300000000000000e+04 7.316100000000000000e+04 1.078150000000000000e+05 2.156210000000000000e+05 1.929780000000000000e+05 2.956440000000000000e+05 9.644770000000000000e+05 1.213877000000000000e+06 2.259071000000000000e+06 5.282166000000000000e+06 7.643787000000000000e+06
7.716000000000000000e+03 2.934000000000000000e+03 8.020000000000000000e+02 7.750000000000000000e+02 1.542000000000000000e+03 4.441000000000000000e+03 7.769000000000000000e+03 1.425900000000000000e+04 3.145600000000000000e+04 4.468600000000000000e+04 4.826600000000000000e+04 5.510000000000000000e+04 4.392300000000000000e+04 7.390600000000000000e+04 2.526190000000000000e+05 3.548310000000000000e+05 5.944920000000000000e+05 1.012616000000000000e+06 1.179298000000000000e+06
1.058500000000000000e+04 5.085000000000000000e+03 3.545000000000000000e+03 3.731000000000000000e+03 6.671000000000000000e+03 1.718800000000000000e+04 2.597300000000000000e+04 4.277400000000000000e+04 9.761100000000000000e+04 1.160920000000000000e+05 1.796680000000000000e+05 3.467960000000000000e+05 4.419260000000000000e+05 8.700710000000000000e+05 2.223508000000000000e+06 3.793229000000000000e+06 6.136258000000000000e+06 1.283525800000000000e+07 1.770217100000000000e+07
1.252900000000000000e+04 6.029000000000000000e+03 4.828000000000000000e+03 5.087000000000000000e+03 7.404000000000000000e+03 1.953500000000000000e+04 2.822400000000000000e+04 5.415100000000000000e+04 1.150260000000000000e+05 1.318310000000000000e+05 2.317510000000000000e+05 3.986200000000000000e+05 4.912550000000000000e+05 1.015776000000000000e+06 2.943858000000000000e+06 4.093049000000000000e+06 7.473293000000000000e+06 1.363668000000000000e+07 1.962510600000000000e+07
