# {'chrom': '19', 'window_id': '1', 'statistic': 'H2', 'bounds': [27000000, 43000000], 'span': 16000000, 'n_sites': 8029069, 'coverage': 50.18, 'right_discontinuous': False, 'rows': "{0: 'Altai', 1: 'Chagyrskaya', 2: 'Denisova', 3: 'French-1', 4: 'Han-1', 5: 'Khomani_San-2', 6: 'Papuan-2', 7: 'Vindija', 8: 'Yoruba-1', 9: 'Yoruba-3'}"}
0.000000000000000000e+00 5.000000000000000000e+00 3.200000000000000000e+01 8.000000000000000000e+01 1.650000000000000000e+02 4.570000000000000000e+02 6.820000000000000000e+02 1.025000000000000000e+03 1.936000000000000000e+03 2.243000000000000000e+03 3.767000000000000000e+03 7.367000000000000000e+03 3.728000000000000000e+03 3.295000000000000000e+03 8.347000000000000000e+03 1.706400000000000000e+04 3.452400000000000000e+04 9.772900000000000000e+04 6.731100000000000000e+04
7.500000000000000000e+01 6.900000000000000000e+01 1.530000000000000000e+02 2.140000000000000000e+02 4.050000000000000000e+02 9.420000000000000000e+02 1.634000000000000000e+03 1.861000000000000000e+03 4.086000000000000000e+03 3.987000000000000000e+03 4.801000000000000000e+03 7.759000000000000000e+03 1.278400000000000000e+04 1.686900000000000000e+04 4.189800000000000000e+04 5.231800000000000000e+04 1.073870000000000000e+05 3.190650000000000000e+05 4.639680000000000000e+05
2.110000000000000000e+02 1.160000000000000000e+02 1.160000000000000000e+02 7.500000000000000000e+01 2.380000000000000000e+02 4.570000000000000000e+02 6.290000000000000000e+02 8.430000000000000000e+02 2.892000000000000000e+03 1.537000000000000000e+03 2.259000000000000000e+03 4.619000000000000000e+03 5.921000000000000000e+03 1.169900000000000000e+04 3.134500000000000000e+04 4.027300000000000000e+04 9.042900000000000000e+04 2.194050000000000000e+05 3.417350000000000000e+05
0.000000000000000000e+00 0.000000000000000000e+00 0.000000000000000000e+00 0.000000000000000000e+00 0.000000000000000000e+00 1.000000000000000000e+00 1.000000000000000000e+00 0.000000000000000000e+00 0.000000000000000000e+00 2.000000000000000000e+00 0.000000000000000000e+00 5.000000000000000000e+00 6.000000000000000000e+00 1.000000000000000000e+00 1.300000000000000000e+01 1.120000000000000000e+02 1.694000000000000000e+03 4.023000000000000000e+03 1.693100000000000000e+04
4.826000000000000000e+03 1.064000000000000000e+03 1.663000000000000000e+03 1.520000000000000000e+03 2.636000000000000000e+03 8.985000000000000000e+03 1.219800000000000000e+04 2.003000000000000000e+04 3.658600000000000000e+04 4.469600000000000000e+04 5.968800000000000000e+04 9.577600000000000000e+04 7.551400000000000000e+04 2.085920000000000000e+05 6.531870000000000000e+05 1.012724000000000000e+06 1.659711000000000000e+06 4.671812000000000000e+06 6.692055000000000000e+06
1.505000000000000000e+03 1.235000000000000000e+03 2.398000000000000000e+03 2.948000000000000000e+03 5.646000000000000000e+03 1.341500000000000000e+04 1.816000000000000000e+04 2.722800000000000000e+04 5.708600000000000000e+04 7.114400000000000000e+04 9.121800000000000000e+04 1.811500000000000000e+05 2.240210000000000000e+05 4.573020000000000000e+05 1.552234000000000000e+06 2.101378000000000000e+06 3.483237000000000000e+06 1.044941400000000000e+07 1.542817900000000000e+07
1.106000000000000000e+03 9.080000000000000000e+02 1.508000000000000000e+03 1.495000000000000000e+03 2.708000000000000000e+03 7.016000000000000000e+03 1.049800000000000000e+04 1.529000000000000000e+04 3.406300000000000000e+04 4.331100000000000000e+04 6.252600000000000000e+04 1.181670000000000000e+05 1.327440000000000000e+05 1.637900000000000000e+05 4.449820000000000000e+05 7.019470000000000000e+05 1.255717000000000000e+06 3.419928000000000000e+06 5.882247000000000000e+06
7.300000000000000000e+01 4.900000000000000000e+01 9.600000000000000000e+01 2.740000000000000000e+02 8.120000000000000000e+02 8.880000000000000000e+02 1.210000000000000000e+03 1.431000000000000000e+03 3.722000000000000000e+03 5.295000000000000000e+03 5.708000000000000000e+03 9.311000000000000000e+03 6.629000000000000000e+03 1.123000000000000000e+04 2.588300000000000000e+04 3.759000000000000000e+04 1.216260000000000000e+05 2.873070000000000000e+05 4.442660000000000000e+05
9.760000000000000000e+02 7.740000000000000000e+02 1.849000000000000000e+03 2.179000000000000000e+03 3.659000000000000000e+03 7.267000000000000000e+03 1.178800000000000000e+04 1.882600000000000000e+04 3.929800000000000000e+04 4.527500000000000000e+04 7.148800000000000000e+04 1.243210000000000000e+05 1.518160000000000000e+05 2.986230000000000000e+05 9.354610000000000000e+05 1.364946000000000000e+06 2.520237000000000000e+06 7.556534000000000000e+06 1.157949800000000000e+07
5.186000000000000000e+03 1.587000000000000000e+03 2.548000000000000000e+03 2.371000000000000000e+03 3.941000000000000000e+03 1.080100000000000000e+04 1.777900000000000000e+04 2.409400000000000000e+04 4.810200000000000000e+04 6.196500000000000000e+04 7.527100000000000000e+04 1.470610000000000000e+05 1.652840000000000000e+05 3.521280000000000000e+05 1.133054000000000000e+06 1.756084000000000000e+06 2.790337000000000000e+06 8.495299000000000000e+06 1.216573200000000000e+07
