# {'chrom': '19', 'window_id': '2', 'statistic': 'H2', 'bounds': [43000000, 60000000], 'span': 17000000, 'n_sites': 6758808, 'coverage': 39.76, 'right_discontinuous': True, 'rows': "{0: 'Altai', 1: 'Chagyrskaya', 2: 'Denisova', 3: 'French-1', 4: 'Han-1', 5: 'Khomani_San-2', 6: 'Papuan-2', 7: 'Vindija', 8: 'Yoruba-1', 9: 'Yoruba-3'}"}
1.000000000000000000e+00 1.000000000000000000e+00 2.000000000000000000e+00 1.800000000000000000e+01 1.140000000000000000e+02 7.720000000000000000e+02 8.520000000000000000e+02 1.414000000000000000e+03 2.101000000000000000e+03 2.125000000000000000e+03 2.515000000000000000e+03 4.314000000000000000e+03 2.259000000000000000e+03 4.969000000000000000e+03 1.644400000000000000e+04 2.066000000000000000e+04 4.765300000000000000e+04 1.254490000000000000e+05 1.597260000000000000e+05
5.300000000000000000e+01 3.600000000000000000e+01 6.400000000000000000e+01 1.500000000000000000e+02 2.690000000000000000e+02 1.157000000000000000e+03 1.332000000000000000e+03 1.665000000000000000e+03 3.444000000000000000e+03 3.011000000000000000e+03 4.029000000000000000e+03 4.500000000000000000e+03 6.139000000000000000e+03 8.873000000000000000e+03 1.958500000000000000e+04 1.983800000000000000e+04 4.808900000000000000e+04 9.143300000000000000e+04 1.564860000000000000e+05
1.320000000000000000e+02 7.100000000000000000e+01 9.500000000000000000e+01 8.300000000000000000e+01 2.760000000000000000e+02 1.170000000000000000e+03 1.375000000000000000e+03 1.811000000000000000e+03 2.750000000000000000e+03 1.919000000000000000e+03 3.750000000000000000e+03 6.754000000000000000e+03 6.388000000000000000e+03 8.853000000000000000e+03 2.111700000000000000e+04 3.981600000000000000e+04 5.306800000000000000e+04 1.658340000000000000e+05 2.475900000000000000e+05
1.325000000000000000e+03 3.830000000000000000e+02 5.800000000000000000e+02 5.540000000000000000e+02 9.380000000000000000e+02 2.812000000000000000e+03 4.541000000000000000e+03 8.272000000000000000e+03 1.710500000000000000e+04 1.669600000000000000e+04 2.658600000000000000e+04 4.456100000000000000e+04 5.870800000000000000e+04 7.883200000000000000e+04 2.650140000000000000e+05 4.460610000000000000e+05 7.025950000000000000e+05 2.112527000000000000e+06 3.013562000000000000e+06
4.020000000000000000e+02 2.120000000000000000e+02 3.930000000000000000e+02 4.330000000000000000e+02 6.250000000000000000e+02 1.877000000000000000e+03 3.638000000000000000e+03 5.618000000000000000e+03 1.149600000000000000e+04 1.309000000000000000e+04 2.118300000000000000e+04 4.026500000000000000e+04 5.411900000000000000e+04 7.725100000000000000e+04 1.902530000000000000e+05 3.129450000000000000e+05 4.715470000000000000e+05 1.511873000000000000e+06 2.040919000000000000e+06
3.470000000000000000e+02 3.200000000000000000e+02 6.210000000000000000e+02 7.140000000000000000e+02 1.293000000000000000e+03 3.608000000000000000e+03 6.172000000000000000e+03 1.050000000000000000e+04 2.369500000000000000e+04 2.563300000000000000e+04 3.775500000000000000e+04 7.309900000000000000e+04 8.409300000000000000e+04 1.308400000000000000e+05 4.749180000000000000e+05 6.899580000000000000e+05 1.262163000000000000e+06 3.548112000000000000e+06 4.971553000000000000e+06
3.240000000000000000e+02 2.180000000000000000e+02 4.930000000000000000e+02 6.480000000000000000e+02 1.077000000000000000e+03 2.999000000000000000e+03 4.966000000000000000e+03 7.618000000000000000e+03 1.652600000000000000e+04 1.918300000000000000e+04 2.872400000000000000e+04 5.484700000000000000e+04 7.081100000000000000e+04 9.459200000000000000e+04 2.874220000000000000e+05 3.799210000000000000e+05 6.242500000000000000e+05 1.471920000000000000e+06 2.691485000000000000e+06
5.800000000000000000e+01 1.500000000000000000e+01 3.400000000000000000e+01 1.000000000000000000e+02 2.190000000000000000e+02 1.026000000000000000e+03 1.085000000000000000e+03 1.693000000000000000e+03 3.198000000000000000e+03 2.973000000000000000e+03 4.315000000000000000e+03 6.178000000000000000e+03 5.492000000000000000e+03 8.819000000000000000e+03 2.583700000000000000e+04 3.690500000000000000e+04 6.241200000000000000e+04 1.673680000000000000e+05 2.955090000000000000e+05
6.470000000000000000e+02 2.540000000000000000e+02 6.700000000000000000e+02 7.620000000000000000e+02 1.339000000000000000e+03 3.933000000000000000e+03 5.833000000000000000e+03 9.459000000000000000e+03 2.147300000000000000e+04 2.344100000000000000e+04 3.783500000000000000e+04 7.601600000000000000e+04 1.003880000000000000e+05 1.624270000000000000e+05 4.793290000000000000e+05 6.791940000000000000e+05 1.194014000000000000e+06 3.478926000000000000e+06 5.098383000000000000e+06
7.280000000000000000e+02 3.180000000000000000e+02 6.250000000000000000e+02 8.240000000000000000e+02 1.347000000000000000e+03 3.565000000000000000e+03 5.833000000000000000e+03 9.960000000000000000e+03 2.262600000000000000e+04 2.124700000000000000e+04 2.917000000000000000e+04 5.993800000000000000e+04 7.652000000000000000e+04 1.346840000000000000e+05 4.038920000000000000e+05 6.181110000000000000e+05 1.190035000000000000e+06 3.322797000000000000e+06 4.816380000000000000e+06
