# {'chrom': '19', 'window_id': '0', 'statistic': 'H2', 'bounds': [0, 25000000], 'span': 25000000, 'n_sites': 9206011, 'coverage': 36.82, 'right_discontinuous': True, 'rows': "{0: 'Altai', 1: 'Chagyrskaya', 2: 'Denisova', 3: 'French-1', 4: 'Han-1', 5: 'Khomani_San-2', 6: 'Papuan-2', 7: 'Vindija', 8: 'Yoruba-1', 9: 'Yoruba-3'}"}
1.340000000000000000e+02 1.180000000000000000e+02 2.230000000000000000e+02 1.280000000000000000e+02 1.440000000000000000e+02 6.000000000000000000e+02 1.205000000000000000e+03 1.597000000000000000e+03 4.194000000000000000e+03 5.307000000000000000e+03 8.892000000000000000e+03 8.974000000000000000e+03 1.162300000000000000e+04 1.028400000000000000e+04 2.574400000000000000e+04 3.138700000000000000e+04 7.736100000000000000e+04 2.089290000000000000e+05 4.157410000000000000e+05
5.500000000000000000e+01 4.700000000000000000e+01 1.100000000000000000e+02 9.100000000000000000e+01 1.050000000000000000e+02 2.200000000000000000e+02 5.500000000000000000e+02 6.270000000000000000e+02 1.179000000000000000e+03 1.119000000000000000e+03 1.271000000000000000e+03 2.336000000000000000e+03 3.029000000000000000e+03 4.384000000000000000e+03 8.467000000000000000e+03 1.277000000000000000e+04 1.971300000000000000e+04 2.756200000000000000e+04 7.750800000000000000e+04
1.500000000000000000e+01 3.000000000000000000e+00 1.400000000000000000e+01 5.200000000000000000e+01 1.370000000000000000e+02 3.910000000000000000e+02 5.950000000000000000e+02 1.006000000000000000e+03 2.274000000000000000e+03 2.346000000000000000e+03 2.707000000000000000e+03 4.748000000000000000e+03 4.363000000000000000e+03 8.689000000000000000e+03 1.932500000000000000e+04 3.178600000000000000e+04 5.991000000000000000e+04 1.836360000000000000e+05 3.154960000000000000e+05
2.700000000000000000e+01 2.600000000000000000e+01 1.120000000000000000e+02 1.740000000000000000e+02 3.670000000000000000e+02 1.296000000000000000e+03 1.854000000000000000e+03 3.862000000000000000e+03 8.734000000000000000e+03 1.060800000000000000e+04 1.264400000000000000e+04 2.185900000000000000e+04 1.866700000000000000e+04 4.178900000000000000e+04 1.066550000000000000e+05 1.563990000000000000e+05 3.391290000000000000e+05 8.997740000000000000e+05 1.292760000000000000e+06
1.350000000000000000e+02 1.970000000000000000e+02 4.950000000000000000e+02 6.640000000000000000e+02 1.189000000000000000e+03 3.631000000000000000e+03 5.745000000000000000e+03 9.602000000000000000e+03 2.102500000000000000e+04 2.652600000000000000e+04 3.406900000000000000e+04 5.404700000000000000e+04 4.761300000000000000e+04 9.807800000000000000e+04 2.851200000000000000e+05 4.470990000000000000e+05 9.160270000000000000e+05 2.629990000000000000e+06 4.300566000000000000e+06
1.011000000000000000e+03 7.990000000000000000e+02 1.100000000000000000e+03 1.225000000000000000e+03 2.460000000000000000e+03 7.016000000000000000e+03 1.154900000000000000e+04 1.851800000000000000e+04 3.976700000000000000e+04 4.354700000000000000e+04 6.789900000000000000e+04 1.184700000000000000e+05 1.426930000000000000e+05 2.551100000000000000e+05 7.334690000000000000e+05 1.089699000000000000e+06 2.354513000000000000e+06 6.582247000000000000e+06 1.106694000000000000e+07
5.770000000000000000e+02 3.970000000000000000e+02 5.290000000000000000e+02 5.220000000000000000e+02 1.061000000000000000e+03 3.397000000000000000e+03 5.283000000000000000e+03 8.635000000000000000e+03 1.910700000000000000e+04 2.076300000000000000e+04 3.300300000000000000e+04 4.611500000000000000e+04 5.797500000000000000e+04 6.112400000000000000e+04 2.088110000000000000e+05 2.523500000000000000e+05 6.062590000000000000e+05 1.817211000000000000e+06 2.890129000000000000e+06
2.400000000000000000e+01 2.300000000000000000e+01 5.900000000000000000e+01 7.400000000000000000e+01 1.840000000000000000e+02 4.260000000000000000e+02 5.600000000000000000e+02 1.033000000000000000e+03 2.055000000000000000e+03 1.996000000000000000e+03 3.179000000000000000e+03 4.756000000000000000e+03 3.326000000000000000e+03 6.539000000000000000e+03 1.309200000000000000e+04 2.931800000000000000e+04 5.415400000000000000e+04 1.409210000000000000e+05 2.532540000000000000e+05
9.010000000000000000e+02 7.100000000000000000e+02 1.236000000000000000e+03 1.358000000000000000e+03 2.232000000000000000e+03 6.553000000000000000e+03 1.062900000000000000e+04 1.731000000000000000e+04 3.983500000000000000e+04 4.751900000000000000e+04 6.895500000000000000e+04 1.271700000000000000e+05 1.497380000000000000e+05 2.030090000000000000e+05 5.612640000000000000e+05 9.316530000000000000e+05 1.819039000000000000e+06 5.485030000000000000e+06 9.221255000000000000e+06
1.061000000000000000e+03 6.960000000000000000e+02 8.890000000000000000e+02 9.310000000000000000e+02 1.665000000000000000e+03 5.360000000000000000e+03 8.662000000000000000e+03 1.488900000000000000e+04 3.418900000000000000e+04 3.736000000000000000e+04 4.952500000000000000e+04 8.752000000000000000e+04 1.062820000000000000e+05 2.031350000000000000e+05 5.677820000000000000e+05 8.427640000000000000e+05 1.818029000000000000e+06 5.009462000000000000e+06 8.566309000000000000e+06
