# 'name' : 'rogers_a02_b00_d05_g06'
# 'source' : 'rogers_a02_b00_d05_g06.yaml'
# 'sample_pops' : ['X', 'D', 'Y', 'N']
# 'sample_size' : 1
# 'n_reps' : 100
# 'n_windows' : 200
# 'seq_length' : 100000000.0
# 'window_length' : 500000.0
# 'recomb_rate' : 1e-08
# 'mut_rate' : 1e-08
# 'created' : None
0.000000000000000000e+00 0.000000000000000000e+00 0.000000000000000000e+00 0.000000000000000000e+00 3.185487262943199199e-04 0.000000000000000000e+00 0.000000000000000000e+00 0.000000000000000000e+00 7.855057473583624064e-04 7.786756778224519695e-04 0.000000000000000000e+00 0.000000000000000000e+00 8.361166592580749181e-04 8.234917942220166924e-04 1.179515589549254588e-04 0.000000000000000000e+00
0.000000000000000000e+00 0.000000000000000000e+00 0.000000000000000000e+00 0.000000000000000000e+00 3.227696387644664365e-04 0.000000000000000000e+00 0.000000000000000000e+00 0.000000000000000000e+00 7.645026407060104019e-04 7.497488178426536852e-04 0.000000000000000000e+00 0.000000000000000000e+00 8.421116486448392176e-04 8.217711394030999608e-04 1.276564063031885210e-04 0.000000000000000000e+00
0.000000000000000000e+00 0.000000000000000000e+00 0.000000000000000000e+00 0.000000000000000000e+00 3.230532555011327955e-04 0.000000000000000000e+00 0.000000000000000000e+00 0.000000000000000000e+00 7.904362901761538768e-04 7.807588480622906345e-04 0.000000000000000000e+00 0.000000000000000000e+00 8.478478271202303683e-04 8.345521200257693950e-04 1.184420719145999417e-04 0.000000000000000000e+00
0.000000000000000000e+00 0.000000000000000000e+00 0.000000000000000000e+00 0.000000000000000000e+00 3.196968087077882458e-04 0.000000000000000000e+00 0.000000000000000000e+00 0.000000000000000000e+00 7.756415749806528075e-04 7.626063828330766374e-04 0.000000000000000000e+00 0.000000000000000000e+00 8.503724383678592201e-04 8.303365031138733570e-04 1.227705302746878128e-04 0.000000000000000000e+00
0.000000000000000000e+00 0.000000000000000000e+00 0.000000000000000000e+00 0.000000000000000000e+00 3.269895026803097812e-04 0.000000000000000000e+00 0.000000000000000000e+00 0.000000000000000000e+00 7.917063170863754794e-04 7.737856062393628880e-04 0.000000000000000000e+00 0.000000000000000000e+00 8.491771442963496133e-04 8.270013603237675193e-04 1.151135141559388197e-04 0.000000000000000000e+00
0.000000000000000000e+00 0.000000000000000000e+00 0.000000000000000000e+00 0.000000000000000000e+00 3.210913811533539072e-04 0.000000000000000000e+00 0.000000000000000000e+00 0.000000000000000000e+00 7.764708061606691693e-04 7.672877189778275382e-04 0.000000000000000000e+00 0.000000000000000000e+00 8.434482702670976616e-04 8.274033603058077516e-04 1.131367268394832900e-04 0.000000000000000000e+00
0.000000000000000000e+00 0.000000000000000000e+00 0.000000000000000000e+00 0.000000000000000000e+00 3.263886930785995502e-04 0.000000000000000000e+00 0.000000000000000000e+00 0.000000000000000000e+00 7.872429123312167133e-04 7.832399072831966241e-04 0.000000000000000000e+00 0.000000000000000000e+00 8.331908532496979302e-04 8.195469859539631025e-04 1.368720579783875668e-04 0.000000000000000000e+00
0.000000000000000000e+00 0.000000000000000000e+00 0.000000000000000000e+00 0.000000000000000000e+00 3.157437013664579693e-04 0.000000000000000000e+00 0.000000000000000000e+00 0.000000000000000000e+00 7.963117690752468053e-04 7.793485037389569258e-04 0.000000000000000000e+00 0.000000000000000000e+00 8.535147060681530420e-04 8.290236081528043954e-04 1.173060254052669927e-04 0.000000000000000000e+00
0.000000000000000000e+00 0.000000000000000000e+00 0.000000000000000000e+00 0.000000000000000000e+00 3.313786252522271745e-04 0.000000000000000000e+00 0.000000000000000000e+00 0.000000000000000000e+00 7.851138230918078623e-04 7.824964035570821036e-04 0.000000000000000000e+00 0.000000000000000000e+00 8.469370870245225428e-04 8.373396915570452317e-04 1.306054686631031724e-04 0.000000000000000000e+00
0.000000000000000000e+00 0.000000000000000000e+00 0.000000000000000000e+00 0.000000000000000000e+00 3.528095338806681251e-04 0.000000000000000000e+00 0.000000000000000000e+00 0.000000000000000000e+00 8.013158284900204383e-04 7.846906818648474594e-04 0.000000000000000000e+00 0.000000000000000000e+00 8.657613803237180963e-04 8.425667382837957482e-04 1.222620577495862166e-04 0.000000000000000000e+00
0.000000000000000000e+00 0.000000000000000000e+00 0.000000000000000000e+00 0.000000000000000000e+00 3.328050565839103369e-04 0.000000000000000000e+00 0.000000000000000000e+00 0.000000000000000000e+00 7.960533308985119497e-04 7.860124789149689839e-04 0.000000000000000000e+00 0.000000000000000000e+00 8.545499087361964471e-04 8.370816248329154873e-04 1.232315958268088030e-04 0.000000000000000000e+00
0.000000000000000000e+00 0.000000000000000000e+00 0.000000000000000000e+00 0.000000000000000000e+00 3.161322395546875574e-04 0.000000000000000000e+00 0.000000000000000000e+00 0.000000000000000000e+00 7.725345748133316580e-04 7.711379446426864202e-04 0.000000000000000000e+00 0.000000000000000000e+00 8.225602597749627834e-04 8.154712874703062527e-04 1.166019933112906324e-04 0.000000000000000000e+00
0.000000000000000000e+00 0.000000000000000000e+00 0.000000000000000000e+00 0.000000000000000000e+00 3.189927008651639037e-04 0.000000000000000000e+00 0.000000000000000000e+00 0.000000000000000000e+00 7.822461361169573369e-04 7.701554773877202983e-04 0.000000000000000000e+00 0.000000000000000000e+00 8.412454147377776631e-04 8.258257779863631323e-04 1.293868339142707779e-04 0.000000000000000000e+00
0.000000000000000000e+00 0.000000000000000000e+00 0.000000000000000000e+00 0.000000000000000000e+00 3.260275825636898346e-04 0.000000000000000000e+00 0.000000000000000000e+00 0.000000000000000000e+00 7.735358582760065802e-04 7.644042130825240595e-04 0.000000000000000000e+00 0.000000000000000000e+00 8.440893016283894899e-04 8.302032773100202767e-04 1.247272389951114484e-04 0.000000000000000000e+00
0.000000000000000000e+00 0.000000000000000000e+00 0.000000000000000000e+00 0.000000000000000000e+00 3.250817677590901495e-04 0.000000000000000000e+00 0.000000000000000000e+00 0.000000000000000000e+00 7.658339896162406771e-04 7.527893705874913769e-04 0.000000000000000000e+00 0.000000000000000000e+00 8.278455883542318837e-04 8.082713229088378526e-04 1.136649167080424711e-04 0.000000000000000000e+00
0.000000000000000000e+00 0.000000000000000000e+00 0.000000000000000000e+00 0.000000000000000000e+00 3.294753336723602760e-04 0.000000000000000000e+00 0.000000000000000000e+00 0.000000000000000000e+00 7.546626514088015936e-04 7.425468979971503423e-04 0.000000000000000000e+00 0.000000000000000000e+00 8.227577334098467665e-04 8.060533179465232106e-04 1.117820466347053965e-04 0.000000000000000000e+00
0.000000000000000000e+00 0.000000000000000000e+00 0.000000000000000000e+00 0.000000000000000000e+00 3.391753952783956721e-04 0.000000000000000000e+00 0.000000000000000000e+00 0.000000000000000000e+00 7.903792545721398605e-04 7.675775369563777716e-04 0.000000000000000000e+00 0.000000000000000000e+00 8.474139576888660213e-04 8.204046369814506053e-04 1.244457297294206805e-04 0.000000000000000000e+00
0.000000000000000000e+00 0.000000000000000000e+00 0.000000000000000000e+00 0.000000000000000000e+00 3.224069785266186366e-04 0.000000000000000000e+00 0.000000000000000000e+00 0.000000000000000000e+00 7.888621372012145656e-04 7.762525611869016979e-04 0.000000000000000000e+00 0.000000000000000000e+00 8.469852814464985625e-04 8.267014847521543227e-04 1.181136390955255097e-04 0.000000000000000000e+00
0.000000000000000000e+00 0.000000000000000000e+00 0.000000000000000000e+00 0.000000000000000000e+00 3.265766484796255465e-04 0.000000000000000000e+00 0.000000000000000000e+00 0.000000000000000000e+00 7.589373265037662993e-04 7.441436287949983359e-04 0.000000000000000000e+00 0.000000000000000000e+00 8.214234514572111862e-04 8.005689027114272927e-04 1.108345320632941558e-04 0.000000000000000000e+00
0.000000000000000000e+00 0.000000000000000000e+00 0.000000000000000000e+00 0.000000000000000000e+00 3.388787696239050555e-04 0.000000000000000000e+00 0.000000000000000000e+00 0.000000000000000000e+00 7.839548747887170599e-04 7.857763356758800700e-04 0.000000000000000000e+00 0.000000000000000000e+00 8.316206680669427321e-04 8.252730933910032212e-04 1.243145442799764111e-04 0.000000000000000000e+00
0.000000000000000000e+00 0.000000000000000000e+00 0.000000000000000000e+00 0.000000000000000000e+00 3.237560606263278733e-04 0.000000000000000000e+00 0.000000000000000000e+00 0.000000000000000000e+00 7.667799203988313536e-04 7.596536737777510396e-04 0.000000000000000000e+00 0.000000000000000000e+00 8.434007529621272278e-04 8.299711219948776187e-04 1.339831721418258939e-04 0.000000000000000000e+00
0.000000000000000000e+00 0.000000000000000000e+00 0.000000000000000000e+00 0.000000000000000000e+00 3.223395249976967829e-04 0.000000000000000000e+00 0.000000000000000000e+00 0.000000000000000000e+00 8.033138525834726236e-04 7.913749438128885906e-04 0.000000000000000000e+00 0.000000000000000000e+00 8.410484709633289386e-04 8.257298697258298563e-04 1.157491381108918154e-04 0.000000000000000000e+00
0.000000000000000000e+00 0.000000000000000000e+00 0.000000000000000000e+00 0.000000000000000000e+00 3.118157031754588415e-04 0.000000000000000000e+00 0.000000000000000000e+00 0.000000000000000000e+00 7.759335312951267348e-04 7.684364106091378906e-04 0.000000000000000000e+00 0.000000000000000000e+00 8.516453449812260356e-04 8.429066219368367037e-04 1.336114886181455970e-04 0.000000000000000000e+00
0.000000000000000000e+00 0.000000000000000000e+00 0.000000000000000000e+00 0.000000000000000000e+00 3.230009048902372760e-04 0.000000000000000000e+00 0.000000000000000000e+00 0.000000000000000000e+00 8.029825470579621260e-04 7.942878843291522988e-04 0.000000000000000000e+00 0.000000000000000000e+00 8.614182744942746120e-04 8.491777771656423921e-04 1.285772678893606230e-04 0.000000000000000000e+00
0.000000000000000000e+00 0.000000000000000000e+00 0.000000000000000000e+00 0.000000000000000000e+00 3.206555124228958756e-04 0.000000000000000000e+00 0.000000000000000000e+00 0.000000000000000000e+00 7.693631766295906324e-04 7.596276765042160595e-04 0.000000000000000000e+00 0.000000000000000000e+00 8.231731305187759773e-04 8.049340904025161902e-04 1.105355752257100799e-04 0.000000000000000000e+00
0.000000000000000000e+00 0.000000000000000000e+00 0.000000000000000000e+00 0.000000000000000000e+00 3.170248199085392887e-04 0.000000000000000000e+00 0.000000000000000000e+00 0.000000000000000000e+00 7.712515481222992093e-04 7.636683922454828464e-04 0.000000000000000000e+00 0.000000000000000000e+00 8.430891466587036188e-04 8.286876409087414862e-04 1.281024679905616147e-04 0.000000000000000000e+00
0.000000000000000000e+00 0.000000000000000000e+00 0.000000000000000000e+00 0.000000000000000000e+00 3.272028137418542975e-04 0.000000000000000000e+00 0.000000000000000000e+00 0.000000000000000000e+00 7.799024956891349898e-04 7.742320699937355489e-04 0.000000000000000000e+00 0.000000000000000000e+00 8.476516062783097209e-04 8.363297727194347929e-04 1.206568132354360963e-04 0.000000000000000000e+00
0.000000000000000000e+00 0.000000000000000000e+00 0.000000000000000000e+00 0.000000000000000000e+00 3.125028462334742286e-04 0.000000000000000000e+00 0.000000000000000000e+00 0.000000000000000000e+00 7.703237055002691569e-04 7.611484664040582895e-04 0.000000000000000000e+00 0.000000000000000000e+00 8.500289344488656850e-04 8.385270175721170911e-04 1.334141860122289424e-04 0.000000000000000000e+00
0.000000000000000000e+00 0.000000000000000000e+00 0.000000000000000000e+00 0.000000000000000000e+00 3.203524505377310766e-04 0.000000000000000000e+00 0.000000000000000000e+00 0.000000000000000000e+00 7.870064277197270745e-04 7.754471952342722888e-04 0.000000000000000000e+00 0.000000000000000000e+00 8.512335914300703504e-04 8.311323640096456109e-04 1.237728575832383843e-04 0.000000000000000000e+00
0.000000000000000000e+00 0.000000000000000000e+00 0.000000000000000000e+00 0.000000000000000000e+00 3.303804451649806884e-04 0.000000000000000000e+00 0.000000000000000000e+00 0.000000000000000000e+00 7.937174696864040179e-04 7.784830426559946831e-04 0.000000000000000000e+00 0.000000000000000000e+00 8.426600777159060432e-04 8.205094472141465480e-04 1.251873513282156713e-04 0.000000000000000000e+00
0.000000000000000000e+00 0.000000000000000000e+00 0.000000000000000000e+00 0.000000000000000000e+00 3.373466727275949086e-04 0.000000000000000000e+00 0.000000000000000000e+00 0.000000000000000000e+00 7.774647509763598285e-04 7.608308665386552755e-04 0.000000000000000000e+00 0.000000000000000000e+00 8.636386733343772012e-04 8.442099344144381396e-04 1.222024829969689107e-04 0.000000000000000000e+00
0.000000000000000000e+00 0.000000000000000000e+00 0.000000000000000000e+00 0.000000000000000000e+00 3.136723288046378965e-04 0.000000000000000000e+00 0.000000000000000000e+00 0.000000000000000000e+00 7.624130054653334605e-04 7.488624642561325477e-04 0.000000000000000000e+00 0.000000000000000000e+00 8.156853051695562044e-04 7.920306837473470351e-04 1.319580997961053253e-04 0.000000000000000000e+00
0.000000000000000000e+00 0.000000000000000000e+00 0.000000000000000000e+00 0.000000000000000000e+00 3.454819791350665584e-04 0.000000000000000000e+00 0.000000000000000000e+00 0.000000000000000000e+00 7.933000766488600402e-04 7.868329085712242286e-04 0.000000000000000000e+00 0.000000000000000000e+00 8.562388672668036710e-04 8.390200143276516954e-04 1.192686557818852129e-04 0.000000000000000000e+00
0.000000000000000000e+00 0.000000000000000000e+00 0.000000000000000000e+00 0.000000000000000000e+00 3.283794441023071831e-04 0.000000000000000000e+00 0.000000000000000000e+00 0.000000000000000000e+00 7.698722589969765389e-04 7.627155962918682770e-04 0.000000000000000000e+00 0.000000000000000000e+00 8.380403258025323791e-04 8.259523114038800273e-04 1.182986748780485986e-04 0.000000000000000000e+00
0.000000000000000000e+00 0.000000000000000000e+00 0.000000000000000000e+00 0.000000000000000000e+00 3.350845322442323900e-04 0.000000000000000000e+00 0.000000000000000000e+00 0.000000000000000000e+00 8.043817836492582864e-04 7.952576627621415605e-04 0.000000000000000000e+00 0.000000000000000000e+00 8.882290708040935278e-04 8.705196026930405936e-04 1.400912491735249775e-04 0.000000000000000000e+00
0.000000000000000000e+00 0.000000000000000000e+00 0.000000000000000000e+00 0.000000000000000000e+00 3.374882093119542081e-04 0.000000000000000000e+00 0.000000000000000000e+00 0.000000000000000000e+00 7.964932064088277525e-04 7.813862646499255800e-04 0.000000000000000000e+00 0.000000000000000000e+00 8.632174764712849521e-04 8.396477260045743900e-04 1.349684669533100703e-04 0.000000000000000000e+00
0.000000000000000000e+00 0.000000000000000000e+00 0.000000000000000000e+00 0.000000000000000000e+00 3.230200330132209350e-04 0.000000000000000000e+00 0.000000000000000000e+00 0.000000000000000000e+00 7.762363777556601126e-04 7.628262746590361602e-04 0.000000000000000000e+00 0.000000000000000000e+00 8.402546494825972835e-04 8.198561179837925410e-04 1.256227713138178398e-04 0.000000000000000000e+00
0.000000000000000000e+00 0.000000000000000000e+00 0.000000000000000000e+00 0.000000000000000000e+00 3.389299294378530364e-04 0.000000000000000000e+00 0.000000000000000000e+00 0.000000000000000000e+00 7.993235101463710057e-04 7.840546327232457164e-04 0.000000000000000000e+00 0.000000000000000000e+00 8.829676224715172746e-04 8.617310317763840618e-04 1.167617614345100506e-04 0.000000000000000000e+00
0.000000000000000000e+00 0.000000000000000000e+00 0.000000000000000000e+00 0.000000000000000000e+00 3.252425851559665425e-04 0.000000000000000000e+00 0.000000000000000000e+00 0.000000000000000000e+00 7.976043774475458092e-04 7.920034862504285933e-04 0.000000000000000000e+00 0.000000000000000000e+00 8.323111140641044825e-04 8.205712678167814212e-04 1.244527299120928919e-04 0.000000000000000000e+00
0.000000000000000000e+00 0.000000000000000000e+00 0.000000000000000000e+00 0.000000000000000000e+00 3.348271089987664450e-04 0.000000000000000000e+00 0.000000000000000000e+00 0.000000000000000000e+00 7.866919617879753867e-04 7.807701683464684595e-04 0.000000000000000000e+00 0.000000000000000000e+00 8.740204160962941225e-04 8.641481391011236529e-04 1.324072720994214937e-04 0.000000000000000000e+00
0.000000000000000000e+00 0.000000000000000000e+00 0.000000000000000000e+00 0.000000000000000000e+00 3.344865209379819832e-04 0.000000000000000000e+00 0.000000000000000000e+00 0.000000000000000000e+00 7.850628214914270745e-04 7.653491903550591014e-04 0.000000000000000000e+00 0.000000000000000000e+00 8.452021182245074166e-04 8.189832683695003578e-04 1.216924724707666117e-04 0.000000000000000000e+00
0.000000000000000000e+00 0.000000000000000000e+00 0.000000000000000000e+00 0.000000000000000000e+00 3.362993009086368478e-04 0.000000000000000000e+00 0.000000000000000000e+00 0.000000000000000000e+00 7.872827143021632508e-04 7.760775004004008201e-04 0.000000000000000000e+00 0.000000000000000000e+00 8.427961749150821328e-04 8.237892216121086653e-04 1.202668313082636719e-04 0.000000000000000000e+00
0.000000000000000000e+00 0.000000000000000000e+00 0.000000000000000000e+00 0.000000000000000000e+00 3.152388893852890142e-04 0.000000000000000000e+00 0.000000000000000000e+00 0.000000000000000000e+00 7.622599762387854971e-04 7.461757096778954060e-04 0.000000000000000000e+00 0.000000000000000000e+00 8.126693128322668401e-04 7.927386502670967592e-04 1.198391497701653476e-04 0.000000000000000000e+00
0.000000000000000000e+00 0.000000000000000000e+00 0.000000000000000000e+00 0.000000000000000000e+00 3.343321052596784793e-04 0.000000000000000000e+00 0.000000000000000000e+00 0.000000000000000000e+00 7.983499309756273820e-04 7.838204391251113413e-04 0.000000000000000000e+00 0.000000000000000000e+00 8.677409699430259447e-04 8.480671603369926894e-04 1.152500210129321130e-04 0.000000000000000000e+00
0.000000000000000000e+00 0.000000000000000000e+00 0.000000000000000000e+00 0.000000000000000000e+00 3.274087987198482427e-04 0.000000000000000000e+00 0.000000000000000000e+00 0.000000000000000000e+00 7.901367130258227234e-04 7.706027631409463835e-04 0.000000000000000000e+00 0.000000000000000000e+00 8.277461276994187199e-04 8.025886192558260007e-04 1.241754511904393627e-04 0.000000000000000000e+00
0.000000000000000000e+00 0.000000000000000000e+00 0.000000000000000000e+00 0.000000000000000000e+00 3.219782334110851641e-04 0.000000000000000000e+00 0.000000000000000000e+00 0.000000000000000000e+00 7.661430863046055518e-04 7.624453406426048852e-04 0.000000000000000000e+00 0.000000000000000000e+00 8.379195300624681054e-04 8.298161863858094945e-04 1.278347691552749897e-04 0.000000000000000000e+00
0.000000000000000000e+00 0.000000000000000000e+00 0.000000000000000000e+00 0.000000000000000000e+00 3.322500439903184667e-04 0.000000000000000000e+00 0.000000000000000000e+00 0.000000000000000000e+00 7.888703627705280280e-04 7.684018858931757024e-04 0.000000000000000000e+00 0.000000000000000000e+00 8.427525590928708473e-04 8.158666559715596752e-04 1.161002868672208988e-04 0.000000000000000000e+00
0.000000000000000000e+00 0.000000000000000000e+00 0.000000000000000000e+00 0.000000000000000000e+00 3.233724602879868635e-04 0.000000000000000000e+00 0.000000000000000000e+00 0.000000000000000000e+00 7.891543684547318131e-04 7.828020846182065159e-04 0.000000000000000000e+00 0.000000000000000000e+00 8.490881834218532397e-04 8.370383296010718227e-04 1.399648086025256661e-04 0.000000000000000000e+00
0.000000000000000000e+00 0.000000000000000000e+00 0.000000000000000000e+00 0.000000000000000000e+00 3.405087930765090870e-04 0.000000000000000000e+00 0.000000000000000000e+00 0.000000000000000000e+00 7.770266489224997167e-04 7.566126774347588279e-04 0.000000000000000000e+00 0.000000000000000000e+00 8.478753771895523742e-04 8.259770110215735022e-04 1.164194019839769870e-04 0.000000000000000000e+00
0.000000000000000000e+00 0.000000000000000000e+00 0.000000000000000000e+00 0.000000000000000000e+00 3.294186472285561191e-04 0.000000000000000000e+00 0.000000000000000000e+00 0.000000000000000000e+00 7.882284332969959149e-04 7.794593999886665703e-04 0.000000000000000000e+00 0.000000000000000000e+00 8.464295280519541559e-04 8.317655432506669338e-04 1.242299976499082210e-04 0.000000000000000000e+00
0.000000000000000000e+00 0.000000000000000000e+00 0.000000000000000000e+00 0.000000000000000000e+00 3.278775423765724925e-04 0.000000000000000000e+00 0.000000000000000000e+00 0.000000000000000000e+00 7.688546813734305728e-04 7.567011281244504254e-04 0.000000000000000000e+00 0.000000000000000000e+00 8.280365601231054343e-04 8.092790998787488142e-04 1.244019045661005484e-04 0.000000000000000000e+00
0.000000000000000000e+00 0.000000000000000000e+00 0.000000000000000000e+00 0.000000000000000000e+00 3.306696985907519389e-04 0.000000000000000000e+00 0.000000000000000000e+00 0.000000000000000000e+00 7.986944742228072568e-04 7.801838710043380387e-04 0.000000000000000000e+00 0.000000000000000000e+00 8.629814661939860538e-04 8.375442801027343717e-04 1.287005887509796206e-04 0.000000000000000000e+00
0.000000000000000000e+00 0.000000000000000000e+00 0.000000000000000000e+00 0.000000000000000000e+00 3.251276636200443665e-04 0.000000000000000000e+00 0.000000000000000000e+00 0.000000000000000000e+00 7.837370422944939241e-04 7.727709321452058472e-04 0.000000000000000000e+00 0.000000000000000000e+00 8.412997717979371886e-04 8.263089085339885920e-04 1.205838597714831281e-04 0.000000000000000000e+00
0.000000000000000000e+00 0.000000000000000000e+00 0.000000000000000000e+00 0.000000000000000000e+00 3.256981047640662621e-04 0.000000000000000000e+00 0.000000000000000000e+00 0.000000000000000000e+00 7.514192146792377349e-04 7.473271223430913825e-04 0.000000000000000000e+00 0.000000000000000000e+00 8.288355022764578271e-04 8.163339215691753879e-04 1.239948566629383057e-04 0.000000000000000000e+00
0.000000000000000000e+00 0.000000000000000000e+00 0.000000000000000000e+00 0.000000000000000000e+00 3.500143401707375528e-04 0.000000000000000000e+00 0.000000000000000000e+00 0.000000000000000000e+00 8.033112211075188165e-04 7.807571943092567060e-04 0.000000000000000000e+00 0.000000000000000000e+00 8.697404539792220847e-04 8.408473721805392442e-04 1.366078101885139222e-04 0.000000000000000000e+00
0.000000000000000000e+00 0.000000000000000000e+00 0.000000000000000000e+00 0.000000000000000000e+00 3.236896817410759696e-04 0.000000000000000000e+00 0.000000000000000000e+00 0.000000000000000000e+00 7.925323777010565007e-04 7.776756023749035627e-04 0.000000000000000000e+00 0.000000000000000000e+00 8.570003531506345095e-04 8.338825804769734373e-04 1.389154785840023237e-04 0.000000000000000000e+00
0.000000000000000000e+00 0.000000000000000000e+00 0.000000000000000000e+00 0.000000000000000000e+00 3.401113202091066092e-04 0.000000000000000000e+00 0.000000000000000000e+00 0.000000000000000000e+00 7.734791377762913374e-04 7.565936818596270949e-04 0.000000000000000000e+00 0.000000000000000000e+00 8.505577448537199846e-04 8.256216309691030448e-04 1.358770019436951373e-04 0.000000000000000000e+00
0.000000000000000000e+00 0.000000000000000000e+00 0.000000000000000000e+00 0.000000000000000000e+00 3.212305655342518468e-04 0.000000000000000000e+00 0.000000000000000000e+00 0.000000000000000000e+00 7.686525308603131589e-04 7.480792888287550934e-04 0.000000000000000000e+00 0.000000000000000000e+00 8.294380806338396079e-04 8.025316502485760036e-04 1.227123635478638780e-04 0.000000000000000000e+00
0.000000000000000000e+00 0.000000000000000000e+00 0.000000000000000000e+00 0.000000000000000000e+00 3.305319318463870106e-04 0.000000000000000000e+00 0.000000000000000000e+00 0.000000000000000000e+00 7.912287234958496505e-04 7.778043479067514717e-04 0.000000000000000000e+00 0.000000000000000000e+00 8.637818006011702002e-04 8.419988921277574622e-04 1.266389052061791815e-04 0.000000000000000000e+00
0.000000000000000000e+00 0.000000000000000000e+00 0.000000000000000000e+00 0.000000000000000000e+00 3.255182089634929489e-04 0.000000000000000000e+00 0.000000000000000000e+00 0.000000000000000000e+00 7.887248625866057463e-04 7.798292379109038721e-04 0.000000000000000000e+00 0.000000000000000000e+00 8.650702152531136290e-04 8.487552606497029669e-04 1.232400757475341597e-04 0.000000000000000000e+00
0.000000000000000000e+00 0.000000000000000000e+00 0.000000000000000000e+00 0.000000000000000000e+00 3.310176386993536786e-04 0.000000000000000000e+00 0.000000000000000000e+00 0.000000000000000000e+00 7.758573588623989123e-04 7.602197379186756204e-04 0.000000000000000000e+00 0.000000000000000000e+00 8.456206986534806069e-04 8.229547959495868209e-04 1.342430206816914214e-04 0.000000000000000000e+00
0.000000000000000000e+00 0.000000000000000000e+00 0.000000000000000000e+00 0.000000000000000000e+00 3.269887004808658647e-04 0.000000000000000000e+00 0.000000000000000000e+00 0.000000000000000000e+00 7.983390457651615320e-04 7.849205940921444432e-04 0.000000000000000000e+00 0.000000000000000000e+00 8.594780637594216788e-04 8.365906867925381081e-04 1.403830215477070873e-04 0.000000000000000000e+00
0.000000000000000000e+00 0.000000000000000000e+00 0.000000000000000000e+00 0.000000000000000000e+00 3.487975272652072724e-04 0.000000000000000000e+00 0.000000000000000000e+00 0.000000000000000000e+00 7.917243265788998256e-04 7.807955751009622216e-04 0.000000000000000000e+00 0.000000000000000000e+00 8.421081231941173915e-04 8.215542905780628610e-04 1.228113223597898900e-04 0.000000000000000000e+00
0.000000000000000000e+00 0.000000000000000000e+00 0.000000000000000000e+00 0.000000000000000000e+00 3.283050086735583807e-04 0.000000000000000000e+00 0.000000000000000000e+00 0.000000000000000000e+00 8.012889947346711964e-04 7.916277197985387409e-04 0.000000000000000000e+00 0.000000000000000000e+00 8.572587455087973384e-04 8.391622316685710048e-04 1.379129759356300430e-04 0.000000000000000000e+00
0.000000000000000000e+00 0.000000000000000000e+00 0.000000000000000000e+00 0.000000000000000000e+00 3.284419347299378828e-04 0.000000000000000000e+00 0.000000000000000000e+00 0.000000000000000000e+00 7.846397818578508760e-04 7.786065919156068531e-04 0.000000000000000000e+00 0.000000000000000000e+00 8.520414344913962001e-04 8.442436039436225980e-04 1.167439970284748531e-04 0.000000000000000000e+00
0.000000000000000000e+00 0.000000000000000000e+00 0.000000000000000000e+00 0.000000000000000000e+00 3.294054293819525278e-04 0.000000000000000000e+00 0.000000000000000000e+00 0.000000000000000000e+00 7.806803172322849963e-04 7.760860437175862419e-04 0.000000000000000000e+00 0.000000000000000000e+00 8.568112787652646355e-04 8.461989130198821832e-04 1.286829756160236499e-04 0.000000000000000000e+00
0.000000000000000000e+00 0.000000000000000000e+00 0.000000000000000000e+00 0.000000000000000000e+00 3.336661719526540877e-04 0.000000000000000000e+00 0.000000000000000000e+00 0.000000000000000000e+00 7.807261431992901322e-04 7.850077834129770690e-04 0.000000000000000000e+00 0.000000000000000000e+00 8.547341312774529984e-04 8.506008323104517549e-04 1.243460964020252565e-04 0.000000000000000000e+00
0.000000000000000000e+00 0.000000000000000000e+00 0.000000000000000000e+00 0.000000000000000000e+00 3.282812555472142319e-04 0.000000000000000000e+00 0.000000000000000000e+00 0.000000000000000000e+00 7.940412861523613508e-04 7.856263757105688738e-04 0.000000000000000000e+00 0.000000000000000000e+00 8.482390486088754776e-04 8.325221979015597594e-04 1.256612180053779120e-04 0.000000000000000000e+00
0.000000000000000000e+00 0.000000000000000000e+00 0.000000000000000000e+00 0.000000000000000000e+00 3.222181602223630299e-04 0.000000000000000000e+00 0.000000000000000000e+00 0.000000000000000000e+00 7.737397177703642624e-04 7.609123300709097135e-04 0.000000000000000000e+00 0.000000000000000000e+00 8.367515596862735083e-04 8.196737911661132383e-04 1.418446098563272146e-04 0.000000000000000000e+00
0.000000000000000000e+00 0.000000000000000000e+00 0.000000000000000000e+00 0.000000000000000000e+00 3.134632220564659245e-04 0.000000000000000000e+00 0.000000000000000000e+00 0.000000000000000000e+00 7.922202942744330017e-04 7.764181907699467880e-04 0.000000000000000000e+00 0.000000000000000000e+00 8.429625123431240324e-04 8.223137075756112475e-04 1.157341474287786986e-04 0.000000000000000000e+00
0.000000000000000000e+00 0.000000000000000000e+00 0.000000000000000000e+00 0.000000000000000000e+00 3.287210196352602950e-04 0.000000000000000000e+00 0.000000000000000000e+00 0.000000000000000000e+00 7.928519953187101706e-04 7.901882068333577775e-04 0.000000000000000000e+00 0.000000000000000000e+00 8.619548633586073243e-04 8.552066437803834513e-04 1.345803004220838864e-04 0.000000000000000000e+00
0.000000000000000000e+00 0.000000000000000000e+00 0.000000000000000000e+00 0.000000000000000000e+00 3.317122803690393572e-04 0.000000000000000000e+00 0.000000000000000000e+00 0.000000000000000000e+00 7.998864345843164280e-04 7.799851148264835745e-04 0.000000000000000000e+00 0.000000000000000000e+00 8.482230713410216861e-04 8.210003431648558048e-04 1.126006438417489981e-04 0.000000000000000000e+00
0.000000000000000000e+00 0.000000000000000000e+00 0.000000000000000000e+00 0.000000000000000000e+00 3.278360197873397049e-04 0.000000000000000000e+00 0.000000000000000000e+00 0.000000000000000000e+00 7.716525602000465656e-04 7.620068459269586578e-04 0.000000000000000000e+00 0.000000000000000000e+00 8.445366294395211275e-04 8.299826927918514978e-04 1.102167456245812323e-04 0.000000000000000000e+00
0.000000000000000000e+00 0.000000000000000000e+00 0.000000000000000000e+00 0.000000000000000000e+00 3.323888296634065287e-04 0.000000000000000000e+00 0.000000000000000000e+00 0.000000000000000000e+00 7.754914760306361394e-04 7.684474441303327814e-04 0.000000000000000000e+00 0.000000000000000000e+00 8.422855430848336317e-04 8.284941934124155725e-04 1.301937449128500368e-04 0.000000000000000000e+00
0.000000000000000000e+00 0.000000000000000000e+00 0.000000000000000000e+00 0.000000000000000000e+00 3.156125352725236248e-04 0.000000000000000000e+00 0.000000000000000000e+00 0.000000000000000000e+00 7.654672573859621883e-04 7.503158809154824747e-04 0.000000000000000000e+00 0.000000000000000000e+00 8.319033776978267299e-04 8.111328817628711595e-04 1.285776287246628532e-04 0.000000000000000000e+00
0.000000000000000000e+00 0.000000000000000000e+00 0.000000000000000000e+00 0.000000000000000000e+00 3.234067039204688299e-04 0.000000000000000000e+00 0.000000000000000000e+00 0.000000000000000000e+00 8.195869657097784979e-04 8.041761077820465051e-04 0.000000000000000000e+00 0.000000000000000000e+00 8.611775777980942804e-04 8.402991496948396125e-04 1.274084404273109110e-04 0.000000000000000000e+00
0.000000000000000000e+00 0.000000000000000000e+00 0.000000000000000000e+00 0.000000000000000000e+00 3.167125416000057554e-04 0.000000000000000000e+00 0.000000000000000000e+00 0.000000000000000000e+00 7.811531406907004432e-04 7.665040933725231383e-04 0.000000000000000000e+00 0.000000000000000000e+00 8.419339883047629019e-04 8.210371871193374331e-04 1.270437399522693757e-04 0.000000000000000000e+00
0.000000000000000000e+00 0.000000000000000000e+00 0.000000000000000000e+00 0.000000000000000000e+00 3.470195969199434387e-04 0.000000000000000000e+00 0.000000000000000000e+00 0.000000000000000000e+00 7.920864583392930652e-04 7.810302351451330147e-04 0.000000000000000000e+00 0.000000000000000000e+00 8.650362086602379763e-04 8.476144959087490759e-04 1.306071993449127336e-04 0.000000000000000000e+00
0.000000000000000000e+00 0.000000000000000000e+00 0.000000000000000000e+00 0.000000000000000000e+00 3.416491294253406921e-04 0.000000000000000000e+00 0.000000000000000000e+00 0.000000000000000000e+00 7.965049466230885800e-04 7.870013879187175024e-04 0.000000000000000000e+00 0.000000000000000000e+00 8.527759787787487578e-04 8.350438632125507495e-04 1.297649104813006367e-04 0.000000000000000000e+00
0.000000000000000000e+00 0.000000000000000000e+00 0.000000000000000000e+00 0.000000000000000000e+00 3.179178647837644267e-04 0.000000000000000000e+00 0.000000000000000000e+00 0.000000000000000000e+00 7.952109064293333635e-04 7.838554098247975475e-04 0.000000000000000000e+00 0.000000000000000000e+00 8.617222777478492296e-04 8.427148998997313883e-04 1.240637944798014401e-04 0.000000000000000000e+00
0.000000000000000000e+00 0.000000000000000000e+00 0.000000000000000000e+00 0.000000000000000000e+00 3.107553238775902357e-04 0.000000000000000000e+00 0.000000000000000000e+00 0.000000000000000000e+00 7.848429423749754769e-04 7.717455314189276393e-04 0.000000000000000000e+00 0.000000000000000000e+00 8.481930476818302879e-04 8.304905683581745692e-04 1.342531212558808280e-04 0.000000000000000000e+00
0.000000000000000000e+00 0.000000000000000000e+00 0.000000000000000000e+00 0.000000000000000000e+00 3.226816161633167218e-04 0.000000000000000000e+00 0.000000000000000000e+00 0.000000000000000000e+00 7.874913257954074429e-04 7.721205303045122715e-04 0.000000000000000000e+00 0.000000000000000000e+00 8.414351352604955902e-04 8.226550562801210158e-04 1.208107988697217208e-04 0.000000000000000000e+00
0.000000000000000000e+00 0.000000000000000000e+00 0.000000000000000000e+00 0.000000000000000000e+00 3.244134263207319301e-04 0.000000000000000000e+00 0.000000000000000000e+00 0.000000000000000000e+00 7.812762200171248722e-04 7.797375203999073762e-04 0.000000000000000000e+00 0.000000000000000000e+00 8.419427671477884741e-04 8.359049437097884269e-04 1.128099912146054409e-04 0.000000000000000000e+00
0.000000000000000000e+00 0.000000000000000000e+00 0.000000000000000000e+00 0.000000000000000000e+00 3.352190366289513270e-04 0.000000000000000000e+00 0.000000000000000000e+00 0.000000000000000000e+00 7.708409515183947420e-04 7.606012121123297259e-04 0.000000000000000000e+00 0.000000000000000000e+00 8.355170044736256020e-04 8.190995507238247242e-04 1.122064579492277632e-04 0.000000000000000000e+00
0.000000000000000000e+00 0.000000000000000000e+00 0.000000000000000000e+00 0.000000000000000000e+00 3.172162986019302845e-04 0.000000000000000000e+00 0.000000000000000000e+00 0.000000000000000000e+00 7.683124648773559558e-04 7.670910146863795182e-04 0.000000000000000000e+00 0.000000000000000000e+00 8.197992927880929943e-04 8.115888506220810417e-04 1.104193341294096883e-04 0.000000000000000000e+00
0.000000000000000000e+00 0.000000000000000000e+00 0.000000000000000000e+00 0.000000000000000000e+00 3.282551044987362231e-04 0.000000000000000000e+00 0.000000000000000000e+00 0.000000000000000000e+00 7.826752731797830855e-04 7.760927604926858969e-04 0.000000000000000000e+00 0.000000000000000000e+00 8.470326456326861524e-04 8.350249952721385416e-04 1.303607417077120862e-04 0.000000000000000000e+00
0.000000000000000000e+00 0.000000000000000000e+00 0.000000000000000000e+00 0.000000000000000000e+00 3.261434487152399704e-04 0.000000000000000000e+00 0.000000000000000000e+00 0.000000000000000000e+00 7.734299258704794167e-04 7.568026637275900286e-04 0.000000000000000000e+00 0.000000000000000000e+00 8.531110688213183659e-04 8.294729740778482643e-04 1.257749540897656806e-04 0.000000000000000000e+00
0.000000000000000000e+00 0.000000000000000000e+00 0.000000000000000000e+00 0.000000000000000000e+00 3.321635178421804974e-04 0.000000000000000000e+00 0.000000000000000000e+00 0.000000000000000000e+00 8.006113837503174482e-04 7.834918675725592412e-04 0.000000000000000000e+00 0.000000000000000000e+00 8.609563007172669124e-04 8.387986396905600453e-04 1.284853311358181071e-04 0.000000000000000000e+00
0.000000000000000000e+00 0.000000000000000000e+00 0.000000000000000000e+00 0.000000000000000000e+00 3.381411633757567441e-04 0.000000000000000000e+00 0.000000000000000000e+00 0.000000000000000000e+00 7.753052353198765451e-04 7.657177591492154555e-04 0.000000000000000000e+00 0.000000000000000000e+00 8.485979023022616414e-04 8.305309184537919753e-04 1.262135415877655396e-04 0.000000000000000000e+00
0.000000000000000000e+00 0.000000000000000000e+00 0.000000000000000000e+00 0.000000000000000000e+00 3.244198497791340487e-04 0.000000000000000000e+00 0.000000000000000000e+00 0.000000000000000000e+00 7.712115998184787937e-04 7.700422139785745215e-04 0.000000000000000000e+00 0.000000000000000000e+00 8.335888159467950628e-04 8.262478115120993867e-04 1.279784191689785258e-04 0.000000000000000000e+00
0.000000000000000000e+00 0.000000000000000000e+00 0.000000000000000000e+00 0.000000000000000000e+00 3.278951963191229901e-04 0.000000000000000000e+00 0.000000000000000000e+00 0.000000000000000000e+00 7.921762915954393223e-04 7.780769195115974472e-04 0.000000000000000000e+00 0.000000000000000000e+00 8.553314808320780114e-04 8.355193251769358958e-04 1.394121376187145193e-04 0.000000000000000000e+00
0.000000000000000000e+00 0.000000000000000000e+00 0.000000000000000000e+00 0.000000000000000000e+00 3.155150715902112343e-04 0.000000000000000000e+00 0.000000000000000000e+00 0.000000000000000000e+00 7.876013287025091913e-04 7.799054752828646136e-04 0.000000000000000000e+00 0.000000000000000000e+00 8.495746995921781008e-04 8.357210068734420181e-04 1.264503128707735976e-04 0.000000000000000000e+00
0.000000000000000000e+00 0.000000000000000000e+00 0.000000000000000000e+00 0.000000000000000000e+00 3.249185607717431637e-04 0.000000000000000000e+00 0.000000000000000000e+00 0.000000000000000000e+00 7.623071702019910013e-04 7.582392068056507993e-04 0.000000000000000000e+00 0.000000000000000000e+00 8.347768465614854817e-04 8.225972895019147352e-04 1.262761849167893548e-04 0.000000000000000000e+00
0.000000000000000000e+00 0.000000000000000000e+00 0.000000000000000000e+00 0.000000000000000000e+00 3.240228917557139588e-04 0.000000000000000000e+00 0.000000000000000000e+00 0.000000000000000000e+00 7.747465721779615714e-04 7.740783851499600859e-04 0.000000000000000000e+00 0.000000000000000000e+00 8.355628226060958508e-04 8.279212995143651497e-04 1.275276945865487055e-04 0.000000000000000000e+00
0.000000000000000000e+00 0.000000000000000000e+00 0.000000000000000000e+00 0.000000000000000000e+00 3.429058553608929660e-04 0.000000000000000000e+00 0.000000000000000000e+00 0.000000000000000000e+00 7.696058828672361612e-04 7.587124238598665126e-04 0.000000000000000000e+00 0.000000000000000000e+00 8.173711685548057512e-04 8.024300605304340991e-04 1.196716618820455909e-04 0.000000000000000000e+00
0.000000000000000000e+00 0.000000000000000000e+00 0.000000000000000000e+00 0.000000000000000000e+00 3.339714347929672190e-04 0.000000000000000000e+00 0.000000000000000000e+00 0.000000000000000000e+00 7.925551520340857505e-04 7.816770928596784331e-04 0.000000000000000000e+00 0.000000000000000000e+00 8.539717984593357854e-04 8.360203437188333791e-04 1.369886711942163327e-04 0.000000000000000000e+00
0.000000000000000000e+00 0.000000000000000000e+00 0.000000000000000000e+00 0.000000000000000000e+00 3.393617830745950144e-04 0.000000000000000000e+00 0.000000000000000000e+00 0.000000000000000000e+00 7.822619431168157875e-04 7.696776587224299793e-04 0.000000000000000000e+00 0.000000000000000000e+00 8.457516583327530585e-04 8.263649133080212296e-04 1.278116157545970775e-04 0.000000000000000000e+00
0.000000000000000000e+00 0.000000000000000000e+00 0.000000000000000000e+00 0.000000000000000000e+00 3.233883265012271247e-04 0.000000000000000000e+00 0.000000000000000000e+00 0.000000000000000000e+00 7.829019126348159361e-04 7.770904785811311340e-04 0.000000000000000000e+00 0.000000000000000000e+00 8.562245361019200657e-04 8.435076894848708489e-04 1.242441763015598294e-04 0.000000000000000000e+00
0.000000000000000000e+00 0.000000000000000000e+00 0.000000000000000000e+00 0.000000000000000000e+00 3.365039846790627209e-04 0.000000000000000000e+00 0.000000000000000000e+00 0.000000000000000000e+00 7.774136840517543870e-04 7.633781535953201598e-04 0.000000000000000000e+00 0.000000000000000000e+00 8.274838890964234970e-04 8.040622382300579955e-04 1.148080639811148830e-04 0.000000000000000000e+00
0.000000000000000000e+00 0.000000000000000000e+00 0.000000000000000000e+00 0.000000000000000000e+00 3.323922942209418655e-04 0.000000000000000000e+00 0.000000000000000000e+00 0.000000000000000000e+00 7.721264151728980544e-04 7.655247282964090317e-04 0.000000000000000000e+00 0.000000000000000000e+00 8.435479145119141597e-04 8.288906771918716845e-04 1.183974294382948863e-04 0.000000000000000000e+00
