# 'name' : 'rogers_a02_b00_d05_g06'
# 'source' : 'rogers_a02_b00_d05_g06.yaml'
# 'sample_pops' : ['X', 'D', 'Y', 'N']
# 'sample_size' : 1
# 'n_reps' : 100
# 'n_windows' : 200
# 'seq_length' : 100000000.0
# 'window_length' : 500000.0
# 'recomb_rate' : 1e-08
# 'mut_rate' : 1e-08
# 'created' : None
0.000000000000000000e+00 0.000000000000000000e+00 0.000000000000000000e+00 0.000000000000000000e+00 4.765682670627811035e-01 0.000000000000000000e+00 0.000000000000000000e+00 0.000000000000000000e+00 4.142908577102282219e-01 4.175146292910218437e-01 0.000000000000000000e+00 0.000000000000000000e+00 4.669588544677708564e-01 4.685688417090845270e-01 6.869815625879376053e-02 0.000000000000000000e+00
0.000000000000000000e+00 0.000000000000000000e+00 0.000000000000000000e+00 0.000000000000000000e+00 4.713399102507153660e-01 0.000000000000000000e+00 0.000000000000000000e+00 0.000000000000000000e+00 4.083804041803881790e-01 4.060390407183899208e-01 0.000000000000000000e+00 0.000000000000000000e+00 4.771473974482106084e-01 4.735358141486126216e-01 7.468423045380802316e-02 0.000000000000000000e+00
0.000000000000000000e+00 0.000000000000000000e+00 0.000000000000000000e+00 0.000000000000000000e+00 4.638524737569610923e-01 0.000000000000000000e+00 0.000000000000000000e+00 0.000000000000000000e+00 4.127850957650586738e-01 4.117782652157523371e-01 0.000000000000000000e+00 0.000000000000000000e+00 4.681863669611649459e-01 4.663309447409463848e-01 6.821940260712945625e-02 0.000000000000000000e+00
0.000000000000000000e+00 0.000000000000000000e+00 0.000000000000000000e+00 0.000000000000000000e+00 4.718961724625110876e-01 0.000000000000000000e+00 0.000000000000000000e+00 0.000000000000000000e+00 4.101739992488948050e-01 4.093666567166910353e-01 0.000000000000000000e+00 0.000000000000000000e+00 4.773480351301720437e-01 4.748804193838028209e-01 7.234205647624217250e-02 0.000000000000000000e+00
0.000000000000000000e+00 0.000000000000000000e+00 0.000000000000000000e+00 0.000000000000000000e+00 4.734728711265194789e-01 0.000000000000000000e+00 0.000000000000000000e+00 0.000000000000000000e+00 4.155301889925451797e-01 4.114498778189135675e-01 0.000000000000000000e+00 0.000000000000000000e+00 4.710942640725619412e-01 4.658406056599572187e-01 6.702840797957589081e-02 0.000000000000000000e+00
0.000000000000000000e+00 0.000000000000000000e+00 0.000000000000000000e+00 0.000000000000000000e+00 4.657397305072746851e-01 0.000000000000000000e+00 0.000000000000000000e+00 0.000000000000000000e+00 4.078988066419081959e-01 4.062396325740272318e-01 0.000000000000000000e+00 0.000000000000000000e+00 4.719868549934982394e-01 4.687064806419487528e-01 6.636539221068467331e-02 0.000000000000000000e+00
0.000000000000000000e+00 0.000000000000000000e+00 0.000000000000000000e+00 0.000000000000000000e+00 4.795803352272286491e-01 0.000000000000000000e+00 0.000000000000000000e+00 0.000000000000000000e+00 4.163071398218416430e-01 4.191300446195815876e-01 0.000000000000000000e+00 0.000000000000000000e+00 4.687488570796791709e-01 4.695533445158819874e-01 7.954663002613314438e-02 0.000000000000000000e+00
0.000000000000000000e+00 0.000000000000000000e+00 0.000000000000000000e+00 0.000000000000000000e+00 4.671354889612840955e-01 0.000000000000000000e+00 0.000000000000000000e+00 0.000000000000000000e+00 4.167808628035721830e-01 4.130224935101589057e-01 0.000000000000000000e+00 0.000000000000000000e+00 4.718148631828751327e-01 4.652145212096138738e-01 6.906671457143737092e-02 0.000000000000000000e+00
0.000000000000000000e+00 0.000000000000000000e+00 0.000000000000000000e+00 0.000000000000000000e+00 4.869990585997211463e-01 0.000000000000000000e+00 0.000000000000000000e+00 0.000000000000000000e+00 4.160793240821676897e-01 4.193726435181408529e-01 0.000000000000000000e+00 0.000000000000000000e+00 4.751971313245210160e-01 4.764939161938376855e-01 7.581187701178795924e-02 0.000000000000000000e+00
0.000000000000000000e+00 0.000000000000000000e+00 0.000000000000000000e+00 0.000000000000000000e+00 4.805793368897482987e-01 0.000000000000000000e+00 0.000000000000000000e+00 0.000000000000000000e+00 4.120523781660467288e-01 4.100468569015557341e-01 0.000000000000000000e+00 0.000000000000000000e+00 4.720340881795126453e-01 4.681476128678355719e-01 6.929271598475458815e-02 0.000000000000000000e+00
0.000000000000000000e+00 0.000000000000000000e+00 0.000000000000000000e+00 0.000000000000000000e+00 4.832996117960244864e-01 0.000000000000000000e+00 0.000000000000000000e+00 0.000000000000000000e+00 4.151600036984853248e-01 4.151730990110542030e-01 0.000000000000000000e+00 0.000000000000000000e+00 4.736948672039013042e-01 4.715000337616073178e-01 7.078238536891821864e-02 0.000000000000000000e+00
0.000000000000000000e+00 0.000000000000000000e+00 0.000000000000000000e+00 0.000000000000000000e+00 4.693684781829940977e-01 0.000000000000000000e+00 0.000000000000000000e+00 0.000000000000000000e+00 4.095517475500536353e-01 4.130989593821704498e-01 0.000000000000000000e+00 0.000000000000000000e+00 4.607937892623447107e-01 4.623170567947213483e-01 6.787698648452955563e-02 0.000000000000000000e+00
0.000000000000000000e+00 0.000000000000000000e+00 0.000000000000000000e+00 0.000000000000000000e+00 4.689718735612448119e-01 0.000000000000000000e+00 0.000000000000000000e+00 0.000000000000000000e+00 4.139469392847636708e-01 4.145605678228165836e-01 0.000000000000000000e+00 0.000000000000000000e+00 4.699531052230749295e-01 4.690903865517846993e-01 7.460282372003076978e-02 0.000000000000000000e+00
0.000000000000000000e+00 0.000000000000000000e+00 0.000000000000000000e+00 0.000000000000000000e+00 4.756096175959002026e-01 0.000000000000000000e+00 0.000000000000000000e+00 0.000000000000000000e+00 4.086967354945507669e-01 4.103624170442993213e-01 0.000000000000000000e+00 0.000000000000000000e+00 4.727088304811541408e-01 4.734469761543552702e-01 7.195449279876339754e-02 0.000000000000000000e+00
0.000000000000000000e+00 0.000000000000000000e+00 0.000000000000000000e+00 0.000000000000000000e+00 4.808380534415351848e-01 0.000000000000000000e+00 0.000000000000000000e+00 0.000000000000000000e+00 4.068227815350992094e-01 4.060455228440720266e-01 0.000000000000000000e+00 0.000000000000000000e+00 4.670139234333549050e-01 4.651680481335059847e-01 6.591903518749128721e-02 0.000000000000000000e+00
0.000000000000000000e+00 0.000000000000000000e+00 0.000000000000000000e+00 0.000000000000000000e+00 4.730260356073495154e-01 0.000000000000000000e+00 0.000000000000000000e+00 0.000000000000000000e+00 4.063796564932779520e-01 4.027455431625973636e-01 0.000000000000000000e+00 0.000000000000000000e+00 4.662072272174213605e-01 4.607835064449885554e-01 6.641711017182626298e-02 0.000000000000000000e+00
0.000000000000000000e+00 0.000000000000000000e+00 0.000000000000000000e+00 0.000000000000000000e+00 4.705898411717793772e-01 0.000000000000000000e+00 0.000000000000000000e+00 0.000000000000000000e+00 4.168401860966327033e-01 4.079312090569329752e-01 0.000000000000000000e+00 0.000000000000000000e+00 4.721828681300991870e-01 4.614706946240119678e-01 7.123204865949415987e-02 0.000000000000000000e+00
0.000000000000000000e+00 0.000000000000000000e+00 0.000000000000000000e+00 0.000000000000000000e+00 4.762685396253245051e-01 0.000000000000000000e+00 0.000000000000000000e+00 0.000000000000000000e+00 4.175797767823496986e-01 4.161464115869907832e-01 0.000000000000000000e+00 0.000000000000000000e+00 4.738424060951787475e-01 4.698519397252956531e-01 6.972489212153364091e-02 0.000000000000000000e+00
0.000000000000000000e+00 0.000000000000000000e+00 0.000000000000000000e+00 0.000000000000000000e+00 4.772439653243757407e-01 0.000000000000000000e+00 0.000000000000000000e+00 0.000000000000000000e+00 4.028885036245435924e-01 3.987983431072329443e-01 0.000000000000000000e+00 0.000000000000000000e+00 4.639581856729865228e-01 4.576103402328410841e-01 6.363634805799373018e-02 0.000000000000000000e+00
0.000000000000000000e+00 0.000000000000000000e+00 0.000000000000000000e+00 0.000000000000000000e+00 4.936605964144376024e-01 0.000000000000000000e+00 0.000000000000000000e+00 0.000000000000000000e+00 4.164687655562267499e-01 4.228716759378031709e-01 0.000000000000000000e+00 0.000000000000000000e+00 4.646824515207484407e-01 4.692799454223428590e-01 7.220948081939879137e-02 0.000000000000000000e+00
0.000000000000000000e+00 0.000000000000000000e+00 0.000000000000000000e+00 0.000000000000000000e+00 4.656767337722609312e-01 0.000000000000000000e+00 0.000000000000000000e+00 0.000000000000000000e+00 4.045107208853093717e-01 4.066079359009405203e-01 0.000000000000000000e+00 0.000000000000000000e+00 4.757847405435047805e-01 4.764291627490683245e-01 7.821982554830785028e-02 0.000000000000000000e+00
0.000000000000000000e+00 0.000000000000000000e+00 0.000000000000000000e+00 0.000000000000000000e+00 4.692691000514539468e-01 0.000000000000000000e+00 0.000000000000000000e+00 0.000000000000000000e+00 4.181980197879882621e-01 4.182670772824422789e-01 0.000000000000000000e+00 0.000000000000000000e+00 4.609583886600057689e-01 4.602151325189450248e-01 6.677459661784351796e-02 0.000000000000000000e+00
0.000000000000000000e+00 0.000000000000000000e+00 0.000000000000000000e+00 0.000000000000000000e+00 4.712372595830507938e-01 0.000000000000000000e+00 0.000000000000000000e+00 0.000000000000000000e+00 4.123508461378653789e-01 4.134975670116273760e-01 0.000000000000000000e+00 0.000000000000000000e+00 4.783864832564262426e-01 4.799457186750878401e-01 7.794981823527019626e-02 0.000000000000000000e+00
0.000000000000000000e+00 0.000000000000000000e+00 0.000000000000000000e+00 0.000000000000000000e+00 4.725921406894086352e-01 0.000000000000000000e+00 0.000000000000000000e+00 0.000000000000000000e+00 4.186292444185549244e-01 4.202203267054221425e-01 0.000000000000000000e+00 0.000000000000000000e+00 4.751867286848359129e-01 4.768513209570922617e-01 7.465829130030934846e-02 0.000000000000000000e+00
0.000000000000000000e+00 0.000000000000000000e+00 0.000000000000000000e+00 0.000000000000000000e+00 4.699839462353206376e-01 0.000000000000000000e+00 0.000000000000000000e+00 0.000000000000000000e+00 4.072345748353690675e-01 4.047567016752487423e-01 0.000000000000000000e+00 0.000000000000000000e+00 4.635844309011090125e-01 4.590978573060497947e-01 6.449242197150924227e-02 0.000000000000000000e+00
0.000000000000000000e+00 0.000000000000000000e+00 0.000000000000000000e+00 0.000000000000000000e+00 4.755619059431077655e-01 0.000000000000000000e+00 0.000000000000000000e+00 0.000000000000000000e+00 4.109001459206167994e-01 4.111190056563351902e-01 0.000000000000000000e+00 0.000000000000000000e+00 4.731710267201370557e-01 4.717634981256105808e-01 7.370149167695481951e-02 0.000000000000000000e+00
0.000000000000000000e+00 0.000000000000000000e+00 0.000000000000000000e+00 0.000000000000000000e+00 4.759959659668872578e-01 0.000000000000000000e+00 0.000000000000000000e+00 0.000000000000000000e+00 4.123380890015603262e-01 4.140480555558719300e-01 0.000000000000000000e+00 0.000000000000000000e+00 4.722088011911275141e-01 4.726611717645492483e-01 7.082841197412649559e-02 0.000000000000000000e+00
0.000000000000000000e+00 0.000000000000000000e+00 0.000000000000000000e+00 0.000000000000000000e+00 4.765228295795699287e-01 0.000000000000000000e+00 0.000000000000000000e+00 0.000000000000000000e+00 4.105993156921174947e-01 4.100624491224750257e-01 0.000000000000000000e+00 0.000000000000000000e+00 4.818911061684171826e-01 4.810951703881719554e-01 7.749468147131577389e-02 0.000000000000000000e+00
0.000000000000000000e+00 0.000000000000000000e+00 0.000000000000000000e+00 0.000000000000000000e+00 4.763791071869089011e-01 0.000000000000000000e+00 0.000000000000000000e+00 0.000000000000000000e+00 4.145685941991710255e-01 4.112563408766278239e-01 0.000000000000000000e+00 0.000000000000000000e+00 4.795741351523640228e-01 4.729285038679883479e-01 7.165862337372309876e-02 0.000000000000000000e+00
0.000000000000000000e+00 0.000000000000000000e+00 0.000000000000000000e+00 0.000000000000000000e+00 4.791154670425372131e-01 0.000000000000000000e+00 0.000000000000000000e+00 0.000000000000000000e+00 4.147981849681316446e-01 4.139591375648581928e-01 0.000000000000000000e+00 0.000000000000000000e+00 4.648954027654210175e-01 4.615251466002194269e-01 7.124294104914911940e-02 0.000000000000000000e+00
0.000000000000000000e+00 0.000000000000000000e+00 0.000000000000000000e+00 0.000000000000000000e+00 4.927787307998185984e-01 0.000000000000000000e+00 0.000000000000000000e+00 0.000000000000000000e+00 4.104101725923615107e-01 4.083505020311299916e-01 0.000000000000000000e+00 0.000000000000000000e+00 4.855822093779795789e-01 4.830738525898485292e-01 7.136094402666043335e-02 0.000000000000000000e+00
0.000000000000000000e+00 0.000000000000000000e+00 0.000000000000000000e+00 0.000000000000000000e+00 4.656501851400610681e-01 0.000000000000000000e+00 0.000000000000000000e+00 0.000000000000000000e+00 4.072865911345899814e-01 4.050633457974738283e-01 0.000000000000000000e+00 0.000000000000000000e+00 4.677822976496200380e-01 4.620446012907974964e-01 7.757598772265497655e-02 0.000000000000000000e+00
0.000000000000000000e+00 0.000000000000000000e+00 0.000000000000000000e+00 0.000000000000000000e+00 4.939465889575776480e-01 0.000000000000000000e+00 0.000000000000000000e+00 0.000000000000000000e+00 4.160431334299636852e-01 4.174349190489541894e-01 0.000000000000000000e+00 0.000000000000000000e+00 4.774012087468698096e-01 4.766289955611682227e-01 7.024542634103347893e-02 0.000000000000000000e+00
0.000000000000000000e+00 0.000000000000000000e+00 0.000000000000000000e+00 0.000000000000000000e+00 4.889794836672184952e-01 0.000000000000000000e+00 0.000000000000000000e+00 0.000000000000000000e+00 4.080834865032382242e-01 4.095304530369932583e-01 0.000000000000000000e+00 0.000000000000000000e+00 4.713403005526452527e-01 4.722027453473532366e-01 6.856260548371889696e-02 0.000000000000000000e+00
0.000000000000000000e+00 0.000000000000000000e+00 0.000000000000000000e+00 0.000000000000000000e+00 4.780489087564061546e-01 0.000000000000000000e+00 0.000000000000000000e+00 0.000000000000000000e+00 4.183036063846185537e-01 4.202425709895244443e-01 0.000000000000000000e+00 0.000000000000000000e+00 4.934973669887443015e-01 4.932316679441298146e-01 8.289782413923171833e-02 0.000000000000000000e+00
0.000000000000000000e+00 0.000000000000000000e+00 0.000000000000000000e+00 0.000000000000000000e+00 4.846524304863236710e-01 0.000000000000000000e+00 0.000000000000000000e+00 0.000000000000000000e+00 4.175070138665863406e-01 4.156770078499401611e-01 0.000000000000000000e+00 0.000000000000000000e+00 4.818662967559099730e-01 4.768667237442782980e-01 7.868379660122873376e-02 0.000000000000000000e+00
0.000000000000000000e+00 0.000000000000000000e+00 0.000000000000000000e+00 0.000000000000000000e+00 4.783825794257560160e-01 0.000000000000000000e+00 0.000000000000000000e+00 0.000000000000000000e+00 4.126088753587915381e-01 4.100935320397641193e-01 0.000000000000000000e+00 0.000000000000000000e+00 4.727549568957243875e-01 4.687850060425963750e-01 7.289405173442509156e-02 0.000000000000000000e+00
0.000000000000000000e+00 0.000000000000000000e+00 0.000000000000000000e+00 0.000000000000000000e+00 4.879033160225153543e-01 0.000000000000000000e+00 0.000000000000000000e+00 0.000000000000000000e+00 4.112383061955244834e-01 4.084235371982296581e-01 0.000000000000000000e+00 0.000000000000000000e+00 4.829009195532209531e-01 4.785884430220593844e-01 6.627702262046143711e-02 0.000000000000000000e+00
0.000000000000000000e+00 0.000000000000000000e+00 0.000000000000000000e+00 0.000000000000000000e+00 4.802099514958629856e-01 0.000000000000000000e+00 0.000000000000000000e+00 0.000000000000000000e+00 4.209764923771859291e-01 4.218100690181376677e-01 0.000000000000000000e+00 0.000000000000000000e+00 4.624531836511354688e-01 4.616070258984678043e-01 7.103258938351240948e-02 0.000000000000000000e+00
0.000000000000000000e+00 0.000000000000000000e+00 0.000000000000000000e+00 0.000000000000000000e+00 4.877222225580977177e-01 0.000000000000000000e+00 0.000000000000000000e+00 0.000000000000000000e+00 4.122224240419183339e-01 4.134483518277755620e-01 0.000000000000000000e+00 0.000000000000000000e+00 4.868912440466982017e-01 4.877742082321550599e-01 7.689344681138603199e-02 0.000000000000000000e+00
0.000000000000000000e+00 0.000000000000000000e+00 0.000000000000000000e+00 0.000000000000000000e+00 4.791067874255603432e-01 0.000000000000000000e+00 0.000000000000000000e+00 0.000000000000000000e+00 4.127609664961021663e-01 4.074488953981310058e-01 0.000000000000000000e+00 0.000000000000000000e+00 4.673496926367631255e-01 4.597232116790749279e-01 6.962381320581495503e-02 0.000000000000000000e+00
0.000000000000000000e+00 0.000000000000000000e+00 0.000000000000000000e+00 0.000000000000000000e+00 4.798556542108374789e-01 0.000000000000000000e+00 0.000000000000000000e+00 0.000000000000000000e+00 4.144955793515823217e-01 4.132802067106087773e-01 0.000000000000000000e+00 0.000000000000000000e+00 4.676020148142736033e-01 4.638550859507686863e-01 7.025642423961492300e-02 0.000000000000000000e+00
0.000000000000000000e+00 0.000000000000000000e+00 0.000000000000000000e+00 0.000000000000000000e+00 4.592748306862121654e-01 0.000000000000000000e+00 0.000000000000000000e+00 0.000000000000000000e+00 4.060808843340416030e-01 4.019334415018817608e-01 0.000000000000000000e+00 0.000000000000000000e+00 4.593404087088107102e-01 4.539453110388395607e-01 6.873588606559499770e-02 0.000000000000000000e+00
0.000000000000000000e+00 0.000000000000000000e+00 0.000000000000000000e+00 0.000000000000000000e+00 4.801484207899260337e-01 0.000000000000000000e+00 0.000000000000000000e+00 0.000000000000000000e+00 4.160609622593423595e-01 4.142617523247049127e-01 0.000000000000000000e+00 0.000000000000000000e+00 4.770512330193635853e-01 4.744554024971431860e-01 6.690786266873162413e-02 0.000000000000000000e+00
0.000000000000000000e+00 0.000000000000000000e+00 0.000000000000000000e+00 0.000000000000000000e+00 4.703346966176791266e-01 0.000000000000000000e+00 0.000000000000000000e+00 0.000000000000000000e+00 4.188785765788599624e-01 4.156097104366039963e-01 0.000000000000000000e+00 0.000000000000000000e+00 4.584700535753025163e-01 4.533478212430032683e-01 7.291777145780409253e-02 0.000000000000000000e+00
0.000000000000000000e+00 0.000000000000000000e+00 0.000000000000000000e+00 0.000000000000000000e+00 4.820145205327217020e-01 0.000000000000000000e+00 0.000000000000000000e+00 0.000000000000000000e+00 4.092498267266189149e-01 4.133093601634014735e-01 0.000000000000000000e+00 0.000000000000000000e+00 4.707072664078817970e-01 4.745612700825329600e-01 7.486830564524979414e-02 0.000000000000000000e+00
0.000000000000000000e+00 0.000000000000000000e+00 0.000000000000000000e+00 0.000000000000000000e+00 4.769335014706010401e-01 0.000000000000000000e+00 0.000000000000000000e+00 0.000000000000000000e+00 4.143540527557664777e-01 4.104689964365931809e-01 0.000000000000000000e+00 0.000000000000000000e+00 4.668481428403649103e-01 4.620979272781559621e-01 6.724431190285845572e-02 0.000000000000000000e+00
0.000000000000000000e+00 0.000000000000000000e+00 0.000000000000000000e+00 0.000000000000000000e+00 4.824813166759225336e-01 0.000000000000000000e+00 0.000000000000000000e+00 0.000000000000000000e+00 4.238252624499651011e-01 4.261500734515247246e-01 0.000000000000000000e+00 0.000000000000000000e+00 4.809669420324204636e-01 4.829678559265592752e-01 8.417850650318775552e-02 0.000000000000000000e+00
0.000000000000000000e+00 0.000000000000000000e+00 0.000000000000000000e+00 0.000000000000000000e+00 4.811067762277783100e-01 0.000000000000000000e+00 0.000000000000000000e+00 0.000000000000000000e+00 4.056856945634819134e-01 4.003653079755657984e-01 0.000000000000000000e+00 0.000000000000000000e+00 4.717440612676201406e-01 4.657964915447528331e-01 6.625424595101420122e-02 0.000000000000000000e+00
0.000000000000000000e+00 0.000000000000000000e+00 0.000000000000000000e+00 0.000000000000000000e+00 4.846757025250085782e-01 0.000000000000000000e+00 0.000000000000000000e+00 0.000000000000000000e+00 4.163688119646195562e-01 4.168417879599077280e-01 0.000000000000000000e+00 0.000000000000000000e+00 4.694761197883769999e-01 4.688547480426737413e-01 7.213011443669346823e-02 0.000000000000000000e+00
0.000000000000000000e+00 0.000000000000000000e+00 0.000000000000000000e+00 0.000000000000000000e+00 4.733293911643302598e-01 0.000000000000000000e+00 0.000000000000000000e+00 0.000000000000000000e+00 4.105098739698863630e-01 4.080562069518113288e-01 0.000000000000000000e+00 0.000000000000000000e+00 4.675708553390168221e-01 4.632740130813571833e-01 7.238235806564263797e-02 0.000000000000000000e+00
0.000000000000000000e+00 0.000000000000000000e+00 0.000000000000000000e+00 0.000000000000000000e+00 4.756102324821738780e-01 0.000000000000000000e+00 0.000000000000000000e+00 0.000000000000000000e+00 4.213417849191801179e-01 4.154892281475558447e-01 0.000000000000000000e+00 0.000000000000000000e+00 4.802643654626831404e-01 4.723281233580178817e-01 7.548047255739664951e-02 0.000000000000000000e+00
0.000000000000000000e+00 0.000000000000000000e+00 0.000000000000000000e+00 0.000000000000000000e+00 4.721618712578747878e-01 0.000000000000000000e+00 0.000000000000000000e+00 0.000000000000000000e+00 4.111206129484323846e-01 4.123593013805826324e-01 0.000000000000000000e+00 0.000000000000000000e+00 4.657921147837750797e-01 4.664052799591241194e-01 6.995371210528883443e-02 0.000000000000000000e+00
0.000000000000000000e+00 0.000000000000000000e+00 0.000000000000000000e+00 0.000000000000000000e+00 4.793576814061375480e-01 0.000000000000000000e+00 0.000000000000000000e+00 0.000000000000000000e+00 4.004199272429038725e-01 4.029186595205946908e-01 0.000000000000000000e+00 0.000000000000000000e+00 4.716059701279075034e-01 4.716809167571451855e-01 7.110953104671421943e-02 0.000000000000000000e+00
0.000000000000000000e+00 0.000000000000000000e+00 0.000000000000000000e+00 0.000000000000000000e+00 4.895449957895799398e-01 0.000000000000000000e+00 0.000000000000000000e+00 0.000000000000000000e+00 4.181679906988340356e-01 4.127777338079629543e-01 0.000000000000000000e+00 0.000000000000000000e+00 4.814083429256943436e-01 4.742102663968412180e-01 7.786234733115153517e-02 0.000000000000000000e+00
0.000000000000000000e+00 0.000000000000000000e+00 0.000000000000000000e+00 0.000000000000000000e+00 4.666849945433619307e-01 0.000000000000000000e+00 0.000000000000000000e+00 0.000000000000000000e+00 4.203648036219337913e-01 4.162927226261081137e-01 0.000000000000000000e+00 0.000000000000000000e+00 4.814623789995360892e-01 4.746393542262884457e-01 8.284344225449849497e-02 0.000000000000000000e+00
0.000000000000000000e+00 0.000000000000000000e+00 0.000000000000000000e+00 0.000000000000000000e+00 4.761209555372458713e-01 0.000000000000000000e+00 0.000000000000000000e+00 0.000000000000000000e+00 4.084936033517038712e-01 4.027212188225167688e-01 0.000000000000000000e+00 0.000000000000000000e+00 4.802307553741437807e-01 4.716472068118421901e-01 7.821224638419865816e-02 0.000000000000000000e+00
0.000000000000000000e+00 0.000000000000000000e+00 0.000000000000000000e+00 0.000000000000000000e+00 4.708992968254989142e-01 0.000000000000000000e+00 0.000000000000000000e+00 0.000000000000000000e+00 4.081069612627644116e-01 4.009892918953737451e-01 0.000000000000000000e+00 0.000000000000000000e+00 4.676390395277940648e-01 4.584016319093355274e-01 7.068284396412581605e-02 0.000000000000000000e+00
0.000000000000000000e+00 0.000000000000000000e+00 0.000000000000000000e+00 0.000000000000000000e+00 4.822747295303053683e-01 0.000000000000000000e+00 0.000000000000000000e+00 0.000000000000000000e+00 4.120812010971973138e-01 4.107948106888390516e-01 0.000000000000000000e+00 0.000000000000000000e+00 4.800604691406699098e-01 4.769268955380215336e-01 7.406931452940083982e-02 0.000000000000000000e+00
0.000000000000000000e+00 0.000000000000000000e+00 0.000000000000000000e+00 0.000000000000000000e+00 4.727589404006184437e-01 0.000000000000000000e+00 0.000000000000000000e+00 0.000000000000000000e+00 4.125376277425478189e-01 4.121482030262634266e-01 0.000000000000000000e+00 0.000000000000000000e+00 4.776905094438970156e-01 4.750700841841227762e-01 7.121270691569944744e-02 0.000000000000000000e+00
0.000000000000000000e+00 0.000000000000000000e+00 0.000000000000000000e+00 0.000000000000000000e+00 4.723891909989856863e-01 0.000000000000000000e+00 0.000000000000000000e+00 0.000000000000000000e+00 4.111056925427032938e-01 4.075226850649005250e-01 0.000000000000000000e+00 0.000000000000000000e+00 4.779884296837569324e-01 4.715604148780434546e-01 7.901858779660439480e-02 0.000000000000000000e+00
0.000000000000000000e+00 0.000000000000000000e+00 0.000000000000000000e+00 0.000000000000000000e+00 4.768458193242907650e-01 0.000000000000000000e+00 0.000000000000000000e+00 0.000000000000000000e+00 4.198116977959404639e-01 4.172113852253490629e-01 0.000000000000000000e+00 0.000000000000000000e+00 4.792881976490330764e-01 4.734006094165078560e-01 8.144789960234426196e-02 0.000000000000000000e+00
0.000000000000000000e+00 0.000000000000000000e+00 0.000000000000000000e+00 0.000000000000000000e+00 4.848925647663642202e-01 0.000000000000000000e+00 0.000000000000000000e+00 0.000000000000000000e+00 4.170446808209744005e-01 4.184266279521604570e-01 0.000000000000000000e+00 0.000000000000000000e+00 4.661487370862910651e-01 4.646520598689253267e-01 7.130410776668144601e-02 0.000000000000000000e+00
0.000000000000000000e+00 0.000000000000000000e+00 0.000000000000000000e+00 0.000000000000000000e+00 4.754234175980493471e-01 0.000000000000000000e+00 0.000000000000000000e+00 0.000000000000000000e+00 4.223084890484721243e-01 4.212639372379275993e-01 0.000000000000000000e+00 0.000000000000000000e+00 4.773507623680970924e-01 4.736449044730453029e-01 8.011955329432404738e-02 0.000000000000000000e+00
0.000000000000000000e+00 0.000000000000000000e+00 0.000000000000000000e+00 0.000000000000000000e+00 4.795172752173418318e-01 0.000000000000000000e+00 0.000000000000000000e+00 0.000000000000000000e+00 4.136892933527260841e-01 4.157912446143114948e-01 0.000000000000000000e+00 0.000000000000000000e+00 4.738804798998128009e-01 4.759976397918008750e-01 6.933267218421067246e-02 0.000000000000000000e+00
0.000000000000000000e+00 0.000000000000000000e+00 0.000000000000000000e+00 0.000000000000000000e+00 4.841234200313886959e-01 0.000000000000000000e+00 0.000000000000000000e+00 0.000000000000000000e+00 4.101839980332178670e-01 4.107306161450132720e-01 0.000000000000000000e+00 0.000000000000000000e+00 4.783336937789207655e-01 4.777435523744217871e-01 7.322641318793411680e-02 0.000000000000000000e+00
0.000000000000000000e+00 0.000000000000000000e+00 0.000000000000000000e+00 0.000000000000000000e+00 4.791897196100559086e-01 0.000000000000000000e+00 0.000000000000000000e+00 0.000000000000000000e+00 4.110781899482812696e-01 4.161062518987375669e-01 0.000000000000000000e+00 0.000000000000000000e+00 4.759094086720276340e-01 4.794375755456536381e-01 7.250623710569369107e-02 0.000000000000000000e+00
0.000000000000000000e+00 0.000000000000000000e+00 0.000000000000000000e+00 0.000000000000000000e+00 4.727697852050032901e-01 0.000000000000000000e+00 0.000000000000000000e+00 0.000000000000000000e+00 4.157804740338310046e-01 4.142486665073806251e-01 0.000000000000000000e+00 0.000000000000000000e+00 4.704363716229865711e-01 4.662249198849831577e-01 7.380962834519347315e-02 0.000000000000000000e+00
0.000000000000000000e+00 0.000000000000000000e+00 0.000000000000000000e+00 0.000000000000000000e+00 4.793080596668146676e-01 0.000000000000000000e+00 0.000000000000000000e+00 0.000000000000000000e+00 4.143817050930999057e-01 4.137709454838365830e-01 0.000000000000000000e+00 0.000000000000000000e+00 4.746366981979736055e-01 4.729550085573756002e-01 8.293888806159342708e-02 0.000000000000000000e+00
0.000000000000000000e+00 0.000000000000000000e+00 0.000000000000000000e+00 0.000000000000000000e+00 4.726469459585651567e-01 0.000000000000000000e+00 0.000000000000000000e+00 0.000000000000000000e+00 4.183342321902682182e-01 4.156305189941557621e-01 0.000000000000000000e+00 0.000000000000000000e+00 4.692327915038767561e-01 4.651769477070410441e-01 6.783742337423981361e-02 0.000000000000000000e+00
0.000000000000000000e+00 0.000000000000000000e+00 0.000000000000000000e+00 0.000000000000000000e+00 4.787261041087503277e-01 0.000000000000000000e+00 0.000000000000000000e+00 0.000000000000000000e+00 4.157122917912521309e-01 4.201043053484899148e-01 0.000000000000000000e+00 0.000000000000000000e+00 4.802696101807025220e-01 4.841711603544300302e-01 7.849348912989141669e-02 0.000000000000000000e+00
0.000000000000000000e+00 0.000000000000000000e+00 0.000000000000000000e+00 0.000000000000000000e+00 4.753230584108962264e-01 0.000000000000000000e+00 0.000000000000000000e+00 0.000000000000000000e+00 4.155409820406117394e-01 4.124417584095366740e-01 0.000000000000000000e+00 0.000000000000000000e+00 4.644771751241987823e-01 4.589860594779293645e-01 6.535604797618019268e-02 0.000000000000000000e+00
0.000000000000000000e+00 0.000000000000000000e+00 0.000000000000000000e+00 0.000000000000000000e+00 4.864744279084309841e-01 0.000000000000000000e+00 0.000000000000000000e+00 0.000000000000000000e+00 4.079386645520171606e-01 4.082707317576257378e-01 0.000000000000000000e+00 0.000000000000000000e+00 4.722222029708130764e-01 4.714228647299412156e-01 6.366440671493001080e-02 0.000000000000000000e+00
0.000000000000000000e+00 0.000000000000000000e+00 0.000000000000000000e+00 0.000000000000000000e+00 4.769323141409271272e-01 0.000000000000000000e+00 0.000000000000000000e+00 0.000000000000000000e+00 4.112798559752313676e-01 4.116540241428696123e-01 0.000000000000000000e+00 0.000000000000000000e+00 4.745838912506918361e-01 4.732272998885928561e-01 7.609131573319975750e-02 0.000000000000000000e+00
0.000000000000000000e+00 0.000000000000000000e+00 0.000000000000000000e+00 0.000000000000000000e+00 4.687384217286810206e-01 0.000000000000000000e+00 0.000000000000000000e+00 0.000000000000000000e+00 4.097350394936381535e-01 4.072545103594186755e-01 0.000000000000000000e+00 0.000000000000000000e+00 4.735130024335794108e-01 4.701877314481576198e-01 7.604952903208396509e-02 0.000000000000000000e+00
0.000000000000000000e+00 0.000000000000000000e+00 0.000000000000000000e+00 0.000000000000000000e+00 4.715557209538491223e-01 0.000000000000000000e+00 0.000000000000000000e+00 0.000000000000000000e+00 4.265079355635988390e-01 4.236225449050439185e-01 0.000000000000000000e+00 0.000000000000000000e+00 4.712741578146122379e-01 4.664331458695237798e-01 7.417032939036621864e-02 0.000000000000000000e+00
0.000000000000000000e+00 0.000000000000000000e+00 0.000000000000000000e+00 0.000000000000000000e+00 4.617964508063105433e-01 0.000000000000000000e+00 0.000000000000000000e+00 0.000000000000000000e+00 4.147142290689963540e-01 4.125962519150756513e-01 0.000000000000000000e+00 0.000000000000000000e+00 4.699887246339241598e-01 4.660999986486219493e-01 7.407665705314185611e-02 0.000000000000000000e+00
0.000000000000000000e+00 0.000000000000000000e+00 0.000000000000000000e+00 0.000000000000000000e+00 4.903954841045288227e-01 0.000000000000000000e+00 0.000000000000000000e+00 0.000000000000000000e+00 4.150063510451433846e-01 4.143105241447782028e-01 0.000000000000000000e+00 0.000000000000000000e+00 4.825686794516531042e-01 4.802144568192117657e-01 7.703675201372293946e-02 0.000000000000000000e+00
0.000000000000000000e+00 0.000000000000000000e+00 0.000000000000000000e+00 0.000000000000000000e+00 4.908894860355359491e-01 0.000000000000000000e+00 0.000000000000000000e+00 0.000000000000000000e+00 4.200936814254617735e-01 4.203312312271854090e-01 0.000000000000000000e+00 0.000000000000000000e+00 4.757425322876078777e-01 4.731248151106589583e-01 7.487569399160770578e-02 0.000000000000000000e+00
0.000000000000000000e+00 0.000000000000000000e+00 0.000000000000000000e+00 0.000000000000000000e+00 4.690024350946353504e-01 0.000000000000000000e+00 0.000000000000000000e+00 0.000000000000000000e+00 4.130416815807159137e-01 4.110644610404057264e-01 0.000000000000000000e+00 0.000000000000000000e+00 4.755138735597576050e-01 4.704549009656693870e-01 7.224557621695469611e-02 0.000000000000000000e+00
0.000000000000000000e+00 0.000000000000000000e+00 0.000000000000000000e+00 0.000000000000000000e+00 4.608582394066711996e-01 0.000000000000000000e+00 0.000000000000000000e+00 0.000000000000000000e+00 4.141942545133898701e-01 4.119731705476702421e-01 0.000000000000000000e+00 0.000000000000000000e+00 4.754638802002136844e-01 4.718165778289580281e-01 7.927136541872194242e-02 0.000000000000000000e+00
0.000000000000000000e+00 0.000000000000000000e+00 0.000000000000000000e+00 0.000000000000000000e+00 4.711475227395617305e-01 0.000000000000000000e+00 0.000000000000000000e+00 0.000000000000000000e+00 4.168653189044241869e-01 4.140009630564296383e-01 0.000000000000000000e+00 0.000000000000000000e+00 4.702743288717949333e-01 4.660684121621630482e-01 6.992336292211868976e-02 0.000000000000000000e+00
0.000000000000000000e+00 0.000000000000000000e+00 0.000000000000000000e+00 0.000000000000000000e+00 4.844452777398579602e-01 0.000000000000000000e+00 0.000000000000000000e+00 0.000000000000000000e+00 4.141170875706132182e-01 4.172289852782942732e-01 0.000000000000000000e+00 0.000000000000000000e+00 4.692047017612563375e-01 4.702987724421924254e-01 6.546460693147593268e-02 0.000000000000000000e+00
0.000000000000000000e+00 0.000000000000000000e+00 0.000000000000000000e+00 0.000000000000000000e+00 4.900053619713010122e-01 0.000000000000000000e+00 0.000000000000000000e+00 0.000000000000000000e+00 4.096985973544413073e-01 4.099620443872681319e-01 0.000000000000000000e+00 0.000000000000000000e+00 4.710491698607264244e-01 4.695688294829211684e-01 6.634859377473752151e-02 0.000000000000000000e+00
0.000000000000000000e+00 0.000000000000000000e+00 0.000000000000000000e+00 0.000000000000000000e+00 4.758403935716957189e-01 0.000000000000000000e+00 0.000000000000000000e+00 0.000000000000000000e+00 4.091752589719255262e-01 4.107452291051316706e-01 0.000000000000000000e+00 0.000000000000000000e+00 4.604771621406512083e-01 4.596422965971527219e-01 6.315307462907060465e-02 0.000000000000000000e+00
0.000000000000000000e+00 0.000000000000000000e+00 0.000000000000000000e+00 0.000000000000000000e+00 4.843232788583483051e-01 0.000000000000000000e+00 0.000000000000000000e+00 0.000000000000000000e+00 4.117290709912931890e-01 4.132448170674683507e-01 0.000000000000000000e+00 0.000000000000000000e+00 4.748625069421117395e-01 4.761881784637167492e-01 7.563599595518953611e-02 0.000000000000000000e+00
0.000000000000000000e+00 0.000000000000000000e+00 0.000000000000000000e+00 0.000000000000000000e+00 4.676051828930397614e-01 0.000000000000000000e+00 0.000000000000000000e+00 0.000000000000000000e+00 4.091433486273932107e-01 4.030502757638994571e-01 0.000000000000000000e+00 0.000000000000000000e+00 4.798243520097539294e-01 4.707194754319030672e-01 7.302410276401424816e-02 0.000000000000000000e+00
0.000000000000000000e+00 0.000000000000000000e+00 0.000000000000000000e+00 0.000000000000000000e+00 4.850895625333340733e-01 0.000000000000000000e+00 0.000000000000000000e+00 0.000000000000000000e+00 4.184613784566216799e-01 4.148869272438424627e-01 0.000000000000000000e+00 0.000000000000000000e+00 4.772042697390077581e-01 4.739620638978588874e-01 7.418161332804200370e-02 0.000000000000000000e+00
0.000000000000000000e+00 0.000000000000000000e+00 0.000000000000000000e+00 0.000000000000000000e+00 4.780768034158554558e-01 0.000000000000000000e+00 0.000000000000000000e+00 0.000000000000000000e+00 4.081214455654297302e-01 4.088895983980030957e-01 0.000000000000000000e+00 0.000000000000000000e+00 4.751181222270563498e-01 4.743019803247773836e-01 7.308597821651367787e-02 0.000000000000000000e+00
0.000000000000000000e+00 0.000000000000000000e+00 0.000000000000000000e+00 0.000000000000000000e+00 4.706756761195435845e-01 0.000000000000000000e+00 0.000000000000000000e+00 0.000000000000000000e+00 4.101254174989158452e-01 4.131534783002565048e-01 0.000000000000000000e+00 0.000000000000000000e+00 4.666464126945848445e-01 4.684770807419784133e-01 7.332311379925728068e-02 0.000000000000000000e+00
0.000000000000000000e+00 0.000000000000000000e+00 0.000000000000000000e+00 0.000000000000000000e+00 4.680241436702586855e-01 0.000000000000000000e+00 0.000000000000000000e+00 0.000000000000000000e+00 4.202610007285080829e-01 4.175753344826925173e-01 0.000000000000000000e+00 0.000000000000000000e+00 4.775838868760243217e-01 4.730153436374470166e-01 8.160922315704331742e-02 0.000000000000000000e+00
0.000000000000000000e+00 0.000000000000000000e+00 0.000000000000000000e+00 0.000000000000000000e+00 4.737116437224200838e-01 0.000000000000000000e+00 0.000000000000000000e+00 0.000000000000000000e+00 4.141303250349088749e-01 4.163239421791147254e-01 0.000000000000000000e+00 0.000000000000000000e+00 4.722541862132286772e-01 4.739288101333235526e-01 7.243876880744959390e-02 0.000000000000000000e+00
0.000000000000000000e+00 0.000000000000000000e+00 0.000000000000000000e+00 0.000000000000000000e+00 4.876207065606844027e-01 0.000000000000000000e+00 0.000000000000000000e+00 0.000000000000000000e+00 4.046018976964422253e-01 4.075164236598992074e-01 0.000000000000000000e+00 0.000000000000000000e+00 4.701267881482249500e-01 4.708324202364356226e-01 7.237815888531316799e-02 0.000000000000000000e+00
0.000000000000000000e+00 0.000000000000000000e+00 0.000000000000000000e+00 0.000000000000000000e+00 4.835618173473059667e-01 0.000000000000000000e+00 0.000000000000000000e+00 0.000000000000000000e+00 4.137439913444012629e-01 4.185221481762206874e-01 0.000000000000000000e+00 0.000000000000000000e+00 4.709794575641156333e-01 4.749974250131117626e-01 7.527325307739070326e-02 0.000000000000000000e+00
0.000000000000000000e+00 0.000000000000000000e+00 0.000000000000000000e+00 0.000000000000000000e+00 4.885012732359993448e-01 0.000000000000000000e+00 0.000000000000000000e+00 0.000000000000000000e+00 4.128423505887079958e-01 4.118671574784364964e-01 0.000000000000000000e+00 0.000000000000000000e+00 4.611780053054851947e-01 4.593483689238930801e-01 6.957406439810340237e-02 0.000000000000000000e+00
0.000000000000000000e+00 0.000000000000000000e+00 0.000000000000000000e+00 0.000000000000000000e+00 4.871222780115751494e-01 0.000000000000000000e+00 0.000000000000000000e+00 0.000000000000000000e+00 4.213682672987286715e-01 4.223436195231770607e-01 0.000000000000000000e+00 0.000000000000000000e+00 4.808227388936887059e-01 4.798264046808675687e-01 8.249361878061725606e-02 0.000000000000000000e+00
0.000000000000000000e+00 0.000000000000000000e+00 0.000000000000000000e+00 0.000000000000000000e+00 4.900959952191230595e-01 0.000000000000000000e+00 0.000000000000000000e+00 0.000000000000000000e+00 4.107596180689608301e-01 4.093622051154010566e-01 0.000000000000000000e+00 0.000000000000000000e+00 4.738284626812139244e-01 4.699182513915217130e-01 7.340116388389480995e-02 0.000000000000000000e+00
0.000000000000000000e+00 0.000000000000000000e+00 0.000000000000000000e+00 0.000000000000000000e+00 4.765935590131632482e-01 0.000000000000000000e+00 0.000000000000000000e+00 0.000000000000000000e+00 4.088300979079685371e-01 4.103027888454383043e-01 0.000000000000000000e+00 0.000000000000000000e+00 4.770839874481979659e-01 4.773671186403146138e-01 7.216588169551252374e-02 0.000000000000000000e+00
0.000000000000000000e+00 0.000000000000000000e+00 0.000000000000000000e+00 0.000000000000000000e+00 4.850979169317417017e-01 0.000000000000000000e+00 0.000000000000000000e+00 0.000000000000000000e+00 4.141908847045608910e-01 4.119194532565086386e-01 0.000000000000000000e+00 0.000000000000000000e+00 4.626501029716573732e-01 4.572706314097218505e-01 6.761287729163739657e-02 0.000000000000000000e+00
0.000000000000000000e+00 0.000000000000000000e+00 0.000000000000000000e+00 0.000000000000000000e+00 4.804226479911706260e-01 0.000000000000000000e+00 0.000000000000000000e+00 0.000000000000000000e+00 4.049009807546676831e-01 4.071782267727799831e-01 0.000000000000000000e+00 0.000000000000000000e+00 4.704675314954273602e-01 4.709879864106003011e-01 6.777462170689992071e-02 0.000000000000000000e+00
