# 'name' : 'rogers_a02_b00_d05_g06'
# 'source' : 'rogers_a02_b00_d05_g06.yaml'
# 'sample_pops' : ['X', 'D', 'Y', 'N']
# 'sample_size' : 1
# 'n_reps' : 100
# 'n_windows' : 200
# 'seq_length' : 100000000.0
# 'window_length' : 500000.0
# 'recomb_rate' : 1e-08
# 'mut_rate' : 1e-08
# 'created' : None
1.822185538665939419e-04 1.647153571192499816e-04 9.214347059515755724e-04 7.717563602569417524e-04
1.825898625462744592e-04 1.732301354161265474e-04 9.210959368751304565e-04 7.498778174086805949e-04
1.877097481201146193e-04 1.794888029314891189e-04 9.245739431208464332e-04 7.771088517946702669e-04
1.821723524588759991e-04 1.728204641074723041e-04 9.244844284962482972e-04 7.533988144429544422e-04
1.812383922047947527e-04 1.787932790057262448e-04 9.217754282258978872e-04 7.773366257774452694e-04
1.851398806904752355e-04 1.794173182044767859e-04 9.329425602015434379e-04 7.607944819892327806e-04
1.852339708501833746e-04 1.674630531486202356e-04 9.107447513347245857e-04 7.676881560861495250e-04
1.799855676163032627e-04 1.805237189782690440e-04 9.192584165551141327e-04 7.701365356554730349e-04
1.807706590951660506e-04 1.629427259774886684e-04 9.134239599604483846e-04 7.620090187765319939e-04
1.877941011644051930e-04 1.806970518885962654e-04 9.410666498948308274e-04 7.773086509638197326e-04
1.824227114001900410e-04 1.699002317790339095e-04 9.311647579098311991e-04 7.688541576555396866e-04
1.838274740779218984e-04 1.708987309705485244e-04 9.235627940944347988e-04 7.816589256803802921e-04
1.830405157584538039e-04 1.678443113428157332e-04 9.198467707931450108e-04 7.665091090461103197e-04
1.863881096440585673e-04 1.701682142988634322e-04 9.252527214169073292e-04 7.590478634950074835e-04
1.818526473268284043e-04 1.682104054243297592e-04 9.321125786725777606e-04 7.702193321121250658e-04
1.791462596085373945e-04 1.819805939691152008e-04 9.199935652367401432e-04 7.703662073674001371e-04
1.826261235682036254e-04 1.939699887825791695e-04 9.154355465193684226e-04 7.689161080963522040e-04
1.766554183569414918e-04 1.693679769256365168e-04 9.184827440053214146e-04 7.615782869162860368e-04
1.749618734378833337e-04 1.743514381694467419e-04 9.434399540405099139e-04 7.806680991133520611e-04
1.840999447985255347e-04 1.586593260537277590e-04 9.130809684650866963e-04 7.811955335359460455e-04
1.881281457901515697e-04 1.723976984107303679e-04 9.282436993161273953e-04 7.411288349343935107e-04
1.887753242317137103e-04 1.746761467840338405e-04 9.196691406442113583e-04 7.921831912505620599e-04
1.819258694444894576e-04 1.678290461214548357e-04 9.209137097284008158e-04 7.515389932532572570e-04
1.894250505923453459e-04 1.706883736616181973e-04 9.154246945519647384e-04 7.627112480035387219e-04
1.795609751090302189e-04 1.763349791897734771e-04 9.365850791599109179e-04 7.852296305745910506e-04
1.788575702112022152e-04 1.687822814322729374e-04 9.181588467185551605e-04 7.590179762531283191e-04
1.839994436413845723e-04 1.707545057131026455e-04 9.239691149263016190e-04 7.686629199446290807e-04
1.763241769701026358e-04 1.693311943622535548e-04 9.223022624216237718e-04 7.415365641225185513e-04
1.744509935236980569e-04 1.736344943667091209e-04 9.227107172831908307e-04 7.526282826772068149e-04
1.813718384626436303e-04 1.716618538112983639e-04 9.214757331908533496e-04 7.817480379343429197e-04
1.776715327966595071e-04 1.685079647708631384e-04 9.355637828273180925e-04 7.457696744401286042e-04
1.834269840987730273e-04 1.766495639291876035e-04 9.212974794262069169e-04 7.555228852684163065e-04
1.785450622947899377e-04 1.664383972003016560e-04 9.230361837223971218e-04 7.631397954287248665e-04
1.767985811526762044e-04 1.617272506537548778e-04 9.346685844335189848e-04 7.669209821450380772e-04
1.848154450143274291e-04 1.704247851901218448e-04 9.171419647372515719e-04 7.319480692716999817e-04
1.814530092314526103e-04 1.718430400781559644e-04 9.207441418536153671e-04 7.581193520311869938e-04
1.787854343379765177e-04 1.713000152325239178e-04 9.202100496896601289e-04 7.645853741849120309e-04
1.774031326003679100e-04 1.729263059971428574e-04 9.506776848890316966e-04 7.640948732470024792e-04
1.800764715831613982e-04 1.693365299242264818e-04 9.071379821004022220e-04 7.854960128389405251e-04
1.787870305387606693e-04 1.650622073827491835e-04 9.347227157732317278e-04 7.500544810927206726e-04
1.815968613200733028e-04 1.804188177094439183e-04 9.276725481803704994e-04 7.848119731920816678e-04
1.822368270844262916e-04 1.717778286005209524e-04 9.247746679798307971e-04 7.799205169341951295e-04
1.848795784943550833e-04 1.827632625986117584e-04 9.274468450251509375e-04 7.767614014305665752e-04
1.835977573684101447e-04 1.744576182685955137e-04 9.233589744728538549e-04 7.650709202145382143e-04
1.854010201456605532e-04 1.780832579417674147e-04 9.041274874570493468e-04 7.930242314304955650e-04
1.801681101112883330e-04 1.616625168417139019e-04 9.206527486949934742e-04 7.638957714749454540e-04
1.829136264671993393e-04 1.789614231735971801e-04 9.213498045600598688e-04 7.832307429515375247e-04
1.789093740645553631e-04 1.612594039074961762e-04 8.942953004661042832e-04 7.480939459446637671e-04
1.803366237842135350e-04 1.792084626640160221e-04 9.471402020771577026e-04 7.728168737667757927e-04
1.809524541953329941e-04 1.668048242478960622e-04 9.193241072083168861e-04 7.747057131541648352e-04
1.809793483219570556e-04 1.770683731299646220e-04 9.213998008255581485e-04 7.694339557241183661e-04
1.784530155508017154e-04 1.828172787345562912e-04 9.116999201274862208e-04 7.598632370425517646e-04
1.899478675383541862e-04 1.719477144347494098e-04 9.181063300158284887e-04 7.812458550658354841e-04
1.816516304947425554e-04 1.650176313478152776e-04 9.367085763562600989e-04 7.505249084520730337e-04
1.795583856020683058e-04 1.767782202811636920e-04 9.289541397622351612e-04 7.607294059864050037e-04
1.800541816937558195e-04 1.802017540082010143e-04 9.054640126858672523e-04 7.478875573168685753e-04
1.792701444458247772e-04 1.840763507082157548e-04 9.337496157586317944e-04 7.448432478227662388e-04
1.782336673652256624e-04 1.843948815559635327e-04 9.294535036666195940e-04 7.744095329624950917e-04
1.815857429701496267e-04 1.709990411337740065e-04 9.310379659148787989e-04 7.537450349856130404e-04
1.847392458036953853e-04 1.786147959115928796e-04 9.238500289886586274e-04 7.594902058381951563e-04
1.850283002128337096e-04 1.805685304163081348e-04 9.188151266644829568e-04 7.465269019165610359e-04
1.801094351172789515e-04 1.737840888875556429e-04 9.179510510404450575e-04 7.547219878001117533e-04
1.907063363889372268e-04 1.713965405231151823e-04 9.123322939420966480e-04 7.737514976892673332e-04
1.834153628793800598e-04 1.757910066585905470e-04 9.075438556428801380e-04 7.555117184929048720e-04
1.854339963216948626e-04 1.676449799910780295e-04 9.216551654746444689e-04 7.661001303318625173e-04
1.786510879952432206e-04 1.675569585918313667e-04 9.365686477871165184e-04 7.587357789284867801e-04
1.865858174263620214e-04 1.690826228142581252e-04 9.252426218681624901e-04 7.553306739365064481e-04
1.818878099722623723e-04 1.783106794828720053e-04 9.206793105993965566e-04 7.727902302795714318e-04
1.801387678578528109e-04 1.688554662320296631e-04 9.118683118099779345e-04 7.532554753957284091e-04
1.764203467369929537e-04 1.705942082967153118e-04 9.178112432822689353e-04 7.757737448623388014e-04
1.850744650728509142e-04 1.641204363792878691e-04 9.214422862661936567e-04 7.472949503402906380e-04
1.836706860988686991e-04 1.779497281796525352e-04 9.260774517131760636e-04 7.841415789133364574e-04
1.793823267794865113e-04 1.638598680537153385e-04 9.332226870360519006e-04 7.719543673414986252e-04
1.840941277985096386e-04 1.745064848005496391e-04 9.253708190897390806e-04 7.504821202828554144e-04
1.821107478902919360e-04 1.742354023683561780e-04 9.162427174894771740e-04 7.510172401740075089e-04
1.798799428994481391e-04 1.772717216251856363e-04 9.097933859651195602e-04 7.823112400892457373e-04
1.847487152207807535e-04 1.796858373033842721e-04 9.166987259777631186e-04 7.727123081555340193e-04
1.823467889739375657e-04 1.725360451267819121e-04 9.244994186426713778e-04 7.524491419343404524e-04
1.787208032138061454e-04 1.674115433802569549e-04 9.115882946811270076e-04 7.613791268985064219e-04
1.834587336751490670e-04 1.773415311113293630e-04 9.372776815425295843e-04 7.662441116474435869e-04
1.850840009608456798e-04 1.803196232117006896e-04 9.173827397823154910e-04 7.524751616262043445e-04
1.801297147074063583e-04 1.731706184083571531e-04 9.181760604325699040e-04 7.677900113806166837e-04
1.761603097161780181e-04 1.619092060644577720e-04 9.212321510446570523e-04 7.765813222711286578e-04
1.760251599258595657e-04 1.654534934204227958e-04 9.279037411997373246e-04 7.697734759118420164e-04
1.785933242295808490e-04 1.691878667385712462e-04 9.272611063181898997e-04 7.870464605109663957e-04
1.835395357680639258e-04 1.657585586297291797e-04 9.279915089110650625e-04 7.578404126965334903e-04
1.805825571758599068e-04 1.886061121888611095e-04 9.325684104991022053e-04 7.488542351618156625e-04
1.777990031437011161e-04 1.734205147748573198e-04 9.232690770668644997e-04 7.676482904729122229e-04
1.879716279170423295e-04 1.716179672936691744e-04 9.317201808537297009e-04 7.587369751788977917e-04
1.869253852831259362e-04 1.698027635492898875e-04 9.191444580989905928e-04 7.670447433342106281e-04
1.846531357698166494e-04 1.795480631625295917e-04 9.053633566678864807e-04 7.573674828734671240e-04
1.855888230018620398e-04 1.659323330915340739e-04 9.237355544189745611e-04 7.692051791073009495e-04
1.805268241085186221e-04 1.632027146417850262e-04 9.386058658373598335e-04 7.684889225741971643e-04
1.790617521366137048e-04 1.583111413205146804e-04 9.140774780374874261e-04 7.703214809953048102e-04
1.807198286684620582e-04 1.715465664905021451e-04 9.109764086358619921e-04 7.776778053622194608e-04
1.829160891878322853e-04 1.663093306862798012e-04 9.073460797463800279e-04 7.505267759090294673e-04
1.793305113878142893e-04 1.693503277771655406e-04 9.324688426052009892e-04 7.628429152604267053e-04
1.851060406646843064e-04 1.704205969245819595e-04 9.387273105674905473e-04 7.557682094913268245e-04
1.757155116604976967e-04 1.715881859507612970e-04 9.245829444953150393e-04 7.887081458081103211e-04
1.853435701260228933e-04 1.678369066720660223e-04 9.427504200273477668e-04 7.720464470382316013e-04
