# 'name' : 'rogers_a02_b00_d05_g06'
# 'source' : 'rogers_a02_b00_d05_g06.yaml'
# 'sample_pops' : ['X', 'D', 'Y', 'N']
# 'sample_size' : 1
# 'n_reps' : 100
# 'n_windows' : 200
# 'seq_length' : 100000000.0
# 'window_length' : 500000.0
# 'recomb_rate' : 1e-08
# 'mut_rate' : 1e-08
# 'created' : None
0.000000000000000000e+00 0.000000000000000000e+00 0.000000000000000000e+00 0.000000000000000000e+00 4.920156817872422747e-04 0.000000000000000000e+00 0.000000000000000000e+00 0.000000000000000000e+00 1.337332377267448072e-03 1.321750709357864990e-03 0.000000000000000000e+00 0.000000000000000000e+00 1.313104116319842481e-03 1.291727652910112370e-03 9.645470920591836875e-04 0.000000000000000000e+00
0.000000000000000000e+00 0.000000000000000000e+00 0.000000000000000000e+00 0.000000000000000000e+00 5.006796377456667908e-04 0.000000000000000000e+00 0.000000000000000000e+00 0.000000000000000000e+00 1.316345540416712697e-03 1.296911853988281767e-03 0.000000000000000000e+00 0.000000000000000000e+00 1.308345488622316690e-03 1.283325115815502895e-03 9.631432834450940738e-04 0.000000000000000000e+00
0.000000000000000000e+00 0.000000000000000000e+00 0.000000000000000000e+00 0.000000000000000000e+00 5.066525310269344613e-04 0.000000000000000000e+00 0.000000000000000000e+00 0.000000000000000000e+00 1.346578135796634105e-03 1.332790221088458234e-03 0.000000000000000000e+00 0.000000000000000000e+00 1.330257127077623218e-03 1.312850947388848966e-03 9.692834693723572075e-04 0.000000000000000000e+00
0.000000000000000000e+00 0.000000000000000000e+00 0.000000000000000000e+00 0.000000000000000000e+00 4.971932169909627905e-04 0.000000000000000000e+00 0.000000000000000000e+00 0.000000000000000000e+00 1.328969965458215484e-03 1.311258829134938049e-03 0.000000000000000000e+00 0.000000000000000000e+00 1.318158021818773831e-03 1.293446142389086161e-03 9.617121517442888843e-04 0.000000000000000000e+00
0.000000000000000000e+00 0.000000000000000000e+00 0.000000000000000000e+00 0.000000000000000000e+00 5.070053382855704968e-04 0.000000000000000000e+00 0.000000000000000000e+00 0.000000000000000000e+00 1.343213227301721718e-03 1.324069959855174276e-03 0.000000000000000000e+00 0.000000000000000000e+00 1.328464653287469814e-03 1.305066312715353304e-03 9.646695411576110485e-04 0.000000000000000000e+00
0.000000000000000000e+00 0.000000000000000000e+00 0.000000000000000000e+00 0.000000000000000000e+00 5.033699806008301754e-04 0.000000000000000000e+00 0.000000000000000000e+00 0.000000000000000000e+00 1.335512026606678086e-03 1.323467658180837786e-03 0.000000000000000000e+00 0.000000000000000000e+00 1.316415451606951304e-03 1.297509260402662182e-03 9.600052479348710876e-04 0.000000000000000000e+00
0.000000000000000000e+00 0.000000000000000000e+00 0.000000000000000000e+00 0.000000000000000000e+00 5.027372050780017348e-04 0.000000000000000000e+00 0.000000000000000000e+00 0.000000000000000000e+00 1.335232273423671073e-03 1.322343809524868493e-03 0.000000000000000000e+00 0.000000000000000000e+00 1.309651916717864163e-03 1.287122590571348471e-03 9.760885116888248390e-04 0.000000000000000000e+00
0.000000000000000000e+00 0.000000000000000000e+00 0.000000000000000000e+00 0.000000000000000000e+00 4.959983446637445835e-04 0.000000000000000000e+00 0.000000000000000000e+00 0.000000000000000000e+00 1.345933761160954907e-03 1.329239571505648216e-03 0.000000000000000000e+00 0.000000000000000000e+00 1.328575757704041245e-03 1.304353735469675028e-03 9.620035015105607391e-04 0.000000000000000000e+00
0.000000000000000000e+00 0.000000000000000000e+00 0.000000000000000000e+00 0.000000000000000000e+00 5.032353177885544662e-04 0.000000000000000000e+00 0.000000000000000000e+00 0.000000000000000000e+00 1.332211132619616489e-03 1.320679746526052297e-03 0.000000000000000000e+00 0.000000000000000000e+00 1.318326925960371836e-03 1.299815563934055224e-03 9.683219580315937953e-04 0.000000000000000000e+00
0.000000000000000000e+00 0.000000000000000000e+00 0.000000000000000000e+00 0.000000000000000000e+00 5.370551104071686916e-04 0.000000000000000000e+00 0.000000000000000000e+00 0.000000000000000000e+00 1.365746204019638137e-03 1.345572532756561480e-03 0.000000000000000000e+00 0.000000000000000000e+00 1.348312756387829922e-03 1.321569589710003788e-03 9.814497081789108190e-04 0.000000000000000000e+00
0.000000000000000000e+00 0.000000000000000000e+00 0.000000000000000000e+00 0.000000000000000000e+00 5.089665281735226239e-04 0.000000000000000000e+00 0.000000000000000000e+00 0.000000000000000000e+00 1.352847065553521933e-03 1.336544973759402162e-03 0.000000000000000000e+00 0.000000000000000000e+00 1.330188343264060132e-03 1.306458819550201282e-03 9.732410536094934870e-04 0.000000000000000000e+00
0.000000000000000000e+00 0.000000000000000000e+00 0.000000000000000000e+00 0.000000000000000000e+00 4.934953420789226332e-04 0.000000000000000000e+00 0.000000000000000000e+00 0.000000000000000000e+00 1.326229708899509790e-03 1.318368707175178109e-03 0.000000000000000000e+00 0.000000000000000000e+00 1.305303459654113879e-03 1.291750115795770905e-03 9.692128531986982185e-04 0.000000000000000000e+00
0.000000000000000000e+00 0.000000000000000000e+00 0.000000000000000000e+00 0.000000000000000000e+00 4.944351144157985503e-04 0.000000000000000000e+00 0.000000000000000000e+00 0.000000000000000000e+00 1.333689779392757029e-03 1.314001018455701131e-03 0.000000000000000000e+00 0.000000000000000000e+00 1.316020227140059142e-03 1.293002488180825535e-03 9.725647738338975487e-04 0.000000000000000000e+00
0.000000000000000000e+00 0.000000000000000000e+00 0.000000000000000000e+00 0.000000000000000000e+00 5.043057445351509021e-04 0.000000000000000000e+00 0.000000000000000000e+00 0.000000000000000000e+00 1.329356273806489054e-03 1.312114680940409169e-03 0.000000000000000000e+00 0.000000000000000000e+00 1.316807288197922692e-03 1.294811316206955464e-03 9.668775314510689089e-04 0.000000000000000000e+00
0.000000000000000000e+00 0.000000000000000000e+00 0.000000000000000000e+00 0.000000000000000000e+00 5.001132941346693667e-04 0.000000000000000000e+00 0.000000000000000000e+00 0.000000000000000000e+00 1.322816602615944004e-03 1.302950862635945299e-03 0.000000000000000000e+00 0.000000000000000000e+00 1.303881578073708917e-03 1.277486191677065048e-03 9.648308721003945754e-04 0.000000000000000000e+00
0.000000000000000000e+00 0.000000000000000000e+00 0.000000000000000000e+00 0.000000000000000000e+00 5.100387604611867362e-04 0.000000000000000000e+00 0.000000000000000000e+00 0.000000000000000000e+00 1.304232563831440525e-03 1.293533977600076984e-03 0.000000000000000000e+00 0.000000000000000000e+00 1.297513966897815641e-03 1.282226718614781205e-03 9.569619329367751301e-04 0.000000000000000000e+00
0.000000000000000000e+00 0.000000000000000000e+00 0.000000000000000000e+00 0.000000000000000000e+00 5.274734514537872052e-04 0.000000000000000000e+00 0.000000000000000000e+00 0.000000000000000000e+00 1.339410089615925871e-03 1.322280304607349657e-03 0.000000000000000000e+00 0.000000000000000000e+00 1.323185073521144844e-03 1.301847685420916279e-03 9.666215570372812919e-04 0.000000000000000000e+00
0.000000000000000000e+00 0.000000000000000000e+00 0.000000000000000000e+00 0.000000000000000000e+00 4.954186761679076545e-04 0.000000000000000000e+00 0.000000000000000000e+00 0.000000000000000000e+00 1.336431218382345965e-03 1.320177921652380352e-03 0.000000000000000000e+00 0.000000000000000000e+00 1.316102134083111351e-03 1.292174616673115667e-03 9.581441545563285306e-04 0.000000000000000000e+00
0.000000000000000000e+00 0.000000000000000000e+00 0.000000000000000000e+00 0.000000000000000000e+00 5.012333042832904217e-04 0.000000000000000000e+00 0.000000000000000000e+00 0.000000000000000000e+00 1.318138240242961974e-03 1.303039324899976908e-03 0.000000000000000000e+00 0.000000000000000000e+00 1.299238437732829019e-03 1.278078671352826830e-03 9.728885586402244521e-04 0.000000000000000000e+00
0.000000000000000000e+00 0.000000000000000000e+00 0.000000000000000000e+00 0.000000000000000000e+00 5.102584050500313636e-04 0.000000000000000000e+00 0.000000000000000000e+00 0.000000000000000000e+00 1.332545331420522186e-03 1.321646482935286485e-03 0.000000000000000000e+00 0.000000000000000000e+00 1.314268407234178183e-03 1.295200523185840828e-03 9.714527952804937307e-04 0.000000000000000000e+00
0.000000000000000000e+00 0.000000000000000000e+00 0.000000000000000000e+00 0.000000000000000000e+00 5.040189827267690589e-04 0.000000000000000000e+00 0.000000000000000000e+00 0.000000000000000000e+00 1.324965842951970592e-03 1.309974372641179406e-03 0.000000000000000000e+00 0.000000000000000000e+00 1.308029243324398657e-03 1.286734388667439260e-03 9.686694392670860488e-04 0.000000000000000000e+00
0.000000000000000000e+00 0.000000000000000000e+00 0.000000000000000000e+00 0.000000000000000000e+00 5.040652605055708294e-04 0.000000000000000000e+00 0.000000000000000000e+00 0.000000000000000000e+00 1.357536085021436622e-03 1.338547587527011678e-03 0.000000000000000000e+00 0.000000000000000000e+00 1.331527728704467095e-03 1.309159538743127427e-03 9.716753040582786329e-04 0.000000000000000000e+00
0.000000000000000000e+00 0.000000000000000000e+00 0.000000000000000000e+00 0.000000000000000000e+00 4.866931609584310018e-04 0.000000000000000000e+00 0.000000000000000000e+00 0.000000000000000000e+00 1.327353320881570747e-03 1.312807788534066421e-03 0.000000000000000000e+00 0.000000000000000000e+00 1.318377776330098214e-03 1.302590641624193184e-03 9.698378401089750942e-04 0.000000000000000000e+00
0.000000000000000000e+00 0.000000000000000000e+00 0.000000000000000000e+00 0.000000000000000000e+00 5.030576170172187901e-04 0.000000000000000000e+00 0.000000000000000000e+00 0.000000000000000000e+00 1.355407419630117209e-03 1.337344418435943739e-03 0.000000000000000000e+00 0.000000000000000000e+00 1.337486423792216741e-03 1.315877587998220879e-03 9.676452391671117297e-04 0.000000000000000000e+00
0.000000000000000000e+00 0.000000000000000000e+00 0.000000000000000000e+00 0.000000000000000000e+00 4.986034895722977643e-04 0.000000000000000000e+00 0.000000000000000000e+00 0.000000000000000000e+00 1.327436203764061377e-03 1.316087705679058230e-03 0.000000000000000000e+00 0.000000000000000000e+00 1.305568433360586355e-03 1.285716395284698752e-03 9.714429300929614030e-04 0.000000000000000000e+00
0.000000000000000000e+00 0.000000000000000000e+00 0.000000000000000000e+00 0.000000000000000000e+00 4.908447457302771632e-04 0.000000000000000000e+00 0.000000000000000000e+00 0.000000000000000000e+00 1.319759756587177884e-03 1.307138956320897478e-03 0.000000000000000000e+00 0.000000000000000000e+00 1.312026919890869415e-03 1.292587769751441830e-03 9.666908794764035714e-04 0.000000000000000000e+00
0.000000000000000000e+00 0.000000000000000000e+00 0.000000000000000000e+00 0.000000000000000000e+00 5.045797884190979200e-04 0.000000000000000000e+00 0.000000000000000000e+00 0.000000000000000000e+00 1.333886774972977991e-03 1.321593880313436760e-03 0.000000000000000000e+00 0.000000000000000000e+00 1.323982788071316127e-03 1.306038485548300168e-03 9.669728306709013919e-04 0.000000000000000000e+00
0.000000000000000000e+00 0.000000000000000000e+00 0.000000000000000000e+00 0.000000000000000000e+00 4.853305318996525407e-04 0.000000000000000000e+00 0.000000000000000000e+00 0.000000000000000000e+00 1.319636925196132279e-03 1.306965194795997034e-03 0.000000000000000000e+00 0.000000000000000000e+00 1.308959304995175980e-03 1.293960896814503334e-03 9.653335992843001040e-04 0.000000000000000000e+00
0.000000000000000000e+00 0.000000000000000000e+00 0.000000000000000000e+00 0.000000000000000000e+00 4.943951944829346520e-04 0.000000000000000000e+00 0.000000000000000000e+00 0.000000000000000000e+00 1.335587283123171234e-03 1.323619801059222265e-03 0.000000000000000000e+00 0.000000000000000000e+00 1.314773229530521526e-03 1.294263752531603579e-03 9.614423575634371529e-04 0.000000000000000000e+00
0.000000000000000000e+00 0.000000000000000000e+00 0.000000000000000000e+00 0.000000000000000000e+00 5.068972913019514958e-04 0.000000000000000000e+00 0.000000000000000000e+00 0.000000000000000000e+00 1.345141255513153389e-03 1.325051836157071583e-03 0.000000000000000000e+00 0.000000000000000000e+00 1.324220015914399440e-03 1.297214393086965631e-03 9.767992368908135891e-04 0.000000000000000000e+00
0.000000000000000000e+00 0.000000000000000000e+00 0.000000000000000000e+00 0.000000000000000000e+00 5.104364215113559467e-04 0.000000000000000000e+00 0.000000000000000000e+00 0.000000000000000000e+00 1.334082408788348547e-03 1.312866740337746176e-03 0.000000000000000000e+00 0.000000000000000000e+00 1.325359276952771609e-03 1.301348754019934295e-03 9.628692116306924488e-04 0.000000000000000000e+00
0.000000000000000000e+00 0.000000000000000000e+00 0.000000000000000000e+00 0.000000000000000000e+00 4.937106028186186591e-04 0.000000000000000000e+00 0.000000000000000000e+00 0.000000000000000000e+00 1.314775237227822687e-03 1.297835985933829157e-03 0.000000000000000000e+00 0.000000000000000000e+00 1.285160239853150614e-03 1.258116908346148827e-03 9.703682821434173435e-04 0.000000000000000000e+00
0.000000000000000000e+00 0.000000000000000000e+00 0.000000000000000000e+00 0.000000000000000000e+00 5.179737088826120300e-04 0.000000000000000000e+00 0.000000000000000000e+00 0.000000000000000000e+00 1.344090699657454410e-03 1.331570199032573645e-03 0.000000000000000000e+00 0.000000000000000000e+00 1.327081296128561046e-03 1.303809110642165309e-03 9.623566453574469931e-04 0.000000000000000000e+00
0.000000000000000000e+00 0.000000000000000000e+00 0.000000000000000000e+00 0.000000000000000000e+00 4.976423600055229681e-04 0.000000000000000000e+00 0.000000000000000000e+00 0.000000000000000000e+00 1.325605841790074594e-03 1.310913513835505534e-03 0.000000000000000000e+00 0.000000000000000000e+00 1.309900107451389926e-03 1.290276427803276017e-03 9.690934581673263165e-04 0.000000000000000000e+00
0.000000000000000000e+00 0.000000000000000000e+00 0.000000000000000000e+00 0.000000000000000000e+00 5.127046473464571489e-04 0.000000000000000000e+00 0.000000000000000000e+00 0.000000000000000000e+00 1.355360488525046486e-03 1.339041037725829204e-03 0.000000000000000000e+00 0.000000000000000000e+00 1.346610827947107829e-03 1.321706029923953038e-03 9.646362661780008086e-04 0.000000000000000000e+00
0.000000000000000000e+00 0.000000000000000000e+00 0.000000000000000000e+00 0.000000000000000000e+00 5.141362339667582921e-04 0.000000000000000000e+00 0.000000000000000000e+00 0.000000000000000000e+00 1.347591781951360630e-03 1.327679855615811503e-03 0.000000000000000000e+00 0.000000000000000000e+00 1.333003657102604022e-03 1.304628922059245747e-03 9.744002138957109796e-04 0.000000000000000000e+00
0.000000000000000000e+00 0.000000000000000000e+00 0.000000000000000000e+00 0.000000000000000000e+00 4.980627577984711798e-04 0.000000000000000000e+00 0.000000000000000000e+00 0.000000000000000000e+00 1.325734119769478260e-03 1.308581307120128007e-03 0.000000000000000000e+00 0.000000000000000000e+00 1.311940053744040839e-03 1.287798812692509580e-03 9.680204832511034047e-04 0.000000000000000000e+00
0.000000000000000000e+00 0.000000000000000000e+00 0.000000000000000000e+00 0.000000000000000000e+00 5.140946487366078238e-04 0.000000000000000000e+00 0.000000000000000000e+00 0.000000000000000000e+00 1.363363918891070904e-03 1.345856628166333061e-03 0.000000000000000000e+00 0.000000000000000000e+00 1.353716625395202022e-03 1.330241621398457232e-03 9.741480405025276399e-04 0.000000000000000000e+00
0.000000000000000000e+00 0.000000000000000000e+00 0.000000000000000000e+00 0.000000000000000000e+00 4.999490859096607535e-04 0.000000000000000000e+00 0.000000000000000000e+00 0.000000000000000000e+00 1.341211604289327917e-03 1.330240742262743569e-03 0.000000000000000000e+00 0.000000000000000000e+00 1.315097356275155525e-03 1.297987539198365006e-03 9.707697273817644280e-04 0.000000000000000000e+00
0.000000000000000000e+00 0.000000000000000000e+00 0.000000000000000000e+00 0.000000000000000000e+00 5.067517279595213850e-04 0.000000000000000000e+00 0.000000000000000000e+00 0.000000000000000000e+00 1.343446834943972344e-03 1.330662629924458766e-03 0.000000000000000000e+00 0.000000000000000000e+00 1.338441171912034197e-03 1.321706483338858703e-03 9.747958705323975584e-04 0.000000000000000000e+00
0.000000000000000000e+00 0.000000000000000000e+00 0.000000000000000000e+00 0.000000000000000000e+00 5.154943604527409190e-04 0.000000000000000000e+00 0.000000000000000000e+00 0.000000000000000000e+00 1.339697526241648935e-03 1.319394873299965538e-03 0.000000000000000000e+00 0.000000000000000000e+00 1.328406535480584428e-03 1.301598663820263029e-03 9.779347331569927630e-04 0.000000000000000000e+00
0.000000000000000000e+00 0.000000000000000000e+00 0.000000000000000000e+00 0.000000000000000000e+00 5.133066287511103614e-04 0.000000000000000000e+00 0.000000000000000000e+00 0.000000000000000000e+00 1.340788461834291389e-03 1.324353748690577101e-03 0.000000000000000000e+00 0.000000000000000000e+00 1.323874846924392220e-03 1.299638394379466679e-03 9.726144237652764590e-04 0.000000000000000000e+00
0.000000000000000000e+00 0.000000000000000000e+00 0.000000000000000000e+00 0.000000000000000000e+00 4.990603099317724757e-04 0.000000000000000000e+00 0.000000000000000000e+00 0.000000000000000000e+00 1.318423187998538819e-03 1.301280763489776320e-03 0.000000000000000000e+00 0.000000000000000000e+00 1.293489802794727710e-03 1.272500982281685655e-03 9.719432729980239955e-04 0.000000000000000000e+00
0.000000000000000000e+00 0.000000000000000000e+00 0.000000000000000000e+00 0.000000000000000000e+00 5.133597930781812679e-04 0.000000000000000000e+00 0.000000000000000000e+00 0.000000000000000000e+00 1.351828296896259761e-03 1.332728735495836364e-03 0.000000000000000000e+00 0.000000000000000000e+00 1.342075308734500720e-03 1.317831429578560001e-03 9.594649683566281069e-04 0.000000000000000000e+00
0.000000000000000000e+00 0.000000000000000000e+00 0.000000000000000000e+00 0.000000000000000000e+00 5.091509377635624299e-04 0.000000000000000000e+00 0.000000000000000000e+00 0.000000000000000000e+00 1.334900966827176670e-03 1.311708135840353260e-03 0.000000000000000000e+00 0.000000000000000000e+00 1.316958753487496589e-03 1.288142363941956799e-03 9.727513106342105175e-04 0.000000000000000000e+00
0.000000000000000000e+00 0.000000000000000000e+00 0.000000000000000000e+00 0.000000000000000000e+00 4.928935468875864307e-04 0.000000000000000000e+00 0.000000000000000000e+00 0.000000000000000000e+00 1.316553515707746726e-03 1.303602973410958668e-03 0.000000000000000000e+00 0.000000000000000000e+00 1.309951470855584728e-03 1.292595330544138617e-03 9.701090292402448061e-04 0.000000000000000000e+00
0.000000000000000000e+00 0.000000000000000000e+00 0.000000000000000000e+00 0.000000000000000000e+00 5.131875688107171872e-04 0.000000000000000000e+00 0.000000000000000000e+00 0.000000000000000000e+00 1.341002078284157578e-03 1.318557499760004362e-03 0.000000000000000000e+00 0.000000000000000000e+00 1.325824743802238520e-03 1.296962739034126892e-03 9.683905606230197582e-04 0.000000000000000000e+00
0.000000000000000000e+00 0.000000000000000000e+00 0.000000000000000000e+00 0.000000000000000000e+00 4.934568492740128501e-04 0.000000000000000000e+00 0.000000000000000000e+00 0.000000000000000000e+00 1.325756705720062233e-03 1.310579436805007396e-03 0.000000000000000000e+00 0.000000000000000000e+00 1.312589843426462208e-03 1.291715004527152011e-03 9.611594318079094744e-04 0.000000000000000000e+00
0.000000000000000000e+00 0.000000000000000000e+00 0.000000000000000000e+00 0.000000000000000000e+00 5.202813363006240010e-04 0.000000000000000000e+00 0.000000000000000000e+00 0.000000000000000000e+00 1.340765061853184306e-03 1.319787009805345988e-03 0.000000000000000000e+00 0.000000000000000000e+00 1.324452125965047038e-03 1.301989679236970412e-03 9.763979399059441412e-04 0.000000000000000000e+00
0.000000000000000000e+00 0.000000000000000000e+00 0.000000000000000000e+00 0.000000000000000000e+00 5.032972864501709725e-04 0.000000000000000000e+00 0.000000000000000000e+00 0.000000000000000000e+00 1.338366713998820909e-03 1.322523865716773803e-03 0.000000000000000000e+00 0.000000000000000000e+00 1.324258611726702095e-03 1.302520811951697870e-03 9.712449078311504369e-04 0.000000000000000000e+00
0.000000000000000000e+00 0.000000000000000000e+00 0.000000000000000000e+00 0.000000000000000000e+00 5.069014031025331551e-04 0.000000000000000000e+00 0.000000000000000000e+00 0.000000000000000000e+00 1.320044255947187524e-03 1.305935215102211255e-03 0.000000000000000000e+00 0.000000000000000000e+00 1.303243212146143687e-03 1.282530264305792355e-03 9.698187828409389954e-04 0.000000000000000000e+00
0.000000000000000000e+00 0.000000000000000000e+00 0.000000000000000000e+00 0.000000000000000000e+00 5.113048457334309557e-04 0.000000000000000000e+00 0.000000000000000000e+00 0.000000000000000000e+00 1.343770942061951442e-03 1.327442470435359363e-03 0.000000000000000000e+00 0.000000000000000000e+00 1.332139592490662414e-03 1.308884537991286895e-03 9.644821673359984778e-04 0.000000000000000000e+00
0.000000000000000000e+00 0.000000000000000000e+00 0.000000000000000000e+00 0.000000000000000000e+00 5.060754546065957850e-04 0.000000000000000000e+00 0.000000000000000000e+00 0.000000000000000000e+00 1.337764141071585153e-03 1.317797954370494634e-03 0.000000000000000000e+00 0.000000000000000000e+00 1.326896633100031102e-03 1.302905693284281364e-03 9.702599523123162529e-04 0.000000000000000000e+00
0.000000000000000000e+00 0.000000000000000000e+00 0.000000000000000000e+00 0.000000000000000000e+00 4.990327356853452734e-04 0.000000000000000000e+00 0.000000000000000000e+00 0.000000000000000000e+00 1.310599318104738696e-03 1.298190226195128881e-03 0.000000000000000000e+00 0.000000000000000000e+00 1.294923771749865960e-03 1.274105191469119842e-03 9.676115990671052243e-04 0.000000000000000000e+00
0.000000000000000000e+00 0.000000000000000000e+00 0.000000000000000000e+00 0.000000000000000000e+00 5.281826431123532806e-04 0.000000000000000000e+00 0.000000000000000000e+00 0.000000000000000000e+00 1.357567483789671363e-03 1.333623374330956783e-03 0.000000000000000000e+00 0.000000000000000000e+00 1.339884349773458848e-03 1.309601185314323863e-03 9.814495830628340318e-04 0.000000000000000000e+00
0.000000000000000000e+00 0.000000000000000000e+00 0.000000000000000000e+00 0.000000000000000000e+00 5.038176495920538038e-04 0.000000000000000000e+00 0.000000000000000000e+00 0.000000000000000000e+00 1.335291474890869419e-03 1.320508485721937249e-03 0.000000000000000000e+00 0.000000000000000000e+00 1.320971222655947276e-03 1.297927236139507839e-03 9.655912635853704544e-04 0.000000000000000000e+00
0.000000000000000000e+00 0.000000000000000000e+00 0.000000000000000000e+00 0.000000000000000000e+00 5.217845677861266719e-04 0.000000000000000000e+00 0.000000000000000000e+00 0.000000000000000000e+00 1.329989017878520450e-03 1.315506665093050219e-03 0.000000000000000000e+00 0.000000000000000000e+00 1.312614440988016645e-03 1.290081430234595559e-03 9.751734337343945062e-04 0.000000000000000000e+00
0.000000000000000000e+00 0.000000000000000000e+00 0.000000000000000000e+00 0.000000000000000000e+00 5.025448399948466340e-04 0.000000000000000000e+00 0.000000000000000000e+00 0.000000000000000000e+00 1.322496116376235516e-03 1.305003481440047443e-03 0.000000000000000000e+00 0.000000000000000000e+00 1.305759680797699551e-03 1.281933857507804204e-03 9.746438818624206246e-04 0.000000000000000000e+00
0.000000000000000000e+00 0.000000000000000000e+00 0.000000000000000000e+00 0.000000000000000000e+00 5.068243238983486916e-04 0.000000000000000000e+00 0.000000000000000000e+00 0.000000000000000000e+00 1.347540577938363118e-03 1.328822851431078105e-03 0.000000000000000000e+00 0.000000000000000000e+00 1.331447189579051168e-03 1.304370930187450945e-03 9.690304056564249657e-04 0.000000000000000000e+00
0.000000000000000000e+00 0.000000000000000000e+00 0.000000000000000000e+00 0.000000000000000000e+00 5.071952298211375963e-04 0.000000000000000000e+00 0.000000000000000000e+00 0.000000000000000000e+00 1.343019499982782590e-03 1.331061650361029707e-03 0.000000000000000000e+00 0.000000000000000000e+00 1.337184941074058900e-03 1.317807761524596903e-03 9.649101931609613226e-04 0.000000000000000000e+00
0.000000000000000000e+00 0.000000000000000000e+00 0.000000000000000000e+00 0.000000000000000000e+00 5.138160540139241400e-04 0.000000000000000000e+00 0.000000000000000000e+00 0.000000000000000000e+00 1.327779072301056920e-03 1.309911566459071681e-03 0.000000000000000000e+00 0.000000000000000000e+00 1.311398299718177438e-03 1.286502512116020945e-03 9.669140349722142851e-04 0.000000000000000000e+00
0.000000000000000000e+00 0.000000000000000000e+00 0.000000000000000000e+00 0.000000000000000000e+00 5.039354624832832839e-04 0.000000000000000000e+00 0.000000000000000000e+00 0.000000000000000000e+00 1.347369288844023306e-03 1.330788164056143953e-03 0.000000000000000000e+00 0.000000000000000000e+00 1.326893775218116259e-03 1.300843725136371400e-03 9.767195409679852759e-04 0.000000000000000000e+00
0.000000000000000000e+00 0.000000000000000000e+00 0.000000000000000000e+00 0.000000000000000000e+00 5.298489657212332058e-04 0.000000000000000000e+00 0.000000000000000000e+00 0.000000000000000000e+00 1.343243641744417630e-03 1.322659992333567432e-03 0.000000000000000000e+00 0.000000000000000000e+00 1.324337040233219184e-03 1.294128309684253143e-03 9.658532181754715283e-04 0.000000000000000000e+00
0.000000000000000000e+00 0.000000000000000000e+00 0.000000000000000000e+00 0.000000000000000000e+00 5.079081934425439416e-04 0.000000000000000000e+00 0.000000000000000000e+00 0.000000000000000000e+00 1.346768603995802081e-03 1.333295150949272796e-03 0.000000000000000000e+00 0.000000000000000000e+00 1.326722286194939289e-03 1.304813594244318403e-03 9.694407630035227919e-04 0.000000000000000000e+00
0.000000000000000000e+00 0.000000000000000000e+00 0.000000000000000000e+00 0.000000000000000000e+00 5.049814228863244237e-04 0.000000000000000000e+00 0.000000000000000000e+00 0.000000000000000000e+00 1.338184362756021477e-03 1.323256664648468292e-03 0.000000000000000000e+00 0.000000000000000000e+00 1.327808497818175120e-03 1.311116159105091923e-03 9.606216449317284004e-04 0.000000000000000000e+00
0.000000000000000000e+00 0.000000000000000000e+00 0.000000000000000000e+00 0.000000000000000000e+00 5.025094526754902416e-04 0.000000000000000000e+00 0.000000000000000000e+00 0.000000000000000000e+00 1.338290185123464744e-03 1.328148846907059805e-03 0.000000000000000000e+00 0.000000000000000000e+00 1.325504712227128972e-03 1.309345281780040877e-03 9.763351889738254618e-04 0.000000000000000000e+00
0.000000000000000000e+00 0.000000000000000000e+00 0.000000000000000000e+00 0.000000000000000000e+00 5.115003920729638493e-04 0.000000000000000000e+00 0.000000000000000000e+00 0.000000000000000000e+00 1.336640362846553201e-03 1.332170405754188637e-03 0.000000000000000000e+00 0.000000000000000000e+00 1.325692376958886908e-03 1.312807480685834922e-03 9.646327443043597799e-04 0.000000000000000000e+00
0.000000000000000000e+00 0.000000000000000000e+00 0.000000000000000000e+00 0.000000000000000000e+00 5.083805002747813530e-04 0.000000000000000000e+00 0.000000000000000000e+00 0.000000000000000000e+00 1.345324846438191195e-03 1.335121370751703737e-03 0.000000000000000000e+00 0.000000000000000000e+00 1.325578068734793247e-03 1.308072652782781356e-03 9.723959884448621230e-04 0.000000000000000000e+00
0.000000000000000000e+00 0.000000000000000000e+00 0.000000000000000000e+00 0.000000000000000000e+00 4.967152772673041720e-04 0.000000000000000000e+00 0.000000000000000000e+00 0.000000000000000000e+00 1.319743257604279662e-03 1.301274219091913282e-03 0.000000000000000000e+00 0.000000000000000000e+00 1.303448681313064145e-03 1.280729261979992369e-03 9.744065034591805220e-04 0.000000000000000000e+00
0.000000000000000000e+00 0.000000000000000000e+00 0.000000000000000000e+00 0.000000000000000000e+00 4.869704995733199759e-04 0.000000000000000000e+00 0.000000000000000000e+00 0.000000000000000000e+00 1.339336089284063648e-03 1.320620916559440104e-03 0.000000000000000000e+00 0.000000000000000000e+00 1.319059558142791563e-03 1.295497684155138629e-03 9.625266415010827296e-04 0.000000000000000000e+00
0.000000000000000000e+00 0.000000000000000000e+00 0.000000000000000000e+00 0.000000000000000000e+00 5.033184703613291988e-04 0.000000000000000000e+00 0.000000000000000000e+00 0.000000000000000000e+00 1.346110370988232510e-03 1.332969568156099028e-03 0.000000000000000000e+00 0.000000000000000000e+00 1.328139571065177667e-03 1.310914337140172596e-03 9.689489187253265759e-04 0.000000000000000000e+00
0.000000000000000000e+00 0.000000000000000000e+00 0.000000000000000000e+00 0.000000000000000000e+00 5.125224875082998524e-04 0.000000000000000000e+00 0.000000000000000000e+00 0.000000000000000000e+00 1.354760503490339473e-03 1.331998704772899365e-03 0.000000000000000000e+00 0.000000000000000000e+00 1.332129203847123898e-03 1.302045996711351412e-03 9.677101591550065461e-04 0.000000000000000000e+00
0.000000000000000000e+00 0.000000000000000000e+00 0.000000000000000000e+00 0.000000000000000000e+00 4.994571172039409144e-04 0.000000000000000000e+00 0.000000000000000000e+00 0.000000000000000000e+00 1.327955067107816287e-03 1.310548123471841613e-03 0.000000000000000000e+00 0.000000000000000000e+00 1.320204976500014482e-03 1.297889810489458954e-03 9.628052728133567120e-04 0.000000000000000000e+00
0.000000000000000000e+00 0.000000000000000000e+00 0.000000000000000000e+00 0.000000000000000000e+00 5.116891359629363980e-04 0.000000000000000000e+00 0.000000000000000000e+00 0.000000000000000000e+00 1.330223949474761136e-03 1.318386096075477385e-03 0.000000000000000000e+00 0.000000000000000000e+00 1.309573667125515060e-03 1.290988495954118560e-03 9.681202145991474198e-04 0.000000000000000000e+00
0.000000000000000000e+00 0.000000000000000000e+00 0.000000000000000000e+00 0.000000000000000000e+00 4.937856104018476140e-04 0.000000000000000000e+00 0.000000000000000000e+00 0.000000000000000000e+00 1.314643990075847584e-03 1.295554940844399977e-03 0.000000000000000000e+00 0.000000000000000000e+00 1.298467371729975992e-03 1.273759203034054372e-03 9.622076075564054386e-04 0.000000000000000000e+00
0.000000000000000000e+00 0.000000000000000000e+00 0.000000000000000000e+00 0.000000000000000000e+00 5.019825361827855549e-04 0.000000000000000000e+00 0.000000000000000000e+00 0.000000000000000000e+00 1.364423630142063987e-03 1.347708661577199036e-03 0.000000000000000000e+00 0.000000000000000000e+00 1.342273169292441124e-03 1.320090630552056641e-03 9.734607534544941019e-04 0.000000000000000000e+00
0.000000000000000000e+00 0.000000000000000000e+00 0.000000000000000000e+00 0.000000000000000000e+00 4.989298178620885527e-04 0.000000000000000000e+00 0.000000000000000000e+00 0.000000000000000000e+00 1.331876861289973219e-03 1.314696375013096712e-03 0.000000000000000000e+00 0.000000000000000000e+00 1.320664499992921454e-03 1.297236259848797216e-03 9.717492570189185681e-04 0.000000000000000000e+00
0.000000000000000000e+00 0.000000000000000000e+00 0.000000000000000000e+00 0.000000000000000000e+00 5.244610139703026084e-04 0.000000000000000000e+00 0.000000000000000000e+00 0.000000000000000000e+00 1.345509562147598377e-03 1.329547967029859334e-03 0.000000000000000000e+00 0.000000000000000000e+00 1.332434174114377392e-03 1.310107089439308849e-03 9.690814796334183776e-04 0.000000000000000000e+00
0.000000000000000000e+00 0.000000000000000000e+00 0.000000000000000000e+00 0.000000000000000000e+00 5.147153027223725676e-04 0.000000000000000000e+00 0.000000000000000000e+00 0.000000000000000000e+00 1.341659495570554899e-03 1.326501306949409795e-03 0.000000000000000000e+00 0.000000000000000000e+00 1.322825943834904025e-03 1.299439198351932641e-03 9.662486212711168636e-04 0.000000000000000000e+00
0.000000000000000000e+00 0.000000000000000000e+00 0.000000000000000000e+00 0.000000000000000000e+00 4.983179971770033707e-04 0.000000000000000000e+00 0.000000000000000000e+00 0.000000000000000000e+00 1.355579114038173421e-03 1.341165016151726940e-03 0.000000000000000000e+00 0.000000000000000000e+00 1.336573700409145367e-03 1.314507721279117511e-03 9.758246910747879173e-04 0.000000000000000000e+00
0.000000000000000000e+00 0.000000000000000000e+00 0.000000000000000000e+00 0.000000000000000000e+00 4.934571359638634204e-04 0.000000000000000000e+00 0.000000000000000000e+00 0.000000000000000000e+00 1.336076312746556144e-03 1.320596712915936190e-03 0.000000000000000000e+00 0.000000000000000000e+00 1.316972628975355761e-03 1.296887960777127168e-03 9.691820719601400682e-04 0.000000000000000000e+00
0.000000000000000000e+00 0.000000000000000000e+00 0.000000000000000000e+00 0.000000000000000000e+00 4.993317827211982878e-04 0.000000000000000000e+00 0.000000000000000000e+00 0.000000000000000000e+00 1.336644213365395560e-03 1.317793869724976329e-03 0.000000000000000000e+00 0.000000000000000000e+00 1.315394998304506013e-03 1.293135371174607487e-03 9.637938347763147029e-04 0.000000000000000000e+00
0.000000000000000000e+00 0.000000000000000000e+00 0.000000000000000000e+00 0.000000000000000000e+00 4.934481842110495812e-04 0.000000000000000000e+00 0.000000000000000000e+00 0.000000000000000000e+00 1.329972450397541757e-03 1.321308198954464436e-03 0.000000000000000000e+00 0.000000000000000000e+00 1.318313583141441595e-03 1.305150207877581398e-03 9.617167278724986484e-04 0.000000000000000000e+00
0.000000000000000000e+00 0.000000000000000000e+00 0.000000000000000000e+00 0.000000000000000000e+00 5.059583633020926568e-04 0.000000000000000000e+00 0.000000000000000000e+00 0.000000000000000000e+00 1.322805402081193241e-03 1.307279829422408959e-03 0.000000000000000000e+00 0.000000000000000000e+00 1.308416322392475526e-03 1.286713035389956683e-03 9.610450665050164444e-04 0.000000000000000000e+00
0.000000000000000000e+00 0.000000000000000000e+00 0.000000000000000000e+00 0.000000000000000000e+00 4.911068940860065625e-04 0.000000000000000000e+00 0.000000000000000000e+00 0.000000000000000000e+00 1.321239680151240978e-03 1.315315501214760511e-03 0.000000000000000000e+00 0.000000000000000000e+00 1.302619185158366806e-03 1.289706014246849415e-03 9.675731175439876734e-04 0.000000000000000000e+00
0.000000000000000000e+00 0.000000000000000000e+00 0.000000000000000000e+00 0.000000000000000000e+00 5.029041516976330605e-04 0.000000000000000000e+00 0.000000000000000000e+00 0.000000000000000000e+00 1.338440795519346780e-03 1.322967794263083885e-03 0.000000000000000000e+00 0.000000000000000000e+00 1.317722619864986067e-03 1.296824480935269931e-03 9.732767025115106850e-04 0.000000000000000000e+00
0.000000000000000000e+00 0.000000000000000000e+00 0.000000000000000000e+00 0.000000000000000000e+00 5.107377833976004108e-04 0.000000000000000000e+00 0.000000000000000000e+00 0.000000000000000000e+00 1.330005409707960039e-03 1.317389925071570968e-03 0.000000000000000000e+00 0.000000000000000000e+00 1.317829464990157235e-03 1.298203147753187667e-03 9.664862769202243976e-04 0.000000000000000000e+00
0.000000000000000000e+00 0.000000000000000000e+00 0.000000000000000000e+00 0.000000000000000000e+00 5.077732768014599999e-04 0.000000000000000000e+00 0.000000000000000000e+00 0.000000000000000000e+00 1.351145423855600785e-03 1.331836663493420015e-03 0.000000000000000000e+00 0.000000000000000000e+00 1.333679947525574002e-03 1.309333042314445548e-03 9.739440149057060347e-04 0.000000000000000000e+00
0.000000000000000000e+00 0.000000000000000000e+00 0.000000000000000000e+00 0.000000000000000000e+00 5.179359609811122521e-04 0.000000000000000000e+00 0.000000000000000000e+00 0.000000000000000000e+00 1.335151139705261598e-03 1.317386833222914961e-03 0.000000000000000000e+00 0.000000000000000000e+00 1.321952203850232854e-03 1.295708389690074713e-03 9.714421196040800991e-04 0.000000000000000000e+00
0.000000000000000000e+00 0.000000000000000000e+00 0.000000000000000000e+00 0.000000000000000000e+00 5.027839241953422451e-04 0.000000000000000000e+00 0.000000000000000000e+00 0.000000000000000000e+00 1.324246521509538088e-03 1.314515824802715100e-03 0.000000000000000000e+00 0.000000000000000000e+00 1.310573880255463128e-03 1.294671564953850471e-03 9.710730198855786754e-04 0.000000000000000000e+00
0.000000000000000000e+00 0.000000000000000000e+00 0.000000000000000000e+00 0.000000000000000000e+00 5.099957957852959073e-04 0.000000000000000000e+00 0.000000000000000000e+00 0.000000000000000000e+00 1.337184537814291524e-03 1.320532629426805294e-03 0.000000000000000000e+00 0.000000000000000000e+00 1.326341790153720210e-03 1.303977098194933522e-03 9.707775573893909693e-04 0.000000000000000000e+00
0.000000000000000000e+00 0.000000000000000000e+00 0.000000000000000000e+00 0.000000000000000000e+00 4.912756496369094809e-04 0.000000000000000000e+00 0.000000000000000000e+00 0.000000000000000000e+00 1.342263517412928264e-03 1.324739419038119433e-03 0.000000000000000000e+00 0.000000000000000000e+00 1.326971700646758850e-03 1.303289762972859814e-03 9.729206796339107295e-04 0.000000000000000000e+00
0.000000000000000000e+00 0.000000000000000000e+00 0.000000000000000000e+00 0.000000000000000000e+00 4.967833301468949471e-04 0.000000000000000000e+00 0.000000000000000000e+00 0.000000000000000000e+00 1.321873515174930378e-03 1.309143497045222931e-03 0.000000000000000000e+00 0.000000000000000000e+00 1.309284719902843903e-03 1.288443108109906020e-03 9.798235791225683687e-04 0.000000000000000000e+00
0.000000000000000000e+00 0.000000000000000000e+00 0.000000000000000000e+00 0.000000000000000000e+00 4.927093384842780701e-04 0.000000000000000000e+00 0.000000000000000000e+00 0.000000000000000000e+00 1.321316187265011771e-03 1.310272694828960556e-03 0.000000000000000000e+00 0.000000000000000000e+00 1.310254439172055339e-03 1.292237610672275234e-03 9.697271741029442815e-04 0.000000000000000000e+00
0.000000000000000000e+00 0.000000000000000000e+00 0.000000000000000000e+00 0.000000000000000000e+00 5.190390529403752845e-04 0.000000000000000000e+00 0.000000000000000000e+00 0.000000000000000000e+00 1.315454001519398078e-03 1.299973911423047768e-03 0.000000000000000000e+00 0.000000000000000000e+00 1.296569985570146565e-03 1.277042246456794143e-03 9.639987688810859514e-04 0.000000000000000000e+00
0.000000000000000000e+00 0.000000000000000000e+00 0.000000000000000000e+00 0.000000000000000000e+00 5.085841447300236146e-04 0.000000000000000000e+00 0.000000000000000000e+00 0.000000000000000000e+00 1.337686236501193235e-03 1.318504798076008131e-03 0.000000000000000000e+00 0.000000000000000000e+00 1.320693231007766906e-03 1.294438397016487363e-03 9.659250990219205111e-04 0.000000000000000000e+00
0.000000000000000000e+00 0.000000000000000000e+00 0.000000000000000000e+00 0.000000000000000000e+00 5.137022026570847938e-04 0.000000000000000000e+00 0.000000000000000000e+00 0.000000000000000000e+00 1.338161620113323359e-03 1.320587243913613285e-03 0.000000000000000000e+00 0.000000000000000000e+00 1.316838371656874410e-03 1.292461534826817773e-03 9.754674946874110873e-04 0.000000000000000000e+00
0.000000000000000000e+00 0.000000000000000000e+00 0.000000000000000000e+00 0.000000000000000000e+00 5.011516452958600680e-04 0.000000000000000000e+00 0.000000000000000000e+00 0.000000000000000000e+00 1.344818588250902862e-03 1.331664432327166235e-03 0.000000000000000000e+00 0.000000000000000000e+00 1.326661661179925943e-03 1.306602092692825661e-03 9.714919363309684882e-04 0.000000000000000000e+00
0.000000000000000000e+00 0.000000000000000000e+00 0.000000000000000000e+00 0.000000000000000000e+00 5.101558334846921635e-04 0.000000000000000000e+00 0.000000000000000000e+00 0.000000000000000000e+00 1.327562912129660226e-03 1.311463718818357826e-03 0.000000000000000000e+00 0.000000000000000000e+00 1.309695717830727194e-03 1.284210404109492436e-03 9.714536091328279969e-04 0.000000000000000000e+00
0.000000000000000000e+00 0.000000000000000000e+00 0.000000000000000000e+00 0.000000000000000000e+00 5.089825326199866893e-04 0.000000000000000000e+00 0.000000000000000000e+00 0.000000000000000000e+00 1.336173410249583615e-03 1.320818391646115574e-03 0.000000000000000000e+00 0.000000000000000000e+00 1.322242923094041041e-03 1.298832354047021282e-03 9.757958629710851125e-04 0.000000000000000000e+00
