# {'chrom': '22', 'window_id': '1', 'statistic': 'H2', 'bounds': [34000000, 52000000], 'span': 18000000, 'n_sites': 10553280, 'coverage': 58.63, 'right_discontinuous': True, 'rows': "{0: 'Altai', 1: 'Chagyrskaya', 2: 'Denisova', 3: 'French-1', 4: 'Han-1', 5: 'Khomani_San-2', 6: 'Papuan-2', 7: 'Vindija', 8: 'Yoruba-1', 9: 'Yoruba-3'}"}
2.400000000000000000e+01 4.100000000000000000e+01 1.400000000000000000e+02 2.170000000000000000e+02 3.670000000000000000e+02 1.026000000000000000e+03 1.369000000000000000e+03 2.064000000000000000e+03 4.683000000000000000e+03 5.115000000000000000e+03 7.015000000000000000e+03 1.334600000000000000e+04 1.940400000000000000e+04 3.484200000000000000e+04 8.883400000000000000e+04 5.989600000000000000e+04 1.125680000000000000e+05 2.473050000000000000e+05 3.199940000000000000e+05
1.100000000000000000e+01 6.000000000000000000e+00 3.500000000000000000e+01 8.000000000000000000e+01 1.840000000000000000e+02 5.750000000000000000e+02 8.220000000000000000e+02 1.235000000000000000e+03 2.581000000000000000e+03 2.940000000000000000e+03 3.441000000000000000e+03 3.644000000000000000e+03 4.446000000000000000e+03 7.197000000000000000e+03 1.189000000000000000e+04 3.900900000000000000e+04 4.953000000000000000e+04 1.183510000000000000e+05 6.723600000000000000e+04
1.100000000000000000e+02 9.700000000000000000e+01 1.920000000000000000e+02 2.830000000000000000e+02 5.560000000000000000e+02 1.443000000000000000e+03 1.894000000000000000e+03 2.698000000000000000e+03 6.203000000000000000e+03 6.953000000000000000e+03 1.087100000000000000e+04 2.069200000000000000e+04 2.372800000000000000e+04 3.928100000000000000e+04 8.524600000000000000e+04 1.486120000000000000e+05 2.465130000000000000e+05 7.786410000000000000e+05 1.201932000000000000e+06
1.544000000000000000e+03 1.086000000000000000e+03 1.742000000000000000e+03 1.858000000000000000e+03 2.885000000000000000e+03 7.566000000000000000e+03 1.223600000000000000e+04 1.857900000000000000e+04 4.222100000000000000e+04 5.075400000000000000e+04 6.671600000000000000e+04 1.500250000000000000e+05 1.838230000000000000e+05 2.776100000000000000e+05 7.611220000000000000e+05 1.157955000000000000e+06 2.187084000000000000e+06 6.110146000000000000e+06 1.051356800000000000e+07
1.329000000000000000e+03 5.600000000000000000e+02 1.146000000000000000e+03 1.492000000000000000e+03 2.119000000000000000e+03 5.720000000000000000e+03 9.673000000000000000e+03 1.578700000000000000e+04 3.778900000000000000e+04 4.297300000000000000e+04 5.635700000000000000e+04 1.025450000000000000e+05 1.293010000000000000e+05 2.124720000000000000e+05 6.158150000000000000e+05 8.537360000000000000e+05 1.524073000000000000e+06 4.666413000000000000e+06 7.793625000000000000e+06
1.255000000000000000e+03 9.490000000000000000e+02 1.681000000000000000e+03 2.395000000000000000e+03 3.879000000000000000e+03 1.008600000000000000e+04 1.453100000000000000e+04 2.567600000000000000e+04 5.671200000000000000e+04 6.757700000000000000e+04 9.054400000000000000e+04 1.897480000000000000e+05 2.644600000000000000e+05 4.922260000000000000e+05 1.326902000000000000e+06 2.067711000000000000e+06 3.304054000000000000e+06 1.019527800000000000e+07 1.629294900000000000e+07
6.910000000000000000e+02 3.140000000000000000e+02 7.580000000000000000e+02 1.010000000000000000e+03 1.633000000000000000e+03 4.475000000000000000e+03 7.172000000000000000e+03 1.224100000000000000e+04 2.777600000000000000e+04 3.542000000000000000e+04 4.305400000000000000e+04 6.387800000000000000e+04 7.732500000000000000e+04 1.098180000000000000e+05 3.695780000000000000e+05 5.251410000000000000e+05 7.687060000000000000e+05 2.214389000000000000e+06 4.149106000000000000e+06
2.490000000000000000e+02 2.410000000000000000e+02 3.870000000000000000e+02 2.320000000000000000e+02 4.240000000000000000e+02 1.192000000000000000e+03 1.816000000000000000e+03 3.407000000000000000e+03 6.780000000000000000e+03 8.621000000000000000e+03 1.365000000000000000e+04 1.269000000000000000e+04 8.872000000000000000e+03 2.536900000000000000e+04 2.437800000000000000e+04 5.936400000000000000e+04 1.033030000000000000e+05 2.930420000000000000e+05 4.675130000000000000e+05
2.163000000000000000e+03 1.253000000000000000e+03 2.371000000000000000e+03 2.886000000000000000e+03 4.299000000000000000e+03 1.014800000000000000e+04 1.682900000000000000e+04 2.816800000000000000e+04 6.252300000000000000e+04 7.244400000000000000e+04 1.024220000000000000e+05 1.838570000000000000e+05 2.885960000000000000e+05 5.429320000000000000e+05 1.402344000000000000e+06 2.274564000000000000e+06 3.745779000000000000e+06 1.084005800000000000e+07 1.867516500000000000e+07
1.423000000000000000e+03 9.170000000000000000e+02 1.663000000000000000e+03 2.243000000000000000e+03 3.848000000000000000e+03 9.189000000000000000e+03 1.480100000000000000e+04 2.372100000000000000e+04 5.218500000000000000e+04 6.655700000000000000e+04 9.408900000000000000e+04 1.993420000000000000e+05 2.828840000000000000e+05 5.490920000000000000e+05 1.258969000000000000e+06 1.549754000000000000e+06 3.645048000000000000e+06 1.041029000000000000e+07 1.731543200000000000e+07
