# {'chrom': '22', 'window_id': '0', 'statistic': 'H2', 'bounds': [16000000, 34000000], 'span': 18000000, 'n_sites': 8489302, 'coverage': 47.16, 'right_discontinuous': False, 'rows': "{0: 'Altai', 1: 'Chagyrskaya', 2: 'Denisova', 3: 'French-1', 4: 'Han-1', 5: 'Khomani_San-2', 6: 'Papuan-2', 7: 'Vindija', 8: 'Yoruba-1', 9: 'Yoruba-3'}"}
7.700000000000000000e+01 8.800000000000000000e+01 2.540000000000000000e+02 4.020000000000000000e+02 6.960000000000000000e+02 1.484000000000000000e+03 1.729000000000000000e+03 3.376000000000000000e+03 9.396000000000000000e+03 1.000000000000000000e+04 9.682000000000000000e+03 1.949600000000000000e+04 1.584600000000000000e+04 1.630700000000000000e+04 4.649100000000000000e+04 4.316200000000000000e+04 1.488720000000000000e+05 3.215950000000000000e+05 5.808210000000000000e+05
5.100000000000000000e+01 4.400000000000000000e+01 1.400000000000000000e+02 1.680000000000000000e+02 3.050000000000000000e+02 6.600000000000000000e+02 8.240000000000000000e+02 1.147000000000000000e+03 2.786000000000000000e+03 2.573000000000000000e+03 3.708000000000000000e+03 7.120000000000000000e+03 8.007000000000000000e+03 8.172000000000000000e+03 2.253300000000000000e+04 4.098000000000000000e+04 5.707800000000000000e+04 1.579940000000000000e+05 3.611100000000000000e+05
3.900000000000000000e+01 4.100000000000000000e+01 1.110000000000000000e+02 2.090000000000000000e+02 4.140000000000000000e+02 9.180000000000000000e+02 1.124000000000000000e+03 1.825000000000000000e+03 3.665000000000000000e+03 4.592000000000000000e+03 7.093000000000000000e+03 1.027400000000000000e+04 1.337000000000000000e+04 1.368800000000000000e+04 3.013000000000000000e+04 4.488400000000000000e+04 1.026680000000000000e+05 3.353030000000000000e+05 6.641610000000000000e+05
1.298000000000000000e+03 7.100000000000000000e+02 9.310000000000000000e+02 1.093000000000000000e+03 1.717000000000000000e+03 4.302000000000000000e+03 7.160000000000000000e+03 1.015000000000000000e+04 2.095200000000000000e+04 2.404400000000000000e+04 3.442800000000000000e+04 6.227500000000000000e+04 6.689500000000000000e+04 1.489610000000000000e+05 3.702540000000000000e+05 5.777870000000000000e+05 1.116107000000000000e+06 3.800836000000000000e+06 6.495907000000000000e+06
1.542000000000000000e+03 9.360000000000000000e+02 1.223000000000000000e+03 1.167000000000000000e+03 1.760000000000000000e+03 4.691000000000000000e+03 7.798000000000000000e+03 1.322400000000000000e+04 2.829200000000000000e+04 2.877500000000000000e+04 3.627500000000000000e+04 6.476300000000000000e+04 7.563900000000000000e+04 1.197680000000000000e+05 3.121290000000000000e+05 5.509470000000000000e+05 1.101160000000000000e+06 3.823279000000000000e+06 6.618905000000000000e+06
1.982000000000000000e+03 1.308000000000000000e+03 1.477000000000000000e+03 1.561000000000000000e+03 2.609000000000000000e+03 7.161000000000000000e+03 1.174700000000000000e+04 1.886400000000000000e+04 3.876300000000000000e+04 4.427900000000000000e+04 5.783100000000000000e+04 1.102090000000000000e+05 1.337340000000000000e+05 2.361820000000000000e+05 6.763730000000000000e+05 1.178725000000000000e+06 2.293574000000000000e+06 7.502452000000000000e+06 1.418272600000000000e+07
7.640000000000000000e+02 5.670000000000000000e+02 8.770000000000000000e+02 9.210000000000000000e+02 1.657000000000000000e+03 4.480000000000000000e+03 6.070000000000000000e+03 1.114600000000000000e+04 2.227700000000000000e+04 2.423600000000000000e+04 2.814400000000000000e+04 6.441100000000000000e+04 7.057700000000000000e+04 9.281000000000000000e+04 2.727010000000000000e+05 4.802400000000000000e+05 9.856350000000000000e+05 2.854325000000000000e+06 3.816845000000000000e+06
1.230000000000000000e+02 1.320000000000000000e+02 3.530000000000000000e+02 4.760000000000000000e+02 7.560000000000000000e+02 1.701000000000000000e+03 2.092000000000000000e+03 3.800000000000000000e+03 1.023200000000000000e+04 1.110900000000000000e+04 1.187000000000000000e+04 2.191200000000000000e+04 1.034300000000000000e+04 1.050600000000000000e+04 4.394400000000000000e+04 7.057400000000000000e+04 1.716330000000000000e+05 4.175420000000000000e+05 6.758730000000000000e+05
1.705000000000000000e+03 1.147000000000000000e+03 1.540000000000000000e+03 1.522000000000000000e+03 2.357000000000000000e+03 6.367000000000000000e+03 9.392000000000000000e+03 1.687100000000000000e+04 3.435100000000000000e+04 3.959800000000000000e+04 5.509700000000000000e+04 1.041920000000000000e+05 1.474030000000000000e+05 2.253380000000000000e+05 6.006410000000000000e+05 1.124110000000000000e+06 2.238239000000000000e+06 7.684580000000000000e+06 1.396404300000000000e+07
1.460000000000000000e+03 1.074000000000000000e+03 1.651000000000000000e+03 1.876000000000000000e+03 2.926000000000000000e+03 7.773000000000000000e+03 1.117900000000000000e+04 1.916900000000000000e+04 3.941700000000000000e+04 4.867800000000000000e+04 6.440400000000000000e+04 1.353190000000000000e+05 1.632650000000000000e+05 2.140750000000000000e+05 6.873330000000000000e+05 1.270368000000000000e+06 2.433735000000000000e+06 8.038739000000000000e+06 1.446917300000000000e+07
