# {'chrom': '16', 'window_id': '2', 'statistic': 'H2', 'bounds': [45000000, 68000000], 'span': 23000000, 'n_sites': 14154409, 'coverage': 61.54, 'right_discontinuous': False, 'rows': "{0: 'Altai', 1: 'Chagyrskaya', 2: 'Denisova', 3: 'French-1', 4: 'Han-1', 5: 'Khomani_San-2', 6: 'Papuan-2', 7: 'Vindija', 8: 'Yoruba-1', 9: 'Yoruba-3'}"}
1.330000000000000000e+02 4.700000000000000000e+01 1.110000000000000000e+02 1.750000000000000000e+02 2.810000000000000000e+02 7.300000000000000000e+02 1.007000000000000000e+03 1.626000000000000000e+03 3.347000000000000000e+03 3.313000000000000000e+03 4.736000000000000000e+03 8.025000000000000000e+03 1.380500000000000000e+04 2.113100000000000000e+04 3.829000000000000000e+04 4.581000000000000000e+04 9.078000000000000000e+04 3.300640000000000000e+05 6.182190000000000000e+05
5.690000000000000000e+02 3.510000000000000000e+02 7.780000000000000000e+02 9.420000000000000000e+02 1.520000000000000000e+03 2.349000000000000000e+03 3.333000000000000000e+03 6.216000000000000000e+03 1.463900000000000000e+04 1.442300000000000000e+04 1.651100000000000000e+04 3.756200000000000000e+04 3.853700000000000000e+04 4.757600000000000000e+04 1.532650000000000000e+05 1.573060000000000000e+05 2.475040000000000000e+05 1.033875000000000000e+06 1.366168000000000000e+06
2.760000000000000000e+02 2.220000000000000000e+02 3.110000000000000000e+02 3.860000000000000000e+02 5.000000000000000000e+02 1.336000000000000000e+03 1.655000000000000000e+03 3.071000000000000000e+03 6.546000000000000000e+03 6.279000000000000000e+03 8.011000000000000000e+03 1.495500000000000000e+04 1.947900000000000000e+04 3.915700000000000000e+04 8.020500000000000000e+04 1.301900000000000000e+05 2.644530000000000000e+05 8.052480000000000000e+05 1.372350000000000000e+06
3.451000000000000000e+03 1.305000000000000000e+03 2.177000000000000000e+03 2.285000000000000000e+03 3.493000000000000000e+03 8.454000000000000000e+03 1.342300000000000000e+04 2.335000000000000000e+04 5.056500000000000000e+04 5.281100000000000000e+04 7.302700000000000000e+04 1.155830000000000000e+05 1.720420000000000000e+05 2.991860000000000000e+05 9.407120000000000000e+05 1.431531000000000000e+06 2.874894000000000000e+06 9.538563000000000000e+06 1.622561600000000000e+07
4.343000000000000000e+03 1.480000000000000000e+03 2.247000000000000000e+03 2.454000000000000000e+03 3.881000000000000000e+03 9.878000000000000000e+03 1.596100000000000000e+04 2.396500000000000000e+04 5.059000000000000000e+04 5.062800000000000000e+04 6.654700000000000000e+04 1.301100000000000000e+05 1.467910000000000000e+05 2.514110000000000000e+05 6.938930000000000000e+05 1.375991000000000000e+06 2.683779000000000000e+06 8.386118000000000000e+06 1.527296200000000000e+07
6.197000000000000000e+03 1.997000000000000000e+03 3.111000000000000000e+03 3.970000000000000000e+03 6.585000000000000000e+03 1.615400000000000000e+04 2.366100000000000000e+04 4.019300000000000000e+04 8.809700000000000000e+04 9.457100000000000000e+04 1.288800000000000000e+05 2.540310000000000000e+05 3.554440000000000000e+05 7.137630000000000000e+05 2.056864000000000000e+06 3.138259000000000000e+06 6.623122000000000000e+06 2.037209700000000000e+07 3.574587300000000000e+07
3.546000000000000000e+03 1.498000000000000000e+03 2.064000000000000000e+03 2.169000000000000000e+03 3.085000000000000000e+03 7.745000000000000000e+03 1.260400000000000000e+04 1.940300000000000000e+04 3.796200000000000000e+04 4.066700000000000000e+04 5.679900000000000000e+04 1.197860000000000000e+05 1.006060000000000000e+05 2.116550000000000000e+05 7.062130000000000000e+05 1.173322000000000000e+06 2.153997000000000000e+06 7.319781000000000000e+06 1.116926300000000000e+07
6.136000000000000000e+03 9.000000000000000000e+02 1.068000000000000000e+03 1.037000000000000000e+03 1.889000000000000000e+03 4.636000000000000000e+03 6.365000000000000000e+03 1.172600000000000000e+04 2.586800000000000000e+04 1.749900000000000000e+04 3.949500000000000000e+04 3.935800000000000000e+04 2.293700000000000000e+04 4.665100000000000000e+04 7.480300000000000000e+04 1.198990000000000000e+05 2.091160000000000000e+05 7.706790000000000000e+05 7.970070000000000000e+05
6.433000000000000000e+03 2.009000000000000000e+03 3.329000000000000000e+03 3.649000000000000000e+03 6.060000000000000000e+03 1.494200000000000000e+04 2.349100000000000000e+04 3.858400000000000000e+04 8.447500000000000000e+04 9.109600000000000000e+04 1.232760000000000000e+05 2.484300000000000000e+05 3.450580000000000000e+05 6.721330000000000000e+05 1.639005000000000000e+06 2.840777000000000000e+06 5.220517000000000000e+06 1.678582100000000000e+07 3.115553900000000000e+07
7.944000000000000000e+03 2.419000000000000000e+03 3.727000000000000000e+03 3.837000000000000000e+03 6.042000000000000000e+03 1.721700000000000000e+04 2.428900000000000000e+04 3.836600000000000000e+04 9.034200000000000000e+04 9.064500000000000000e+04 1.228330000000000000e+05 2.123530000000000000e+05 2.641010000000000000e+05 6.145570000000000000e+05 1.647535000000000000e+06 2.708570000000000000e+06 5.105254000000000000e+06 1.644949700000000000e+07 3.075786900000000000e+07
