# {'chrom': '16', 'window_id': '1', 'statistic': 'H2', 'bounds': [18000000, 36000000], 'span': 18000000, 'n_sites': 6660381, 'coverage': 37.0, 'right_discontinuous': True, 'rows': "{0: 'Altai', 1: 'Chagyrskaya', 2: 'Denisova', 3: 'French-1', 4: 'Han-1', 5: 'Khomani_San-2', 6: 'Papuan-2', 7: 'Vindija', 8: 'Yoruba-1', 9: 'Yoruba-3'}"}
2.700000000000000000e+01 2.900000000000000000e+01 1.000000000000000000e+02 1.100000000000000000e+02 1.950000000000000000e+02 4.190000000000000000e+02 4.870000000000000000e+02 9.480000000000000000e+02 2.213000000000000000e+03 2.561000000000000000e+03 3.854000000000000000e+03 3.944000000000000000e+03 3.803000000000000000e+03 4.604000000000000000e+03 1.955600000000000000e+04 2.880800000000000000e+04 3.655700000000000000e+04 1.341030000000000000e+05 2.110880000000000000e+05
5.000000000000000000e+00 2.000000000000000000e+00 1.600000000000000000e+01 3.500000000000000000e+01 4.000000000000000000e+01 9.000000000000000000e+01 1.190000000000000000e+02 1.980000000000000000e+02 4.210000000000000000e+02 3.480000000000000000e+02 3.630000000000000000e+02 8.920000000000000000e+02 8.110000000000000000e+02 1.623000000000000000e+03 3.170000000000000000e+03 5.437000000000000000e+03 1.016600000000000000e+04 2.913200000000000000e+04 2.538500000000000000e+04
1.290000000000000000e+02 8.900000000000000000e+01 1.870000000000000000e+02 1.340000000000000000e+02 2.580000000000000000e+02 5.700000000000000000e+02 8.470000000000000000e+02 1.316000000000000000e+03 2.180000000000000000e+03 2.139000000000000000e+03 2.761000000000000000e+03 8.213000000000000000e+03 7.698000000000000000e+03 8.598000000000000000e+03 2.235500000000000000e+04 3.074900000000000000e+04 7.480500000000000000e+04 1.437350000000000000e+05 2.863950000000000000e+05
9.730000000000000000e+02 5.480000000000000000e+02 1.012000000000000000e+03 1.183000000000000000e+03 1.568000000000000000e+03 4.578000000000000000e+03 6.245000000000000000e+03 1.064600000000000000e+04 2.163900000000000000e+04 2.122600000000000000e+04 2.800100000000000000e+04 5.398200000000000000e+04 6.862800000000000000e+04 1.182080000000000000e+05 2.865330000000000000e+05 4.555420000000000000e+05 8.178540000000000000e+05 2.620722000000000000e+06 3.475307000000000000e+06
1.484000000000000000e+03 8.410000000000000000e+02 1.509000000000000000e+03 1.355000000000000000e+03 1.714000000000000000e+03 4.586000000000000000e+03 6.838000000000000000e+03 1.221100000000000000e+04 2.518500000000000000e+04 2.168200000000000000e+04 3.207600000000000000e+04 5.882600000000000000e+04 5.760900000000000000e+04 7.995200000000000000e+04 2.043780000000000000e+05 3.631440000000000000e+05 5.791460000000000000e+05 2.082442000000000000e+06 2.586499000000000000e+06
1.310000000000000000e+03 8.500000000000000000e+02 1.855000000000000000e+03 1.989000000000000000e+03 2.881000000000000000e+03 8.028000000000000000e+03 1.120700000000000000e+04 1.874300000000000000e+04 3.806900000000000000e+04 4.501500000000000000e+04 6.240500000000000000e+04 7.984700000000000000e+04 9.159600000000000000e+04 1.209470000000000000e+05 4.779980000000000000e+05 7.639990000000000000e+05 1.094828000000000000e+06 3.835943000000000000e+06 5.276036000000000000e+06
1.079000000000000000e+03 5.700000000000000000e+02 1.111000000000000000e+03 1.307000000000000000e+03 1.754000000000000000e+03 4.142000000000000000e+03 5.661000000000000000e+03 1.097500000000000000e+04 2.026000000000000000e+04 1.698700000000000000e+04 2.722000000000000000e+04 3.217700000000000000e+04 2.499900000000000000e+04 6.347200000000000000e+04 1.709910000000000000e+05 3.085090000000000000e+05 5.727440000000000000e+05 1.570414000000000000e+06 2.220494000000000000e+06
3.300000000000000000e+01 3.400000000000000000e+01 1.040000000000000000e+02 1.370000000000000000e+02 2.190000000000000000e+02 5.300000000000000000e+02 6.320000000000000000e+02 1.074000000000000000e+03 2.592000000000000000e+03 2.427000000000000000e+03 2.786000000000000000e+03 4.111000000000000000e+03 5.782000000000000000e+03 7.245000000000000000e+03 2.624400000000000000e+04 3.533800000000000000e+04 4.444900000000000000e+04 1.238650000000000000e+05 2.045740000000000000e+05
1.492000000000000000e+03 9.400000000000000000e+02 2.145000000000000000e+03 2.377000000000000000e+03 3.684000000000000000e+03 9.338000000000000000e+03 1.233500000000000000e+04 2.077600000000000000e+04 4.506600000000000000e+04 5.222800000000000000e+04 7.451900000000000000e+04 8.834800000000000000e+04 1.147090000000000000e+05 1.877230000000000000e+05 5.679980000000000000e+05 8.503770000000000000e+05 1.325611000000000000e+06 4.033416000000000000e+06 5.954954000000000000e+06
1.750000000000000000e+03 1.080000000000000000e+03 1.781000000000000000e+03 1.807000000000000000e+03 2.724000000000000000e+03 7.734000000000000000e+03 1.045200000000000000e+04 1.822500000000000000e+04 3.921300000000000000e+04 4.158900000000000000e+04 5.075700000000000000e+04 9.177800000000000000e+04 1.189840000000000000e+05 2.133920000000000000e+05 6.207750000000000000e+05 9.459170000000000000e+05 1.492754000000000000e+06 4.687275000000000000e+06 6.769926000000000000e+06
