# {'chrom': '16', 'window_id': '0', 'statistic': 'H2', 'bounds': [0, 18000000], 'span': 18000000, 'n_sites': 9714696, 'coverage': 53.97, 'right_discontinuous': False, 'rows': "{0: 'Altai', 1: 'Chagyrskaya', 2: 'Denisova', 3: 'French-1', 4: 'Han-1', 5: 'Khomani_San-2', 6: 'Papuan-2', 7: 'Vindija', 8: 'Yoruba-1', 9: 'Yoruba-3'}"}
6.000000000000000000e+00 1.600000000000000000e+01 1.470000000000000000e+02 3.320000000000000000e+02 6.840000000000000000e+02 1.939000000000000000e+03 2.396000000000000000e+03 4.182000000000000000e+03 9.613000000000000000e+03 1.128300000000000000e+04 1.532900000000000000e+04 1.831500000000000000e+04 1.534600000000000000e+04 2.991700000000000000e+04 1.034820000000000000e+05 1.175500000000000000e+05 2.374130000000000000e+05 7.563150000000000000e+05 1.364340000000000000e+06
3.000000000000000000e+00 1.900000000000000000e+01 8.200000000000000000e+01 1.180000000000000000e+02 1.690000000000000000e+02 3.560000000000000000e+02 5.280000000000000000e+02 8.820000000000000000e+02 2.004000000000000000e+03 2.163000000000000000e+03 2.227000000000000000e+03 3.637000000000000000e+03 3.896000000000000000e+03 7.493000000000000000e+03 2.207900000000000000e+04 3.824300000000000000e+04 4.983700000000000000e+04 1.472120000000000000e+05 1.677530000000000000e+05
5.000000000000000000e+00 9.000000000000000000e+00 6.200000000000000000e+01 1.140000000000000000e+02 2.020000000000000000e+02 6.020000000000000000e+02 9.520000000000000000e+02 1.520000000000000000e+03 3.106000000000000000e+03 3.625000000000000000e+03 5.116000000000000000e+03 8.912000000000000000e+03 9.668000000000000000e+03 1.591200000000000000e+04 4.726600000000000000e+04 6.491900000000000000e+04 1.312430000000000000e+05 4.375620000000000000e+05 8.303640000000000000e+05
3.960000000000000000e+02 3.840000000000000000e+02 9.980000000000000000e+02 1.502000000000000000e+03 2.700000000000000000e+03 6.683000000000000000e+03 9.879000000000000000e+03 1.764500000000000000e+04 4.315300000000000000e+04 5.432800000000000000e+04 7.654000000000000000e+04 1.280380000000000000e+05 1.536520000000000000e+05 3.127390000000000000e+05 8.213010000000000000e+05 1.233848000000000000e+06 2.403915000000000000e+06 7.991864000000000000e+06 1.403440700000000000e+07
1.750000000000000000e+02 1.720000000000000000e+02 6.810000000000000000e+02 1.276000000000000000e+03 2.610000000000000000e+03 6.737000000000000000e+03 9.386000000000000000e+03 1.591700000000000000e+04 4.043900000000000000e+04 5.244600000000000000e+04 7.649200000000000000e+04 1.537620000000000000e+05 1.651740000000000000e+05 3.025340000000000000e+05 7.704640000000000000e+05 1.062706000000000000e+06 2.060576000000000000e+06 7.022691000000000000e+06 1.208474000000000000e+07
9.790000000000000000e+02 8.300000000000000000e+02 1.818000000000000000e+03 3.018000000000000000e+03 5.147000000000000000e+03 1.307600000000000000e+04 1.987200000000000000e+04 3.382600000000000000e+04 8.032100000000000000e+04 9.764100000000000000e+04 1.505320000000000000e+05 2.577030000000000000e+05 3.191680000000000000e+05 5.704090000000000000e+05 1.721680000000000000e+06 2.709752000000000000e+06 5.608435000000000000e+06 1.753449600000000000e+07 3.004981700000000000e+07
2.550000000000000000e+02 2.870000000000000000e+02 7.640000000000000000e+02 1.191000000000000000e+03 2.409000000000000000e+03 5.948000000000000000e+03 8.410000000000000000e+03 1.462600000000000000e+04 3.624400000000000000e+04 4.718200000000000000e+04 7.115600000000000000e+04 1.120430000000000000e+05 1.079850000000000000e+05 1.823930000000000000e+05 5.390990000000000000e+05 9.496260000000000000e+05 1.816626000000000000e+06 5.481793000000000000e+06 9.757609000000000000e+06
1.100000000000000000e+01 1.200000000000000000e+01 5.100000000000000000e+01 9.400000000000000000e+01 1.620000000000000000e+02 5.800000000000000000e+02 8.170000000000000000e+02 1.267000000000000000e+03 3.032000000000000000e+03 3.984000000000000000e+03 5.111000000000000000e+03 8.731000000000000000e+03 1.014000000000000000e+04 1.472100000000000000e+04 3.868700000000000000e+04 7.522500000000000000e+04 1.407450000000000000e+05 4.225680000000000000e+05 6.779700000000000000e+05
2.110000000000000000e+02 3.700000000000000000e+02 1.327000000000000000e+03 2.136000000000000000e+03 4.325000000000000000e+03 1.067800000000000000e+04 1.544500000000000000e+04 2.826200000000000000e+04 6.900500000000000000e+04 8.834300000000000000e+04 1.212780000000000000e+05 2.304380000000000000e+05 2.743340000000000000e+05 5.396320000000000000e+05 1.609411000000000000e+06 2.363904000000000000e+06 4.758273000000000000e+06 1.504561100000000000e+07 2.665073400000000000e+07
9.560000000000000000e+02 8.270000000000000000e+02 2.080000000000000000e+03 3.161000000000000000e+03 5.555000000000000000e+03 1.438300000000000000e+04 2.142000000000000000e+04 3.488400000000000000e+04 8.154300000000000000e+04 9.637200000000000000e+04 1.585540000000000000e+05 2.918500000000000000e+05 3.460330000000000000e+05 6.250930000000000000e+05 1.787112000000000000e+06 2.626808000000000000e+06 5.475030000000000000e+06 1.797340400000000000e+07 3.091076900000000000e+07
