# {'chrom': '12', 'window_id': '1', 'statistic': 'H2', 'bounds': [17000000, 35000000], 'span': 18000000, 'n_sites': 10409117, 'coverage': 57.83, 'right_discontinuous': True, 'rows': "{0: 'Altai', 1: 'Chagyrskaya', 2: 'Denisova', 3: 'French-1', 4: 'Han-1', 5: 'Khomani_San-2', 6: 'Papuan-2', 7: 'Vindija', 8: 'Yoruba-1', 9: 'Yoruba-3'}"}
2.130000000000000000e+02 2.230000000000000000e+02 4.790000000000000000e+02 3.730000000000000000e+02 5.930000000000000000e+02 1.168000000000000000e+03 1.751000000000000000e+03 2.847000000000000000e+03 7.204000000000000000e+03 6.411000000000000000e+03 8.470000000000000000e+03 7.490000000000000000e+03 1.901700000000000000e+04 2.318300000000000000e+04 5.266200000000000000e+04 7.032400000000000000e+04 1.357530000000000000e+05 3.116940000000000000e+05 4.541530000000000000e+05
1.800000000000000000e+01 2.800000000000000000e+01 7.800000000000000000e+01 1.180000000000000000e+02 2.000000000000000000e+02 5.120000000000000000e+02 7.210000000000000000e+02 1.374000000000000000e+03 2.655000000000000000e+03 3.066000000000000000e+03 4.483000000000000000e+03 7.599000000000000000e+03 6.957000000000000000e+03 1.186900000000000000e+04 3.315400000000000000e+04 6.096000000000000000e+04 1.210200000000000000e+05 3.361210000000000000e+05 4.772380000000000000e+05
2.270000000000000000e+02 1.890000000000000000e+02 2.340000000000000000e+02 2.270000000000000000e+02 3.270000000000000000e+02 9.960000000000000000e+02 1.077000000000000000e+03 2.081000000000000000e+03 3.449000000000000000e+03 3.937000000000000000e+03 4.768000000000000000e+03 8.163000000000000000e+03 1.173800000000000000e+04 1.896600000000000000e+04 4.327100000000000000e+04 7.741300000000000000e+04 1.641450000000000000e+05 4.959100000000000000e+05 6.138750000000000000e+05
2.239000000000000000e+03 1.516000000000000000e+03 2.719000000000000000e+03 2.819000000000000000e+03 3.739000000000000000e+03 8.211000000000000000e+03 1.272000000000000000e+04 2.236500000000000000e+04 4.843600000000000000e+04 5.975000000000000000e+04 8.615900000000000000e+04 1.831460000000000000e+05 2.407820000000000000e+05 4.304540000000000000e+05 1.057819000000000000e+06 1.475863000000000000e+06 2.630138000000000000e+06 6.869472000000000000e+06 1.047781700000000000e+07
1.975000000000000000e+03 9.820000000000000000e+02 1.778000000000000000e+03 1.755000000000000000e+03 2.840000000000000000e+03 7.172000000000000000e+03 9.563000000000000000e+03 1.694000000000000000e+04 4.016800000000000000e+04 4.959000000000000000e+04 7.708700000000000000e+04 1.403180000000000000e+05 1.451050000000000000e+05 2.595830000000000000e+05 6.398420000000000000e+05 1.061659000000000000e+06 2.429898000000000000e+06 6.413128000000000000e+06 8.299991000000000000e+06
4.070000000000000000e+03 2.080000000000000000e+03 3.797000000000000000e+03 4.004000000000000000e+03 5.869000000000000000e+03 1.331800000000000000e+04 2.091300000000000000e+04 3.831200000000000000e+04 7.510300000000000000e+04 8.664400000000000000e+04 1.249480000000000000e+05 2.634700000000000000e+05 3.155920000000000000e+05 6.282440000000000000e+05 1.850546000000000000e+06 2.711878000000000000e+06 4.820252000000000000e+06 1.482857800000000000e+07 1.920767000000000000e+07
2.355000000000000000e+03 1.414000000000000000e+03 2.223000000000000000e+03 2.159000000000000000e+03 2.906000000000000000e+03 7.239000000000000000e+03 1.140000000000000000e+04 1.938600000000000000e+04 4.420600000000000000e+04 5.437300000000000000e+04 7.767800000000000000e+04 1.662830000000000000e+05 1.530440000000000000e+05 2.281850000000000000e+05 7.298470000000000000e+05 1.221307000000000000e+06 2.396820000000000000e+06 6.881154000000000000e+06 9.109407000000000000e+06
1.140000000000000000e+02 1.240000000000000000e+02 2.730000000000000000e+02 2.290000000000000000e+02 2.720000000000000000e+02 6.540000000000000000e+02 7.160000000000000000e+02 1.752000000000000000e+03 4.511000000000000000e+03 4.668000000000000000e+03 4.894000000000000000e+03 6.696000000000000000e+03 7.285000000000000000e+03 1.601400000000000000e+04 3.702300000000000000e+04 5.232700000000000000e+04 8.426600000000000000e+04 1.766830000000000000e+05 1.593520000000000000e+05
5.470000000000000000e+03 2.119000000000000000e+03 3.616000000000000000e+03 3.813000000000000000e+03 5.502000000000000000e+03 1.339900000000000000e+04 2.128300000000000000e+04 3.577600000000000000e+04 7.818100000000000000e+04 9.225000000000000000e+04 1.311620000000000000e+05 2.818370000000000000e+05 3.590740000000000000e+05 6.029180000000000000e+05 1.762087000000000000e+06 2.737043000000000000e+06 4.974392000000000000e+06 1.463466200000000000e+07 1.885037000000000000e+07
3.441000000000000000e+03 2.135000000000000000e+03 4.135000000000000000e+03 4.308000000000000000e+03 6.102000000000000000e+03 1.321800000000000000e+04 1.985500000000000000e+04 3.377500000000000000e+04 7.504400000000000000e+04 8.798700000000000000e+04 1.150050000000000000e+05 2.397840000000000000e+05 2.573190000000000000e+05 5.969510000000000000e+05 1.470607000000000000e+06 2.465609000000000000e+06 4.775860000000000000e+06 1.395407200000000000e+07 1.860293400000000000e+07
