# {'chrom': '12', 'window_id': '3', 'statistic': 'H2', 'bounds': [56000000, 75000000], 'span': 19000000, 'n_sites': 11638687, 'coverage': 61.26, 'right_discontinuous': False, 'rows': "{0: 'Altai', 1: 'Chagyrskaya', 2: 'Denisova', 3: 'French-1', 4: 'Han-1', 5: 'Khomani_San-2', 6: 'Papuan-2', 7: 'Vindija', 8: 'Yoruba-1', 9: 'Yoruba-3'}"}
7.800000000000000000e+01 9.800000000000000000e+01 2.380000000000000000e+02 3.480000000000000000e+02 5.560000000000000000e+02 1.272000000000000000e+03 1.690000000000000000e+03 2.831000000000000000e+03 5.938000000000000000e+03 6.587000000000000000e+03 1.173400000000000000e+04 1.988000000000000000e+04 1.602600000000000000e+04 2.235700000000000000e+04 6.958000000000000000e+04 1.120080000000000000e+05 2.237160000000000000e+05 5.693220000000000000e+05 8.773520000000000000e+05
8.000000000000000000e+00 1.000000000000000000e+01 1.900000000000000000e+01 3.600000000000000000e+01 3.700000000000000000e+01 7.400000000000000000e+01 1.230000000000000000e+02 9.000000000000000000e+01 2.340000000000000000e+02 1.380000000000000000e+02 1.680000000000000000e+02 3.540000000000000000e+02 8.190000000000000000e+02 7.790000000000000000e+02 1.945000000000000000e+03 3.184000000000000000e+03 4.164000000000000000e+03 9.666000000000000000e+03 4.729500000000000000e+04
4.100000000000000000e+01 2.300000000000000000e+01 1.000000000000000000e+02 1.550000000000000000e+02 2.540000000000000000e+02 5.540000000000000000e+02 9.460000000000000000e+02 1.602000000000000000e+03 3.032000000000000000e+03 3.063000000000000000e+03 2.932000000000000000e+03 6.545000000000000000e+03 9.311000000000000000e+03 1.451500000000000000e+04 4.189100000000000000e+04 5.214200000000000000e+04 1.262500000000000000e+05 3.661600000000000000e+05 7.729930000000000000e+05
2.917000000000000000e+03 1.775000000000000000e+03 2.586000000000000000e+03 2.610000000000000000e+03 4.351000000000000000e+03 8.447000000000000000e+03 1.325500000000000000e+04 2.498700000000000000e+04 5.443400000000000000e+04 6.380600000000000000e+04 9.454200000000000000e+04 2.073770000000000000e+05 2.607940000000000000e+05 5.177860000000000000e+05 1.280221000000000000e+06 1.634008000000000000e+06 3.766509000000000000e+06 8.861451000000000000e+06 1.756568900000000000e+07
4.214000000000000000e+03 1.800000000000000000e+03 2.666000000000000000e+03 2.795000000000000000e+03 3.977000000000000000e+03 9.308000000000000000e+03 1.455800000000000000e+04 2.591200000000000000e+04 5.872400000000000000e+04 6.872300000000000000e+04 1.009120000000000000e+05 2.387540000000000000e+05 3.175850000000000000e+05 5.296820000000000000e+05 1.281139000000000000e+06 1.773545000000000000e+06 3.294403000000000000e+06 8.937665000000000000e+06 1.690499200000000000e+07
2.277000000000000000e+03 1.164000000000000000e+03 2.298000000000000000e+03 2.699000000000000000e+03 4.376000000000000000e+03 1.022200000000000000e+04 1.477800000000000000e+04 2.481500000000000000e+04 5.584500000000000000e+04 6.310300000000000000e+04 9.612800000000000000e+04 2.356980000000000000e+05 3.076820000000000000e+05 6.563440000000000000e+05 1.863381000000000000e+06 2.694779000000000000e+06 4.994112000000000000e+06 1.377560700000000000e+07 2.773532300000000000e+07
7.180000000000000000e+02 6.040000000000000000e+02 1.236000000000000000e+03 1.247000000000000000e+03 1.744000000000000000e+03 4.478000000000000000e+03 6.334000000000000000e+03 1.163200000000000000e+04 2.583100000000000000e+04 2.905700000000000000e+04 4.678600000000000000e+04 8.235300000000000000e+04 6.768000000000000000e+04 1.258130000000000000e+05 4.275570000000000000e+05 6.605480000000000000e+05 1.171174000000000000e+06 3.873444000000000000e+06 7.818830000000000000e+06
6.900000000000000000e+01 7.600000000000000000e+01 2.010000000000000000e+02 2.980000000000000000e+02 5.000000000000000000e+02 9.500000000000000000e+02 1.379000000000000000e+03 2.010000000000000000e+03 3.355000000000000000e+03 4.103000000000000000e+03 5.827000000000000000e+03 7.318000000000000000e+03 9.627000000000000000e+03 1.633300000000000000e+04 5.212000000000000000e+04 7.580000000000000000e+04 1.600860000000000000e+05 3.851490000000000000e+05 7.461400000000000000e+05
4.342000000000000000e+03 2.110000000000000000e+03 4.066000000000000000e+03 4.178000000000000000e+03 5.803000000000000000e+03 1.363600000000000000e+04 1.872000000000000000e+04 3.238300000000000000e+04 7.201200000000000000e+04 8.466300000000000000e+04 1.317630000000000000e+05 3.247480000000000000e+05 4.176780000000000000e+05 7.917890000000000000e+05 2.260513000000000000e+06 3.056784000000000000e+06 5.927520000000000000e+06 1.563950600000000000e+07 2.810711100000000000e+07
4.216000000000000000e+03 2.260000000000000000e+03 3.247000000000000000e+03 3.475000000000000000e+03 5.306000000000000000e+03 1.111500000000000000e+04 1.656100000000000000e+04 3.191300000000000000e+04 6.982800000000000000e+04 8.165800000000000000e+04 1.223900000000000000e+05 2.494020000000000000e+05 3.878380000000000000e+05 7.310700000000000000e+05 1.798097000000000000e+06 2.749108000000000000e+06 5.464456000000000000e+06 1.320371500000000000e+07 2.492357200000000000e+07
