# {'chrom': '12', 'window_id': '0', 'statistic': 'H2', 'bounds': [0, 17000000], 'span': 17000000, 'n_sites': 9881730, 'coverage': 58.13, 'right_discontinuous': False, 'rows': "{0: 'Altai', 1: 'Chagyrskaya', 2: 'Denisova', 3: 'French-1', 4: 'Han-1', 5: 'Khomani_San-2', 6: 'Papuan-2', 7: 'Vindija', 8: 'Yoruba-1', 9: 'Yoruba-3'}"}
1.380000000000000000e+02 9.700000000000000000e+01 1.020000000000000000e+02 1.070000000000000000e+02 2.040000000000000000e+02 5.680000000000000000e+02 8.410000000000000000e+02 1.128000000000000000e+03 2.083000000000000000e+03 2.750000000000000000e+03 3.658000000000000000e+03 7.388000000000000000e+03 1.108200000000000000e+04 1.511100000000000000e+04 3.039100000000000000e+04 5.244500000000000000e+04 8.463200000000000000e+04 3.180510000000000000e+05 5.883250000000000000e+05
1.300000000000000000e+01 1.000000000000000000e+01 5.500000000000000000e+01 1.380000000000000000e+02 2.380000000000000000e+02 6.660000000000000000e+02 9.710000000000000000e+02 1.637000000000000000e+03 3.164000000000000000e+03 3.202000000000000000e+03 3.820000000000000000e+03 5.831000000000000000e+03 6.548000000000000000e+03 8.233000000000000000e+03 2.912000000000000000e+04 4.446600000000000000e+04 8.850600000000000000e+04 2.284230000000000000e+05 3.755990000000000000e+05
1.500000000000000000e+01 1.100000000000000000e+01 3.600000000000000000e+01 8.600000000000000000e+01 1.990000000000000000e+02 3.990000000000000000e+02 5.390000000000000000e+02 7.830000000000000000e+02 1.806000000000000000e+03 1.946000000000000000e+03 2.427000000000000000e+03 3.750000000000000000e+03 4.304000000000000000e+03 8.515000000000000000e+03 2.455100000000000000e+04 3.964700000000000000e+04 7.822200000000000000e+04 2.528310000000000000e+05 5.275470000000000000e+05
1.463000000000000000e+03 7.130000000000000000e+02 1.374000000000000000e+03 1.464000000000000000e+03 2.378000000000000000e+03 5.658000000000000000e+03 8.209000000000000000e+03 1.595600000000000000e+04 2.930300000000000000e+04 3.136900000000000000e+04 4.215400000000000000e+04 8.453700000000000000e+04 9.872500000000000000e+04 1.844040000000000000e+05 5.575390000000000000e+05 8.682670000000000000e+05 1.913664000000000000e+06 5.840947000000000000e+06 9.823841000000000000e+06
3.450000000000000000e+02 3.780000000000000000e+02 8.430000000000000000e+02 1.161000000000000000e+03 2.006000000000000000e+03 4.376000000000000000e+03 6.258000000000000000e+03 1.142200000000000000e+04 2.508100000000000000e+04 2.722800000000000000e+04 3.426100000000000000e+04 6.154500000000000000e+04 7.270600000000000000e+04 1.281780000000000000e+05 3.688690000000000000e+05 6.207000000000000000e+05 1.311569000000000000e+06 3.762950000000000000e+06 7.667336000000000000e+06
1.359000000000000000e+03 9.290000000000000000e+02 1.744000000000000000e+03 1.709000000000000000e+03 2.765000000000000000e+03 6.716000000000000000e+03 1.114000000000000000e+04 1.883000000000000000e+04 4.183100000000000000e+04 4.726900000000000000e+04 6.011800000000000000e+04 1.110560000000000000e+05 1.680330000000000000e+05 3.048990000000000000e+05 9.311690000000000000e+05 1.595924000000000000e+06 3.424278000000000000e+06 1.070136100000000000e+07 1.616450700000000000e+07
5.560000000000000000e+02 3.150000000000000000e+02 7.480000000000000000e+02 1.056000000000000000e+03 1.816000000000000000e+03 4.833000000000000000e+03 7.225000000000000000e+03 1.231500000000000000e+04 2.534800000000000000e+04 2.762400000000000000e+04 3.271900000000000000e+04 6.708200000000000000e+04 8.060700000000000000e+04 1.420030000000000000e+05 3.910500000000000000e+05 5.993770000000000000e+05 1.279060000000000000e+06 4.023090000000000000e+06 8.423022000000000000e+06
5.400000000000000000e+02 1.050000000000000000e+02 1.590000000000000000e+02 2.260000000000000000e+02 3.720000000000000000e+02 8.740000000000000000e+02 1.522000000000000000e+03 2.984000000000000000e+03 6.294000000000000000e+03 4.113000000000000000e+03 6.348000000000000000e+03 9.338000000000000000e+03 1.157900000000000000e+04 1.358100000000000000e+04 3.688700000000000000e+04 6.333600000000000000e+04 1.309390000000000000e+05 4.128690000000000000e+05 7.404850000000000000e+05
2.827000000000000000e+03 1.769000000000000000e+03 2.978000000000000000e+03 3.167000000000000000e+03 4.354000000000000000e+03 1.038300000000000000e+04 1.430600000000000000e+04 2.644400000000000000e+04 4.953300000000000000e+04 5.443000000000000000e+04 8.191900000000000000e+04 1.463360000000000000e+05 2.167450000000000000e+05 3.956280000000000000e+05 1.173684000000000000e+06 1.979152000000000000e+06 4.120527000000000000e+06 1.262139700000000000e+07 2.550545300000000000e+07
3.180000000000000000e+03 1.666000000000000000e+03 2.905000000000000000e+03 2.963000000000000000e+03 3.939000000000000000e+03 8.453000000000000000e+03 1.299100000000000000e+04 2.405400000000000000e+04 4.464800000000000000e+04 4.754500000000000000e+04 6.916100000000000000e+04 1.214280000000000000e+05 1.874120000000000000e+05 3.290700000000000000e+05 9.590140000000000000e+05 1.627665000000000000e+06 3.370776000000000000e+06 1.005015600000000000e+07 1.991572200000000000e+07
