# 'name' : 'rogers_a02_b02_d03_g00'
# 'source' : 'rogers_a02_b02_d03_g00.yaml'
# 'sample_pops' : ['X', 'Y', 'D', 'N']
# 'sample_size' : 1
# 'n_reps' : 100
# 'n_windows' : 200
# 'seq_length' : 100000000.0
# 'window_length' : 500000.0
# 'recomb_rate' : 1e-08
# 'mut_rate' : 1e-08
# 'created' : None
2.462194460567930054e-04 1.348540015350844850e-04 9.173010450473497801e-04 7.656610226565690579e-04
2.097363295911510556e-04 1.386832091894934322e-04 9.114909424170059135e-04 7.550574207335193719e-04
2.195809847272807370e-04 1.422131429791862996e-04 9.109750256114975808e-04 7.695130950604933207e-04
2.284743293815366888e-04 1.405413773373845592e-04 9.343856826521280013e-04 7.833797632430301470e-04
2.221039707718099412e-04 1.393972683979467244e-04 9.205518042474426527e-04 7.634846097515413967e-04
2.094766455691029745e-04 1.388532435697725396e-04 9.238469708209842354e-04 7.501026830851537574e-04
2.253042775494857913e-04 1.381414602420675110e-04 9.243212787819035702e-04 7.914491016212545473e-04
2.132197512697626334e-04 1.353623831446838224e-04 9.118366282417524190e-04 7.629087985125442483e-04
2.315674272027295317e-04 1.400980835362295417e-04 9.136606381419991535e-04 7.694950599062298563e-04
2.170628661896281241e-04 1.360720097510344467e-04 9.186293096875620696e-04 7.693352556042302786e-04
2.344925073150043676e-04 1.403513867869680802e-04 9.396172683956509862e-04 7.533672410429085187e-04
2.230297144133667575e-04 1.417004750341904252e-04 9.361490304387851168e-04 7.515389256561487907e-04
2.217239591744971029e-04 1.314947645060571865e-04 9.205549416893345520e-04 7.675951374132994201e-04
2.291792027313793007e-04 1.448581451428179452e-04 9.191105033163887847e-04 7.743162669529178241e-04
2.087924029713151056e-04 1.462470885004837808e-04 9.148702752153298288e-04 7.562150010881716223e-04
2.096498524925978740e-04 1.407936143063896165e-04 9.031224955464195632e-04 7.714898575982119403e-04
2.300419772918015505e-04 1.393864100048291567e-04 9.272222023601339735e-04 7.750551300655875034e-04
2.327839189658307021e-04 1.369616423225948035e-04 9.268399580117688127e-04 7.454390770062316622e-04
2.257910236436918834e-04 1.372436857258145916e-04 9.248756145058563806e-04 7.541647637957536255e-04
2.074998894751109836e-04 1.378089315524877695e-04 9.269718669179644564e-04 7.743533820578823784e-04
2.190348843664657505e-04 1.432517936212407471e-04 9.275167678909251910e-04 7.845363429435196767e-04
2.273231376170102677e-04 1.344173038383952097e-04 9.315178879099731725e-04 7.549186425978586436e-04
2.172953809678523159e-04 1.372002211810506621e-04 9.234017470271036051e-04 7.733368490412166835e-04
2.237935106479242448e-04 1.347169194928525202e-04 9.168894028627475523e-04 7.454226965092694557e-04
2.247609089581532210e-04 1.345111331952911682e-04 9.302567371442942460e-04 7.751739462353524285e-04
2.151594297967016783e-04 1.353522419964732764e-04 9.269512888844530030e-04 7.696816564224378144e-04
2.167114091636098598e-04 1.387885814078330515e-04 9.338024521740073995e-04 7.538299584814899456e-04
2.093770764909587065e-04 1.383269798898313619e-04 9.340088987613277913e-04 7.566923747866727236e-04
2.395234256568667995e-04 1.382190306930750339e-04 9.286608795836522132e-04 7.643695514324526374e-04
2.181164587301759393e-04 1.451724475747527847e-04 9.380769987852619974e-04 7.605399238278649733e-04
2.144629971929480964e-04 1.371125470605309878e-04 9.417586588176360841e-04 7.741597966383587538e-04
2.277674109934035114e-04 1.326930075484188923e-04 9.139531763504045577e-04 7.684532739967389224e-04
2.180569175923681370e-04 1.343689638989210735e-04 9.256008594027188580e-04 7.626294730231473638e-04
2.314012352550077784e-04 1.437932386964553663e-04 9.153493809388728742e-04 7.697234574661832507e-04
2.195546431489859781e-04 1.364757121441328590e-04 9.075152119467620217e-04 7.544554375947595945e-04
2.326848869142892815e-04 1.354134358677096001e-04 9.199534137631824003e-04 7.553963514960430762e-04
2.240351332221024905e-04 1.383181703883311971e-04 9.291211059930970951e-04 7.530733728375246794e-04
2.202837957121196667e-04 1.371493995451859556e-04 8.979536639047169550e-04 7.439612819150318067e-04
2.208481494766325931e-04 1.304971151895448949e-04 9.253759654642965994e-04 7.701788696164546359e-04
2.185599558393220318e-04 1.334663410522446045e-04 9.407385682686450219e-04 7.577732792265369629e-04
2.295071131560977426e-04 1.423595016969500396e-04 9.370685956835531506e-04 7.782699023085321976e-04
2.099618159991087959e-04 1.447800810389350090e-04 9.082459902167642866e-04 7.593962896764544458e-04
2.188326070555859698e-04 1.332357466996956672e-04 9.086538205796337994e-04 7.396086711736113688e-04
2.206028004599022458e-04 1.369834562733759334e-04 9.198636343985823168e-04 7.330055597383072514e-04
2.135536539497899966e-04 1.319938173132376321e-04 9.377029454199895843e-04 7.580094673522392917e-04
2.132097970300706976e-04 1.338012830305355201e-04 9.220505658913427877e-04 7.506683355235194664e-04
2.326188067613257687e-04 1.359353035549102176e-04 9.272042658684993572e-04 7.739736140765486822e-04
2.224162054327370036e-04 1.396684874189493776e-04 9.149349441892999386e-04 7.496754021365326179e-04
1.997573522328658724e-04 1.367417906508939152e-04 9.069328149247715947e-04 7.676445181378108119e-04
2.215590789404817530e-04 1.439328541962206368e-04 9.300831361175698579e-04 7.672342972761936721e-04
2.243776391659494935e-04 1.390389595139253105e-04 9.353489129828986091e-04 7.798313419970534337e-04
2.149825441809001124e-04 1.400372260031501690e-04 9.195174909424259392e-04 7.357955212112862872e-04
2.184386843069193688e-04 1.362481482093595806e-04 9.221674896997900453e-04 7.733236170350860257e-04
2.255894666810578908e-04 1.310202360303576148e-04 9.223501065810958948e-04 7.614295243311002296e-04
2.448883978173084638e-04 1.350351193766304448e-04 9.123523920941003064e-04 7.490691784814071646e-04
2.302039475607208646e-04 1.392327462965889644e-04 9.101839160384720285e-04 7.611675043528117780e-04
2.250559700429216321e-04 1.341508400144770120e-04 9.211796804874392355e-04 7.775813685325259558e-04
2.280148366356823258e-04 1.395027363224826211e-04 9.433912056663264385e-04 7.787868219648435815e-04
2.186283471182246614e-04 1.313222104497404393e-04 9.301522189696158306e-04 7.609017701737158437e-04
2.142054630020272612e-04 1.402981116988561555e-04 9.147461307759093344e-04 7.815105182119356196e-04
2.324456141501037802e-04 1.341713930297635604e-04 9.176267399729419157e-04 7.639921748802845289e-04
2.214182774627251589e-04 1.474230922808860995e-04 9.230213655915911778e-04 7.846811152012723133e-04
2.249130838577391455e-04 1.401860351514488522e-04 9.149037517329127941e-04 7.436144511753892301e-04
2.108751992310806242e-04 1.323659912104427827e-04 9.054804814424377395e-04 7.437485651816639698e-04
2.312948695639995261e-04 1.355048594871359447e-04 9.092264759327927000e-04 7.510334500999689238e-04
1.998704867693894944e-04 1.381413026770948315e-04 9.205021326057528930e-04 7.647716006090815935e-04
2.219025610528632707e-04 1.374628138536966538e-04 9.110288193943954669e-04 7.683442371989152551e-04
2.371492369662386802e-04 1.355549201260402713e-04 9.305515978878127741e-04 7.868362164037787532e-04
2.177953622790756191e-04 1.393666524455307960e-04 9.351073415858214945e-04 7.515409840738530899e-04
2.147895445664505876e-04 1.317518529745560513e-04 9.305748480828286663e-04 7.867960835491440369e-04
2.210705763117033794e-04 1.379425223044934126e-04 9.411246976981943544e-04 7.615388247970641695e-04
2.202357708503214757e-04 1.340389687557663138e-04 9.088418708384658675e-04 7.722658449245951937e-04
2.062829602585340802e-04 1.415538814617778817e-04 9.097671497119337331e-04 7.487511038301249188e-04
2.262880828913841583e-04 1.384874310782656306e-04 9.146841775303857095e-04 7.701750794604611105e-04
2.153211646386240304e-04 1.319249213710722987e-04 9.153761786817684633e-04 7.435806169288730920e-04
2.173988524045622397e-04 1.370386668669302459e-04 9.142725494502518344e-04 7.412318109222580187e-04
2.167979515087001372e-04 1.334690543943611049e-04 9.247458652497490567e-04 7.772790141359586487e-04
2.261138416662195299e-04 1.390315018522119317e-04 9.284845136689602683e-04 7.847678836552368902e-04
2.275081191654307420e-04 1.378810291634177915e-04 9.358859962572825238e-04 7.774031703247325864e-04
2.156695886649941216e-04 1.400727815202382643e-04 9.321029437405768713e-04 7.401011781603986052e-04
2.276774407176046045e-04 1.377899265609258087e-04 9.238527498301526844e-04 7.816265651002019844e-04
2.246968626460890065e-04 1.346404362375829748e-04 9.371885986116994206e-04 7.615214924367512362e-04
2.224488789079524754e-04 1.313652382118755046e-04 9.207830010004054841e-04 7.688991451639438793e-04
2.209617686691928455e-04 1.304808936844617853e-04 9.248022878822059886e-04 7.724727725612781475e-04
2.230236957999233839e-04 1.385043147269298617e-04 9.171918315955585087e-04 7.556080171189421754e-04
2.124205765530673082e-04 1.380845011858113460e-04 9.246529822675253300e-04 7.445692628926574514e-04
2.207226299322538935e-04 1.390083205543508936e-04 9.255030271269489538e-04 7.461059665920331384e-04
2.284804509559571547e-04 1.346143448419515119e-04 9.229616797819862641e-04 7.679340045324131378e-04
2.181992717829185744e-04 1.372604605440706771e-04 9.098755674600792365e-04 7.684664219198596028e-04
2.212885358147204053e-04 1.338068822242860967e-04 9.106505122691215892e-04 7.572112789856659879e-04
1.974217555352589552e-04 1.384878369330391659e-04 9.149262604660951320e-04 7.632318985816280085e-04
2.324400225183778320e-04 1.343390420952975464e-04 9.118771787056541810e-04 7.593005053373573249e-04
2.142499370002523323e-04 1.435638680017982123e-04 9.123464006615344089e-04 7.742664138370297655e-04
2.280773509285262065e-04 1.297210629036086866e-04 9.036610510140822205e-04 7.466975549985190898e-04
2.250504194438928893e-04 1.396607125593423966e-04 9.152537745745005547e-04 7.709210386684202864e-04
2.136413469976259825e-04 1.351569427759587735e-04 9.212978884091804896e-04 7.680988522771704319e-04
2.269594883734120437e-04 1.367219335361886403e-04 9.324640476363007559e-04 7.675261932673970236e-04
2.279737881309652151e-04 1.397531911085994876e-04 9.251387958880599293e-04 7.600849220043227796e-04
2.145454729970548127e-04 1.384015914077685067e-04 9.306172587833901272e-04 7.510548216222607014e-04
2.082156861951240084e-04 1.392184820265965968e-04 9.308656228815598201e-04 7.760701762200741382e-04
