# 'name' : 'rogers_a02_b02_d03_g00'
# 'source' : 'rogers_a02_b02_d03_g00.yaml'
# 'sample_pops' : ['X', 'Y', 'D', 'N']
# 'sample_size' : 1
# 'n_reps' : 100
# 'n_windows' : 200
# 'seq_length' : 100000000.0
# 'window_length' : 500000.0
# 'recomb_rate' : 1e-08
# 'mut_rate' : 1e-08
# 'created' : None
0.000000000000000000e+00 0.000000000000000000e+00 0.000000000000000000e+00 0.000000000000000000e+00 4.763399524079805461e-04 0.000000000000000000e+00 0.000000000000000000e+00 0.000000000000000000e+00 1.328424606247095852e-03 1.300680042008460751e-03 0.000000000000000000e+00 0.000000000000000000e+00 1.307544441262737181e-03 1.276178574258270484e-03 9.589467708000761273e-04 0.000000000000000000e+00
0.000000000000000000e+00 0.000000000000000000e+00 0.000000000000000000e+00 0.000000000000000000e+00 4.735796983393939213e-04 0.000000000000000000e+00 0.000000000000000000e+00 0.000000000000000000e+00 1.336496007787225677e-03 1.317911214420798560e-03 0.000000000000000000e+00 0.000000000000000000e+00 1.324715049063465711e-03 1.301124744973613254e-03 9.713791757654877471e-04 0.000000000000000000e+00
0.000000000000000000e+00 0.000000000000000000e+00 0.000000000000000000e+00 0.000000000000000000e+00 4.844124181461381944e-04 0.000000000000000000e+00 0.000000000000000000e+00 0.000000000000000000e+00 1.351583672392585788e-03 1.327113712124475264e-03 0.000000000000000000e+00 0.000000000000000000e+00 1.331714312573409331e-03 1.305274866366727422e-03 9.637233818740980869e-04 0.000000000000000000e+00
0.000000000000000000e+00 0.000000000000000000e+00 0.000000000000000000e+00 0.000000000000000000e+00 4.776504852137814080e-04 0.000000000000000000e+00 0.000000000000000000e+00 0.000000000000000000e+00 1.355105834600375250e-03 1.330833831201777779e-03 0.000000000000000000e+00 0.000000000000000000e+00 1.337104986296804628e-03 1.306184676040031412e-03 9.639894436697684071e-04 0.000000000000000000e+00
0.000000000000000000e+00 0.000000000000000000e+00 0.000000000000000000e+00 0.000000000000000000e+00 4.678281219555994216e-04 0.000000000000000000e+00 0.000000000000000000e+00 0.000000000000000000e+00 1.322032090793029456e-03 1.305389265115920001e-03 0.000000000000000000e+00 0.000000000000000000e+00 1.308887226052454431e-03 1.287410857372894585e-03 9.595623237839153276e-04 0.000000000000000000e+00
0.000000000000000000e+00 0.000000000000000000e+00 0.000000000000000000e+00 0.000000000000000000e+00 4.644628080119733693e-04 0.000000000000000000e+00 0.000000000000000000e+00 0.000000000000000000e+00 1.340957257645173468e-03 1.328283990476493773e-03 0.000000000000000000e+00 0.000000000000000000e+00 1.323193589187234009e-03 1.305453130889951477e-03 9.602941108087679686e-04 0.000000000000000000e+00
0.000000000000000000e+00 0.000000000000000000e+00 0.000000000000000000e+00 0.000000000000000000e+00 4.980976239047458717e-04 0.000000000000000000e+00 0.000000000000000000e+00 0.000000000000000000e+00 1.354723231868631668e-03 1.324968482138185648e-03 0.000000000000000000e+00 0.000000000000000000e+00 1.332569721079921929e-03 1.298527590450055443e-03 9.652529026981378039e-04 0.000000000000000000e+00
0.000000000000000000e+00 0.000000000000000000e+00 0.000000000000000000e+00 0.000000000000000000e+00 4.762822327704623201e-04 0.000000000000000000e+00 0.000000000000000000e+00 0.000000000000000000e+00 1.344943316541670182e-03 1.326989200535566224e-03 0.000000000000000000e+00 0.000000000000000000e+00 1.323800311196558733e-03 1.297892719239456764e-03 9.691669135572498518e-04 0.000000000000000000e+00
0.000000000000000000e+00 0.000000000000000000e+00 0.000000000000000000e+00 0.000000000000000000e+00 4.799941979507050616e-04 0.000000000000000000e+00 0.000000000000000000e+00 0.000000000000000000e+00 1.334404041756554566e-03 1.310128751210866763e-03 0.000000000000000000e+00 0.000000000000000000e+00 1.315196667185827666e-03 1.283585558777761105e-03 9.741824303096820702e-04 0.000000000000000000e+00
0.000000000000000000e+00 0.000000000000000000e+00 0.000000000000000000e+00 0.000000000000000000e+00 4.813243491425397372e-04 0.000000000000000000e+00 0.000000000000000000e+00 0.000000000000000000e+00 1.326786364633304391e-03 1.309344517111564118e-03 0.000000000000000000e+00 0.000000000000000000e+00 1.314622128690482198e-03 1.289235198800005007e-03 9.668279613663705897e-04 0.000000000000000000e+00
0.000000000000000000e+00 0.000000000000000000e+00 0.000000000000000000e+00 0.000000000000000000e+00 4.896383546351432223e-04 0.000000000000000000e+00 0.000000000000000000e+00 0.000000000000000000e+00 1.362667002905295927e-03 1.334812139394736747e-03 0.000000000000000000e+00 0.000000000000000000e+00 1.337638531026674391e-03 1.300128318955529093e-03 9.806381883242472949e-04 0.000000000000000000e+00
0.000000000000000000e+00 0.000000000000000000e+00 0.000000000000000000e+00 0.000000000000000000e+00 4.881482429758727550e-04 0.000000000000000000e+00 0.000000000000000000e+00 0.000000000000000000e+00 1.342384570462763467e-03 1.317856344459554041e-03 0.000000000000000000e+00 0.000000000000000000e+00 1.326334130178622416e-03 1.297242072033760567e-03 9.684681674137451913e-04 0.000000000000000000e+00
0.000000000000000000e+00 0.000000000000000000e+00 0.000000000000000000e+00 0.000000000000000000e+00 4.783984311766753062e-04 0.000000000000000000e+00 0.000000000000000000e+00 0.000000000000000000e+00 1.339934052387182139e-03 1.317357466899757908e-03 0.000000000000000000e+00 0.000000000000000000e+00 1.322587010495604237e-03 1.293723430058358378e-03 9.728900749018145862e-04 0.000000000000000000e+00
0.000000000000000000e+00 0.000000000000000000e+00 0.000000000000000000e+00 0.000000000000000000e+00 4.908416238744547000e-04 0.000000000000000000e+00 0.000000000000000000e+00 0.000000000000000000e+00 1.337798712114186914e-03 1.313339840730416881e-03 0.000000000000000000e+00 0.000000000000000000e+00 1.317857614774334924e-03 1.283948928553116375e-03 9.668973265737341831e-04 0.000000000000000000e+00
0.000000000000000000e+00 0.000000000000000000e+00 0.000000000000000000e+00 0.000000000000000000e+00 4.750463820833430106e-04 0.000000000000000000e+00 0.000000000000000000e+00 0.000000000000000000e+00 1.346270487769113400e-03 1.323193828857568369e-03 0.000000000000000000e+00 0.000000000000000000e+00 1.329705773833433132e-03 1.299607120183973383e-03 9.698934771065317916e-04 0.000000000000000000e+00
0.000000000000000000e+00 0.000000000000000000e+00 0.000000000000000000e+00 0.000000000000000000e+00 4.679750566792987643e-04 0.000000000000000000e+00 0.000000000000000000e+00 0.000000000000000000e+00 1.337074875537083967e-03 1.319124905527621064e-03 0.000000000000000000e+00 0.000000000000000000e+00 1.322344738252782294e-03 1.299102753183923979e-03 9.668328940866476430e-04 0.000000000000000000e+00
0.000000000000000000e+00 0.000000000000000000e+00 0.000000000000000000e+00 0.000000000000000000e+00 4.875857420827383725e-04 0.000000000000000000e+00 0.000000000000000000e+00 0.000000000000000000e+00 1.335909770580957692e-03 1.309463527729201561e-03 0.000000000000000000e+00 0.000000000000000000e+00 1.314749962753885334e-03 1.280582978498341108e-03 9.753344183884274290e-04 0.000000000000000000e+00
0.000000000000000000e+00 0.000000000000000000e+00 0.000000000000000000e+00 0.000000000000000000e+00 4.933724286488516079e-04 0.000000000000000000e+00 0.000000000000000000e+00 0.000000000000000000e+00 1.356523066857064259e-03 1.325145138373529877e-03 0.000000000000000000e+00 0.000000000000000000e+00 1.336784575489058683e-03 1.297923923201280052e-03 9.737550266904467042e-04 0.000000000000000000e+00
0.000000000000000000e+00 0.000000000000000000e+00 0.000000000000000000e+00 0.000000000000000000e+00 4.706774776479544123e-04 0.000000000000000000e+00 0.000000000000000000e+00 0.000000000000000000e+00 1.335231840400968525e-03 1.311599439727861643e-03 0.000000000000000000e+00 0.000000000000000000e+00 1.317283109822719967e-03 1.287138029176018760e-03 9.687500479522184694e-04 0.000000000000000000e+00
0.000000000000000000e+00 0.000000000000000000e+00 0.000000000000000000e+00 0.000000000000000000e+00 4.695839960675588713e-04 0.000000000000000000e+00 0.000000000000000000e+00 0.000000000000000000e+00 1.311812928325860501e-03 1.291318689327006133e-03 0.000000000000000000e+00 0.000000000000000000e+00 1.289849064918293644e-03 1.262295646404355256e-03 9.705151933674659474e-04 0.000000000000000000e+00
0.000000000000000000e+00 0.000000000000000000e+00 0.000000000000000000e+00 0.000000000000000000e+00 4.784022035771388751e-04 0.000000000000000000e+00 0.000000000000000000e+00 0.000000000000000000e+00 1.355344795618582164e-03 1.332178783356694016e-03 0.000000000000000000e+00 0.000000000000000000e+00 1.336080195764382042e-03 1.309441070231023851e-03 9.664348307486257715e-04 0.000000000000000000e+00
0.000000000000000000e+00 0.000000000000000000e+00 0.000000000000000000e+00 0.000000000000000000e+00 4.748247259387379342e-04 0.000000000000000000e+00 0.000000000000000000e+00 0.000000000000000000e+00 1.340074023100282447e-03 1.320178048409417510e-03 0.000000000000000000e+00 0.000000000000000000e+00 1.326588277769303291e-03 1.301352456417207608e-03 9.692108151515069214e-04 0.000000000000000000e+00
0.000000000000000000e+00 0.000000000000000000e+00 0.000000000000000000e+00 0.000000000000000000e+00 4.734431748404459815e-04 0.000000000000000000e+00 0.000000000000000000e+00 0.000000000000000000e+00 1.349617068681787909e-03 1.331056952558611799e-03 0.000000000000000000e+00 0.000000000000000000e+00 1.336623568887045435e-03 1.311143822061776798e-03 9.764498796592340196e-04 0.000000000000000000e+00
0.000000000000000000e+00 0.000000000000000000e+00 0.000000000000000000e+00 0.000000000000000000e+00 4.806124092775682153e-04 0.000000000000000000e+00 0.000000000000000000e+00 0.000000000000000000e+00 1.339310665726562224e-03 1.311035113050576604e-03 0.000000000000000000e+00 0.000000000000000000e+00 1.324520446355981727e-03 1.290124827773555345e-03 9.655669424937313389e-04 0.000000000000000000e+00
0.000000000000000000e+00 0.000000000000000000e+00 0.000000000000000000e+00 0.000000000000000000e+00 4.926228816139646260e-04 0.000000000000000000e+00 0.000000000000000000e+00 0.000000000000000000e+00 1.339857429396757805e-03 1.318356613984059036e-03 0.000000000000000000e+00 0.000000000000000000e+00 1.320312444579621516e-03 1.294384180795979953e-03 9.669035491147865953e-04 0.000000000000000000e+00
0.000000000000000000e+00 0.000000000000000000e+00 0.000000000000000000e+00 0.000000000000000000e+00 4.679459237756696129e-04 0.000000000000000000e+00 0.000000000000000000e+00 0.000000000000000000e+00 1.338173162651759259e-03 1.317012497181049369e-03 0.000000000000000000e+00 0.000000000000000000e+00 1.332379973422430407e-03 1.304453146805994133e-03 9.622640516106143295e-04 0.000000000000000000e+00
0.000000000000000000e+00 0.000000000000000000e+00 0.000000000000000000e+00 0.000000000000000000e+00 4.881192477542005306e-04 0.000000000000000000e+00 0.000000000000000000e+00 0.000000000000000000e+00 1.338101562131393911e-03 1.311902081717362901e-03 0.000000000000000000e+00 0.000000000000000000e+00 1.326643089074511402e-03 1.294683023431588949e-03 9.715854168332563497e-04 0.000000000000000000e+00
0.000000000000000000e+00 0.000000000000000000e+00 0.000000000000000000e+00 0.000000000000000000e+00 4.787350763729218651e-04 0.000000000000000000e+00 0.000000000000000000e+00 0.000000000000000000e+00 1.337981167768492480e-03 1.318147872917924991e-03 0.000000000000000000e+00 0.000000000000000000e+00 1.316447242977430163e-03 1.288469649199698759e-03 9.634072106189359207e-04 0.000000000000000000e+00
0.000000000000000000e+00 0.000000000000000000e+00 0.000000000000000000e+00 0.000000000000000000e+00 4.913361174942648462e-04 0.000000000000000000e+00 0.000000000000000000e+00 0.000000000000000000e+00 1.353677946876532872e-03 1.327777113578748874e-03 0.000000000000000000e+00 0.000000000000000000e+00 1.340579911212077310e-03 1.306921680392609825e-03 9.719416063183074477e-04 0.000000000000000000e+00
0.000000000000000000e+00 0.000000000000000000e+00 0.000000000000000000e+00 0.000000000000000000e+00 4.859347159678941699e-04 0.000000000000000000e+00 0.000000000000000000e+00 0.000000000000000000e+00 1.333954790788699539e-03 1.313441203556185407e-03 0.000000000000000000e+00 0.000000000000000000e+00 1.320821488134516115e-03 1.295729688517792497e-03 9.710620326721618178e-04 0.000000000000000000e+00
0.000000000000000000e+00 0.000000000000000000e+00 0.000000000000000000e+00 0.000000000000000000e+00 4.873948765177788661e-04 0.000000000000000000e+00 0.000000000000000000e+00 0.000000000000000000e+00 1.345058268656673618e-03 1.319017965903632704e-03 0.000000000000000000e+00 0.000000000000000000e+00 1.326691567145516816e-03 1.294755380135238039e-03 9.700976027507169112e-04 0.000000000000000000e+00
0.000000000000000000e+00 0.000000000000000000e+00 0.000000000000000000e+00 0.000000000000000000e+00 4.796863992035120452e-04 0.000000000000000000e+00 0.000000000000000000e+00 0.000000000000000000e+00 1.344151797119569379e-03 1.321945244423776943e-03 0.000000000000000000e+00 0.000000000000000000e+00 1.332959859116793428e-03 1.302231543434979356e-03 9.604155025729820905e-04 0.000000000000000000e+00
0.000000000000000000e+00 0.000000000000000000e+00 0.000000000000000000e+00 0.000000000000000000e+00 4.670934720588315538e-04 0.000000000000000000e+00 0.000000000000000000e+00 0.000000000000000000e+00 1.348912232533831888e-03 1.329283884305786914e-03 0.000000000000000000e+00 0.000000000000000000e+00 1.329349372286129293e-03 1.305063110133125245e-03 9.677339003456269639e-04 0.000000000000000000e+00
0.000000000000000000e+00 0.000000000000000000e+00 0.000000000000000000e+00 0.000000000000000000e+00 4.904504879021527293e-04 0.000000000000000000e+00 0.000000000000000000e+00 0.000000000000000000e+00 1.341789865333796721e-03 1.313629137148170827e-03 0.000000000000000000e+00 0.000000000000000000e+00 1.322574004620718493e-03 1.289472743522866813e-03 9.753408281285878357e-04 0.000000000000000000e+00
0.000000000000000000e+00 0.000000000000000000e+00 0.000000000000000000e+00 0.000000000000000000e+00 4.727767437644571423e-04 0.000000000000000000e+00 0.000000000000000000e+00 0.000000000000000000e+00 1.329915361024805410e-03 1.311567627715294051e-03 0.000000000000000000e+00 0.000000000000000000e+00 1.314657863458674678e-03 1.290347150871991398e-03 9.682709302134945815e-04 0.000000000000000000e+00
0.000000000000000000e+00 0.000000000000000000e+00 0.000000000000000000e+00 0.000000000000000000e+00 4.826322431926712789e-04 0.000000000000000000e+00 0.000000000000000000e+00 0.000000000000000000e+00 1.340056454263321246e-03 1.308260050386494348e-03 0.000000000000000000e+00 0.000000000000000000e+00 1.320918612331576638e-03 1.283170548140403870e-03 9.749131639777208281e-04 0.000000000000000000e+00
0.000000000000000000e+00 0.000000000000000000e+00 0.000000000000000000e+00 0.000000000000000000e+00 4.759871882505395412e-04 0.000000000000000000e+00 0.000000000000000000e+00 0.000000000000000000e+00 1.333993453793666821e-03 1.309467121035386063e-03 0.000000000000000000e+00 0.000000000000000000e+00 1.321489027718201993e-03 1.292370618013545004e-03 9.666317942227199483e-04 0.000000000000000000e+00
0.000000000000000000e+00 0.000000000000000000e+00 0.000000000000000000e+00 0.000000000000000000e+00 4.707116940159148462e-04 0.000000000000000000e+00 0.000000000000000000e+00 0.000000000000000000e+00 1.315354773385817326e-03 1.296885104961493281e-03 0.000000000000000000e+00 0.000000000000000000e+00 1.296711591593693825e-03 1.273114807632848939e-03 9.675659802182210280e-04 0.000000000000000000e+00
0.000000000000000000e+00 0.000000000000000000e+00 0.000000000000000000e+00 0.000000000000000000e+00 4.797294931831976505e-04 0.000000000000000000e+00 0.000000000000000000e+00 0.000000000000000000e+00 1.348461453629513961e-03 1.322027135387017277e-03 0.000000000000000000e+00 0.000000000000000000e+00 1.334262888368758886e-03 1.303499520015149928e-03 9.704276032190752195e-04 0.000000000000000000e+00
0.000000000000000000e+00 0.000000000000000000e+00 0.000000000000000000e+00 0.000000000000000000e+00 4.768811695951128728e-04 0.000000000000000000e+00 0.000000000000000000e+00 0.000000000000000000e+00 1.331742835794332523e-03 1.315912190048516665e-03 0.000000000000000000e+00 0.000000000000000000e+00 1.315233428504550056e-03 1.291928717486982283e-03 9.698633002949593167e-04 0.000000000000000000e+00
0.000000000000000000e+00 0.000000000000000000e+00 0.000000000000000000e+00 0.000000000000000000e+00 4.873263869805346420e-04 0.000000000000000000e+00 0.000000000000000000e+00 0.000000000000000000e+00 1.346667610689011906e-03 1.325656148004476223e-03 0.000000000000000000e+00 0.000000000000000000e+00 1.333672955188730351e-03 1.307159216165296829e-03 9.728480735683073775e-04 0.000000000000000000e+00
0.000000000000000000e+00 0.000000000000000000e+00 0.000000000000000000e+00 0.000000000000000000e+00 4.759119894158555923e-04 0.000000000000000000e+00 0.000000000000000000e+00 0.000000000000000000e+00 1.339732998124129951e-03 1.319735417405801595e-03 0.000000000000000000e+00 0.000000000000000000e+00 1.326023165916821690e-03 1.299577813324750107e-03 9.615778481792392179e-04 0.000000000000000000e+00
0.000000000000000000e+00 0.000000000000000000e+00 0.000000000000000000e+00 0.000000000000000000e+00 4.739972055498175999e-04 0.000000000000000000e+00 0.000000000000000000e+00 0.000000000000000000e+00 1.316097444472933515e-03 1.290473644117798475e-03 0.000000000000000000e+00 0.000000000000000000e+00 1.301019990320967856e-03 1.272133943228170644e-03 9.639142380874162787e-04 0.000000000000000000e+00
0.000000000000000000e+00 0.000000000000000000e+00 0.000000000000000000e+00 0.000000000000000000e+00 4.816019299966348903e-04 0.000000000000000000e+00 0.000000000000000000e+00 0.000000000000000000e+00 1.341801318017856728e-03 1.321745254734526262e-03 0.000000000000000000e+00 0.000000000000000000e+00 1.329917762838032881e-03 1.303925732348442139e-03 9.671878172280619097e-04 0.000000000000000000e+00
0.000000000000000000e+00 0.000000000000000000e+00 0.000000000000000000e+00 0.000000000000000000e+00 4.803863367558316262e-04 0.000000000000000000e+00 0.000000000000000000e+00 0.000000000000000000e+00 1.324766843183090631e-03 1.311615747805990008e-03 0.000000000000000000e+00 0.000000000000000000e+00 1.306019304368580096e-03 1.284938615542698202e-03 9.658386843077023049e-04 0.000000000000000000e+00
0.000000000000000000e+00 0.000000000000000000e+00 0.000000000000000000e+00 0.000000000000000000e+00 4.765417550117822371e-04 0.000000000000000000e+00 0.000000000000000000e+00 0.000000000000000000e+00 1.336648066925069829e-03 1.312395883385020570e-03 0.000000000000000000e+00 0.000000000000000000e+00 1.324576200572090672e-03 1.297654349450353718e-03 9.631961690994092105e-04 0.000000000000000000e+00
0.000000000000000000e+00 0.000000000000000000e+00 0.000000000000000000e+00 0.000000000000000000e+00 4.842645308319926036e-04 0.000000000000000000e+00 0.000000000000000000e+00 0.000000000000000000e+00 1.336698636144089108e-03 1.313414518989435573e-03 0.000000000000000000e+00 0.000000000000000000e+00 1.320219688219273317e-03 1.289912904387785844e-03 9.679879703063511229e-04 0.000000000000000000e+00
0.000000000000000000e+00 0.000000000000000000e+00 0.000000000000000000e+00 0.000000000000000000e+00 4.791064039211269908e-04 0.000000000000000000e+00 0.000000000000000000e+00 0.000000000000000000e+00 1.331246702009107000e-03 1.311343577108650769e-03 0.000000000000000000e+00 0.000000000000000000e+00 1.318007344183525159e-03 1.294453937117961886e-03 9.689965561736880138e-04 0.000000000000000000e+00
0.000000000000000000e+00 0.000000000000000000e+00 0.000000000000000000e+00 0.000000000000000000e+00 4.646655861687734156e-04 0.000000000000000000e+00 0.000000000000000000e+00 0.000000000000000000e+00 1.302459352538076157e-03 1.289065107025076130e-03 0.000000000000000000e+00 0.000000000000000000e+00 1.288321105152706678e-03 1.267938527680213465e-03 9.684565105366267808e-04 0.000000000000000000e+00
0.000000000000000000e+00 0.000000000000000000e+00 0.000000000000000000e+00 0.000000000000000000e+00 4.859378753953403967e-04 0.000000000000000000e+00 0.000000000000000000e+00 0.000000000000000000e+00 1.348478212010797333e-03 1.321011933685674539e-03 0.000000000000000000e+00 0.000000000000000000e+00 1.323814130426181988e-03 1.286692436692812641e-03 9.671470810817598112e-04 0.000000000000000000e+00
0.000000000000000000e+00 0.000000000000000000e+00 0.000000000000000000e+00 0.000000000000000000e+00 4.717216081397263266e-04 0.000000000000000000e+00 0.000000000000000000e+00 0.000000000000000000e+00 1.327019871440997300e-03 1.306177978036604775e-03 0.000000000000000000e+00 0.000000000000000000e+00 1.312639221550645227e-03 1.284472577616573540e-03 9.834887429905588615e-04 0.000000000000000000e+00
0.000000000000000000e+00 0.000000000000000000e+00 0.000000000000000000e+00 0.000000000000000000e+00 4.898028466948118210e-04 0.000000000000000000e+00 0.000000000000000000e+00 0.000000000000000000e+00 1.326547458534773271e-03 1.296403348237679153e-03 0.000000000000000000e+00 0.000000000000000000e+00 1.308828443222287159e-03 1.274267479104625699e-03 9.682772657856014535e-04 0.000000000000000000e+00
0.000000000000000000e+00 0.000000000000000000e+00 0.000000000000000000e+00 0.000000000000000000e+00 4.766902525242035791e-04 0.000000000000000000e+00 0.000000000000000000e+00 0.000000000000000000e+00 1.327975551858398074e-03 1.306295209078051382e-03 0.000000000000000000e+00 0.000000000000000000e+00 1.312566501650388366e-03 1.284459774349145083e-03 9.777983692965102475e-04 0.000000000000000000e+00
0.000000000000000000e+00 0.000000000000000000e+00 0.000000000000000000e+00 0.000000000000000000e+00 4.893291317378743429e-04 0.000000000000000000e+00 0.000000000000000000e+00 0.000000000000000000e+00 1.328928933210207514e-03 1.303185112884268013e-03 0.000000000000000000e+00 0.000000000000000000e+00 1.309385164017964941e-03 1.274519060924333936e-03 9.577437918245072703e-04 0.000000000000000000e+00
0.000000000000000000e+00 0.000000000000000000e+00 0.000000000000000000e+00 0.000000000000000000e+00 4.865134948557583083e-04 0.000000000000000000e+00 0.000000000000000000e+00 0.000000000000000000e+00 1.344518564783687975e-03 1.321892635487667556e-03 0.000000000000000000e+00 0.000000000000000000e+00 1.327089496577009160e-03 1.298129127001906033e-03 9.683555181406382044e-04 0.000000000000000000e+00
0.000000000000000000e+00 0.000000000000000000e+00 0.000000000000000000e+00 0.000000000000000000e+00 4.863238326174862272e-04 0.000000000000000000e+00 0.000000000000000000e+00 0.000000000000000000e+00 1.329958438358770081e-03 1.300062827559508383e-03 0.000000000000000000e+00 0.000000000000000000e+00 1.319044937824663749e-03 1.282732587566267528e-03 9.680024125578179112e-04 0.000000000000000000e+00
0.000000000000000000e+00 0.000000000000000000e+00 0.000000000000000000e+00 0.000000000000000000e+00 4.786510616189577341e-04 0.000000000000000000e+00 0.000000000000000000e+00 0.000000000000000000e+00 1.334555661490655076e-03 1.309019606982725608e-03 0.000000000000000000e+00 0.000000000000000000e+00 1.321352951806818721e-03 1.292511549781981970e-03 9.684931872898680343e-04 0.000000000000000000e+00
0.000000000000000000e+00 0.000000000000000000e+00 0.000000000000000000e+00 0.000000000000000000e+00 4.738181857634803183e-04 0.000000000000000000e+00 0.000000000000000000e+00 0.000000000000000000e+00 1.345062028053263222e-03 1.326012178575871432e-03 0.000000000000000000e+00 0.000000000000000000e+00 1.332549250795294401e-03 1.308854135180615970e-03 9.812615230798576223e-04 0.000000000000000000e+00
0.000000000000000000e+00 0.000000000000000000e+00 0.000000000000000000e+00 0.000000000000000000e+00 4.748496348838767062e-04 0.000000000000000000e+00 0.000000000000000000e+00 0.000000000000000000e+00 1.325962138590227593e-03 1.307431910495027421e-03 0.000000000000000000e+00 0.000000000000000000e+00 1.314539399730215493e-03 1.291482055996668937e-03 9.630478385281425078e-04 0.000000000000000000e+00
0.000000000000000000e+00 0.000000000000000000e+00 0.000000000000000000e+00 0.000000000000000000e+00 4.732791294237493934e-04 0.000000000000000000e+00 0.000000000000000000e+00 0.000000000000000000e+00 1.325771836625397543e-03 1.306827223041877491e-03 0.000000000000000000e+00 0.000000000000000000e+00 1.310140667038272059e-03 1.285973889946949184e-03 9.638214523970868195e-04 0.000000000000000000e+00
0.000000000000000000e+00 0.000000000000000000e+00 0.000000000000000000e+00 0.000000000000000000e+00 4.689043793676783527e-04 0.000000000000000000e+00 0.000000000000000000e+00 0.000000000000000000e+00 1.319102266203136739e-03 1.303729420511981138e-03 0.000000000000000000e+00 0.000000000000000000e+00 1.298805301351988817e-03 1.276064714799369582e-03 9.619237661409838240e-04 0.000000000000000000e+00
0.000000000000000000e+00 0.000000000000000000e+00 0.000000000000000000e+00 0.000000000000000000e+00 4.696091230788888870e-04 0.000000000000000000e+00 0.000000000000000000e+00 0.000000000000000000e+00 1.351608096788679304e-03 1.335706097207424491e-03 0.000000000000000000e+00 0.000000000000000000e+00 1.327106032137012441e-03 1.304985984689322528e-03 9.806855883690351536e-04 0.000000000000000000e+00
0.000000000000000000e+00 0.000000000000000000e+00 0.000000000000000000e+00 0.000000000000000000e+00 4.841429830772707530e-04 0.000000000000000000e+00 0.000000000000000000e+00 0.000000000000000000e+00 1.330119038042825667e-03 1.313989380466294103e-03 0.000000000000000000e+00 0.000000000000000000e+00 1.315139366981621632e-03 1.293994474729322176e-03 9.662822793154529849e-04 0.000000000000000000e+00
0.000000000000000000e+00 0.000000000000000000e+00 0.000000000000000000e+00 0.000000000000000000e+00 4.740220572888028750e-04 0.000000000000000000e+00 0.000000000000000000e+00 0.000000000000000000e+00 1.337220969695600368e-03 1.316217864017266322e-03 0.000000000000000000e+00 0.000000000000000000e+00 1.320579540176975092e-03 1.294413588670841790e-03 9.763690464839310055e-04 0.000000000000000000e+00
0.000000000000000000e+00 0.000000000000000000e+00 0.000000000000000000e+00 0.000000000000000000e+00 4.712961587925436303e-04 0.000000000000000000e+00 0.000000000000000000e+00 0.000000000000000000e+00 1.325566834885168405e-03 1.305513628507862841e-03 0.000000000000000000e+00 0.000000000000000000e+00 1.309126115177115541e-03 1.283427767090341296e-03 9.526331838860588709e-04 0.000000000000000000e+00
0.000000000000000000e+00 0.000000000000000000e+00 0.000000000000000000e+00 0.000000000000000000e+00 4.703639223689638771e-04 0.000000000000000000e+00 0.000000000000000000e+00 0.000000000000000000e+00 1.326985712470868904e-03 1.309986397576619593e-03 0.000000000000000000e+00 0.000000000000000000e+00 1.307931600493349947e-03 1.285096307570745893e-03 9.663825417023250370e-04 0.000000000000000000e+00
0.000000000000000000e+00 0.000000000000000000e+00 0.000000000000000000e+00 0.000000000000000000e+00 4.687715716219094625e-04 0.000000000000000000e+00 0.000000000000000000e+00 0.000000000000000000e+00 1.318933161812825073e-03 1.304704124869325663e-03 0.000000000000000000e+00 0.000000000000000000e+00 1.300520777635915618e-03 1.278285638218756371e-03 9.630374783885956936e-04 0.000000000000000000e+00
0.000000000000000000e+00 0.000000000000000000e+00 0.000000000000000000e+00 0.000000000000000000e+00 4.959561799688671536e-04 0.000000000000000000e+00 0.000000000000000000e+00 0.000000000000000000e+00 1.342493928980687890e-03 1.313421895296351975e-03 0.000000000000000000e+00 0.000000000000000000e+00 1.329675738475292416e-03 1.293953437511207415e-03 9.663691888575270733e-04 0.000000000000000000e+00
0.000000000000000000e+00 0.000000000000000000e+00 0.000000000000000000e+00 0.000000000000000000e+00 4.788238699132175437e-04 0.000000000000000000e+00 0.000000000000000000e+00 0.000000000000000000e+00 1.341522253775943776e-03 1.322494891056273485e-03 0.000000000000000000e+00 0.000000000000000000e+00 1.325329333560882564e-03 1.302424956174647866e-03 9.688605675626455263e-04 0.000000000000000000e+00
0.000000000000000000e+00 0.000000000000000000e+00 0.000000000000000000e+00 0.000000000000000000e+00 4.819276835370080777e-04 0.000000000000000000e+00 0.000000000000000000e+00 0.000000000000000000e+00 1.330832140191154367e-03 1.307962574652760676e-03 0.000000000000000000e+00 0.000000000000000000e+00 1.313823225754955732e-03 1.283852865493402898e-03 9.691668866004908697e-04 0.000000000000000000e+00
0.000000000000000000e+00 0.000000000000000000e+00 0.000000000000000000e+00 0.000000000000000000e+00 4.709882594686988434e-04 0.000000000000000000e+00 0.000000000000000000e+00 0.000000000000000000e+00 1.341034559719826106e-03 1.318139443459210398e-03 0.000000000000000000e+00 0.000000000000000000e+00 1.324176160317700130e-03 1.296762313488368859e-03 9.648913577324661015e-04 0.000000000000000000e+00
0.000000000000000000e+00 0.000000000000000000e+00 0.000000000000000000e+00 0.000000000000000000e+00 4.722244738545350209e-04 0.000000000000000000e+00 0.000000000000000000e+00 0.000000000000000000e+00 1.326130638484585315e-03 1.306494103818163326e-03 0.000000000000000000e+00 0.000000000000000000e+00 1.311947465627681100e-03 1.288512309469048165e-03 9.623967505061474829e-04 0.000000000000000000e+00
0.000000000000000000e+00 0.000000000000000000e+00 0.000000000000000000e+00 0.000000000000000000e+00 4.716989708585334279e-04 0.000000000000000000e+00 0.000000000000000000e+00 0.000000000000000000e+00 1.355129703234290734e-03 1.338767250835941032e-03 0.000000000000000000e+00 0.000000000000000000e+00 1.334663723527593779e-03 1.312074610135802438e-03 9.711086768263338430e-04 0.000000000000000000e+00
0.000000000000000000e+00 0.000000000000000000e+00 0.000000000000000000e+00 0.000000000000000000e+00 4.912180578931532419e-04 0.000000000000000000e+00 0.000000000000000000e+00 0.000000000000000000e+00 1.346335162159757563e-03 1.313434985155554399e-03 0.000000000000000000e+00 0.000000000000000000e+00 1.322000263890268403e-03 1.282939707939123423e-03 9.727893226325750068e-04 0.000000000000000000e+00
0.000000000000000000e+00 0.000000000000000000e+00 0.000000000000000000e+00 0.000000000000000000e+00 4.721106685957041690e-04 0.000000000000000000e+00 0.000000000000000000e+00 0.000000000000000000e+00 1.335155776811339842e-03 1.313587577462521335e-03 0.000000000000000000e+00 0.000000000000000000e+00 1.314754036677845449e-03 1.287942733923471512e-03 9.619583993970588906e-04 0.000000000000000000e+00
0.000000000000000000e+00 0.000000000000000000e+00 0.000000000000000000e+00 0.000000000000000000e+00 4.746699040907440470e-04 0.000000000000000000e+00 0.000000000000000000e+00 0.000000000000000000e+00 1.327085725469858432e-03 1.306023660806956152e-03 0.000000000000000000e+00 0.000000000000000000e+00 1.314129406318889377e-03 1.288198862763561495e-03 9.620423075714386709e-04 0.000000000000000000e+00
0.000000000000000000e+00 0.000000000000000000e+00 0.000000000000000000e+00 0.000000000000000000e+00 4.814967057826882463e-04 0.000000000000000000e+00 0.000000000000000000e+00 0.000000000000000000e+00 1.354744714523630541e-03 1.325730582606108330e-03 0.000000000000000000e+00 0.000000000000000000e+00 1.336694337713662190e-03 1.303370834315939128e-03 9.694461434955500790e-04 0.000000000000000000e+00
0.000000000000000000e+00 0.000000000000000000e+00 0.000000000000000000e+00 0.000000000000000000e+00 4.721279030437345453e-04 0.000000000000000000e+00 0.000000000000000000e+00 0.000000000000000000e+00 1.339526318841418066e-03 1.316584283777777302e-03 0.000000000000000000e+00 0.000000000000000000e+00 1.325685412866250360e-03 1.297275831031463123e-03 9.712208209654388203e-04 0.000000000000000000e+00
0.000000000000000000e+00 0.000000000000000000e+00 0.000000000000000000e+00 0.000000000000000000e+00 4.848558644331061695e-04 0.000000000000000000e+00 0.000000000000000000e+00 0.000000000000000000e+00 1.340954836145735437e-03 1.320060861024967107e-03 0.000000000000000000e+00 0.000000000000000000e+00 1.323572650112341638e-03 1.299361854573622332e-03 9.704654374822727384e-04 0.000000000000000000e+00
0.000000000000000000e+00 0.000000000000000000e+00 0.000000000000000000e+00 0.000000000000000000e+00 4.864097521822839448e-04 0.000000000000000000e+00 0.000000000000000000e+00 0.000000000000000000e+00 1.345841898967498063e-03 1.323036596180879277e-03 0.000000000000000000e+00 0.000000000000000000e+00 1.328150613628170575e-03 1.297368006611493386e-03 9.712236252973432092e-04 0.000000000000000000e+00
0.000000000000000000e+00 0.000000000000000000e+00 0.000000000000000000e+00 0.000000000000000000e+00 4.771791034002655020e-04 0.000000000000000000e+00 0.000000000000000000e+00 0.000000000000000000e+00 1.328960180547770868e-03 1.303300043215437163e-03 0.000000000000000000e+00 0.000000000000000000e+00 1.314942512761310993e-03 1.284934540362265946e-03 9.625571017887231276e-04 0.000000000000000000e+00
0.000000000000000000e+00 0.000000000000000000e+00 0.000000000000000000e+00 0.000000000000000000e+00 4.912328576913457638e-04 0.000000000000000000e+00 0.000000000000000000e+00 0.000000000000000000e+00 1.344207317011303967e-03 1.319666701441076168e-03 0.000000000000000000e+00 0.000000000000000000e+00 1.330023590243117242e-03 1.298182599937339980e-03 9.703837736475655080e-04 0.000000000000000000e+00
0.000000000000000000e+00 0.000000000000000000e+00 0.000000000000000000e+00 0.000000000000000000e+00 4.758172077921217404e-04 0.000000000000000000e+00 0.000000000000000000e+00 0.000000000000000000e+00 1.333931209139576973e-03 1.311341125129170419e-03 0.000000000000000000e+00 0.000000000000000000e+00 1.322384268924481441e-03 1.294761638011222588e-03 9.636600346251732521e-04 0.000000000000000000e+00
0.000000000000000000e+00 0.000000000000000000e+00 0.000000000000000000e+00 0.000000000000000000e+00 4.737505017642841434e-04 0.000000000000000000e+00 0.000000000000000000e+00 0.000000000000000000e+00 1.342750622935385326e-03 1.319846524782839967e-03 0.000000000000000000e+00 0.000000000000000000e+00 1.329032743211517676e-03 1.300236469114137046e-03 9.713318682916507931e-04 0.000000000000000000e+00
0.000000000000000000e+00 0.000000000000000000e+00 0.000000000000000000e+00 0.000000000000000000e+00 4.815535608433441669e-04 0.000000000000000000e+00 0.000000000000000000e+00 0.000000000000000000e+00 1.323064391896716565e-03 1.300446790014233526e-03 0.000000000000000000e+00 0.000000000000000000e+00 1.308968545460028037e-03 1.280993139467137294e-03 9.644047964007647572e-04 0.000000000000000000e+00
0.000000000000000000e+00 0.000000000000000000e+00 0.000000000000000000e+00 0.000000000000000000e+00 4.773394840944789313e-04 0.000000000000000000e+00 0.000000000000000000e+00 0.000000000000000000e+00 1.349385093304679342e-03 1.331150525511321436e-03 0.000000000000000000e+00 0.000000000000000000e+00 1.332296029661583694e-03 1.307922821083169979e-03 9.682561014445559017e-04 0.000000000000000000e+00
0.000000000000000000e+00 0.000000000000000000e+00 0.000000000000000000e+00 0.000000000000000000e+00 4.722317384668644124e-04 0.000000000000000000e+00 0.000000000000000000e+00 0.000000000000000000e+00 1.330012287713751903e-03 1.313347807348831968e-03 0.000000000000000000e+00 0.000000000000000000e+00 1.317213964643368894e-03 1.293961467724845556e-03 9.651908740951628887e-04 0.000000000000000000e+00
0.000000000000000000e+00 0.000000000000000000e+00 0.000000000000000000e+00 0.000000000000000000e+00 4.699340394522538863e-04 0.000000000000000000e+00 0.000000000000000000e+00 0.000000000000000000e+00 1.322989554844082897e-03 1.303651901601080325e-03 0.000000000000000000e+00 0.000000000000000000e+00 1.302093602414000455e-03 1.275674843122709097e-03 9.720586366223446127e-04 0.000000000000000000e+00
0.000000000000000000e+00 0.000000000000000000e+00 0.000000000000000000e+00 0.000000000000000000e+00 4.904548011648510175e-04 0.000000000000000000e+00 0.000000000000000000e+00 0.000000000000000000e+00 1.355938307843353348e-03 1.327415055785563860e-03 0.000000000000000000e+00 0.000000000000000000e+00 1.344972724370009989e-03 1.311779880924169878e-03 9.657252769359334554e-04 0.000000000000000000e+00
0.000000000000000000e+00 0.000000000000000000e+00 0.000000000000000000e+00 0.000000000000000000e+00 4.925934254543415077e-04 0.000000000000000000e+00 0.000000000000000000e+00 0.000000000000000000e+00 1.350606473400906005e-03 1.328903462823632052e-03 0.000000000000000000e+00 0.000000000000000000e+00 1.333770391042458361e-03 1.303566818407832749e-03 9.726488886425701218e-04 0.000000000000000000e+00
0.000000000000000000e+00 0.000000000000000000e+00 0.000000000000000000e+00 0.000000000000000000e+00 4.604449488905912216e-04 0.000000000000000000e+00 0.000000000000000000e+00 0.000000000000000000e+00 1.326084864767578019e-03 1.308271975243188679e-03 0.000000000000000000e+00 0.000000000000000000e+00 1.309889165626582173e-03 1.286002452229109694e-03 9.747535828072605374e-04 0.000000000000000000e+00
0.000000000000000000e+00 0.000000000000000000e+00 0.000000000000000000e+00 0.000000000000000000e+00 4.883174186005016402e-04 0.000000000000000000e+00 0.000000000000000000e+00 0.000000000000000000e+00 1.339805860250565563e-03 1.314639138854403278e-03 0.000000000000000000e+00 0.000000000000000000e+00 1.323078776166476027e-03 1.292397627101599632e-03 9.726415645904259522e-04 0.000000000000000000e+00
0.000000000000000000e+00 0.000000000000000000e+00 0.000000000000000000e+00 0.000000000000000000e+00 4.666791366416755764e-04 0.000000000000000000e+00 0.000000000000000000e+00 0.000000000000000000e+00 1.320020906859781587e-03 1.304919615685573792e-03 0.000000000000000000e+00 0.000000000000000000e+00 1.298079622959723246e-03 1.276505713752358259e-03 9.656441016340183529e-04 0.000000000000000000e+00
0.000000000000000000e+00 0.000000000000000000e+00 0.000000000000000000e+00 0.000000000000000000e+00 4.700420600353179138e-04 0.000000000000000000e+00 0.000000000000000000e+00 0.000000000000000000e+00 1.365965385057079338e-03 1.346189609915387966e-03 0.000000000000000000e+00 0.000000000000000000e+00 1.342954542832133780e-03 1.317316644949956738e-03 9.643526990595757686e-04 0.000000000000000000e+00
0.000000000000000000e+00 0.000000000000000000e+00 0.000000000000000000e+00 0.000000000000000000e+00 4.724064119863732153e-04 0.000000000000000000e+00 0.000000000000000000e+00 0.000000000000000000e+00 1.322970374172170813e-03 1.306460857457882648e-03 0.000000000000000000e+00 0.000000000000000000e+00 1.305281817357168426e-03 1.283335072202142517e-03 9.682038592947639789e-04 0.000000000000000000e+00
0.000000000000000000e+00 0.000000000000000000e+00 0.000000000000000000e+00 0.000000000000000000e+00 4.740953191372308090e-04 0.000000000000000000e+00 0.000000000000000000e+00 0.000000000000000000e+00 1.329220642895784449e-03 1.309054986618598268e-03 0.000000000000000000e+00 0.000000000000000000e+00 1.308988922490662279e-03 1.281554658480407423e-03 9.720215412503320929e-04 0.000000000000000000e+00
0.000000000000000000e+00 0.000000000000000000e+00 0.000000000000000000e+00 0.000000000000000000e+00 4.832036174830560350e-04 0.000000000000000000e+00 0.000000000000000000e+00 0.000000000000000000e+00 1.331546518566149515e-03 1.307423505798313221e-03 0.000000000000000000e+00 0.000000000000000000e+00 1.313455024638563806e-03 1.282737026015684338e-03 9.711736545015111277e-04 0.000000000000000000e+00
0.000000000000000000e+00 0.000000000000000000e+00 0.000000000000000000e+00 0.000000000000000000e+00 4.815409975684406410e-04 0.000000000000000000e+00 0.000000000000000000e+00 0.000000000000000000e+00 1.344342954482503341e-03 1.325406858589408014e-03 0.000000000000000000e+00 0.000000000000000000e+00 1.322570575253438976e-03 1.299445273680362644e-03 9.709675728759671392e-04 0.000000000000000000e+00
0.000000000000000000e+00 0.000000000000000000e+00 0.000000000000000000e+00 0.000000000000000000e+00 4.773581871923362769e-04 0.000000000000000000e+00 0.000000000000000000e+00 0.000000000000000000e+00 1.341040099243173515e-03 1.326596199069358202e-03 0.000000000000000000e+00 0.000000000000000000e+00 1.329879264887312562e-03 1.311760553675914067e-03 9.709143522802131604e-04 0.000000000000000000e+00
0.000000000000000000e+00 0.000000000000000000e+00 0.000000000000000000e+00 0.000000000000000000e+00 4.754966423210000475e-04 0.000000000000000000e+00 0.000000000000000000e+00 0.000000000000000000e+00 1.334495766680456963e-03 1.314088180186053726e-03 0.000000000000000000e+00 0.000000000000000000e+00 1.312437492863048616e-03 1.284737495069614632e-03 9.603498645898342866e-04 0.000000000000000000e+00
