# {'chrom': '16', 'window_id': '3', 'statistic': 'H2', 'bounds': [68000000, 91000000], 'span': 23000000, 'n_sites': 13417400, 'coverage': 58.34, 'right_discontinuous': True, 'rows': "{0: 'Altai', 1: 'Chagyrskaya', 2: 'Denisova', 3: 'French-1', 4: 'Han-1', 5: 'Khomani_San-2', 6: 'Papuan-2', 7: 'Vindija', 8: 'Yoruba-1', 9: 'Yoruba-3'}"}
7.000000000000000000e+00 2.000000000000000000e+00 2.600000000000000000e+01 6.400000000000000000e+01 1.830000000000000000e+02 1.397000000000000000e+03 2.047000000000000000e+03 2.912000000000000000e+03 6.823000000000000000e+03 8.588000000000000000e+03 1.167700000000000000e+04 2.266400000000000000e+04 1.977500000000000000e+04 2.238600000000000000e+04 6.174400000000000000e+04 8.170100000000000000e+04 1.836880000000000000e+05 3.686000000000000000e+05 3.001530000000000000e+05
4.000000000000000000e+01 4.400000000000000000e+01 1.080000000000000000e+02 1.120000000000000000e+02 1.780000000000000000e+02 1.125000000000000000e+03 1.481000000000000000e+03 2.309000000000000000e+03 5.354000000000000000e+03 5.744000000000000000e+03 8.600000000000000000e+03 1.487800000000000000e+04 1.955600000000000000e+04 2.957400000000000000e+04 6.376400000000000000e+04 8.610600000000000000e+04 1.731480000000000000e+05 4.596210000000000000e+05 8.038100000000000000e+05
7.200000000000000000e+01 6.700000000000000000e+01 1.940000000000000000e+02 3.090000000000000000e+02 5.210000000000000000e+02 2.063000000000000000e+03 2.699000000000000000e+03 4.114000000000000000e+03 7.900000000000000000e+03 1.070500000000000000e+04 1.339100000000000000e+04 2.479900000000000000e+04 2.497900000000000000e+04 4.439300000000000000e+04 1.073210000000000000e+05 1.541110000000000000e+05 3.227230000000000000e+05 8.551450000000000000e+05 1.517623000000000000e+06
6.170000000000000000e+02 6.740000000000000000e+02 1.069000000000000000e+03 1.416000000000000000e+03 2.261000000000000000e+03 7.312000000000000000e+03 1.463600000000000000e+04 2.921100000000000000e+04 7.041300000000000000e+04 8.738200000000000000e+04 1.169160000000000000e+05 2.317020000000000000e+05 3.037480000000000000e+05 5.117090000000000000e+05 1.387322000000000000e+06 2.132277000000000000e+06 4.441659000000000000e+06 1.197023600000000000e+07 2.078006100000000000e+07
3.400000000000000000e+02 3.840000000000000000e+02 5.580000000000000000e+02 6.830000000000000000e+02 1.415000000000000000e+03 5.498000000000000000e+03 1.093700000000000000e+04 2.314100000000000000e+04 5.747700000000000000e+04 6.924100000000000000e+04 9.806900000000000000e+04 1.966050000000000000e+05 2.513510000000000000e+05 4.641770000000000000e+05 1.125465000000000000e+06 1.554063000000000000e+06 3.266583000000000000e+06 9.625947000000000000e+06 1.635621800000000000e+07
5.410000000000000000e+02 6.000000000000000000e+02 1.371000000000000000e+03 1.911000000000000000e+03 3.147000000000000000e+03 1.077900000000000000e+04 2.026200000000000000e+04 3.750700000000000000e+04 9.349100000000000000e+04 1.204860000000000000e+05 1.720220000000000000e+05 3.487850000000000000e+05 4.753620000000000000e+05 8.067330000000000000e+05 2.324311000000000000e+06 3.722879000000000000e+06 7.293253000000000000e+06 2.093519100000000000e+07 3.460236500000000000e+07
5.370000000000000000e+02 6.170000000000000000e+02 1.204000000000000000e+03 1.377000000000000000e+03 2.545000000000000000e+03 7.937000000000000000e+03 1.417800000000000000e+04 2.722200000000000000e+04 6.839500000000000000e+04 8.615300000000000000e+04 1.134400000000000000e+05 2.146060000000000000e+05 3.065540000000000000e+05 4.158210000000000000e+05 1.115010000000000000e+06 1.784507000000000000e+06 3.597429000000000000e+06 8.807942000000000000e+06 1.569310800000000000e+07
2.000000000000000000e+00 8.000000000000000000e+00 1.500000000000000000e+01 3.000000000000000000e+01 9.400000000000000000e+01 1.037000000000000000e+03 1.338000000000000000e+03 1.845000000000000000e+03 3.613000000000000000e+03 4.330000000000000000e+03 6.164000000000000000e+03 8.477000000000000000e+03 9.600000000000000000e+03 2.031100000000000000e+04 5.026700000000000000e+04 7.492000000000000000e+04 1.555730000000000000e+05 4.196630000000000000e+05 6.884390000000000000e+05
8.740000000000000000e+02 5.570000000000000000e+02 8.090000000000000000e+02 1.249000000000000000e+03 2.680000000000000000e+03 1.114600000000000000e+04 2.039000000000000000e+04 3.899900000000000000e+04 9.299800000000000000e+04 1.151280000000000000e+05 1.655740000000000000e+05 3.816430000000000000e+05 4.905740000000000000e+05 8.551790000000000000e+05 2.477962000000000000e+06 3.943623000000000000e+06 7.434549000000000000e+06 2.217513200000000000e+07 3.516865700000000000e+07
2.240000000000000000e+02 2.350000000000000000e+02 8.510000000000000000e+02 1.399000000000000000e+03 2.562000000000000000e+03 9.618000000000000000e+03 1.791400000000000000e+04 3.336300000000000000e+04 8.599900000000000000e+04 1.119040000000000000e+05 1.573400000000000000e+05 3.186780000000000000e+05 4.236640000000000000e+05 7.834670000000000000e+05 2.169101000000000000e+06 3.564286000000000000e+06 7.033309000000000000e+06 2.058072800000000000e+07 3.313756300000000000e+07
