# {'chrom': '16', 'window_id': '1', 'statistic': 'H2', 'bounds': [18000000, 36000000], 'span': 18000000, 'n_sites': 6660381, 'coverage': 37.0, 'right_discontinuous': True, 'rows': "{0: 'Altai', 1: 'Chagyrskaya', 2: 'Denisova', 3: 'French-1', 4: 'Han-1', 5: 'Khomani_San-2', 6: 'Papuan-2', 7: 'Vindija', 8: 'Yoruba-1', 9: 'Yoruba-3'}"}
1.600000000000000000e+01 2.400000000000000000e+01 7.100000000000000000e+01 8.800000000000000000e+01 1.520000000000000000e+02 3.560000000000000000e+02 4.600000000000000000e+02 9.460000000000000000e+02 2.212000000000000000e+03 2.560000000000000000e+03 3.854000000000000000e+03 3.944000000000000000e+03 3.803000000000000000e+03 4.604000000000000000e+03 1.955600000000000000e+04 2.880800000000000000e+04 3.655700000000000000e+04 1.341030000000000000e+05 2.110880000000000000e+05
1.000000000000000000e+00 2.000000000000000000e+00 1.200000000000000000e+01 3.000000000000000000e+01 2.900000000000000000e+01 8.100000000000000000e+01 1.090000000000000000e+02 1.960000000000000000e+02 4.210000000000000000e+02 3.470000000000000000e+02 3.620000000000000000e+02 8.920000000000000000e+02 8.110000000000000000e+02 1.623000000000000000e+03 3.170000000000000000e+03 5.437000000000000000e+03 1.016600000000000000e+04 2.913200000000000000e+04 2.538500000000000000e+04
1.130000000000000000e+02 7.500000000000000000e+01 1.670000000000000000e+02 1.020000000000000000e+02 2.140000000000000000e+02 5.320000000000000000e+02 8.270000000000000000e+02 1.305000000000000000e+03 2.169000000000000000e+03 2.136000000000000000e+03 2.761000000000000000e+03 8.213000000000000000e+03 7.698000000000000000e+03 8.598000000000000000e+03 2.235500000000000000e+04 3.074900000000000000e+04 7.480500000000000000e+04 1.437350000000000000e+05 2.863950000000000000e+05
7.660000000000000000e+02 4.330000000000000000e+02 7.280000000000000000e+02 9.040000000000000000e+02 1.219000000000000000e+03 4.125000000000000000e+03 6.015000000000000000e+03 1.050800000000000000e+04 2.155600000000000000e+04 2.120000000000000000e+04 2.797900000000000000e+04 5.397200000000000000e+04 6.862800000000000000e+04 1.182080000000000000e+05 2.865330000000000000e+05 4.555420000000000000e+05 8.178540000000000000e+05 2.620722000000000000e+06 3.475307000000000000e+06
1.076000000000000000e+03 7.370000000000000000e+02 1.306000000000000000e+03 1.096000000000000000e+03 1.471000000000000000e+03 4.266000000000000000e+03 6.651000000000000000e+03 1.209200000000000000e+04 2.512800000000000000e+04 2.165700000000000000e+04 3.206500000000000000e+04 5.882200000000000000e+04 5.760900000000000000e+04 7.995200000000000000e+04 2.043780000000000000e+05 3.631440000000000000e+05 5.791460000000000000e+05 2.082442000000000000e+06 2.586499000000000000e+06
9.530000000000000000e+02 7.130000000000000000e+02 1.569000000000000000e+03 1.679000000000000000e+03 2.506000000000000000e+03 7.546000000000000000e+03 1.098200000000000000e+04 1.858200000000000000e+04 3.794800000000000000e+04 4.498700000000000000e+04 6.239700000000000000e+04 7.984100000000000000e+04 9.159600000000000000e+04 1.209470000000000000e+05 4.779980000000000000e+05 7.639990000000000000e+05 1.094828000000000000e+06 3.835943000000000000e+06 5.276036000000000000e+06
8.330000000000000000e+02 5.210000000000000000e+02 9.500000000000000000e+02 1.104000000000000000e+03 1.478000000000000000e+03 3.850000000000000000e+03 5.487000000000000000e+03 1.087600000000000000e+04 2.014500000000000000e+04 1.695400000000000000e+04 2.721200000000000000e+04 3.217600000000000000e+04 2.499900000000000000e+04 6.347200000000000000e+04 1.709910000000000000e+05 3.085090000000000000e+05 5.727440000000000000e+05 1.570414000000000000e+06 2.220494000000000000e+06
1.500000000000000000e+01 2.300000000000000000e+01 7.400000000000000000e+01 9.400000000000000000e+01 1.780000000000000000e+02 4.910000000000000000e+02 6.240000000000000000e+02 1.069000000000000000e+03 2.585000000000000000e+03 2.425000000000000000e+03 2.785000000000000000e+03 4.111000000000000000e+03 5.782000000000000000e+03 7.245000000000000000e+03 2.624400000000000000e+04 3.533800000000000000e+04 4.444900000000000000e+04 1.238650000000000000e+05 2.045740000000000000e+05
1.101000000000000000e+03 7.740000000000000000e+02 1.853000000000000000e+03 2.025000000000000000e+03 3.314000000000000000e+03 8.908000000000000000e+03 1.208500000000000000e+04 2.060900000000000000e+04 4.496500000000000000e+04 5.219800000000000000e+04 7.449700000000000000e+04 8.834200000000000000e+04 1.147090000000000000e+05 1.877230000000000000e+05 5.679980000000000000e+05 8.503770000000000000e+05 1.325611000000000000e+06 4.033416000000000000e+06 5.954954000000000000e+06
1.327000000000000000e+03 9.230000000000000000e+02 1.472000000000000000e+03 1.388000000000000000e+03 2.219000000000000000e+03 7.108000000000000000e+03 1.015800000000000000e+04 1.803200000000000000e+04 3.905500000000000000e+04 4.152800000000000000e+04 5.073900000000000000e+04 9.176600000000000000e+04 1.189840000000000000e+05 2.133920000000000000e+05 6.207750000000000000e+05 9.459170000000000000e+05 1.492754000000000000e+06 4.687275000000000000e+06 6.769926000000000000e+06
