# {'chrom': '16', 'window_id': '0', 'statistic': 'H2', 'bounds': [0, 18000000], 'span': 18000000, 'n_sites': 9714696, 'coverage': 53.97, 'right_discontinuous': False, 'rows': "{0: 'Altai', 1: 'Chagyrskaya', 2: 'Denisova', 3: 'French-1', 4: 'Han-1', 5: 'Khomani_San-2', 6: 'Papuan-2', 7: 'Vindija', 8: 'Yoruba-1', 9: 'Yoruba-3'}"}
1.000000000000000000e+00 3.000000000000000000e+00 2.200000000000000000e+01 6.600000000000000000e+01 2.750000000000000000e+02 1.504000000000000000e+03 2.246000000000000000e+03 4.123000000000000000e+03 9.576000000000000000e+03 1.127600000000000000e+04 1.532400000000000000e+04 1.831400000000000000e+04 1.534600000000000000e+04 2.991700000000000000e+04 1.034820000000000000e+05 1.175500000000000000e+05 2.374130000000000000e+05 7.563150000000000000e+05 1.364340000000000000e+06
0.000000000000000000e+00 1.000000000000000000e+00 3.500000000000000000e+01 7.500000000000000000e+01 1.290000000000000000e+02 2.970000000000000000e+02 4.950000000000000000e+02 8.740000000000000000e+02 1.992000000000000000e+03 2.160000000000000000e+03 2.227000000000000000e+03 3.637000000000000000e+03 3.896000000000000000e+03 7.493000000000000000e+03 2.207900000000000000e+04 3.824300000000000000e+04 4.983700000000000000e+04 1.472120000000000000e+05 1.677530000000000000e+05
1.000000000000000000e+00 4.000000000000000000e+00 9.000000000000000000e+00 2.300000000000000000e+01 1.140000000000000000e+02 4.710000000000000000e+02 8.990000000000000000e+02 1.455000000000000000e+03 3.077000000000000000e+03 3.616000000000000000e+03 5.110000000000000000e+03 8.911000000000000000e+03 9.668000000000000000e+03 1.591200000000000000e+04 4.726600000000000000e+04 6.491900000000000000e+04 1.312430000000000000e+05 4.375620000000000000e+05 8.303640000000000000e+05
2.200000000000000000e+02 2.400000000000000000e+02 4.000000000000000000e+02 5.830000000000000000e+02 1.411000000000000000e+03 5.010000000000000000e+03 8.960000000000000000e+03 1.710700000000000000e+04 4.278200000000000000e+04 5.420800000000000000e+04 7.650400000000000000e+04 1.280270000000000000e+05 1.536520000000000000e+05 3.127390000000000000e+05 8.213010000000000000e+05 1.233848000000000000e+06 2.403915000000000000e+06 7.991864000000000000e+06 1.403440700000000000e+07
1.000000000000000000e+02 6.500000000000000000e+01 1.640000000000000000e+02 3.810000000000000000e+02 1.256000000000000000e+03 4.990000000000000000e+03 8.419000000000000000e+03 1.533900000000000000e+04 4.004600000000000000e+04 5.233900000000000000e+04 7.645800000000000000e+04 1.537580000000000000e+05 1.651740000000000000e+05 3.025340000000000000e+05 7.704640000000000000e+05 1.062706000000000000e+06 2.060576000000000000e+06 7.022691000000000000e+06 1.208474000000000000e+07
6.110000000000000000e+02 5.780000000000000000e+02 7.730000000000000000e+02 1.344000000000000000e+03 2.959000000000000000e+03 1.053900000000000000e+04 1.865600000000000000e+04 3.303600000000000000e+04 7.981900000000000000e+04 9.746600000000000000e+04 1.504340000000000000e+05 2.576890000000000000e+05 3.191680000000000000e+05 5.704090000000000000e+05 1.721680000000000000e+06 2.709752000000000000e+06 5.608435000000000000e+06 1.753449600000000000e+07 3.004981700000000000e+07
1.610000000000000000e+02 1.760000000000000000e+02 2.170000000000000000e+02 4.040000000000000000e+02 1.260000000000000000e+03 4.490000000000000000e+03 7.600000000000000000e+03 1.420500000000000000e+04 3.594900000000000000e+04 4.710300000000000000e+04 7.110300000000000000e+04 1.120370000000000000e+05 1.079850000000000000e+05 1.823930000000000000e+05 5.390990000000000000e+05 9.496260000000000000e+05 1.816626000000000000e+06 5.481793000000000000e+06 9.757609000000000000e+06
1.000000000000000000e+00 3.000000000000000000e+00 2.100000000000000000e+01 2.600000000000000000e+01 7.200000000000000000e+01 4.300000000000000000e+02 7.490000000000000000e+02 1.243000000000000000e+03 3.010000000000000000e+03 3.968000000000000000e+03 5.108000000000000000e+03 8.731000000000000000e+03 1.014000000000000000e+04 1.472100000000000000e+04 3.868700000000000000e+04 7.522500000000000000e+04 1.407450000000000000e+05 4.225680000000000000e+05 6.779700000000000000e+05
6.400000000000000000e+01 1.450000000000000000e+02 4.720000000000000000e+02 7.800000000000000000e+02 2.277000000000000000e+03 8.089000000000000000e+03 1.410400000000000000e+04 2.757700000000000000e+04 6.856700000000000000e+04 8.813000000000000000e+04 1.211780000000000000e+05 2.304180000000000000e+05 2.743340000000000000e+05 5.396320000000000000e+05 1.609411000000000000e+06 2.363904000000000000e+06 4.758273000000000000e+06 1.504561100000000000e+07 2.665073400000000000e+07
5.790000000000000000e+02 5.820000000000000000e+02 9.760000000000000000e+02 1.225000000000000000e+03 3.127000000000000000e+03 1.155900000000000000e+04 1.998800000000000000e+04 3.412200000000000000e+04 8.104500000000000000e+04 9.620100000000000000e+04 1.584730000000000000e+05 2.918380000000000000e+05 3.460330000000000000e+05 6.250930000000000000e+05 1.787112000000000000e+06 2.626808000000000000e+06 5.475030000000000000e+06 1.797340400000000000e+07 3.091076900000000000e+07
