# {'chrom': '16', 'window_id': '2', 'statistic': 'H2', 'bounds': [45000000, 68000000], 'span': 23000000, 'n_sites': 14154409, 'coverage': 61.54, 'right_discontinuous': False, 'rows': "{0: 'Altai', 1: 'Chagyrskaya', 2: 'Denisova', 3: 'French-1', 4: 'Han-1', 5: 'Khomani_San-2', 6: 'Papuan-2', 7: 'Vindija', 8: 'Yoruba-1', 9: 'Yoruba-3'}"}
1.210000000000000000e+02 3.200000000000000000e+01 5.100000000000000000e+01 1.230000000000000000e+02 2.040000000000000000e+02 6.760000000000000000e+02 9.720000000000000000e+02 1.602000000000000000e+03 3.319000000000000000e+03 3.301000000000000000e+03 4.733000000000000000e+03 8.025000000000000000e+03 1.380500000000000000e+04 2.113100000000000000e+04 3.829000000000000000e+04 4.581000000000000000e+04 9.078000000000000000e+04 3.300640000000000000e+05 6.182190000000000000e+05
4.070000000000000000e+02 2.310000000000000000e+02 6.410000000000000000e+02 8.140000000000000000e+02 1.441000000000000000e+03 2.302000000000000000e+03 3.318000000000000000e+03 6.201000000000000000e+03 1.462600000000000000e+04 1.441700000000000000e+04 1.651100000000000000e+04 3.756200000000000000e+04 3.853700000000000000e+04 4.757600000000000000e+04 1.532650000000000000e+05 1.573060000000000000e+05 2.475040000000000000e+05 1.033875000000000000e+06 1.366168000000000000e+06
1.750000000000000000e+02 1.640000000000000000e+02 2.450000000000000000e+02 3.150000000000000000e+02 4.330000000000000000e+02 1.287000000000000000e+03 1.639000000000000000e+03 3.061000000000000000e+03 6.539000000000000000e+03 6.268000000000000000e+03 8.005000000000000000e+03 1.495500000000000000e+04 1.947900000000000000e+04 3.915700000000000000e+04 8.020500000000000000e+04 1.301900000000000000e+05 2.644530000000000000e+05 8.052480000000000000e+05 1.372350000000000000e+06
2.888000000000000000e+03 1.045000000000000000e+03 1.636000000000000000e+03 1.722000000000000000e+03 2.832000000000000000e+03 7.785000000000000000e+03 1.307300000000000000e+04 2.317500000000000000e+04 5.044600000000000000e+04 5.275200000000000000e+04 7.300800000000000000e+04 1.155820000000000000e+05 1.720420000000000000e+05 2.991860000000000000e+05 9.407120000000000000e+05 1.431531000000000000e+06 2.874894000000000000e+06 9.538563000000000000e+06 1.622561600000000000e+07
3.835000000000000000e+03 1.188000000000000000e+03 1.632000000000000000e+03 1.816000000000000000e+03 3.166000000000000000e+03 9.153000000000000000e+03 1.561000000000000000e+04 2.379800000000000000e+04 5.043700000000000000e+04 5.056000000000000000e+04 6.652200000000000000e+04 1.301000000000000000e+05 1.467910000000000000e+05 2.514110000000000000e+05 6.938930000000000000e+05 1.375991000000000000e+06 2.683779000000000000e+06 8.386118000000000000e+06 1.527296200000000000e+07
5.525000000000000000e+03 1.625000000000000000e+03 2.153000000000000000e+03 2.860000000000000000e+03 5.559000000000000000e+03 1.510600000000000000e+04 2.311200000000000000e+04 3.989800000000000000e+04 8.787500000000000000e+04 9.448600000000000000e+04 1.288320000000000000e+05 2.540240000000000000e+05 3.554440000000000000e+05 7.137630000000000000e+05 2.056864000000000000e+06 3.138259000000000000e+06 6.623122000000000000e+06 2.037209700000000000e+07 3.574587300000000000e+07
3.027000000000000000e+03 1.309000000000000000e+03 1.552000000000000000e+03 1.655000000000000000e+03 2.623000000000000000e+03 7.243000000000000000e+03 1.231500000000000000e+04 1.928100000000000000e+04 3.787800000000000000e+04 4.061800000000000000e+04 5.677200000000000000e+04 1.197720000000000000e+05 1.006060000000000000e+05 2.116550000000000000e+05 7.062130000000000000e+05 1.173322000000000000e+06 2.153997000000000000e+06 7.319781000000000000e+06 1.116926300000000000e+07
5.933000000000000000e+03 7.940000000000000000e+02 9.750000000000000000e+02 9.770000000000000000e+02 1.817000000000000000e+03 4.576000000000000000e+03 6.338000000000000000e+03 1.170800000000000000e+04 2.586000000000000000e+04 1.749100000000000000e+04 3.949300000000000000e+04 3.935800000000000000e+04 2.293700000000000000e+04 4.665100000000000000e+04 7.480300000000000000e+04 1.198990000000000000e+05 2.091160000000000000e+05 7.706790000000000000e+05 7.970070000000000000e+05
5.662000000000000000e+03 1.620000000000000000e+03 2.541000000000000000e+03 2.739000000000000000e+03 5.148000000000000000e+03 1.399900000000000000e+04 2.308300000000000000e+04 3.831300000000000000e+04 8.429500000000000000e+04 9.102100000000000000e+04 1.232380000000000000e+05 2.484240000000000000e+05 3.450580000000000000e+05 6.721330000000000000e+05 1.639005000000000000e+06 2.840777000000000000e+06 5.220517000000000000e+06 1.678582100000000000e+07 3.115553900000000000e+07
7.114000000000000000e+03 2.023000000000000000e+03 2.933000000000000000e+03 2.916000000000000000e+03 5.133000000000000000e+03 1.630800000000000000e+04 2.383500000000000000e+04 3.813200000000000000e+04 9.013300000000000000e+04 9.054300000000000000e+04 1.227940000000000000e+05 2.123460000000000000e+05 2.641010000000000000e+05 6.145570000000000000e+05 1.647535000000000000e+06 2.708570000000000000e+06 5.105254000000000000e+06 1.644949700000000000e+07 3.075786900000000000e+07
