# {'chrom': '14', 'window_id': '2', 'statistic': 'H2', 'bounds': [64000000, 86000000], 'span': 22000000, 'n_sites': 14053737, 'coverage': 63.88, 'right_discontinuous': False, 'rows': "{0: 'Altai', 1: 'Chagyrskaya', 2: 'Denisova', 3: 'French-1', 4: 'Han-1', 5: 'Khomani_San-2', 6: 'Papuan-2', 7: 'Vindija', 8: 'Yoruba-1', 9: 'Yoruba-3'}"}
0.000000000000000000e+00 0.000000000000000000e+00 0.000000000000000000e+00 3.800000000000000000e+01 1.500000000000000000e+01 2.700000000000000000e+01 6.000000000000000000e+00 2.000000000000000000e+01 4.200000000000000000e+01 7.000000000000000000e+01 1.260000000000000000e+02 8.500000000000000000e+01 3.900000000000000000e+01 2.470000000000000000e+02 4.310000000000000000e+02 5.530000000000000000e+02 2.308000000000000000e+03 5.231000000000000000e+03 7.797000000000000000e+03
1.240000000000000000e+02 7.800000000000000000e+01 2.010000000000000000e+02 2.500000000000000000e+02 4.800000000000000000e+02 8.030000000000000000e+02 1.195000000000000000e+03 2.383000000000000000e+03 3.827000000000000000e+03 5.368000000000000000e+03 7.572000000000000000e+03 1.150700000000000000e+04 1.450700000000000000e+04 2.200200000000000000e+04 5.527800000000000000e+04 8.558600000000000000e+04 1.879090000000000000e+05 5.363020000000000000e+05 7.766010000000000000e+05
1.150000000000000000e+02 8.400000000000000000e+01 2.520000000000000000e+02 4.180000000000000000e+02 5.660000000000000000e+02 1.277000000000000000e+03 1.385000000000000000e+03 3.316000000000000000e+03 6.357000000000000000e+03 6.569000000000000000e+03 7.337000000000000000e+03 9.325000000000000000e+03 1.038200000000000000e+04 2.828200000000000000e+04 4.260900000000000000e+04 8.262200000000000000e+04 1.495790000000000000e+05 4.959960000000000000e+05 9.025110000000000000e+05
2.863000000000000000e+03 1.904000000000000000e+03 2.868000000000000000e+03 2.831000000000000000e+03 4.445000000000000000e+03 9.683000000000000000e+03 1.465700000000000000e+04 2.516300000000000000e+04 5.872600000000000000e+04 6.612700000000000000e+04 9.513300000000000000e+04 2.084570000000000000e+05 2.563270000000000000e+05 3.972410000000000000e+05 1.119855000000000000e+06 1.880711000000000000e+06 3.943416000000000000e+06 1.175855400000000000e+07 1.953342800000000000e+07
6.754000000000000000e+03 3.265000000000000000e+03 4.424000000000000000e+03 3.384000000000000000e+03 4.852000000000000000e+03 1.148000000000000000e+04 2.054800000000000000e+04 3.915300000000000000e+04 7.920300000000000000e+04 1.034250000000000000e+05 1.677150000000000000e+05 3.395750000000000000e+05 2.485070000000000000e+05 4.466440000000000000e+05 1.190993000000000000e+06 2.428817000000000000e+06 4.058418000000000000e+06 1.127329200000000000e+07 1.906261800000000000e+07
4.526000000000000000e+03 3.198000000000000000e+03 5.346000000000000000e+03 4.495000000000000000e+03 6.479000000000000000e+03 1.438900000000000000e+04 2.278200000000000000e+04 4.522300000000000000e+04 1.006370000000000000e+05 1.277050000000000000e+05 1.994630000000000000e+05 3.606960000000000000e+05 3.219680000000000000e+05 5.882320000000000000e+05 1.750843000000000000e+06 3.369333000000000000e+06 6.167376000000000000e+06 1.864006400000000000e+07 2.973885000000000000e+07
2.641000000000000000e+03 1.371000000000000000e+03 1.864000000000000000e+03 1.947000000000000000e+03 3.001000000000000000e+03 6.873000000000000000e+03 1.028400000000000000e+04 1.655900000000000000e+04 3.477800000000000000e+04 4.185200000000000000e+04 5.419600000000000000e+04 1.095910000000000000e+05 1.336260000000000000e+05 1.910250000000000000e+05 5.865560000000000000e+05 8.403200000000000000e+05 1.777967000000000000e+06 5.065237000000000000e+06 8.857052000000000000e+06
4.190000000000000000e+02 2.940000000000000000e+02 5.680000000000000000e+02 5.800000000000000000e+02 8.670000000000000000e+02 1.658000000000000000e+03 2.272000000000000000e+03 4.335000000000000000e+03 7.847000000000000000e+03 1.057900000000000000e+04 1.483500000000000000e+04 1.612500000000000000e+04 2.032400000000000000e+04 2.710600000000000000e+04 5.465700000000000000e+04 1.254610000000000000e+05 2.521390000000000000e+05 7.230470000000000000e+05 1.005195000000000000e+06
4.157000000000000000e+03 2.642000000000000000e+03 4.788000000000000000e+03 5.066000000000000000e+03 6.962000000000000000e+03 1.496000000000000000e+04 2.362700000000000000e+04 3.654400000000000000e+04 7.709400000000000000e+04 9.644100000000000000e+04 1.392650000000000000e+05 3.027960000000000000e+05 3.975740000000000000e+05 6.311070000000000000e+05 1.860215000000000000e+06 3.445174000000000000e+06 6.494779000000000000e+06 2.133602400000000000e+07 3.541626700000000000e+07
5.428000000000000000e+03 3.293000000000000000e+03 5.049000000000000000e+03 4.552000000000000000e+03 7.053000000000000000e+03 1.451400000000000000e+04 2.539800000000000000e+04 4.181500000000000000e+04 9.495400000000000000e+04 1.189680000000000000e+05 1.761160000000000000e+05 3.375040000000000000e+05 3.949470000000000000e+05 7.408990000000000000e+05 1.864341000000000000e+06 3.906813000000000000e+06 7.357489000000000000e+06 2.163101700000000000e+07 3.425631200000000000e+07
