# {'chrom': '14', 'window_id': '1', 'statistic': 'H2', 'bounds': [42000000, 64000000], 'span': 22000000, 'n_sites': 13599196, 'coverage': 61.81, 'right_discontinuous': False, 'rows': "{0: 'Altai', 1: 'Chagyrskaya', 2: 'Denisova', 3: 'French-1', 4: 'Han-1', 5: 'Khomani_San-2', 6: 'Papuan-2', 7: 'Vindija', 8: 'Yoruba-1', 9: 'Yoruba-3'}"}
2.000000000000000000e+01 3.800000000000000000e+01 8.500000000000000000e+01 1.420000000000000000e+02 2.450000000000000000e+02 4.980000000000000000e+02 6.840000000000000000e+02 1.200000000000000000e+03 2.547000000000000000e+03 3.505000000000000000e+03 4.828000000000000000e+03 8.480000000000000000e+03 9.489000000000000000e+03 1.598000000000000000e+04 4.034300000000000000e+04 7.828000000000000000e+04 1.038960000000000000e+05 6.842100000000000000e+04 3.661100000000000000e+04
2.190000000000000000e+02 1.320000000000000000e+02 3.320000000000000000e+02 4.360000000000000000e+02 5.230000000000000000e+02 1.382000000000000000e+03 2.191000000000000000e+03 3.304000000000000000e+03 7.067000000000000000e+03 8.626000000000000000e+03 1.329200000000000000e+04 1.809700000000000000e+04 2.198000000000000000e+04 3.765700000000000000e+04 9.152400000000000000e+04 9.085200000000000000e+04 2.639580000000000000e+05 7.932430000000000000e+05 1.057778000000000000e+06
2.350000000000000000e+02 2.760000000000000000e+02 6.790000000000000000e+02 7.480000000000000000e+02 1.050000000000000000e+03 2.255000000000000000e+03 2.800000000000000000e+03 4.681000000000000000e+03 1.083500000000000000e+04 1.103300000000000000e+04 1.720600000000000000e+04 2.966900000000000000e+04 3.894000000000000000e+04 8.674300000000000000e+04 1.737780000000000000e+05 2.547430000000000000e+05 5.757790000000000000e+05 1.254685000000000000e+06 1.833216000000000000e+06
6.467000000000000000e+03 2.143000000000000000e+03 3.272000000000000000e+03 3.932000000000000000e+03 4.925000000000000000e+03 1.370000000000000000e+04 2.286700000000000000e+04 3.411500000000000000e+04 7.976800000000000000e+04 1.045390000000000000e+05 1.478350000000000000e+05 2.929860000000000000e+05 3.555190000000000000e+05 5.706470000000000000e+05 1.807823000000000000e+06 2.122841000000000000e+06 4.805312000000000000e+06 1.303506900000000000e+07 2.042454300000000000e+07
2.492000000000000000e+03 1.508000000000000000e+03 3.179000000000000000e+03 4.183000000000000000e+03 5.656000000000000000e+03 1.341700000000000000e+04 1.943900000000000000e+04 3.269000000000000000e+04 7.427600000000000000e+04 9.278700000000000000e+04 1.422080000000000000e+05 2.784490000000000000e+05 3.354380000000000000e+05 6.042360000000000000e+05 1.699020000000000000e+06 2.552423000000000000e+06 5.641463000000000000e+06 1.709372200000000000e+07 2.651053000000000000e+07
2.652000000000000000e+03 1.674000000000000000e+03 3.730000000000000000e+03 4.556000000000000000e+03 6.533000000000000000e+03 1.576400000000000000e+04 2.219300000000000000e+04 3.822500000000000000e+04 8.511700000000000000e+04 1.022760000000000000e+05 1.546860000000000000e+05 3.600610000000000000e+05 4.861960000000000000e+05 8.943730000000000000e+05 2.412919000000000000e+06 3.853209000000000000e+06 8.161898000000000000e+06 2.511353800000000000e+07 4.256362200000000000e+07
3.756000000000000000e+03 1.170000000000000000e+03 2.069000000000000000e+03 2.545000000000000000e+03 3.516000000000000000e+03 9.190000000000000000e+03 1.574100000000000000e+04 2.452400000000000000e+04 5.268900000000000000e+04 6.317500000000000000e+04 8.610800000000000000e+04 1.537270000000000000e+05 1.773200000000000000e+05 3.399870000000000000e+05 9.089400000000000000e+05 1.374175000000000000e+06 2.769880000000000000e+06 8.445747000000000000e+06 1.304276000000000000e+07
8.400000000000000000e+01 5.900000000000000000e+01 2.230000000000000000e+02 2.650000000000000000e+02 4.830000000000000000e+02 1.067000000000000000e+03 1.579000000000000000e+03 2.537000000000000000e+03 5.974000000000000000e+03 6.707000000000000000e+03 1.024700000000000000e+04 1.523500000000000000e+04 1.272400000000000000e+04 2.752100000000000000e+04 9.498000000000000000e+04 1.468120000000000000e+05 2.349500000000000000e+05 3.607090000000000000e+05 7.833200000000000000e+05
7.174000000000000000e+03 2.728000000000000000e+03 4.094000000000000000e+03 4.180000000000000000e+03 6.095000000000000000e+03 1.646300000000000000e+04 2.566800000000000000e+04 4.154600000000000000e+04 8.680100000000000000e+04 1.020530000000000000e+05 1.495990000000000000e+05 3.415180000000000000e+05 4.429920000000000000e+05 9.112980000000000000e+05 2.287902000000000000e+06 3.694847000000000000e+06 7.527413000000000000e+06 2.195489800000000000e+07 3.729767000000000000e+07
5.765000000000000000e+03 2.608000000000000000e+03 4.659000000000000000e+03 5.359000000000000000e+03 7.079000000000000000e+03 1.745000000000000000e+04 2.819500000000000000e+04 4.552000000000000000e+04 9.979700000000000000e+04 1.246050000000000000e+05 1.794630000000000000e+05 4.118610000000000000e+05 5.611220000000000000e+05 1.050249000000000000e+06 2.994132000000000000e+06 4.348188000000000000e+06 8.867020000000000000e+06 2.605412900000000000e+07 4.394393100000000000e+07
