# {'chrom': '14', 'window_id': '0', 'statistic': 'H2', 'bounds': [20000000, 42000000], 'span': 22000000, 'n_sites': 13019628, 'coverage': 59.18, 'right_discontinuous': False, 'rows': "{0: 'Altai', 1: 'Chagyrskaya', 2: 'Denisova', 3: 'French-1', 4: 'Han-1', 5: 'Khomani_San-2', 6: 'Papuan-2', 7: 'Vindija', 8: 'Yoruba-1', 9: 'Yoruba-3'}"}
2.310000000000000000e+02 1.730000000000000000e+02 3.720000000000000000e+02 3.880000000000000000e+02 6.050000000000000000e+02 1.487000000000000000e+03 2.245000000000000000e+03 3.440000000000000000e+03 6.730000000000000000e+03 9.056000000000000000e+03 1.114800000000000000e+04 2.074100000000000000e+04 2.886300000000000000e+04 4.346500000000000000e+04 6.950800000000000000e+04 1.773140000000000000e+05 2.711900000000000000e+05 8.835080000000000000e+05 6.991300000000000000e+05
6.810000000000000000e+02 2.190000000000000000e+02 3.730000000000000000e+02 3.240000000000000000e+02 4.640000000000000000e+02 1.596000000000000000e+03 2.186000000000000000e+03 3.811000000000000000e+03 6.901000000000000000e+03 1.072900000000000000e+04 1.595500000000000000e+04 2.154500000000000000e+04 2.166500000000000000e+04 3.454800000000000000e+04 7.548100000000000000e+04 8.862500000000000000e+04 1.588820000000000000e+05 3.685500000000000000e+05 7.619440000000000000e+05
1.540000000000000000e+02 8.800000000000000000e+01 1.810000000000000000e+02 2.030000000000000000e+02 3.830000000000000000e+02 8.140000000000000000e+02 1.063000000000000000e+03 1.717000000000000000e+03 3.880000000000000000e+03 4.494000000000000000e+03 5.540000000000000000e+03 1.126500000000000000e+04 1.318600000000000000e+04 2.591400000000000000e+04 6.475400000000000000e+04 1.222160000000000000e+05 2.638560000000000000e+05 1.049615000000000000e+06 1.749439000000000000e+06
3.355000000000000000e+03 1.699000000000000000e+03 3.210000000000000000e+03 2.925000000000000000e+03 4.190000000000000000e+03 9.869000000000000000e+03 1.535900000000000000e+04 2.608500000000000000e+04 5.428500000000000000e+04 6.756800000000000000e+04 1.004630000000000000e+05 1.814900000000000000e+05 2.517880000000000000e+05 4.253450000000000000e+05 1.182193000000000000e+06 2.363028000000000000e+06 3.731627000000000000e+06 1.389190800000000000e+07 2.073856300000000000e+07
3.319000000000000000e+03 1.979000000000000000e+03 3.502000000000000000e+03 3.376000000000000000e+03 4.365000000000000000e+03 9.717000000000000000e+03 1.621900000000000000e+04 2.447600000000000000e+04 5.552200000000000000e+04 6.976200000000000000e+04 1.011510000000000000e+05 1.972990000000000000e+05 1.929680000000000000e+05 3.089170000000000000e+05 1.157972000000000000e+06 1.669489000000000000e+06 3.677914000000000000e+06 1.204930200000000000e+07 2.033164000000000000e+07
3.778000000000000000e+03 2.436000000000000000e+03 3.615000000000000000e+03 3.478000000000000000e+03 5.034000000000000000e+03 1.156800000000000000e+04 1.866100000000000000e+04 3.026400000000000000e+04 6.265400000000000000e+04 7.334400000000000000e+04 1.083000000000000000e+05 2.317500000000000000e+05 3.135690000000000000e+05 4.668060000000000000e+05 1.510984000000000000e+06 2.535351000000000000e+06 5.019353000000000000e+06 1.739958100000000000e+07 3.140662800000000000e+07
2.478000000000000000e+03 1.339000000000000000e+03 2.224000000000000000e+03 2.074000000000000000e+03 2.818000000000000000e+03 6.012000000000000000e+03 1.061100000000000000e+04 1.623800000000000000e+04 3.751800000000000000e+04 4.688200000000000000e+04 6.788600000000000000e+04 1.408090000000000000e+05 1.758600000000000000e+05 2.288160000000000000e+05 6.281440000000000000e+05 1.328452000000000000e+06 2.240614000000000000e+06 6.504830000000000000e+06 1.033747600000000000e+07
5.440000000000000000e+02 2.800000000000000000e+02 4.390000000000000000e+02 3.960000000000000000e+02 5.400000000000000000e+02 1.636000000000000000e+03 2.824000000000000000e+03 3.269000000000000000e+03 7.723000000000000000e+03 8.763000000000000000e+03 9.689000000000000000e+03 1.261800000000000000e+04 1.206500000000000000e+04 1.779600000000000000e+04 5.299600000000000000e+04 1.034390000000000000e+05 1.724790000000000000e+05 7.633600000000000000e+05 1.039982000000000000e+06
4.710000000000000000e+03 2.575000000000000000e+03 3.687000000000000000e+03 3.724000000000000000e+03 5.602000000000000000e+03 1.303500000000000000e+04 1.973100000000000000e+04 3.383400000000000000e+04 7.144100000000000000e+04 8.917400000000000000e+04 1.361910000000000000e+05 2.908520000000000000e+05 3.772560000000000000e+05 6.293280000000000000e+05 1.843277000000000000e+06 3.296757000000000000e+06 5.977075000000000000e+06 2.126253600000000000e+07 3.435200700000000000e+07
6.361000000000000000e+03 3.338000000000000000e+03 4.819000000000000000e+03 4.526000000000000000e+03 6.432000000000000000e+03 1.554800000000000000e+04 2.519800000000000000e+04 4.515300000000000000e+04 8.563400000000000000e+04 1.022100000000000000e+05 1.646690000000000000e+05 3.252440000000000000e+05 3.748410000000000000e+05 7.803950000000000000e+05 2.168303000000000000e+06 3.867660000000000000e+06 6.897259000000000000e+06 2.389898800000000000e+07 3.713119300000000000e+07
