# {'chrom': '17', 'window_id': '1', 'statistic': 'H2', 'bounds': [25000000, 44000000], 'span': 19000000, 'n_sites': 9849675, 'coverage': 51.84, 'right_discontinuous': False, 'rows': "{0: 'Altai', 1: 'Chagyrskaya', 2: 'Denisova', 3: 'French-1', 4: 'Han-1', 5: 'Khomani_San-2', 6: 'Papuan-2', 7: 'Vindija', 8: 'Yoruba-1', 9: 'Yoruba-3'}"}
2.000000000000000000e+00 1.200000000000000000e+01 1.800000000000000000e+01 2.200000000000000000e+01 4.800000000000000000e+01 2.470000000000000000e+02 3.860000000000000000e+02 6.470000000000000000e+02 1.357000000000000000e+03 1.453000000000000000e+03 1.982000000000000000e+03 4.613000000000000000e+03 5.815000000000000000e+03 6.389000000000000000e+03 1.976900000000000000e+04 3.843800000000000000e+04 5.259200000000000000e+04 1.305760000000000000e+05 7.058720000000000000e+05
3.600000000000000000e+01 4.400000000000000000e+01 7.200000000000000000e+01 1.440000000000000000e+02 2.580000000000000000e+02 7.300000000000000000e+02 9.420000000000000000e+02 1.664000000000000000e+03 3.472000000000000000e+03 3.753000000000000000e+03 4.835000000000000000e+03 5.674000000000000000e+03 5.545000000000000000e+03 1.204200000000000000e+04 3.525700000000000000e+04 5.488100000000000000e+04 1.043710000000000000e+05 2.359550000000000000e+05 8.838700000000000000e+05
1.510000000000000000e+02 1.800000000000000000e+02 3.230000000000000000e+02 3.530000000000000000e+02 6.560000000000000000e+02 1.160000000000000000e+03 1.404000000000000000e+03 2.603000000000000000e+03 6.580000000000000000e+03 6.627000000000000000e+03 6.527000000000000000e+03 9.266000000000000000e+03 1.495500000000000000e+04 2.422600000000000000e+04 6.655300000000000000e+04 1.109070000000000000e+05 2.469170000000000000e+05 6.246150000000000000e+05 1.218374000000000000e+06
1.833000000000000000e+03 1.271000000000000000e+03 2.068000000000000000e+03 1.597000000000000000e+03 2.964000000000000000e+03 8.220000000000000000e+03 1.322600000000000000e+04 2.518000000000000000e+04 5.565900000000000000e+04 6.180000000000000000e+04 7.837200000000000000e+04 1.801010000000000000e+05 2.191610000000000000e+05 5.013090000000000000e+05 1.156269000000000000e+06 1.586485000000000000e+06 2.579325000000000000e+06 7.820795000000000000e+06 1.324996100000000000e+07
7.160000000000000000e+02 7.450000000000000000e+02 1.376000000000000000e+03 1.234000000000000000e+03 2.130000000000000000e+03 4.740000000000000000e+03 8.093000000000000000e+03 1.338600000000000000e+04 3.144700000000000000e+04 3.197000000000000000e+04 3.852200000000000000e+04 8.535000000000000000e+04 1.155310000000000000e+05 1.419760000000000000e+05 4.149800000000000000e+05 7.766450000000000000e+05 1.367367000000000000e+06 4.706195000000000000e+06 9.049668000000000000e+06
1.844000000000000000e+03 1.420000000000000000e+03 2.152000000000000000e+03 1.756000000000000000e+03 3.491000000000000000e+03 9.800000000000000000e+03 1.587300000000000000e+04 2.929100000000000000e+04 6.633000000000000000e+04 7.921600000000000000e+04 1.084250000000000000e+05 2.346120000000000000e+05 3.114980000000000000e+05 6.455890000000000000e+05 1.499504000000000000e+06 2.118829000000000000e+06 4.032809000000000000e+06 1.222767400000000000e+07 2.188387500000000000e+07
1.942000000000000000e+03 1.364000000000000000e+03 1.991000000000000000e+03 1.443000000000000000e+03 2.410000000000000000e+03 5.368000000000000000e+03 8.071000000000000000e+03 1.726800000000000000e+04 3.587100000000000000e+04 3.914900000000000000e+04 5.293100000000000000e+04 9.143400000000000000e+04 1.178610000000000000e+05 1.467290000000000000e+05 3.807780000000000000e+05 7.722660000000000000e+05 1.308947000000000000e+06 3.901446000000000000e+06 8.168070000000000000e+06
8.900000000000000000e+01 9.100000000000000000e+01 1.390000000000000000e+02 5.500000000000000000e+01 1.240000000000000000e+02 3.010000000000000000e+02 6.300000000000000000e+02 1.026000000000000000e+03 1.660000000000000000e+03 1.478000000000000000e+03 2.573000000000000000e+03 5.362000000000000000e+03 6.360000000000000000e+03 9.254000000000000000e+03 2.236800000000000000e+04 3.162300000000000000e+04 8.704900000000000000e+04 1.963760000000000000e+05 5.441360000000000000e+05
1.958000000000000000e+03 1.260000000000000000e+03 1.967000000000000000e+03 1.786000000000000000e+03 2.989000000000000000e+03 6.716000000000000000e+03 1.010400000000000000e+04 1.826200000000000000e+04 4.098200000000000000e+04 4.617600000000000000e+04 5.608500000000000000e+04 1.226390000000000000e+05 1.583470000000000000e+05 2.438460000000000000e+05 7.604090000000000000e+05 1.382916000000000000e+06 2.749049000000000000e+06 8.041216000000000000e+06 1.536652000000000000e+07
1.316000000000000000e+03 1.104000000000000000e+03 1.638000000000000000e+03 1.531000000000000000e+03 2.336000000000000000e+03 5.606000000000000000e+03 1.010200000000000000e+04 1.774400000000000000e+04 3.552600000000000000e+04 3.776500000000000000e+04 5.020400000000000000e+04 9.533300000000000000e+04 1.442570000000000000e+05 2.364840000000000000e+05 7.745290000000000000e+05 1.332747000000000000e+06 2.481188000000000000e+06 7.410803000000000000e+06 1.537016900000000000e+07
