# {'chrom': '17', 'window_id': '2', 'statistic': 'H2', 'bounds': [44000000, 63000000], 'span': 19000000, 'n_sites': 10590556, 'coverage': 55.74, 'right_discontinuous': False, 'rows': "{0: 'Altai', 1: 'Chagyrskaya', 2: 'Denisova', 3: 'French-1', 4: 'Han-1', 5: 'Khomani_San-2', 6: 'Papuan-2', 7: 'Vindija', 8: 'Yoruba-1', 9: 'Yoruba-3'}"}
2.880000000000000000e+02 2.930000000000000000e+02 7.660000000000000000e+02 9.750000000000000000e+02 1.343000000000000000e+03 2.602000000000000000e+03 3.035000000000000000e+03 5.271000000000000000e+03 9.982000000000000000e+03 1.146700000000000000e+04 1.653900000000000000e+04 4.534600000000000000e+04 3.860600000000000000e+04 5.297100000000000000e+04 1.640480000000000000e+05 2.809050000000000000e+05 2.601320000000000000e+05 6.557060000000000000e+05 4.616240000000000000e+05
1.500000000000000000e+02 1.850000000000000000e+02 5.300000000000000000e+02 6.390000000000000000e+02 8.020000000000000000e+02 1.878000000000000000e+03 2.757000000000000000e+03 4.045000000000000000e+03 7.428000000000000000e+03 9.142000000000000000e+03 1.182900000000000000e+04 2.399200000000000000e+04 1.990000000000000000e+04 3.282700000000000000e+04 8.195700000000000000e+04 1.367530000000000000e+05 2.169860000000000000e+05 6.426600000000000000e+05 8.062910000000000000e+05
7.200000000000000000e+01 5.100000000000000000e+01 1.040000000000000000e+02 1.280000000000000000e+02 1.660000000000000000e+02 5.420000000000000000e+02 6.600000000000000000e+02 1.167000000000000000e+03 2.366000000000000000e+03 2.498000000000000000e+03 3.821000000000000000e+03 6.688000000000000000e+03 1.093400000000000000e+04 1.488400000000000000e+04 4.490300000000000000e+04 6.164400000000000000e+04 9.617100000000000000e+04 2.902080000000000000e+05 4.547180000000000000e+05
3.620000000000000000e+03 2.966000000000000000e+03 4.452000000000000000e+03 3.495000000000000000e+03 5.003000000000000000e+03 1.232600000000000000e+04 2.100400000000000000e+04 3.007300000000000000e+04 6.795100000000000000e+04 9.739200000000000000e+04 7.729600000000000000e+04 1.512600000000000000e+05 2.125220000000000000e+05 2.804460000000000000e+05 6.107270000000000000e+05 1.223673000000000000e+06 2.057542000000000000e+06 5.368971000000000000e+06 1.018634100000000000e+07
1.249000000000000000e+03 1.058000000000000000e+03 1.684000000000000000e+03 1.870000000000000000e+03 2.817000000000000000e+03 6.831000000000000000e+03 1.084800000000000000e+04 1.823300000000000000e+04 3.633200000000000000e+04 4.060600000000000000e+04 5.620200000000000000e+04 1.063090000000000000e+05 1.339540000000000000e+05 2.419040000000000000e+05 7.774260000000000000e+05 1.028400000000000000e+06 1.633165000000000000e+06 4.869006000000000000e+06 8.095010000000000000e+06
3.934000000000000000e+03 3.239000000000000000e+03 4.766000000000000000e+03 3.583000000000000000e+03 5.752000000000000000e+03 1.497600000000000000e+04 2.365000000000000000e+04 3.512600000000000000e+04 8.643500000000000000e+04 1.159320000000000000e+05 1.255960000000000000e+05 2.170000000000000000e+05 2.966860000000000000e+05 4.337360000000000000e+05 1.408151000000000000e+06 1.987907000000000000e+06 3.471748000000000000e+06 1.018210900000000000e+07 1.945515300000000000e+07
1.670000000000000000e+03 1.185000000000000000e+03 1.878000000000000000e+03 1.838000000000000000e+03 2.264000000000000000e+03 6.572000000000000000e+03 9.778000000000000000e+03 1.636400000000000000e+04 3.668500000000000000e+04 4.617300000000000000e+04 6.280700000000000000e+04 1.390050000000000000e+05 1.613330000000000000e+05 2.468800000000000000e+05 6.143250000000000000e+05 9.688830000000000000e+05 1.257338000000000000e+06 4.058927000000000000e+06 6.454539000000000000e+06
1.280000000000000000e+02 1.750000000000000000e+02 4.980000000000000000e+02 6.050000000000000000e+02 7.440000000000000000e+02 1.608000000000000000e+03 2.387000000000000000e+03 3.057000000000000000e+03 5.913000000000000000e+03 7.623000000000000000e+03 8.703000000000000000e+03 1.837700000000000000e+04 1.443500000000000000e+04 2.153500000000000000e+04 4.496500000000000000e+04 9.938100000000000000e+04 8.792800000000000000e+04 3.500300000000000000e+05 6.499240000000000000e+05
5.813000000000000000e+03 1.355000000000000000e+03 2.710000000000000000e+03 2.856000000000000000e+03 4.032000000000000000e+03 1.014900000000000000e+04 1.371800000000000000e+04 2.468400000000000000e+04 4.860500000000000000e+04 6.102100000000000000e+04 9.023700000000000000e+04 1.808320000000000000e+05 2.024110000000000000e+05 4.222050000000000000e+05 1.190522000000000000e+06 1.775439000000000000e+06 3.191406000000000000e+06 1.018216600000000000e+07 1.817100000000000000e+07
7.128000000000000000e+03 1.710000000000000000e+03 2.461000000000000000e+03 2.711000000000000000e+03 3.342000000000000000e+03 9.112000000000000000e+03 1.427400000000000000e+04 2.696100000000000000e+04 5.754900000000000000e+04 6.912800000000000000e+04 9.187300000000000000e+04 2.049870000000000000e+05 2.384550000000000000e+05 3.957060000000000000e+05 1.333725000000000000e+06 1.969829000000000000e+06 3.511518000000000000e+06 9.442211000000000000e+06 1.541122300000000000e+07
