# {'chrom': '17', 'window_id': '0', 'statistic': 'H2', 'bounds': [0, 23000000], 'span': 23000000, 'n_sites': 11119807, 'coverage': 48.35, 'right_discontinuous': True, 'rows': "{0: 'Altai', 1: 'Chagyrskaya', 2: 'Denisova', 3: 'French-1', 4: 'Han-1', 5: 'Khomani_San-2', 6: 'Papuan-2', 7: 'Vindija', 8: 'Yoruba-1', 9: 'Yoruba-3'}"}
0.000000000000000000e+00 2.000000000000000000e+00 1.000000000000000000e+00 2.000000000000000000e+00 1.800000000000000000e+01 9.700000000000000000e+01 1.800000000000000000e+02 3.210000000000000000e+02 5.740000000000000000e+02 7.160000000000000000e+02 6.870000000000000000e+02 2.107000000000000000e+03 2.574000000000000000e+03 3.317000000000000000e+03 6.790000000000000000e+03 7.274000000000000000e+03 2.370900000000000000e+04 5.927900000000000000e+04 5.583800000000000000e+04
6.900000000000000000e+01 3.700000000000000000e+01 9.100000000000000000e+01 1.250000000000000000e+02 2.450000000000000000e+02 8.150000000000000000e+02 1.124000000000000000e+03 1.703000000000000000e+03 3.531000000000000000e+03 4.068000000000000000e+03 5.281000000000000000e+03 7.272000000000000000e+03 7.219000000000000000e+03 6.705000000000000000e+03 2.331400000000000000e+04 3.597400000000000000e+04 6.722700000000000000e+04 2.341960000000000000e+05 3.321140000000000000e+05
3.200000000000000000e+01 4.500000000000000000e+01 4.000000000000000000e+01 5.700000000000000000e+01 1.740000000000000000e+02 5.570000000000000000e+02 8.950000000000000000e+02 1.464000000000000000e+03 3.535000000000000000e+03 4.241000000000000000e+03 4.556000000000000000e+03 7.183000000000000000e+03 1.037700000000000000e+04 1.565600000000000000e+04 3.306500000000000000e+04 4.327900000000000000e+04 1.043540000000000000e+05 3.330010000000000000e+05 5.078860000000000000e+05
2.815000000000000000e+03 1.494000000000000000e+03 1.549000000000000000e+03 1.053000000000000000e+03 2.007000000000000000e+03 6.298000000000000000e+03 1.135200000000000000e+04 2.023700000000000000e+04 3.866600000000000000e+04 4.342900000000000000e+04 6.420600000000000000e+04 1.107100000000000000e+05 1.296300000000000000e+05 2.065130000000000000e+05 5.116270000000000000e+05 8.090890000000000000e+05 1.742471000000000000e+06 5.395985000000000000e+06 8.620150000000000000e+06
1.211000000000000000e+03 7.990000000000000000e+02 1.217000000000000000e+03 9.920000000000000000e+02 1.869000000000000000e+03 5.723000000000000000e+03 1.017600000000000000e+04 1.653300000000000000e+04 3.558300000000000000e+04 3.809100000000000000e+04 5.246900000000000000e+04 8.381400000000000000e+04 8.729700000000000000e+04 1.727960000000000000e+05 4.714790000000000000e+05 7.956160000000000000e+05 1.518902000000000000e+06 4.334449000000000000e+06 7.044445000000000000e+06
2.100000000000000000e+03 1.634000000000000000e+03 2.427000000000000000e+03 1.526000000000000000e+03 2.499000000000000000e+03 8.342000000000000000e+03 1.451400000000000000e+04 2.638100000000000000e+04 5.755300000000000000e+04 6.096800000000000000e+04 8.608800000000000000e+04 1.426160000000000000e+05 1.793900000000000000e+05 3.409050000000000000e+05 9.027790000000000000e+05 1.470039000000000000e+06 3.117468000000000000e+06 9.072671000000000000e+06 1.406597700000000000e+07
5.660000000000000000e+02 4.600000000000000000e+02 7.000000000000000000e+02 6.800000000000000000e+02 1.420000000000000000e+03 4.825000000000000000e+03 7.915000000000000000e+03 1.293200000000000000e+04 2.902000000000000000e+04 3.089000000000000000e+04 4.393500000000000000e+04 6.980300000000000000e+04 6.892600000000000000e+04 1.456540000000000000e+05 3.473710000000000000e+05 5.685970000000000000e+05 1.254975000000000000e+06 3.713679000000000000e+06 6.011804000000000000e+06
1.900000000000000000e+01 2.200000000000000000e+01 2.500000000000000000e+01 4.700000000000000000e+01 1.350000000000000000e+02 5.590000000000000000e+02 9.020000000000000000e+02 1.562000000000000000e+03 3.549000000000000000e+03 3.414000000000000000e+03 4.050000000000000000e+03 6.502000000000000000e+03 6.497000000000000000e+03 1.142400000000000000e+04 2.547200000000000000e+04 4.649900000000000000e+04 8.744000000000000000e+04 2.160030000000000000e+05 2.837970000000000000e+05
1.458000000000000000e+03 9.450000000000000000e+02 1.290000000000000000e+03 1.091000000000000000e+03 1.937000000000000000e+03 6.672000000000000000e+03 1.176600000000000000e+04 2.011400000000000000e+04 4.146500000000000000e+04 4.651700000000000000e+04 6.906700000000000000e+04 1.308270000000000000e+05 1.515070000000000000e+05 3.101020000000000000e+05 7.584940000000000000e+05 1.290482000000000000e+06 2.711813000000000000e+06 8.140357000000000000e+06 1.259076100000000000e+07
1.464000000000000000e+03 9.920000000000000000e+02 1.529000000000000000e+03 1.415000000000000000e+03 2.443000000000000000e+03 8.010000000000000000e+03 1.438400000000000000e+04 2.546800000000000000e+04 5.420200000000000000e+04 5.926400000000000000e+04 8.533500000000000000e+04 1.649740000000000000e+05 1.795750000000000000e+05 3.280340000000000000e+05 9.363990000000000000e+05 1.538437000000000000e+06 3.289457000000000000e+06 9.624254000000000000e+06 1.514969300000000000e+07
