# {'chrom': '1', 'window_id': '5', 'statistic': 'H2', 'bounds': [100000000, 122000000], 'span': 22000000, 'n_sites': 12538510, 'coverage': 56.99, 'right_discontinuous': True, 'rows': "{0: 'Altai', 1: 'Chagyrskaya', 2: 'Denisova', 3: 'French-1', 4: 'Han-1', 5: 'Khomani_San-2', 6: 'Papuan-2', 7: 'Vindija', 8: 'Yoruba-1', 9: 'Yoruba-3'}"}
3.260000000000000000e+02 4.700000000000000000e+01 1.520000000000000000e+02 2.150000000000000000e+02 2.880000000000000000e+02 8.770000000000000000e+02 1.090000000000000000e+03 2.189000000000000000e+03 3.836000000000000000e+03 3.252000000000000000e+03 5.644000000000000000e+03 9.689000000000000000e+03 8.399000000000000000e+03 1.213900000000000000e+04 3.994800000000000000e+04 6.799900000000000000e+04 9.947100000000000000e+04 1.079880000000000000e+05 4.775100000000000000e+04
3.330000000000000000e+02 1.490000000000000000e+02 3.560000000000000000e+02 4.730000000000000000e+02 8.710000000000000000e+02 1.988000000000000000e+03 2.567000000000000000e+03 4.373000000000000000e+03 8.638000000000000000e+03 8.357000000000000000e+03 1.221900000000000000e+04 2.434900000000000000e+04 2.768700000000000000e+04 3.816700000000000000e+04 9.477200000000000000e+04 1.250700000000000000e+05 2.500720000000000000e+05 6.164600000000000000e+05 6.554020000000000000e+05
3.430000000000000000e+02 2.660000000000000000e+02 6.030000000000000000e+02 5.750000000000000000e+02 6.640000000000000000e+02 1.799000000000000000e+03 2.144000000000000000e+03 3.988000000000000000e+03 9.334000000000000000e+03 9.189000000000000000e+03 1.328500000000000000e+04 1.817100000000000000e+04 3.164200000000000000e+04 4.401800000000000000e+04 1.073880000000000000e+05 1.313740000000000000e+05 2.364780000000000000e+05 7.470400000000000000e+05 7.206210000000000000e+05
3.251000000000000000e+03 1.809000000000000000e+03 3.328000000000000000e+03 2.993000000000000000e+03 4.173000000000000000e+03 9.946000000000000000e+03 1.452000000000000000e+04 2.267900000000000000e+04 5.145000000000000000e+04 6.259600000000000000e+04 8.964400000000000000e+04 1.642250000000000000e+05 1.846840000000000000e+05 3.199420000000000000e+05 9.856540000000000000e+05 1.544824000000000000e+06 2.814787000000000000e+06 7.772996000000000000e+06 1.052300400000000000e+07
5.500000000000000000e+03 2.043000000000000000e+03 3.250000000000000000e+03 2.833000000000000000e+03 3.843000000000000000e+03 9.379000000000000000e+03 1.404000000000000000e+04 2.317000000000000000e+04 5.143500000000000000e+04 5.768900000000000000e+04 8.042000000000000000e+04 1.544630000000000000e+05 1.852260000000000000e+05 2.659270000000000000e+05 8.315890000000000000e+05 1.367451000000000000e+06 2.417618000000000000e+06 6.621664000000000000e+06 7.629748000000000000e+06
5.017000000000000000e+03 2.467000000000000000e+03 4.514000000000000000e+03 4.690000000000000000e+03 6.902000000000000000e+03 1.541900000000000000e+04 2.278300000000000000e+04 3.715100000000000000e+04 7.758000000000000000e+04 9.346200000000000000e+04 1.510710000000000000e+05 3.320990000000000000e+05 4.001590000000000000e+05 7.085140000000000000e+05 1.997808000000000000e+06 3.020627000000000000e+06 5.959487000000000000e+06 1.659180700000000000e+07 1.955039500000000000e+07
5.396000000000000000e+03 2.747000000000000000e+03 3.787000000000000000e+03 2.893000000000000000e+03 3.824000000000000000e+03 9.170000000000000000e+03 1.369600000000000000e+04 2.302800000000000000e+04 5.271300000000000000e+04 6.196700000000000000e+04 8.865200000000000000e+04 1.522880000000000000e+05 1.825140000000000000e+05 2.796050000000000000e+05 7.812470000000000000e+05 1.227016000000000000e+06 2.033631000000000000e+06 6.004317000000000000e+06 7.007291000000000000e+06
2.440000000000000000e+02 1.280000000000000000e+02 2.560000000000000000e+02 3.050000000000000000e+02 5.490000000000000000e+02 1.158000000000000000e+03 1.470000000000000000e+03 2.629000000000000000e+03 5.827000000000000000e+03 5.727000000000000000e+03 6.212000000000000000e+03 1.082300000000000000e+04 1.626500000000000000e+04 2.207300000000000000e+04 6.214500000000000000e+04 8.366800000000000000e+04 1.314880000000000000e+05 4.408280000000000000e+05 5.156450000000000000e+05
4.277000000000000000e+03 3.203000000000000000e+03 5.508000000000000000e+03 5.604000000000000000e+03 8.109000000000000000e+03 1.898200000000000000e+04 2.572000000000000000e+04 4.218900000000000000e+04 9.327400000000000000e+04 1.059640000000000000e+05 1.673750000000000000e+05 3.236440000000000000e+05 4.036640000000000000e+05 7.799180000000000000e+05 2.178743000000000000e+06 3.558222000000000000e+06 6.820646000000000000e+06 1.817699800000000000e+07 2.218573100000000000e+07
5.253000000000000000e+03 3.081000000000000000e+03 4.812000000000000000e+03 4.895000000000000000e+03 7.230000000000000000e+03 1.622500000000000000e+04 2.371900000000000000e+04 3.708000000000000000e+04 8.013100000000000000e+04 9.160500000000000000e+04 1.417780000000000000e+05 2.792010000000000000e+05 3.449290000000000000e+05 6.692480000000000000e+05 1.954169000000000000e+06 3.122523000000000000e+06 5.987880000000000000e+06 1.553325100000000000e+07 1.921383500000000000e+07
