# {'chrom': '1', 'window_id': '6', 'statistic': 'H2', 'bounds': [144000000, 165000000], 'span': 21000000, 'n_sites': 9493276, 'coverage': 45.21, 'right_discontinuous': False, 'rows': "{0: 'Altai', 1: 'Chagyrskaya', 2: 'Denisova', 3: 'French-1', 4: 'Han-1', 5: 'Khomani_San-2', 6: 'Papuan-2', 7: 'Vindija', 8: 'Yoruba-1', 9: 'Yoruba-3'}"}
3.080000000000000000e+02 1.810000000000000000e+02 4.130000000000000000e+02 3.620000000000000000e+02 4.290000000000000000e+02 9.150000000000000000e+02 1.429000000000000000e+03 1.890000000000000000e+03 4.545000000000000000e+03 3.941000000000000000e+03 5.809000000000000000e+03 9.108000000000000000e+03 7.988000000000000000e+03 1.378800000000000000e+04 5.041000000000000000e+04 4.125000000000000000e+04 7.473100000000000000e+04 3.137700000000000000e+05 5.195720000000000000e+05
3.410000000000000000e+02 1.780000000000000000e+02 4.460000000000000000e+02 4.350000000000000000e+02 7.550000000000000000e+02 2.118000000000000000e+03 2.240000000000000000e+03 4.165000000000000000e+03 6.893000000000000000e+03 7.077000000000000000e+03 1.261400000000000000e+04 1.515200000000000000e+04 1.355600000000000000e+04 2.106500000000000000e+04 6.996700000000000000e+04 6.346100000000000000e+04 1.399130000000000000e+05 3.995630000000000000e+05 8.169320000000000000e+05
1.370000000000000000e+02 1.190000000000000000e+02 1.830000000000000000e+02 1.760000000000000000e+02 2.790000000000000000e+02 6.600000000000000000e+02 8.630000000000000000e+02 1.329000000000000000e+03 2.884000000000000000e+03 3.148000000000000000e+03 4.349000000000000000e+03 6.702000000000000000e+03 9.400000000000000000e+03 1.658800000000000000e+04 4.312700000000000000e+04 6.273100000000000000e+04 1.434590000000000000e+05 3.579760000000000000e+05 7.569900000000000000e+05
3.902000000000000000e+03 1.491000000000000000e+03 2.082000000000000000e+03 1.765000000000000000e+03 2.225000000000000000e+03 6.127000000000000000e+03 9.891000000000000000e+03 1.526000000000000000e+04 2.427600000000000000e+04 3.317200000000000000e+04 4.251100000000000000e+04 9.514800000000000000e+04 9.266500000000000000e+04 1.572080000000000000e+05 3.937110000000000000e+05 5.673280000000000000e+05 1.195061000000000000e+06 3.785632000000000000e+06 8.032829000000000000e+06
4.283000000000000000e+03 1.297000000000000000e+03 1.883000000000000000e+03 1.986000000000000000e+03 2.706000000000000000e+03 7.388000000000000000e+03 1.282100000000000000e+04 1.754900000000000000e+04 3.153500000000000000e+04 3.553300000000000000e+04 4.696900000000000000e+04 8.444700000000000000e+04 1.191050000000000000e+05 1.957490000000000000e+05 4.738070000000000000e+05 7.224240000000000000e+05 1.759670000000000000e+06 4.958543000000000000e+06 9.747651000000000000e+06
3.277000000000000000e+03 1.994000000000000000e+03 3.201000000000000000e+03 3.428000000000000000e+03 4.659000000000000000e+03 1.159800000000000000e+04 1.773300000000000000e+04 2.562800000000000000e+04 4.248300000000000000e+04 4.879500000000000000e+04 7.736800000000000000e+04 1.687150000000000000e+05 2.292680000000000000e+05 3.001670000000000000e+05 8.540780000000000000e+05 1.433016000000000000e+06 3.016934000000000000e+06 9.393454000000000000e+06 1.891893000000000000e+07
2.030000000000000000e+03 1.116000000000000000e+03 1.595000000000000000e+03 1.507000000000000000e+03 2.283000000000000000e+03 5.544000000000000000e+03 7.187000000000000000e+03 1.420700000000000000e+04 2.984400000000000000e+04 3.332400000000000000e+04 4.652100000000000000e+04 8.525300000000000000e+04 9.199500000000000000e+04 1.534400000000000000e+05 4.101120000000000000e+05 4.856700000000000000e+05 8.474210000000000000e+05 3.198298000000000000e+06 6.688036000000000000e+06
1.600000000000000000e+02 2.900000000000000000e+01 1.070000000000000000e+02 2.100000000000000000e+02 3.000000000000000000e+02 9.570000000000000000e+02 1.249000000000000000e+03 1.908000000000000000e+03 4.240000000000000000e+03 3.830000000000000000e+03 5.468000000000000000e+03 1.110000000000000000e+04 1.068000000000000000e+04 1.975100000000000000e+04 3.401400000000000000e+04 4.606600000000000000e+04 1.071090000000000000e+05 3.815040000000000000e+05 6.351270000000000000e+05
5.045000000000000000e+03 1.953000000000000000e+03 3.302000000000000000e+03 3.165000000000000000e+03 4.515000000000000000e+03 1.224500000000000000e+04 1.950300000000000000e+04 2.765700000000000000e+04 5.324700000000000000e+04 6.046300000000000000e+04 9.094700000000000000e+04 1.678070000000000000e+05 2.573200000000000000e+05 4.105700000000000000e+05 1.184545000000000000e+06 1.687807000000000000e+06 3.334661000000000000e+06 1.047536500000000000e+07 2.081714400000000000e+07
4.147000000000000000e+03 1.691000000000000000e+03 2.875000000000000000e+03 3.147000000000000000e+03 3.785000000000000000e+03 9.910000000000000000e+03 1.638500000000000000e+04 2.317300000000000000e+04 4.311100000000000000e+04 5.095600000000000000e+04 7.800100000000000000e+04 1.843480000000000000e+05 2.777320000000000000e+05 3.561860000000000000e+05 9.919330000000000000e+05 1.613642000000000000e+06 2.778784000000000000e+06 8.375028000000000000e+06 1.737823500000000000e+07
