# {'chrom': '1', 'window_id': '8', 'statistic': 'H2', 'bounds': [186000000, 207000000], 'span': 21000000, 'n_sites': 13114274, 'coverage': 62.45, 'right_discontinuous': False, 'rows': "{0: 'Altai', 1: 'Chagyrskaya', 2: 'Denisova', 3: 'French-1', 4: 'Han-1', 5: 'Khomani_San-2', 6: 'Papuan-2', 7: 'Vindija', 8: 'Yoruba-1', 9: 'Yoruba-3'}"}
2.377000000000000000e+03 5.990000000000000000e+02 8.620000000000000000e+02 7.160000000000000000e+02 1.079000000000000000e+03 3.930000000000000000e+03 5.267000000000000000e+03 9.116000000000000000e+03 1.571700000000000000e+04 1.617800000000000000e+04 2.196000000000000000e+04 4.683100000000000000e+04 5.515900000000000000e+04 6.928800000000000000e+04 1.329200000000000000e+05 3.764070000000000000e+05 6.717530000000000000e+05 1.687160000000000000e+06 1.445574000000000000e+06
1.110000000000000000e+02 1.090000000000000000e+02 2.180000000000000000e+02 2.360000000000000000e+02 3.180000000000000000e+02 8.950000000000000000e+02 1.245000000000000000e+03 2.011000000000000000e+03 4.279000000000000000e+03 5.290000000000000000e+03 9.595000000000000000e+03 1.589100000000000000e+04 1.649100000000000000e+04 2.346500000000000000e+04 6.899300000000000000e+04 1.285940000000000000e+05 2.498050000000000000e+05 5.789720000000000000e+05 7.909330000000000000e+05
2.710000000000000000e+02 1.610000000000000000e+02 5.030000000000000000e+02 5.450000000000000000e+02 8.960000000000000000e+02 2.342000000000000000e+03 3.363000000000000000e+03 4.546000000000000000e+03 9.395000000000000000e+03 8.475000000000000000e+03 1.283700000000000000e+04 1.865600000000000000e+04 2.420900000000000000e+04 4.438300000000000000e+04 1.190310000000000000e+05 1.932830000000000000e+05 3.938740000000000000e+05 1.119752000000000000e+06 1.430682000000000000e+06
8.531000000000000000e+03 2.923000000000000000e+03 4.251000000000000000e+03 4.062000000000000000e+03 5.366000000000000000e+03 1.387000000000000000e+04 2.238800000000000000e+04 3.651600000000000000e+04 7.967200000000000000e+04 9.197800000000000000e+04 1.520440000000000000e+05 2.913240000000000000e+05 3.330330000000000000e+05 4.742240000000000000e+05 1.446817000000000000e+06 2.873629000000000000e+06 5.035366000000000000e+06 1.311730600000000000e+07 1.856428500000000000e+07
6.126000000000000000e+03 1.782000000000000000e+03 2.613000000000000000e+03 2.180000000000000000e+03 3.387000000000000000e+03 1.095500000000000000e+04 1.275500000000000000e+04 2.204600000000000000e+04 4.447400000000000000e+04 5.578600000000000000e+04 7.964600000000000000e+04 1.352610000000000000e+05 1.484530000000000000e+05 2.533910000000000000e+05 7.439810000000000000e+05 1.237882000000000000e+06 2.650719000000000000e+06 7.577996000000000000e+06 1.197217200000000000e+07
7.598000000000000000e+03 2.771000000000000000e+03 4.730000000000000000e+03 4.780000000000000000e+03 6.206000000000000000e+03 1.780600000000000000e+04 2.455300000000000000e+04 3.813600000000000000e+04 7.873400000000000000e+04 9.470100000000000000e+04 1.458500000000000000e+05 3.682410000000000000e+05 4.532960000000000000e+05 6.273970000000000000e+05 1.808882000000000000e+06 3.685980000000000000e+06 6.348711000000000000e+06 1.856734900000000000e+07 2.619766300000000000e+07
6.502000000000000000e+03 2.677000000000000000e+03 4.371000000000000000e+03 4.103000000000000000e+03 5.306000000000000000e+03 1.431500000000000000e+04 2.218100000000000000e+04 3.642800000000000000e+04 7.569100000000000000e+04 9.431400000000000000e+04 1.496650000000000000e+05 3.153730000000000000e+05 3.004980000000000000e+05 4.195610000000000000e+05 1.418781000000000000e+06 2.664882000000000000e+06 4.136362000000000000e+06 1.121565700000000000e+07 1.352012300000000000e+07
5.680000000000000000e+02 4.020000000000000000e+02 7.700000000000000000e+02 9.530000000000000000e+02 1.051000000000000000e+03 2.416000000000000000e+03 3.163000000000000000e+03 4.973000000000000000e+03 1.053400000000000000e+04 9.816000000000000000e+03 1.339200000000000000e+04 2.411100000000000000e+04 2.033700000000000000e+04 2.042800000000000000e+04 7.804400000000000000e+04 1.942540000000000000e+05 3.202210000000000000e+05 5.718830000000000000e+05 5.805230000000000000e+05
1.172900000000000000e+04 4.948000000000000000e+03 6.894000000000000000e+03 5.143000000000000000e+03 6.900000000000000000e+03 1.959100000000000000e+04 3.153500000000000000e+04 5.237100000000000000e+04 1.019640000000000000e+05 1.214090000000000000e+05 1.813510000000000000e+05 4.433260000000000000e+05 5.572180000000000000e+05 8.023060000000000000e+05 2.118481000000000000e+06 4.463523000000000000e+06 7.797568000000000000e+06 2.173207000000000000e+07 2.700302400000000000e+07
1.367900000000000000e+04 4.469000000000000000e+03 7.171000000000000000e+03 6.370000000000000000e+03 8.002000000000000000e+03 2.240000000000000000e+04 3.177100000000000000e+04 5.083600000000000000e+04 1.107860000000000000e+05 1.372380000000000000e+05 2.022480000000000000e+05 5.039480000000000000e+05 6.540210000000000000e+05 9.264880000000000000e+05 2.836671000000000000e+06 5.239207000000000000e+06 9.608871000000000000e+06 2.611391100000000000e+07 3.131277200000000000e+07
