# {'chrom': '1', 'window_id': '1', 'statistic': 'H2', 'bounds': [20000000, 40000000], 'span': 20000000, 'n_sites': 11718352, 'coverage': 58.59, 'right_discontinuous': False, 'rows': "{0: 'Altai', 1: 'Chagyrskaya', 2: 'Denisova', 3: 'French-1', 4: 'Han-1', 5: 'Khomani_San-2', 6: 'Papuan-2', 7: 'Vindija', 8: 'Yoruba-1', 9: 'Yoruba-3'}"}
2.220000000000000000e+02 1.830000000000000000e+02 3.540000000000000000e+02 4.980000000000000000e+02 8.590000000000000000e+02 2.059000000000000000e+03 3.092000000000000000e+03 4.111000000000000000e+03 1.003300000000000000e+04 1.199500000000000000e+04 1.256000000000000000e+04 1.850000000000000000e+04 3.302900000000000000e+04 4.672800000000000000e+04 1.286150000000000000e+05 1.492620000000000000e+05 2.502120000000000000e+05 1.016270000000000000e+06 1.568109000000000000e+06
2.330000000000000000e+02 1.700000000000000000e+02 3.030000000000000000e+02 3.930000000000000000e+02 7.070000000000000000e+02 1.655000000000000000e+03 2.536000000000000000e+03 3.249000000000000000e+03 8.299000000000000000e+03 9.192000000000000000e+03 7.407000000000000000e+03 1.185500000000000000e+04 1.161600000000000000e+04 2.207800000000000000e+04 6.616000000000000000e+04 1.108650000000000000e+05 1.747250000000000000e+05 5.949920000000000000e+05 8.960900000000000000e+05
1.620000000000000000e+02 1.670000000000000000e+02 3.540000000000000000e+02 4.900000000000000000e+02 7.740000000000000000e+02 2.178000000000000000e+03 2.558000000000000000e+03 3.018000000000000000e+03 5.632000000000000000e+03 7.245000000000000000e+03 8.342000000000000000e+03 1.322600000000000000e+04 1.605100000000000000e+04 2.453200000000000000e+04 5.852700000000000000e+04 9.124900000000000000e+04 2.580560000000000000e+05 6.722190000000000000e+05 1.211502000000000000e+06
1.011000000000000000e+03 7.450000000000000000e+02 1.503000000000000000e+03 1.785000000000000000e+03 2.810000000000000000e+03 6.582000000000000000e+03 9.696000000000000000e+03 1.546900000000000000e+04 3.431900000000000000e+04 3.656700000000000000e+04 4.449700000000000000e+04 9.659400000000000000e+04 1.192380000000000000e+05 2.344110000000000000e+05 6.298350000000000000e+05 1.038001000000000000e+06 2.323971000000000000e+06 7.122370000000000000e+06 1.332559800000000000e+07
1.874000000000000000e+03 1.394000000000000000e+03 1.777000000000000000e+03 1.568000000000000000e+03 2.351000000000000000e+03 5.936000000000000000e+03 8.394000000000000000e+03 1.381000000000000000e+04 3.411500000000000000e+04 3.938900000000000000e+04 5.016000000000000000e+04 8.662700000000000000e+04 1.183770000000000000e+05 2.054190000000000000e+05 5.144000000000000000e+05 9.367440000000000000e+05 1.908440000000000000e+06 6.352083000000000000e+06 1.256378000000000000e+07
1.234000000000000000e+03 9.310000000000000000e+02 1.971000000000000000e+03 2.466000000000000000e+03 4.207000000000000000e+03 9.193000000000000000e+03 1.309200000000000000e+04 2.063600000000000000e+04 4.556700000000000000e+04 5.173300000000000000e+04 6.896000000000000000e+04 1.458980000000000000e+05 1.939120000000000000e+05 3.744860000000000000e+05 1.158123000000000000e+06 1.897504000000000000e+06 3.845033000000000000e+06 1.310896200000000000e+07 2.571916500000000000e+07
1.275000000000000000e+03 8.980000000000000000e+02 1.592000000000000000e+03 1.780000000000000000e+03 2.926000000000000000e+03 6.986000000000000000e+03 1.016100000000000000e+04 1.752900000000000000e+04 3.878300000000000000e+04 4.865900000000000000e+04 5.799700000000000000e+04 1.032320000000000000e+05 9.557500000000000000e+04 1.930670000000000000e+05 5.220720000000000000e+05 8.997340000000000000e+05 1.943790000000000000e+06 5.832934000000000000e+06 1.142830700000000000e+07
2.570000000000000000e+02 1.420000000000000000e+02 3.640000000000000000e+02 4.410000000000000000e+02 6.760000000000000000e+02 9.380000000000000000e+02 1.236000000000000000e+03 1.632000000000000000e+03 4.034000000000000000e+03 3.067000000000000000e+03 4.289000000000000000e+03 6.247000000000000000e+03 8.630000000000000000e+03 1.329200000000000000e+04 3.917200000000000000e+04 6.181700000000000000e+04 1.311280000000000000e+05 4.334280000000000000e+05 8.717320000000000000e+05
7.940000000000000000e+02 6.810000000000000000e+02 1.712000000000000000e+03 2.210000000000000000e+03 3.557000000000000000e+03 8.933000000000000000e+03 1.203000000000000000e+04 2.006700000000000000e+04 4.259700000000000000e+04 4.636500000000000000e+04 6.153700000000000000e+04 1.326810000000000000e+05 1.657610000000000000e+05 3.309720000000000000e+05 9.972650000000000000e+05 1.753267000000000000e+06 3.485737000000000000e+06 1.130134400000000000e+07 2.223056000000000000e+07
2.573000000000000000e+03 1.776000000000000000e+03 2.477000000000000000e+03 2.743000000000000000e+03 4.625000000000000000e+03 1.182800000000000000e+04 1.575900000000000000e+04 2.444500000000000000e+04 5.522300000000000000e+04 6.282200000000000000e+04 8.175200000000000000e+04 1.824180000000000000e+05 2.361350000000000000e+05 4.502700000000000000e+05 1.286242000000000000e+06 2.197027000000000000e+06 4.701164000000000000e+06 1.503283100000000000e+07 2.893376500000000000e+07
