# {'chrom': '1', 'window_id': '4', 'statistic': 'H2', 'bounds': [80000000, 100000000], 'span': 20000000, 'n_sites': 12749594, 'coverage': 63.75, 'right_discontinuous': False, 'rows': "{0: 'Altai', 1: 'Chagyrskaya', 2: 'Denisova', 3: 'French-1', 4: 'Han-1', 5: 'Khomani_San-2', 6: 'Papuan-2', 7: 'Vindija', 8: 'Yoruba-1', 9: 'Yoruba-3'}"}
3.600000000000000000e+02 2.400000000000000000e+02 4.880000000000000000e+02 5.890000000000000000e+02 9.930000000000000000e+02 2.387000000000000000e+03 3.629000000000000000e+03 5.957000000000000000e+03 1.547400000000000000e+04 1.807100000000000000e+04 2.030300000000000000e+04 2.949500000000000000e+04 2.543000000000000000e+04 3.968100000000000000e+04 1.113400000000000000e+05 1.754610000000000000e+05 2.667960000000000000e+05 9.543370000000000000e+05 1.548417000000000000e+06
1.210000000000000000e+02 1.320000000000000000e+02 3.440000000000000000e+02 4.270000000000000000e+02 4.950000000000000000e+02 1.152000000000000000e+03 1.316000000000000000e+03 1.732000000000000000e+03 6.158000000000000000e+03 6.734000000000000000e+03 7.918000000000000000e+03 7.570000000000000000e+03 8.482000000000000000e+03 1.973100000000000000e+04 5.152400000000000000e+04 8.336400000000000000e+04 1.436390000000000000e+05 5.938910000000000000e+05 1.171105000000000000e+06
1.280000000000000000e+02 9.600000000000000000e+01 2.590000000000000000e+02 3.180000000000000000e+02 5.550000000000000000e+02 1.213000000000000000e+03 1.685000000000000000e+03 2.928000000000000000e+03 5.998000000000000000e+03 6.201000000000000000e+03 8.146000000000000000e+03 1.647500000000000000e+04 2.183700000000000000e+04 2.640600000000000000e+04 6.628900000000000000e+04 1.276030000000000000e+05 2.647200000000000000e+05 8.288270000000000000e+05 1.830206000000000000e+06
3.833000000000000000e+03 2.132000000000000000e+03 3.684000000000000000e+03 3.695000000000000000e+03 5.044000000000000000e+03 1.152500000000000000e+04 2.073300000000000000e+04 3.243000000000000000e+04 7.474400000000000000e+04 8.832000000000000000e+04 1.086450000000000000e+05 2.427450000000000000e+05 3.283900000000000000e+05 6.099330000000000000e+05 1.339959000000000000e+06 2.588741000000000000e+06 4.631857000000000000e+06 1.526317100000000000e+07 2.799836600000000000e+07
3.763000000000000000e+03 1.117000000000000000e+03 2.451000000000000000e+03 2.892000000000000000e+03 4.053000000000000000e+03 9.918000000000000000e+03 1.481000000000000000e+04 2.429500000000000000e+04 5.555400000000000000e+04 6.497900000000000000e+04 8.328400000000000000e+04 1.610930000000000000e+05 2.046640000000000000e+05 3.788460000000000000e+05 9.404780000000000000e+05 1.607750000000000000e+06 2.456563000000000000e+06 8.788088000000000000e+06 1.795973500000000000e+07
2.405000000000000000e+03 1.794000000000000000e+03 4.046000000000000000e+03 4.510000000000000000e+03 6.258000000000000000e+03 1.432400000000000000e+04 2.121900000000000000e+04 3.324000000000000000e+04 7.786500000000000000e+04 8.897200000000000000e+04 1.089550000000000000e+05 2.444380000000000000e+05 2.953370000000000000e+05 5.878480000000000000e+05 1.836990000000000000e+06 2.984920000000000000e+06 5.855490000000000000e+06 1.875532400000000000e+07 3.735628200000000000e+07
4.023000000000000000e+03 1.331000000000000000e+03 3.007000000000000000e+03 3.033000000000000000e+03 4.464000000000000000e+03 1.062700000000000000e+04 1.614800000000000000e+04 2.921800000000000000e+04 6.949600000000000000e+04 8.123000000000000000e+04 1.033220000000000000e+05 1.989850000000000000e+05 2.313820000000000000e+05 4.308940000000000000e+05 1.159874000000000000e+06 2.091329000000000000e+06 3.760863000000000000e+06 1.233925300000000000e+07 2.321719900000000000e+07
1.790000000000000000e+02 1.990000000000000000e+02 5.730000000000000000e+02 6.750000000000000000e+02 9.640000000000000000e+02 2.501000000000000000e+03 3.454000000000000000e+03 5.731000000000000000e+03 1.384500000000000000e+04 1.633900000000000000e+04 1.449700000000000000e+04 2.760100000000000000e+04 1.939500000000000000e+04 2.787200000000000000e+04 7.306200000000000000e+04 1.746090000000000000e+05 2.487520000000000000e+05 8.148050000000000000e+05 1.570940000000000000e+06
2.689000000000000000e+03 2.069000000000000000e+03 4.009000000000000000e+03 4.206000000000000000e+03 5.686000000000000000e+03 1.293300000000000000e+04 1.950900000000000000e+04 3.291300000000000000e+04 7.780800000000000000e+04 9.090000000000000000e+04 1.093140000000000000e+05 2.467530000000000000e+05 2.930900000000000000e+05 6.304620000000000000e+05 1.632354000000000000e+06 2.961241000000000000e+06 5.581791000000000000e+06 1.939035300000000000e+07 3.824238600000000000e+07
4.568000000000000000e+03 1.882000000000000000e+03 4.043000000000000000e+03 4.371000000000000000e+03 5.723000000000000000e+03 1.319300000000000000e+04 2.103900000000000000e+04 3.550100000000000000e+04 8.422800000000000000e+04 1.000300000000000000e+05 1.271120000000000000e+05 2.652040000000000000e+05 3.344390000000000000e+05 7.201460000000000000e+05 1.916533000000000000e+06 3.500010000000000000e+06 5.944606000000000000e+06 2.080474500000000000e+07 3.786030100000000000e+07
