# {'chrom': '1', 'window_id': '0', 'statistic': 'H2', 'bounds': [0, 20000000], 'span': 20000000, 'n_sites': 10949543, 'coverage': 54.75, 'right_discontinuous': False, 'rows': "{0: 'Altai', 1: 'Chagyrskaya', 2: 'Denisova', 3: 'French-1', 4: 'Han-1', 5: 'Khomani_San-2', 6: 'Papuan-2', 7: 'Vindija', 8: 'Yoruba-1', 9: 'Yoruba-3'}"}
1.552000000000000000e+03 1.600000000000000000e+02 3.730000000000000000e+02 5.340000000000000000e+02 7.820000000000000000e+02 2.033000000000000000e+03 2.965000000000000000e+03 4.516000000000000000e+03 9.972000000000000000e+03 1.116700000000000000e+04 1.296600000000000000e+04 1.695100000000000000e+04 1.593300000000000000e+04 3.969900000000000000e+04 1.047700000000000000e+05 1.420530000000000000e+05 1.944540000000000000e+05 6.995230000000000000e+05 1.234738000000000000e+06
7.980000000000000000e+02 2.700000000000000000e+01 9.400000000000000000e+01 2.300000000000000000e+02 4.620000000000000000e+02 1.143000000000000000e+03 1.483000000000000000e+03 2.471000000000000000e+03 5.457000000000000000e+03 6.349000000000000000e+03 6.124000000000000000e+03 8.204000000000000000e+03 8.713000000000000000e+03 1.125500000000000000e+04 3.765000000000000000e+04 7.570400000000000000e+04 1.020520000000000000e+05 3.538550000000000000e+05 6.426760000000000000e+05
1.660000000000000000e+02 5.800000000000000000e+01 1.880000000000000000e+02 3.640000000000000000e+02 5.070000000000000000e+02 1.165000000000000000e+03 1.521000000000000000e+03 2.568000000000000000e+03 5.454000000000000000e+03 6.414000000000000000e+03 8.018000000000000000e+03 1.465100000000000000e+04 1.500700000000000000e+04 3.003700000000000000e+04 8.488000000000000000e+04 1.163410000000000000e+05 1.597500000000000000e+05 5.872980000000000000e+05 1.183058000000000000e+06
1.113800000000000000e+04 6.730000000000000000e+02 1.574000000000000000e+03 1.813000000000000000e+03 2.876000000000000000e+03 7.277000000000000000e+03 1.060300000000000000e+04 1.842900000000000000e+04 4.029700000000000000e+04 4.790800000000000000e+04 6.139900000000000000e+04 1.231920000000000000e+05 1.242100000000000000e+05 2.122840000000000000e+05 6.370000000000000000e+05 1.029885000000000000e+06 1.965691000000000000e+06 6.530229000000000000e+06 1.294559900000000000e+07
2.096000000000000000e+03 9.020000000000000000e+02 1.526000000000000000e+03 1.654000000000000000e+03 2.783000000000000000e+03 7.873000000000000000e+03 1.089400000000000000e+04 1.766700000000000000e+04 4.014400000000000000e+04 4.479400000000000000e+04 6.196700000000000000e+04 1.283010000000000000e+05 1.294370000000000000e+05 2.479000000000000000e+05 7.425560000000000000e+05 1.115853000000000000e+06 2.125090000000000000e+06 7.005701000000000000e+06 1.321805900000000000e+07
1.873900000000000000e+04 5.790000000000000000e+02 1.304000000000000000e+03 1.632000000000000000e+03 2.848000000000000000e+03 8.046000000000000000e+03 1.149500000000000000e+04 2.055800000000000000e+04 4.427500000000000000e+04 5.201300000000000000e+04 7.378100000000000000e+04 1.551460000000000000e+05 2.060840000000000000e+05 3.536930000000000000e+05 1.045254000000000000e+06 1.561713000000000000e+06 3.208377000000000000e+06 1.017838600000000000e+07 1.964140000000000000e+07
3.141000000000000000e+03 4.260000000000000000e+02 1.042000000000000000e+03 1.230000000000000000e+03 2.199000000000000000e+03 5.305000000000000000e+03 7.865000000000000000e+03 1.283200000000000000e+04 2.658900000000000000e+04 3.556600000000000000e+04 4.571400000000000000e+04 7.992900000000000000e+04 8.100600000000000000e+04 1.511760000000000000e+05 4.524270000000000000e+05 6.094830000000000000e+05 1.256181000000000000e+06 4.134916000000000000e+06 7.980650000000000000e+06
2.130000000000000000e+02 3.000000000000000000e+01 1.740000000000000000e+02 1.480000000000000000e+02 2.340000000000000000e+02 6.670000000000000000e+02 1.164000000000000000e+03 1.365000000000000000e+03 2.526000000000000000e+03 2.502000000000000000e+03 3.228000000000000000e+03 7.467000000000000000e+03 4.709000000000000000e+03 1.021000000000000000e+04 2.873100000000000000e+04 4.406200000000000000e+04 7.818600000000000000e+04 2.490840000000000000e+05 5.032960000000000000e+05
2.052300000000000000e+04 9.960000000000000000e+02 1.946000000000000000e+03 2.133000000000000000e+03 3.741000000000000000e+03 9.985000000000000000e+03 1.420600000000000000e+04 2.491600000000000000e+04 5.583600000000000000e+04 6.264100000000000000e+04 9.095200000000000000e+04 1.762900000000000000e+05 1.966560000000000000e+05 3.773130000000000000e+05 1.214745000000000000e+06 1.935578000000000000e+06 3.827237000000000000e+06 1.217677300000000000e+07 2.248262500000000000e+07
5.891000000000000000e+03 6.180000000000000000e+02 1.601000000000000000e+03 2.127000000000000000e+03 3.253000000000000000e+03 8.297000000000000000e+03 1.217900000000000000e+04 2.075600000000000000e+04 4.665600000000000000e+04 5.567000000000000000e+04 7.609500000000000000e+04 1.473850000000000000e+05 1.814090000000000000e+05 3.092850000000000000e+05 1.012298000000000000e+06 1.596037000000000000e+06 3.352993000000000000e+06 1.069544300000000000e+07 2.076377100000000000e+07
