# {'chrom': '1', 'window_id': '7', 'statistic': 'H2', 'bounds': [165000000, 186000000], 'span': 21000000, 'n_sites': 13402275, 'coverage': 63.82, 'right_discontinuous': False, 'rows': "{0: 'Altai', 1: 'Chagyrskaya', 2: 'Denisova', 3: 'French-1', 4: 'Han-1', 5: 'Khomani_San-2', 6: 'Papuan-2', 7: 'Vindija', 8: 'Yoruba-1', 9: 'Yoruba-3'}"}
8.700000000000000000e+01 7.300000000000000000e+01 2.220000000000000000e+02 3.050000000000000000e+02 5.280000000000000000e+02 1.240000000000000000e+03 1.464000000000000000e+03 2.461000000000000000e+03 5.433000000000000000e+03 4.785000000000000000e+03 5.499000000000000000e+03 9.815000000000000000e+03 1.014000000000000000e+04 2.134000000000000000e+04 4.648800000000000000e+04 7.778300000000000000e+04 1.623190000000000000e+05 6.590920000000000000e+05 1.749088000000000000e+06
1.970000000000000000e+02 1.590000000000000000e+02 3.390000000000000000e+02 4.190000000000000000e+02 7.880000000000000000e+02 1.675000000000000000e+03 2.263000000000000000e+03 3.283000000000000000e+03 6.792000000000000000e+03 8.610000000000000000e+03 1.119600000000000000e+04 2.097400000000000000e+04 2.863000000000000000e+04 3.202500000000000000e+04 9.233200000000000000e+04 1.073390000000000000e+05 2.210590000000000000e+05 8.730570000000000000e+05 1.622911000000000000e+06
7.600000000000000000e+02 2.600000000000000000e+02 5.610000000000000000e+02 6.020000000000000000e+02 9.760000000000000000e+02 1.938000000000000000e+03 3.231000000000000000e+03 5.002000000000000000e+03 9.362000000000000000e+03 9.777000000000000000e+03 1.500400000000000000e+04 2.420900000000000000e+04 2.205800000000000000e+04 4.077500000000000000e+04 1.028720000000000000e+05 1.606860000000000000e+05 3.540660000000000000e+05 1.255444000000000000e+06 2.574536000000000000e+06
5.770000000000000000e+03 2.616000000000000000e+03 3.430000000000000000e+03 3.251000000000000000e+03 4.873000000000000000e+03 1.175200000000000000e+04 1.919200000000000000e+04 3.438900000000000000e+04 6.873000000000000000e+04 7.754200000000000000e+04 1.241150000000000000e+05 1.972140000000000000e+05 2.805810000000000000e+05 4.244850000000000000e+05 1.168620000000000000e+06 1.850622000000000000e+06 3.868238000000000000e+06 1.482468100000000000e+07 2.952213900000000000e+07
3.706000000000000000e+03 2.518000000000000000e+03 3.427000000000000000e+03 2.808000000000000000e+03 4.333000000000000000e+03 9.794000000000000000e+03 1.380000000000000000e+04 2.630800000000000000e+04 5.531100000000000000e+04 5.432500000000000000e+04 1.016630000000000000e+05 1.704020000000000000e+05 1.749170000000000000e+05 2.526040000000000000e+05 7.849010000000000000e+05 1.289374000000000000e+06 2.284860000000000000e+06 8.647024000000000000e+06 1.713451700000000000e+07
3.146000000000000000e+03 1.951000000000000000e+03 3.094000000000000000e+03 3.623000000000000000e+03 5.630000000000000000e+03 1.277100000000000000e+04 1.828800000000000000e+04 2.887200000000000000e+04 6.648200000000000000e+04 8.012800000000000000e+04 1.132800000000000000e+05 2.281600000000000000e+05 2.787040000000000000e+05 5.609030000000000000e+05 1.633498000000000000e+06 2.477666000000000000e+06 5.660075000000000000e+06 1.854814800000000000e+07 3.628184000000000000e+07
7.807000000000000000e+03 3.061000000000000000e+03 3.780000000000000000e+03 3.095000000000000000e+03 4.316000000000000000e+03 1.220900000000000000e+04 1.761200000000000000e+04 3.528900000000000000e+04 7.646700000000000000e+04 8.623800000000000000e+04 1.365790000000000000e+05 2.294120000000000000e+05 2.377470000000000000e+05 3.629450000000000000e+05 8.555010000000000000e+05 1.498141000000000000e+06 2.247405000000000000e+06 1.142287900000000000e+07 2.229723300000000000e+07
1.850000000000000000e+02 1.370000000000000000e+02 3.590000000000000000e+02 4.540000000000000000e+02 7.880000000000000000e+02 1.388000000000000000e+03 1.845000000000000000e+03 2.708000000000000000e+03 6.394000000000000000e+03 8.647000000000000000e+03 1.207600000000000000e+04 1.737500000000000000e+04 2.298700000000000000e+04 2.957600000000000000e+04 9.056100000000000000e+04 1.497900000000000000e+05 3.021220000000000000e+05 9.533690000000000000e+05 1.914074000000000000e+06
6.000000000000000000e+03 3.363000000000000000e+03 4.852000000000000000e+03 4.664000000000000000e+03 6.880000000000000000e+03 1.630000000000000000e+04 2.537200000000000000e+04 4.414300000000000000e+04 9.116300000000000000e+04 1.006420000000000000e+05 1.721510000000000000e+05 3.229620000000000000e+05 4.098050000000000000e+05 7.600210000000000000e+05 2.152517000000000000e+06 3.548820000000000000e+06 7.354144000000000000e+06 2.588849500000000000e+07 5.358924200000000000e+07
6.268000000000000000e+03 3.527000000000000000e+03 4.910000000000000000e+03 5.708000000000000000e+03 8.253000000000000000e+03 1.978100000000000000e+04 2.914400000000000000e+04 5.224100000000000000e+04 1.098420000000000000e+05 1.352980000000000000e+05 1.940100000000000000e+05 3.546750000000000000e+05 4.471910000000000000e+05 7.821190000000000000e+05 2.073578000000000000e+06 3.695092000000000000e+06 7.483708000000000000e+06 2.769930400000000000e+07 5.824437900000000000e+07
