# {'chrom': '1', 'window_id': '3', 'statistic': 'H2', 'bounds': [60000000, 80000000], 'span': 20000000, 'n_sites': 12975946, 'coverage': 64.88, 'right_discontinuous': False, 'rows': "{0: 'Altai', 1: 'Chagyrskaya', 2: 'Denisova', 3: 'French-1', 4: 'Han-1', 5: 'Khomani_San-2', 6: 'Papuan-2', 7: 'Vindija', 8: 'Yoruba-1', 9: 'Yoruba-3'}"}
4.760000000000000000e+02 3.220000000000000000e+02 4.650000000000000000e+02 4.680000000000000000e+02 7.770000000000000000e+02 2.684000000000000000e+03 2.933000000000000000e+03 4.160000000000000000e+03 9.822000000000000000e+03 9.205000000000000000e+03 1.106300000000000000e+04 2.927700000000000000e+04 2.463900000000000000e+04 3.708600000000000000e+04 9.357900000000000000e+04 1.012020000000000000e+05 9.555400000000000000e+04 7.119320000000000000e+05 1.259060000000000000e+06
3.900000000000000000e+01 3.400000000000000000e+01 1.290000000000000000e+02 1.920000000000000000e+02 3.410000000000000000e+02 8.440000000000000000e+02 1.157000000000000000e+03 1.877000000000000000e+03 4.184000000000000000e+03 3.992000000000000000e+03 6.655000000000000000e+03 9.985000000000000000e+03 9.617000000000000000e+03 1.523200000000000000e+04 3.056600000000000000e+04 4.703700000000000000e+04 9.449300000000000000e+04 2.754660000000000000e+05 5.709900000000000000e+05
3.810000000000000000e+02 2.790000000000000000e+02 5.130000000000000000e+02 5.120000000000000000e+02 6.280000000000000000e+02 1.354000000000000000e+03 2.018000000000000000e+03 3.269000000000000000e+03 7.675000000000000000e+03 6.921000000000000000e+03 8.065000000000000000e+03 1.866000000000000000e+04 2.330200000000000000e+04 4.824100000000000000e+04 1.011860000000000000e+05 1.616670000000000000e+05 2.905280000000000000e+05 9.233870000000000000e+05 1.720351000000000000e+06
3.061000000000000000e+03 2.211000000000000000e+03 3.476000000000000000e+03 3.018000000000000000e+03 4.257000000000000000e+03 9.871000000000000000e+03 1.581100000000000000e+04 2.861000000000000000e+04 6.340800000000000000e+04 7.240500000000000000e+04 9.156300000000000000e+04 1.524170000000000000e+05 1.351600000000000000e+05 3.763720000000000000e+05 1.184264000000000000e+06 1.879561000000000000e+06 3.464552000000000000e+06 1.179051300000000000e+07 2.177280000000000000e+07
3.323000000000000000e+03 2.563000000000000000e+03 3.721000000000000000e+03 3.684000000000000000e+03 5.040000000000000000e+03 1.253000000000000000e+04 1.769500000000000000e+04 3.008600000000000000e+04 6.831400000000000000e+04 7.581400000000000000e+04 1.022540000000000000e+05 1.949420000000000000e+05 2.049000000000000000e+05 3.766330000000000000e+05 1.335390000000000000e+06 2.184121000000000000e+06 3.959997000000000000e+06 1.215994800000000000e+07 2.274771000000000000e+07
4.214000000000000000e+03 2.694000000000000000e+03 4.486000000000000000e+03 4.544000000000000000e+03 6.308000000000000000e+03 1.532500000000000000e+04 2.350200000000000000e+04 3.534400000000000000e+04 8.213300000000000000e+04 8.599500000000000000e+04 1.191980000000000000e+05 2.745310000000000000e+05 3.557960000000000000e+05 7.884220000000000000e+05 2.080653000000000000e+06 3.514558000000000000e+06 7.233183000000000000e+06 2.315307000000000000e+07 4.175355700000000000e+07
1.083000000000000000e+03 8.480000000000000000e+02 1.926000000000000000e+03 2.162000000000000000e+03 2.954000000000000000e+03 7.255000000000000000e+03 9.605000000000000000e+03 1.625500000000000000e+04 3.344000000000000000e+04 3.297600000000000000e+04 4.968500000000000000e+04 9.610300000000000000e+04 1.008580000000000000e+05 2.501230000000000000e+05 5.720670000000000000e+05 1.030453000000000000e+06 2.130963000000000000e+06 6.726341000000000000e+06 1.407999200000000000e+07
3.530000000000000000e+02 3.440000000000000000e+02 4.840000000000000000e+02 3.200000000000000000e+02 4.430000000000000000e+02 1.072000000000000000e+03 1.423000000000000000e+03 2.621000000000000000e+03 5.356000000000000000e+03 6.110000000000000000e+03 5.708000000000000000e+03 8.593000000000000000e+03 1.106100000000000000e+04 2.425200000000000000e+04 6.443900000000000000e+04 9.674400000000000000e+04 1.860300000000000000e+05 6.762640000000000000e+05 1.073208000000000000e+06
3.678000000000000000e+03 2.497000000000000000e+03 4.604000000000000000e+03 4.568000000000000000e+03 6.284000000000000000e+03 1.578800000000000000e+04 2.352100000000000000e+04 3.946800000000000000e+04 9.278300000000000000e+04 1.003810000000000000e+05 1.323330000000000000e+05 2.739890000000000000e+05 3.619900000000000000e+05 7.123720000000000000e+05 2.128915000000000000e+06 3.653206000000000000e+06 6.964278000000000000e+06 2.212287400000000000e+07 3.963074200000000000e+07
4.318000000000000000e+03 3.206000000000000000e+03 5.034000000000000000e+03 4.625000000000000000e+03 6.464000000000000000e+03 1.445600000000000000e+04 2.171100000000000000e+04 3.467800000000000000e+04 7.600900000000000000e+04 7.930700000000000000e+04 1.122940000000000000e+05 2.494910000000000000e+05 3.326050000000000000e+05 6.797110000000000000e+05 1.872595000000000000e+06 3.450825000000000000e+06 6.859231000000000000e+06 2.255090700000000000e+07 4.187500200000000000e+07
