# 'name' : 'rogers_a02_b02_d05_g03'
# 'source' : 'rogers_a02_b02_d05_g03.yaml'
# 'sample_pops' : ['X', 'Y', 'D', 'N']
# 'sample_size' : 1
# 'n_reps' : 100
# 'n_windows' : 200
# 'seq_length' : 100000000.0
# 'window_length' : 500000.0
# 'recomb_rate' : 1e-08
# 'mut_rate' : 1e-08
# 'created' : None
0.000000000000000000e+00 0.000000000000000000e+00 0.000000000000000000e+00 0.000000000000000000e+00 3.219924156639497148e-04 0.000000000000000000e+00 0.000000000000000000e+00 0.000000000000000000e+00 7.911912182345282214e-04 7.989734937117080405e-04 0.000000000000000000e+00 0.000000000000000000e+00 8.545753656686586519e-04 8.535943129388831943e-04 1.206582203951081923e-04 0.000000000000000000e+00
0.000000000000000000e+00 0.000000000000000000e+00 0.000000000000000000e+00 0.000000000000000000e+00 3.235591258599015041e-04 0.000000000000000000e+00 0.000000000000000000e+00 0.000000000000000000e+00 7.836292372286004669e-04 7.988938847844971429e-04 0.000000000000000000e+00 0.000000000000000000e+00 8.394288250848219984e-04 8.484558508906070180e-04 1.257467378144502812e-04 0.000000000000000000e+00
0.000000000000000000e+00 0.000000000000000000e+00 0.000000000000000000e+00 0.000000000000000000e+00 3.289893055758680122e-04 0.000000000000000000e+00 0.000000000000000000e+00 0.000000000000000000e+00 7.887421056344197682e-04 7.879409286039744170e-04 0.000000000000000000e+00 0.000000000000000000e+00 8.489651486466519813e-04 8.408824522422904272e-04 1.282423591919681167e-04 0.000000000000000000e+00
0.000000000000000000e+00 0.000000000000000000e+00 0.000000000000000000e+00 0.000000000000000000e+00 3.326901246264987516e-04 0.000000000000000000e+00 0.000000000000000000e+00 0.000000000000000000e+00 7.900371028408198970e-04 7.913362562562893145e-04 0.000000000000000000e+00 0.000000000000000000e+00 8.682155498197023343e-04 8.625734905966097200e-04 1.310103203185072136e-04 0.000000000000000000e+00
0.000000000000000000e+00 0.000000000000000000e+00 0.000000000000000000e+00 0.000000000000000000e+00 3.207918959282720674e-04 0.000000000000000000e+00 0.000000000000000000e+00 0.000000000000000000e+00 8.087083912173462751e-04 8.119773659977316555e-04 0.000000000000000000e+00 0.000000000000000000e+00 8.732827587882208056e-04 8.739383967697590769e-04 1.226238380812434367e-04 0.000000000000000000e+00
0.000000000000000000e+00 0.000000000000000000e+00 0.000000000000000000e+00 0.000000000000000000e+00 3.243245040798704219e-04 0.000000000000000000e+00 0.000000000000000000e+00 0.000000000000000000e+00 7.834544180651627264e-04 7.895924297084237764e-04 0.000000000000000000e+00 0.000000000000000000e+00 8.528884006554095622e-04 8.503938609415011025e-04 1.303331642571042023e-04 0.000000000000000000e+00
0.000000000000000000e+00 0.000000000000000000e+00 0.000000000000000000e+00 0.000000000000000000e+00 3.237804636885009192e-04 0.000000000000000000e+00 0.000000000000000000e+00 0.000000000000000000e+00 7.717237786303010605e-04 7.785776796494514335e-04 0.000000000000000000e+00 0.000000000000000000e+00 8.460391481023119171e-04 8.496622376791938694e-04 1.325518220177704333e-04 0.000000000000000000e+00
0.000000000000000000e+00 0.000000000000000000e+00 0.000000000000000000e+00 0.000000000000000000e+00 3.137666690027263628e-04 0.000000000000000000e+00 0.000000000000000000e+00 0.000000000000000000e+00 7.990071017490876868e-04 8.092088133602275395e-04 0.000000000000000000e+00 0.000000000000000000e+00 8.703766971065551687e-04 8.734904623911219062e-04 1.370464740382673413e-04 0.000000000000000000e+00
0.000000000000000000e+00 0.000000000000000000e+00 0.000000000000000000e+00 0.000000000000000000e+00 3.164553553170180414e-04 0.000000000000000000e+00 0.000000000000000000e+00 0.000000000000000000e+00 7.617122046304165622e-04 7.688800011365441982e-04 0.000000000000000000e+00 0.000000000000000000e+00 8.263063918705080071e-04 8.262750910702711289e-04 1.298997058485536758e-04 0.000000000000000000e+00
0.000000000000000000e+00 0.000000000000000000e+00 0.000000000000000000e+00 0.000000000000000000e+00 3.130888966321840219e-04 0.000000000000000000e+00 0.000000000000000000e+00 0.000000000000000000e+00 7.721117033211095980e-04 7.812036480678648427e-04 0.000000000000000000e+00 0.000000000000000000e+00 8.307390855648701198e-04 8.353852050515237328e-04 1.280253870573087383e-04 0.000000000000000000e+00
0.000000000000000000e+00 0.000000000000000000e+00 0.000000000000000000e+00 0.000000000000000000e+00 3.411599296211660745e-04 0.000000000000000000e+00 0.000000000000000000e+00 0.000000000000000000e+00 7.818274661098877955e-04 7.904238603498281142e-04 0.000000000000000000e+00 0.000000000000000000e+00 8.449135521402851862e-04 8.456483576962936510e-04 1.041747437115510792e-04 0.000000000000000000e+00
0.000000000000000000e+00 0.000000000000000000e+00 0.000000000000000000e+00 0.000000000000000000e+00 3.316114563757896374e-04 0.000000000000000000e+00 0.000000000000000000e+00 0.000000000000000000e+00 8.140362680988746675e-04 8.157342127219553186e-04 0.000000000000000000e+00 0.000000000000000000e+00 8.831300249459001460e-04 8.823248726477257589e-04 1.193129377706018664e-04 0.000000000000000000e+00
0.000000000000000000e+00 0.000000000000000000e+00 0.000000000000000000e+00 0.000000000000000000e+00 3.400224332993704419e-04 0.000000000000000000e+00 0.000000000000000000e+00 0.000000000000000000e+00 7.863136968091614422e-04 7.876869198141399006e-04 0.000000000000000000e+00 0.000000000000000000e+00 8.501179303568568270e-04 8.425883341273251092e-04 1.202959698760903143e-04 0.000000000000000000e+00
0.000000000000000000e+00 0.000000000000000000e+00 0.000000000000000000e+00 0.000000000000000000e+00 3.186468455925689589e-04 0.000000000000000000e+00 0.000000000000000000e+00 0.000000000000000000e+00 7.618814211302158291e-04 7.607951197308571558e-04 0.000000000000000000e+00 0.000000000000000000e+00 8.185364055853161167e-04 8.141624747351731582e-04 1.237598315775727037e-04 0.000000000000000000e+00
0.000000000000000000e+00 0.000000000000000000e+00 0.000000000000000000e+00 0.000000000000000000e+00 3.125935836647902801e-04 0.000000000000000000e+00 0.000000000000000000e+00 0.000000000000000000e+00 7.810071029350479756e-04 7.912971424750602292e-04 0.000000000000000000e+00 0.000000000000000000e+00 8.340718273742814227e-04 8.368911629506943679e-04 1.347776420589665274e-04 0.000000000000000000e+00
0.000000000000000000e+00 0.000000000000000000e+00 0.000000000000000000e+00 0.000000000000000000e+00 3.191330710855994654e-04 0.000000000000000000e+00 0.000000000000000000e+00 0.000000000000000000e+00 7.718775335634568951e-04 7.789019346132578002e-04 0.000000000000000000e+00 0.000000000000000000e+00 8.332022150573252560e-04 8.353369213582346065e-04 1.176183791255389034e-04 0.000000000000000000e+00
0.000000000000000000e+00 0.000000000000000000e+00 0.000000000000000000e+00 0.000000000000000000e+00 3.263844682535255648e-04 0.000000000000000000e+00 0.000000000000000000e+00 0.000000000000000000e+00 7.991455203762690054e-04 8.113854188555463549e-04 0.000000000000000000e+00 0.000000000000000000e+00 8.609798176690790358e-04 8.673417662186390896e-04 1.390323703389972681e-04 0.000000000000000000e+00
0.000000000000000000e+00 0.000000000000000000e+00 0.000000000000000000e+00 0.000000000000000000e+00 3.364901210294196122e-04 0.000000000000000000e+00 0.000000000000000000e+00 0.000000000000000000e+00 8.003694986495514399e-04 8.046247350010366905e-04 0.000000000000000000e+00 0.000000000000000000e+00 8.424870026351540843e-04 8.396533942924202121e-04 1.310637087453312788e-04 0.000000000000000000e+00
0.000000000000000000e+00 0.000000000000000000e+00 0.000000000000000000e+00 0.000000000000000000e+00 3.304605283507771685e-04 0.000000000000000000e+00 0.000000000000000000e+00 0.000000000000000000e+00 7.884282736096271229e-04 7.840550540930464217e-04 0.000000000000000000e+00 0.000000000000000000e+00 8.689856412650581599e-04 8.571170728419295502e-04 1.323680543965032291e-04 0.000000000000000000e+00
0.000000000000000000e+00 0.000000000000000000e+00 0.000000000000000000e+00 0.000000000000000000e+00 3.277840689327402848e-04 0.000000000000000000e+00 0.000000000000000000e+00 0.000000000000000000e+00 7.698695296588986201e-04 7.740548146519511891e-04 0.000000000000000000e+00 0.000000000000000000e+00 8.552243302201835776e-04 8.521407329065756354e-04 1.300102991914927177e-04 0.000000000000000000e+00
0.000000000000000000e+00 0.000000000000000000e+00 0.000000000000000000e+00 0.000000000000000000e+00 3.148807922673812240e-04 0.000000000000000000e+00 0.000000000000000000e+00 0.000000000000000000e+00 7.700076719890956234e-04 7.832912141863923421e-04 0.000000000000000000e+00 0.000000000000000000e+00 8.292102925945819564e-04 8.335739070279340936e-04 1.336550691013443503e-04 0.000000000000000000e+00
0.000000000000000000e+00 0.000000000000000000e+00 0.000000000000000000e+00 0.000000000000000000e+00 3.248207519749153572e-04 0.000000000000000000e+00 0.000000000000000000e+00 0.000000000000000000e+00 7.766825148338755112e-04 7.824127149018744775e-04 0.000000000000000000e+00 0.000000000000000000e+00 8.279393285987223178e-04 8.254603334288406098e-04 1.283685205842008707e-04 0.000000000000000000e+00
0.000000000000000000e+00 0.000000000000000000e+00 0.000000000000000000e+00 0.000000000000000000e+00 3.261187264908191330e-04 0.000000000000000000e+00 0.000000000000000000e+00 0.000000000000000000e+00 7.771036098193435850e-04 7.798236100644104652e-04 0.000000000000000000e+00 0.000000000000000000e+00 8.390617987456831968e-04 8.386556422708220295e-04 1.260964681024326231e-04 0.000000000000000000e+00
0.000000000000000000e+00 0.000000000000000000e+00 0.000000000000000000e+00 0.000000000000000000e+00 3.210054721683004101e-04 0.000000000000000000e+00 0.000000000000000000e+00 0.000000000000000000e+00 7.673121657563691626e-04 7.768419394735834663e-04 0.000000000000000000e+00 0.000000000000000000e+00 8.264376050343582962e-04 8.267643905170943708e-04 1.185465986243909017e-04 0.000000000000000000e+00
0.000000000000000000e+00 0.000000000000000000e+00 0.000000000000000000e+00 0.000000000000000000e+00 3.200705576973406096e-04 0.000000000000000000e+00 0.000000000000000000e+00 0.000000000000000000e+00 7.670435562763507423e-04 7.782676952407797900e-04 0.000000000000000000e+00 0.000000000000000000e+00 8.284643789457488052e-04 8.370013672108074206e-04 1.030008979143255850e-04 0.000000000000000000e+00
0.000000000000000000e+00 0.000000000000000000e+00 0.000000000000000000e+00 0.000000000000000000e+00 3.316862310078703122e-04 0.000000000000000000e+00 0.000000000000000000e+00 0.000000000000000000e+00 7.822603741246007738e-04 7.841658922958234627e-04 0.000000000000000000e+00 0.000000000000000000e+00 8.294047365324022907e-04 8.260569552444560525e-04 1.272282570411629673e-04 0.000000000000000000e+00
0.000000000000000000e+00 0.000000000000000000e+00 0.000000000000000000e+00 0.000000000000000000e+00 3.261589343221234162e-04 0.000000000000000000e+00 0.000000000000000000e+00 0.000000000000000000e+00 7.816908370649044025e-04 7.897437419206498931e-04 0.000000000000000000e+00 0.000000000000000000e+00 8.457393740028620746e-04 8.476688524593558064e-04 1.086773824239986130e-04 0.000000000000000000e+00
0.000000000000000000e+00 0.000000000000000000e+00 0.000000000000000000e+00 0.000000000000000000e+00 3.329385928893157298e-04 0.000000000000000000e+00 0.000000000000000000e+00 0.000000000000000000e+00 7.975304079435343836e-04 7.970209754957147596e-04 0.000000000000000000e+00 0.000000000000000000e+00 8.584478978097874816e-04 8.522361606668673196e-04 1.260653225979083949e-04 0.000000000000000000e+00
0.000000000000000000e+00 0.000000000000000000e+00 0.000000000000000000e+00 0.000000000000000000e+00 3.337713626854474434e-04 0.000000000000000000e+00 0.000000000000000000e+00 0.000000000000000000e+00 7.942571626895167337e-04 7.940263284715519095e-04 0.000000000000000000e+00 0.000000000000000000e+00 8.546683564071609965e-04 8.478080629797604293e-04 1.233901345074154556e-04 0.000000000000000000e+00
0.000000000000000000e+00 0.000000000000000000e+00 0.000000000000000000e+00 0.000000000000000000e+00 3.309571709701321991e-04 0.000000000000000000e+00 0.000000000000000000e+00 0.000000000000000000e+00 8.056470406004833090e-04 8.073594711993572082e-04 0.000000000000000000e+00 0.000000000000000000e+00 8.647061442017194921e-04 8.568851250471742681e-04 1.336862179712844617e-04 0.000000000000000000e+00
0.000000000000000000e+00 0.000000000000000000e+00 0.000000000000000000e+00 0.000000000000000000e+00 3.287479979457686666e-04 0.000000000000000000e+00 0.000000000000000000e+00 0.000000000000000000e+00 7.719811424684605659e-04 7.789065140940365463e-04 0.000000000000000000e+00 0.000000000000000000e+00 8.304999265946828770e-04 8.325261244392193364e-04 1.261594290206289552e-04 0.000000000000000000e+00
0.000000000000000000e+00 0.000000000000000000e+00 0.000000000000000000e+00 0.000000000000000000e+00 3.215360420664088205e-04 0.000000000000000000e+00 0.000000000000000000e+00 0.000000000000000000e+00 7.672980450540048229e-04 7.640122975712004307e-04 0.000000000000000000e+00 0.000000000000000000e+00 8.331477754944107772e-04 8.237556979854976499e-04 1.262196543329099094e-04 0.000000000000000000e+00
0.000000000000000000e+00 0.000000000000000000e+00 0.000000000000000000e+00 0.000000000000000000e+00 3.476034266528360388e-04 0.000000000000000000e+00 0.000000000000000000e+00 0.000000000000000000e+00 8.082004559640923501e-04 8.050185843425082012e-04 0.000000000000000000e+00 0.000000000000000000e+00 8.746730626150889688e-04 8.624261789387424170e-04 1.297099167641539447e-04 0.000000000000000000e+00
0.000000000000000000e+00 0.000000000000000000e+00 0.000000000000000000e+00 0.000000000000000000e+00 3.212157572917309178e-04 0.000000000000000000e+00 0.000000000000000000e+00 0.000000000000000000e+00 7.894026212068563832e-04 7.998316443870288504e-04 0.000000000000000000e+00 0.000000000000000000e+00 8.440224293589817899e-04 8.501866068029654677e-04 1.291130748593085937e-04 0.000000000000000000e+00
0.000000000000000000e+00 0.000000000000000000e+00 0.000000000000000000e+00 0.000000000000000000e+00 3.135797966172771084e-04 0.000000000000000000e+00 0.000000000000000000e+00 0.000000000000000000e+00 7.646629138418480510e-04 7.604389889516797703e-04 0.000000000000000000e+00 0.000000000000000000e+00 8.351990749348917444e-04 8.256845026397474554e-04 1.164541468300087838e-04 0.000000000000000000e+00
0.000000000000000000e+00 0.000000000000000000e+00 0.000000000000000000e+00 0.000000000000000000e+00 3.119553067625781121e-04 0.000000000000000000e+00 0.000000000000000000e+00 0.000000000000000000e+00 7.771069859120655933e-04 7.905022615520690670e-04 0.000000000000000000e+00 0.000000000000000000e+00 8.336940346496137487e-04 8.385076703715171409e-04 1.250004379655256649e-04 0.000000000000000000e+00
0.000000000000000000e+00 0.000000000000000000e+00 0.000000000000000000e+00 0.000000000000000000e+00 3.329511742859291717e-04 0.000000000000000000e+00 0.000000000000000000e+00 0.000000000000000000e+00 8.293167173772666122e-04 8.327056953047647092e-04 0.000000000000000000e+00 0.000000000000000000e+00 8.829517656301684057e-04 8.771738897318911076e-04 1.305972023502102470e-04 0.000000000000000000e+00
0.000000000000000000e+00 0.000000000000000000e+00 0.000000000000000000e+00 0.000000000000000000e+00 3.243885475373131763e-04 0.000000000000000000e+00 0.000000000000000000e+00 0.000000000000000000e+00 7.852722142994993148e-04 7.979146171689098814e-04 0.000000000000000000e+00 0.000000000000000000e+00 8.522561152952964425e-04 8.568964765595197142e-04 1.412010698151437162e-04 0.000000000000000000e+00
0.000000000000000000e+00 0.000000000000000000e+00 0.000000000000000000e+00 0.000000000000000000e+00 3.454353338818083792e-04 0.000000000000000000e+00 0.000000000000000000e+00 0.000000000000000000e+00 7.894285581155583310e-04 7.860994026783277040e-04 0.000000000000000000e+00 0.000000000000000000e+00 8.507241741867857315e-04 8.393356801882113916e-04 1.222212241610167826e-04 0.000000000000000000e+00
0.000000000000000000e+00 0.000000000000000000e+00 0.000000000000000000e+00 0.000000000000000000e+00 3.158081301422794901e-04 0.000000000000000000e+00 0.000000000000000000e+00 0.000000000000000000e+00 7.754150561248542234e-04 7.746992793154786278e-04 0.000000000000000000e+00 0.000000000000000000e+00 8.527123280372977824e-04 8.480272516120363315e-04 1.307065069888306563e-04 0.000000000000000000e+00
0.000000000000000000e+00 0.000000000000000000e+00 0.000000000000000000e+00 0.000000000000000000e+00 3.363794427361417334e-04 0.000000000000000000e+00 0.000000000000000000e+00 0.000000000000000000e+00 7.597811423941967573e-04 7.707473711345076868e-04 0.000000000000000000e+00 0.000000000000000000e+00 8.401547929637623270e-04 8.445462557996978852e-04 1.208611343241480844e-04 0.000000000000000000e+00
0.000000000000000000e+00 0.000000000000000000e+00 0.000000000000000000e+00 0.000000000000000000e+00 3.222200451642047480e-04 0.000000000000000000e+00 0.000000000000000000e+00 0.000000000000000000e+00 7.929918600746497896e-04 8.050897424860813415e-04 0.000000000000000000e+00 0.000000000000000000e+00 8.406592307333833570e-04 8.466695936232599036e-04 1.276781010856956880e-04 0.000000000000000000e+00
0.000000000000000000e+00 0.000000000000000000e+00 0.000000000000000000e+00 0.000000000000000000e+00 3.230170324115447895e-04 0.000000000000000000e+00 0.000000000000000000e+00 0.000000000000000000e+00 7.734503220189427233e-04 7.722110368975087808e-04 0.000000000000000000e+00 0.000000000000000000e+00 8.332911186003351747e-04 8.243634827700667021e-04 1.239651753935446551e-04 0.000000000000000000e+00
0.000000000000000000e+00 0.000000000000000000e+00 0.000000000000000000e+00 0.000000000000000000e+00 3.244753009247465059e-04 0.000000000000000000e+00 0.000000000000000000e+00 0.000000000000000000e+00 8.073052709103186158e-04 8.194311870697670343e-04 0.000000000000000000e+00 0.000000000000000000e+00 8.553038026462020729e-04 8.599324399368332662e-04 1.250012829476034623e-04 0.000000000000000000e+00
0.000000000000000000e+00 0.000000000000000000e+00 0.000000000000000000e+00 0.000000000000000000e+00 3.207442178727265103e-04 0.000000000000000000e+00 0.000000000000000000e+00 0.000000000000000000e+00 7.802651551877413851e-04 7.917327636846557305e-04 0.000000000000000000e+00 0.000000000000000000e+00 8.316899417364676016e-04 8.377113027449733943e-04 1.076736676249162177e-04 0.000000000000000000e+00
0.000000000000000000e+00 0.000000000000000000e+00 0.000000000000000000e+00 0.000000000000000000e+00 3.391633304228398784e-04 0.000000000000000000e+00 0.000000000000000000e+00 0.000000000000000000e+00 8.171453636543432077e-04 8.197322227631050453e-04 0.000000000000000000e+00 0.000000000000000000e+00 8.784942662922500325e-04 8.742243462064681675e-04 1.323314464306038192e-04 0.000000000000000000e+00
0.000000000000000000e+00 0.000000000000000000e+00 0.000000000000000000e+00 0.000000000000000000e+00 3.254312214250797640e-04 0.000000000000000000e+00 0.000000000000000000e+00 0.000000000000000000e+00 7.738535791369709291e-04 7.633807486542451776e-04 0.000000000000000000e+00 0.000000000000000000e+00 8.464580275548495890e-04 8.306272679147201545e-04 1.315203493126797349e-04 0.000000000000000000e+00
0.000000000000000000e+00 0.000000000000000000e+00 0.000000000000000000e+00 0.000000000000000000e+00 3.205298443085917437e-04 0.000000000000000000e+00 0.000000000000000000e+00 0.000000000000000000e+00 7.917025505637592187e-04 7.964129960133084279e-04 0.000000000000000000e+00 0.000000000000000000e+00 8.390720512644627869e-04 8.352780100372624245e-04 1.319636698284625226e-04 0.000000000000000000e+00
0.000000000000000000e+00 0.000000000000000000e+00 0.000000000000000000e+00 0.000000000000000000e+00 3.361321465344045646e-04 0.000000000000000000e+00 0.000000000000000000e+00 0.000000000000000000e+00 7.878941686027024667e-04 7.824345522002051955e-04 0.000000000000000000e+00 0.000000000000000000e+00 8.533586627709402591e-04 8.425611991383022284e-04 1.103716485562890543e-04 0.000000000000000000e+00
0.000000000000000000e+00 0.000000000000000000e+00 0.000000000000000000e+00 0.000000000000000000e+00 3.172398828357519073e-04 0.000000000000000000e+00 0.000000000000000000e+00 0.000000000000000000e+00 7.868961539021225278e-04 7.869665631582483875e-04 0.000000000000000000e+00 0.000000000000000000e+00 8.441473368446610580e-04 8.382647838416982774e-04 1.406125472786527090e-04 0.000000000000000000e+00
0.000000000000000000e+00 0.000000000000000000e+00 0.000000000000000000e+00 0.000000000000000000e+00 3.368617677377197376e-04 0.000000000000000000e+00 0.000000000000000000e+00 0.000000000000000000e+00 7.884860359470261979e-04 7.875857654892860424e-04 0.000000000000000000e+00 0.000000000000000000e+00 8.500680756272111383e-04 8.427509766542220886e-04 1.262642103260010911e-04 0.000000000000000000e+00
0.000000000000000000e+00 0.000000000000000000e+00 0.000000000000000000e+00 0.000000000000000000e+00 3.244623133848754211e-04 0.000000000000000000e+00 0.000000000000000000e+00 0.000000000000000000e+00 7.885884552794370948e-04 7.911376096837502338e-04 0.000000000000000000e+00 0.000000000000000000e+00 8.571945795584069413e-04 8.533597965412192000e-04 1.333338905100923076e-04 0.000000000000000000e+00
0.000000000000000000e+00 0.000000000000000000e+00 0.000000000000000000e+00 0.000000000000000000e+00 3.379994002543790254e-04 0.000000000000000000e+00 0.000000000000000000e+00 0.000000000000000000e+00 7.869301403658518924e-04 7.864126140833871187e-04 0.000000000000000000e+00 0.000000000000000000e+00 8.517663122275939344e-04 8.430093133961469570e-04 1.275134951348798438e-04 0.000000000000000000e+00
0.000000000000000000e+00 0.000000000000000000e+00 0.000000000000000000e+00 0.000000000000000000e+00 3.477697045180372219e-04 0.000000000000000000e+00 0.000000000000000000e+00 0.000000000000000000e+00 7.893427369832770914e-04 7.811852581576003273e-04 0.000000000000000000e+00 0.000000000000000000e+00 8.472464606203281880e-04 8.329256598508587251e-04 1.175496530816979288e-04 0.000000000000000000e+00
0.000000000000000000e+00 0.000000000000000000e+00 0.000000000000000000e+00 0.000000000000000000e+00 3.480818587493665151e-04 0.000000000000000000e+00 0.000000000000000000e+00 0.000000000000000000e+00 8.107372742431291418e-04 8.020793163930954551e-04 0.000000000000000000e+00 0.000000000000000000e+00 8.653735620270610772e-04 8.485246872202300726e-04 1.312507119587835323e-04 0.000000000000000000e+00
0.000000000000000000e+00 0.000000000000000000e+00 0.000000000000000000e+00 0.000000000000000000e+00 3.166122182077907277e-04 0.000000000000000000e+00 0.000000000000000000e+00 0.000000000000000000e+00 7.629038269942699365e-04 7.739697840138995942e-04 0.000000000000000000e+00 0.000000000000000000e+00 8.219797996677174860e-04 8.236118109262737484e-04 1.229136853095335073e-04 0.000000000000000000e+00
0.000000000000000000e+00 0.000000000000000000e+00 0.000000000000000000e+00 0.000000000000000000e+00 3.267353378192282471e-04 0.000000000000000000e+00 0.000000000000000000e+00 0.000000000000000000e+00 7.913287805525960790e-04 7.994050854814443996e-04 0.000000000000000000e+00 0.000000000000000000e+00 8.523295947799261344e-04 8.563327159720751517e-04 1.266057865941995909e-04 0.000000000000000000e+00
0.000000000000000000e+00 0.000000000000000000e+00 0.000000000000000000e+00 0.000000000000000000e+00 3.164336193731456782e-04 0.000000000000000000e+00 0.000000000000000000e+00 0.000000000000000000e+00 7.726387360521748014e-04 7.915118128307958942e-04 0.000000000000000000e+00 0.000000000000000000e+00 8.358574424596412625e-04 8.511739488720222865e-04 1.236264627387884747e-04 0.000000000000000000e+00
0.000000000000000000e+00 0.000000000000000000e+00 0.000000000000000000e+00 0.000000000000000000e+00 3.199140579603439627e-04 0.000000000000000000e+00 0.000000000000000000e+00 0.000000000000000000e+00 7.587078730192514664e-04 7.737605050852166709e-04 0.000000000000000000e+00 0.000000000000000000e+00 8.333336955193109937e-04 8.431199226993423088e-04 1.159767345336755852e-04 0.000000000000000000e+00
0.000000000000000000e+00 0.000000000000000000e+00 0.000000000000000000e+00 0.000000000000000000e+00 3.152431273590518431e-04 0.000000000000000000e+00 0.000000000000000000e+00 0.000000000000000000e+00 7.816578644679680757e-04 7.841328250118341243e-04 0.000000000000000000e+00 0.000000000000000000e+00 8.306388796990903448e-04 8.261730802971919974e-04 1.297988496035283514e-04 0.000000000000000000e+00
0.000000000000000000e+00 0.000000000000000000e+00 0.000000000000000000e+00 0.000000000000000000e+00 3.167543836767760428e-04 0.000000000000000000e+00 0.000000000000000000e+00 0.000000000000000000e+00 7.884033992427588820e-04 7.964930851832112933e-04 0.000000000000000000e+00 0.000000000000000000e+00 8.578443786166683668e-04 8.606802580727422733e-04 1.368744462492599203e-04 0.000000000000000000e+00
0.000000000000000000e+00 0.000000000000000000e+00 0.000000000000000000e+00 0.000000000000000000e+00 3.421423534320737329e-04 0.000000000000000000e+00 0.000000000000000000e+00 0.000000000000000000e+00 8.066382462806161646e-04 8.033618515243237581e-04 0.000000000000000000e+00 0.000000000000000000e+00 8.731202046602732280e-04 8.647457535788586995e-04 1.371200957860857028e-04 0.000000000000000000e+00
0.000000000000000000e+00 0.000000000000000000e+00 0.000000000000000000e+00 0.000000000000000000e+00 3.173879481054811438e-04 0.000000000000000000e+00 0.000000000000000000e+00 0.000000000000000000e+00 7.765656807905632489e-04 7.864728778287363243e-04 0.000000000000000000e+00 0.000000000000000000e+00 8.172344976263033528e-04 8.181716382829873607e-04 1.146175184202567597e-04 0.000000000000000000e+00
0.000000000000000000e+00 0.000000000000000000e+00 0.000000000000000000e+00 0.000000000000000000e+00 3.257712399067216403e-04 0.000000000000000000e+00 0.000000000000000000e+00 0.000000000000000000e+00 7.946881021887544118e-04 8.035840864193850852e-04 0.000000000000000000e+00 0.000000000000000000e+00 8.504865264112331956e-04 8.549567962169989403e-04 1.112534772568397884e-04 0.000000000000000000e+00
0.000000000000000000e+00 0.000000000000000000e+00 0.000000000000000000e+00 0.000000000000000000e+00 3.162619114390602653e-04 0.000000000000000000e+00 0.000000000000000000e+00 0.000000000000000000e+00 7.813233721116068274e-04 7.899173078347627866e-04 0.000000000000000000e+00 0.000000000000000000e+00 8.420583235539372442e-04 8.476794157324193555e-04 1.424692536883503502e-04 0.000000000000000000e+00
0.000000000000000000e+00 0.000000000000000000e+00 0.000000000000000000e+00 0.000000000000000000e+00 3.263747523467632741e-04 0.000000000000000000e+00 0.000000000000000000e+00 0.000000000000000000e+00 7.897811052166848990e-04 7.912715818148105974e-04 0.000000000000000000e+00 0.000000000000000000e+00 8.571784137860874236e-04 8.530031898220775087e-04 1.347415534168448922e-04 0.000000000000000000e+00
0.000000000000000000e+00 0.000000000000000000e+00 0.000000000000000000e+00 0.000000000000000000e+00 3.352548300670876009e-04 0.000000000000000000e+00 0.000000000000000000e+00 0.000000000000000000e+00 7.859632712094472441e-04 7.927498163377721561e-04 0.000000000000000000e+00 0.000000000000000000e+00 8.627361752933161189e-04 8.627622107732758850e-04 1.260029942113292077e-04 0.000000000000000000e+00
0.000000000000000000e+00 0.000000000000000000e+00 0.000000000000000000e+00 0.000000000000000000e+00 3.231424999695461822e-04 0.000000000000000000e+00 0.000000000000000000e+00 0.000000000000000000e+00 7.864626588754539040e-04 7.899622843072004593e-04 0.000000000000000000e+00 0.000000000000000000e+00 8.449952590281468827e-04 8.420691758641750879e-04 1.273769102793505757e-04 0.000000000000000000e+00
0.000000000000000000e+00 0.000000000000000000e+00 0.000000000000000000e+00 0.000000000000000000e+00 3.302881790195010795e-04 0.000000000000000000e+00 0.000000000000000000e+00 0.000000000000000000e+00 7.848576724924000072e-04 7.815363350919979791e-04 0.000000000000000000e+00 0.000000000000000000e+00 8.618705665426899722e-04 8.549369577115668861e-04 1.150666986327351585e-04 0.000000000000000000e+00
0.000000000000000000e+00 0.000000000000000000e+00 0.000000000000000000e+00 0.000000000000000000e+00 3.143699549552007432e-04 0.000000000000000000e+00 0.000000000000000000e+00 0.000000000000000000e+00 7.735497283489137363e-04 7.815755696446290580e-04 0.000000000000000000e+00 0.000000000000000000e+00 8.421373480159936994e-04 8.429905760718196459e-04 1.462474931193792984e-04 0.000000000000000000e+00
0.000000000000000000e+00 0.000000000000000000e+00 0.000000000000000000e+00 0.000000000000000000e+00 3.391302471427844146e-04 0.000000000000000000e+00 0.000000000000000000e+00 0.000000000000000000e+00 7.886191684846278940e-04 7.942315314958863165e-04 0.000000000000000000e+00 0.000000000000000000e+00 8.509483332605114435e-04 8.505593510245999843e-04 1.351715093446110140e-04 0.000000000000000000e+00
0.000000000000000000e+00 0.000000000000000000e+00 0.000000000000000000e+00 0.000000000000000000e+00 3.255878203845030726e-04 0.000000000000000000e+00 0.000000000000000000e+00 0.000000000000000000e+00 7.949440771505316338e-04 7.968064551382001868e-04 0.000000000000000000e+00 0.000000000000000000e+00 8.348210389778971041e-04 8.277725427313371419e-04 1.207349894316199956e-04 0.000000000000000000e+00
0.000000000000000000e+00 0.000000000000000000e+00 0.000000000000000000e+00 0.000000000000000000e+00 3.309287742910690055e-04 0.000000000000000000e+00 0.000000000000000000e+00 0.000000000000000000e+00 7.800860736813010083e-04 7.877142331040975620e-04 0.000000000000000000e+00 0.000000000000000000e+00 8.740193529059183232e-04 8.769137940844484768e-04 1.333097857896787619e-04 0.000000000000000000e+00
0.000000000000000000e+00 0.000000000000000000e+00 0.000000000000000000e+00 0.000000000000000000e+00 3.251612577854536001e-04 0.000000000000000000e+00 0.000000000000000000e+00 0.000000000000000000e+00 7.814326271595280681e-04 7.894360471846986619e-04 0.000000000000000000e+00 0.000000000000000000e+00 8.348360884265221141e-04 8.372323440141804605e-04 1.222054132271097699e-04 0.000000000000000000e+00
0.000000000000000000e+00 0.000000000000000000e+00 0.000000000000000000e+00 0.000000000000000000e+00 3.276336586160836801e-04 0.000000000000000000e+00 0.000000000000000000e+00 0.000000000000000000e+00 7.910444230932509426e-04 7.905286460368224312e-04 0.000000000000000000e+00 0.000000000000000000e+00 8.463071125900767204e-04 8.405909987507152693e-04 1.210398816433451397e-04 0.000000000000000000e+00
0.000000000000000000e+00 0.000000000000000000e+00 0.000000000000000000e+00 0.000000000000000000e+00 3.286760110701455822e-04 0.000000000000000000e+00 0.000000000000000000e+00 0.000000000000000000e+00 7.967844511009197815e-04 8.005910059965064794e-04 0.000000000000000000e+00 0.000000000000000000e+00 8.781446772477274898e-04 8.738502497217670454e-04 1.233287448222766857e-04 0.000000000000000000e+00
0.000000000000000000e+00 0.000000000000000000e+00 0.000000000000000000e+00 0.000000000000000000e+00 3.179493679010565580e-04 0.000000000000000000e+00 0.000000000000000000e+00 0.000000000000000000e+00 7.693091203112558882e-04 7.729979090414307655e-04 0.000000000000000000e+00 0.000000000000000000e+00 8.435200875993389708e-04 8.407883118292707120e-04 1.421347032610898841e-04 0.000000000000000000e+00
0.000000000000000000e+00 0.000000000000000000e+00 0.000000000000000000e+00 0.000000000000000000e+00 3.278712761920758614e-04 0.000000000000000000e+00 0.000000000000000000e+00 0.000000000000000000e+00 7.725163817911120728e-04 7.824485171174732322e-04 0.000000000000000000e+00 0.000000000000000000e+00 8.514835580722037844e-04 8.510118126678309662e-04 1.230947433787862324e-04 0.000000000000000000e+00
0.000000000000000000e+00 0.000000000000000000e+00 0.000000000000000000e+00 0.000000000000000000e+00 3.244513134733611071e-04 0.000000000000000000e+00 0.000000000000000000e+00 0.000000000000000000e+00 7.863800647852553288e-04 7.843283932526263613e-04 0.000000000000000000e+00 0.000000000000000000e+00 8.610036076806401248e-04 8.546268115609645215e-04 1.452236767735217880e-04 0.000000000000000000e+00
0.000000000000000000e+00 0.000000000000000000e+00 0.000000000000000000e+00 0.000000000000000000e+00 3.247783608905988853e-04 0.000000000000000000e+00 0.000000000000000000e+00 0.000000000000000000e+00 7.714396697409596970e-04 7.765525263794185833e-04 0.000000000000000000e+00 0.000000000000000000e+00 8.371910542075562374e-04 8.321241974518941943e-04 1.195532795885158306e-04 0.000000000000000000e+00
0.000000000000000000e+00 0.000000000000000000e+00 0.000000000000000000e+00 0.000000000000000000e+00 3.324951617342955328e-04 0.000000000000000000e+00 0.000000000000000000e+00 0.000000000000000000e+00 7.854197412335037036e-04 7.857138459605876634e-04 0.000000000000000000e+00 0.000000000000000000e+00 8.381907233468631436e-04 8.307147534504681153e-04 1.289391209492971881e-04 0.000000000000000000e+00
0.000000000000000000e+00 0.000000000000000000e+00 0.000000000000000000e+00 0.000000000000000000e+00 3.186674554853769176e-04 0.000000000000000000e+00 0.000000000000000000e+00 0.000000000000000000e+00 7.896365009434650134e-04 7.916175493561159295e-04 0.000000000000000000e+00 0.000000000000000000e+00 8.450185959431290523e-04 8.401900796060048299e-04 1.228104340053851225e-04 0.000000000000000000e+00
0.000000000000000000e+00 0.000000000000000000e+00 0.000000000000000000e+00 0.000000000000000000e+00 3.178890956715321302e-04 0.000000000000000000e+00 0.000000000000000000e+00 0.000000000000000000e+00 8.030562708506189685e-04 8.116925996809451265e-04 0.000000000000000000e+00 0.000000000000000000e+00 8.435437783925475589e-04 8.422407412893310932e-04 1.245228732761606788e-04 0.000000000000000000e+00
0.000000000000000000e+00 0.000000000000000000e+00 0.000000000000000000e+00 0.000000000000000000e+00 3.170715850040575529e-04 0.000000000000000000e+00 0.000000000000000000e+00 0.000000000000000000e+00 7.907666901444830500e-04 7.992824188813267691e-04 0.000000000000000000e+00 0.000000000000000000e+00 8.508991577805260706e-04 8.534682679499633459e-04 1.382791939323676372e-04 0.000000000000000000e+00
0.000000000000000000e+00 0.000000000000000000e+00 0.000000000000000000e+00 0.000000000000000000e+00 3.281820695513934494e-04 0.000000000000000000e+00 0.000000000000000000e+00 0.000000000000000000e+00 7.821588225445757743e-04 7.866916145116052911e-04 0.000000000000000000e+00 0.000000000000000000e+00 8.390733010820356809e-04 8.364820697438923479e-04 1.146759961489285856e-04 0.000000000000000000e+00
0.000000000000000000e+00 0.000000000000000000e+00 0.000000000000000000e+00 0.000000000000000000e+00 3.286029084980182386e-04 0.000000000000000000e+00 0.000000000000000000e+00 0.000000000000000000e+00 7.726843346176376793e-04 7.756249354678450454e-04 0.000000000000000000e+00 0.000000000000000000e+00 8.441629101064613032e-04 8.419340834270992334e-04 1.174615126848944761e-04 0.000000000000000000e+00
0.000000000000000000e+00 0.000000000000000000e+00 0.000000000000000000e+00 0.000000000000000000e+00 3.174167287865993720e-04 0.000000000000000000e+00 0.000000000000000000e+00 0.000000000000000000e+00 7.817145796434940954e-04 7.919125708628466619e-04 0.000000000000000000e+00 0.000000000000000000e+00 8.538029417279066700e-04 8.561301160651421747e-04 1.247768200165487765e-04 0.000000000000000000e+00
0.000000000000000000e+00 0.000000000000000000e+00 0.000000000000000000e+00 0.000000000000000000e+00 3.254615978566769048e-04 0.000000000000000000e+00 0.000000000000000000e+00 0.000000000000000000e+00 7.919802808427521199e-04 8.010370897521886403e-04 0.000000000000000000e+00 0.000000000000000000e+00 8.437796590065173383e-04 8.471011718908065535e-04 1.361246544052156717e-04 0.000000000000000000e+00
0.000000000000000000e+00 0.000000000000000000e+00 0.000000000000000000e+00 0.000000000000000000e+00 3.319297362420175600e-04 0.000000000000000000e+00 0.000000000000000000e+00 0.000000000000000000e+00 7.954822320355416304e-04 7.986314653890250106e-04 0.000000000000000000e+00 0.000000000000000000e+00 8.540328183294999863e-04 8.504868999936964456e-04 1.269870099527461559e-04 0.000000000000000000e+00
0.000000000000000000e+00 0.000000000000000000e+00 0.000000000000000000e+00 0.000000000000000000e+00 3.271841993757303385e-04 0.000000000000000000e+00 0.000000000000000000e+00 0.000000000000000000e+00 8.064161202301209017e-04 8.110048590560779442e-04 0.000000000000000000e+00 0.000000000000000000e+00 8.690171719233090626e-04 8.661437055756411986e-04 1.333527038793568930e-04 0.000000000000000000e+00
0.000000000000000000e+00 0.000000000000000000e+00 0.000000000000000000e+00 0.000000000000000000e+00 3.259336299480803376e-04 0.000000000000000000e+00 0.000000000000000000e+00 0.000000000000000000e+00 7.650918115203403716e-04 7.676181598862785553e-04 0.000000000000000000e+00 0.000000000000000000e+00 8.148207288419220991e-04 8.110905538592221454e-04 1.282515643071964191e-04 0.000000000000000000e+00
0.000000000000000000e+00 0.000000000000000000e+00 0.000000000000000000e+00 0.000000000000000000e+00 3.407057914662035142e-04 0.000000000000000000e+00 0.000000000000000000e+00 0.000000000000000000e+00 7.892479239911640455e-04 7.890664156369826734e-04 0.000000000000000000e+00 0.000000000000000000e+00 8.365057930427810496e-04 8.301899859101730030e-04 1.213636850322688488e-04 0.000000000000000000e+00
0.000000000000000000e+00 0.000000000000000000e+00 0.000000000000000000e+00 0.000000000000000000e+00 3.295409110517127688e-04 0.000000000000000000e+00 0.000000000000000000e+00 0.000000000000000000e+00 8.083546711360076143e-04 8.208876148636656952e-04 0.000000000000000000e+00 0.000000000000000000e+00 8.623241273321805315e-04 8.685707318741525771e-04 1.209667193016692463e-04 0.000000000000000000e+00
0.000000000000000000e+00 0.000000000000000000e+00 0.000000000000000000e+00 0.000000000000000000e+00 3.233215495786998807e-04 0.000000000000000000e+00 0.000000000000000000e+00 0.000000000000000000e+00 7.675972623481079355e-04 7.753573940207508786e-04 0.000000000000000000e+00 0.000000000000000000e+00 8.175431787907734213e-04 8.152607012560286661e-04 1.234722599030409153e-04 0.000000000000000000e+00
0.000000000000000000e+00 0.000000000000000000e+00 0.000000000000000000e+00 0.000000000000000000e+00 3.240546205913832391e-04 0.000000000000000000e+00 0.000000000000000000e+00 0.000000000000000000e+00 7.651830325199739189e-04 7.685566629623499400e-04 0.000000000000000000e+00 0.000000000000000000e+00 8.605634894236519495e-04 8.589073514590028595e-04 1.437839266537642490e-04 0.000000000000000000e+00
0.000000000000000000e+00 0.000000000000000000e+00 0.000000000000000000e+00 0.000000000000000000e+00 3.414186935655748887e-04 0.000000000000000000e+00 0.000000000000000000e+00 0.000000000000000000e+00 7.738802839990220096e-04 7.683201470721231054e-04 0.000000000000000000e+00 0.000000000000000000e+00 8.468382190137026125e-04 8.318784528473846789e-04 1.262928730969072890e-04 0.000000000000000000e+00
0.000000000000000000e+00 0.000000000000000000e+00 0.000000000000000000e+00 0.000000000000000000e+00 3.294136598147057735e-04 0.000000000000000000e+00 0.000000000000000000e+00 0.000000000000000000e+00 8.119605290660379671e-04 8.067763504420020658e-04 0.000000000000000000e+00 0.000000000000000000e+00 8.576664894435207442e-04 8.435359950724337060e-04 1.254299658202116569e-04 0.000000000000000000e+00
0.000000000000000000e+00 0.000000000000000000e+00 0.000000000000000000e+00 0.000000000000000000e+00 3.116816319267699852e-04 0.000000000000000000e+00 0.000000000000000000e+00 0.000000000000000000e+00 7.697695042110113848e-04 7.830228841740626044e-04 0.000000000000000000e+00 0.000000000000000000e+00 8.440809217099902147e-04 8.515379198426074403e-04 1.402390626386703840e-04 0.000000000000000000e+00
0.000000000000000000e+00 0.000000000000000000e+00 0.000000000000000000e+00 0.000000000000000000e+00 3.140832844712818117e-04 0.000000000000000000e+00 0.000000000000000000e+00 0.000000000000000000e+00 7.893328630345793594e-04 7.879329236589833682e-04 0.000000000000000000e+00 0.000000000000000000e+00 8.509255621646380713e-04 8.445629922778094892e-04 1.454040544106417830e-04 0.000000000000000000e+00
0.000000000000000000e+00 0.000000000000000000e+00 0.000000000000000000e+00 0.000000000000000000e+00 3.248940091734716035e-04 0.000000000000000000e+00 0.000000000000000000e+00 0.000000000000000000e+00 7.927845282646476741e-04 7.993092252637592522e-04 0.000000000000000000e+00 0.000000000000000000e+00 8.724756169522585383e-04 8.727836425919667475e-04 1.314010926046645079e-04 0.000000000000000000e+00
