# 'name' : 'rogers_a02_b02_d05_g03'
# 'source' : 'rogers_a02_b02_d05_g03.yaml'
# 'sample_pops' : ['X', 'Y', 'D', 'N']
# 'sample_size' : 1
# 'n_reps' : 100
# 'n_windows' : 200
# 'seq_length' : 100000000.0
# 'window_length' : 500000.0
# 'recomb_rate' : 1e-08
# 'mut_rate' : 1e-08
# 'created' : None
0.000000000000000000e+00 0.000000000000000000e+00 0.000000000000000000e+00 0.000000000000000000e+00 4.613484181443693877e-01 0.000000000000000000e+00 0.000000000000000000e+00 0.000000000000000000e+00 4.058125422097723090e-01 4.224108077384407522e-01 0.000000000000000000e+00 0.000000000000000000e+00 4.638301943777185521e-01 4.805562219765533993e-01 7.044464513518404469e-02 0.000000000000000000e+00
0.000000000000000000e+00 0.000000000000000000e+00 0.000000000000000000e+00 0.000000000000000000e+00 4.679617801592682591e-01 0.000000000000000000e+00 0.000000000000000000e+00 0.000000000000000000e+00 4.053314558187098848e-01 4.280771839663616851e-01 0.000000000000000000e+00 0.000000000000000000e+00 4.584140177280008333e-01 4.821668556017465468e-01 7.192959299845974597e-02 0.000000000000000000e+00
0.000000000000000000e+00 0.000000000000000000e+00 0.000000000000000000e+00 0.000000000000000000e+00 4.686255626045419120e-01 0.000000000000000000e+00 0.000000000000000000e+00 0.000000000000000000e+00 4.063419663429325146e-01 4.215581429937076963e-01 0.000000000000000000e+00 0.000000000000000000e+00 4.649767233842469483e-01 4.812792534546539991e-01 7.494773879300641040e-02 0.000000000000000000e+00
0.000000000000000000e+00 0.000000000000000000e+00 0.000000000000000000e+00 0.000000000000000000e+00 4.649113789395357688e-01 0.000000000000000000e+00 0.000000000000000000e+00 0.000000000000000000e+00 4.078508812372421688e-01 4.216036224267932786e-01 0.000000000000000000e+00 0.000000000000000000e+00 4.799022971382311264e-01 4.957371641769977577e-01 7.933702679554061055e-02 0.000000000000000000e+00
0.000000000000000000e+00 0.000000000000000000e+00 0.000000000000000000e+00 0.000000000000000000e+00 4.682475287962645782e-01 0.000000000000000000e+00 0.000000000000000000e+00 0.000000000000000000e+00 4.140176368011099783e-01 4.269957960132553243e-01 0.000000000000000000e+00 0.000000000000000000e+00 4.743678757318631756e-01 4.880115996686666957e-01 7.122292014445293085e-02 0.000000000000000000e+00
0.000000000000000000e+00 0.000000000000000000e+00 0.000000000000000000e+00 0.000000000000000000e+00 4.641869965396579478e-01 0.000000000000000000e+00 0.000000000000000000e+00 0.000000000000000000e+00 4.067360824137715714e-01 4.227612726755796135e-01 0.000000000000000000e+00 0.000000000000000000e+00 4.687235123032147954e-01 4.848748756902546697e-01 7.547111009971425866e-02 0.000000000000000000e+00
0.000000000000000000e+00 0.000000000000000000e+00 0.000000000000000000e+00 0.000000000000000000e+00 4.748327249627168345e-01 0.000000000000000000e+00 0.000000000000000000e+00 0.000000000000000000e+00 4.032465723692193471e-01 4.194506314567302274e-01 0.000000000000000000e+00 0.000000000000000000e+00 4.694193624787301733e-01 4.877869997786901113e-01 7.745447258714206751e-02 0.000000000000000000e+00
0.000000000000000000e+00 0.000000000000000000e+00 0.000000000000000000e+00 0.000000000000000000e+00 4.622041569669810279e-01 0.000000000000000000e+00 0.000000000000000000e+00 0.000000000000000000e+00 4.104518161972681156e-01 4.263835283255736908e-01 0.000000000000000000e+00 0.000000000000000000e+00 4.789616351658792515e-01 4.955898577695472262e-01 8.063844220867685819e-02 0.000000000000000000e+00
0.000000000000000000e+00 0.000000000000000000e+00 0.000000000000000000e+00 0.000000000000000000e+00 4.580630167449916690e-01 0.000000000000000000e+00 0.000000000000000000e+00 0.000000000000000000e+00 4.002027570474684381e-01 4.147584651238602760e-01 0.000000000000000000e+00 0.000000000000000000e+00 4.578694551444217331e-01 4.729120931492104551e-01 7.500696139036765187e-02 0.000000000000000000e+00
0.000000000000000000e+00 0.000000000000000000e+00 0.000000000000000000e+00 0.000000000000000000e+00 4.585341241835748649e-01 0.000000000000000000e+00 0.000000000000000000e+00 0.000000000000000000e+00 4.061353878670780904e-01 4.213418625202425272e-01 0.000000000000000000e+00 0.000000000000000000e+00 4.607037637368003313e-01 4.768666405344006987e-01 7.374445935731124835e-02 0.000000000000000000e+00
0.000000000000000000e+00 0.000000000000000000e+00 0.000000000000000000e+00 0.000000000000000000e+00 4.753248909238199094e-01 0.000000000000000000e+00 0.000000000000000000e+00 0.000000000000000000e+00 4.041124981379644043e-01 4.202976725636847766e-01 0.000000000000000000e+00 0.000000000000000000e+00 4.564307045283460540e-01 4.728523616090110071e-01 5.980836396786617243e-02 0.000000000000000000e+00
0.000000000000000000e+00 0.000000000000000000e+00 0.000000000000000000e+00 0.000000000000000000e+00 4.721909431307750316e-01 0.000000000000000000e+00 0.000000000000000000e+00 0.000000000000000000e+00 4.134627454709183803e-01 4.280360530174666667e-01 0.000000000000000000e+00 0.000000000000000000e+00 4.705866066500367095e-01 4.866113415728033909e-01 6.848661582069540121e-02 0.000000000000000000e+00
0.000000000000000000e+00 0.000000000000000000e+00 0.000000000000000000e+00 0.000000000000000000e+00 4.717555638276135221e-01 0.000000000000000000e+00 0.000000000000000000e+00 0.000000000000000000e+00 4.039286628873852703e-01 4.162841199952588278e-01 0.000000000000000000e+00 0.000000000000000000e+00 4.636196095365752723e-01 4.746283519063757006e-01 6.947119050359319703e-02 0.000000000000000000e+00
0.000000000000000000e+00 0.000000000000000000e+00 0.000000000000000000e+00 0.000000000000000000e+00 4.605740517608656881e-01 0.000000000000000000e+00 0.000000000000000000e+00 0.000000000000000000e+00 3.997116966597400456e-01 4.121926021513024341e-01 0.000000000000000000e+00 0.000000000000000000e+00 4.549689569330099825e-01 4.686489390772380359e-01 7.191799347568389456e-02 0.000000000000000000e+00
0.000000000000000000e+00 0.000000000000000000e+00 0.000000000000000000e+00 0.000000000000000000e+00 4.553262291905173509e-01 0.000000000000000000e+00 0.000000000000000000e+00 0.000000000000000000e+00 4.056281280091708630e-01 4.241302220814382462e-01 0.000000000000000000e+00 0.000000000000000000e+00 4.558819767659326727e-01 4.744922178224644238e-01 7.751503848298542387e-02 0.000000000000000000e+00
0.000000000000000000e+00 0.000000000000000000e+00 0.000000000000000000e+00 0.000000000000000000e+00 4.676947918672260673e-01 0.000000000000000000e+00 0.000000000000000000e+00 0.000000000000000000e+00 4.026409577790490690e-01 4.202523742605783763e-01 0.000000000000000000e+00 0.000000000000000000e+00 4.609756625324345491e-01 4.783704509585593456e-01 6.865966488794393585e-02 0.000000000000000000e+00
0.000000000000000000e+00 0.000000000000000000e+00 0.000000000000000000e+00 0.000000000000000000e+00 4.646312008078908318e-01 0.000000000000000000e+00 0.000000000000000000e+00 0.000000000000000000e+00 4.132309452381914827e-01 4.324104482934177929e-01 0.000000000000000000e+00 0.000000000000000000e+00 4.692943442495324802e-01 4.893540623006359391e-01 8.157785230059669268e-02 0.000000000000000000e+00
0.000000000000000000e+00 0.000000000000000000e+00 0.000000000000000000e+00 0.000000000000000000e+00 4.820568053912879236e-01 0.000000000000000000e+00 0.000000000000000000e+00 0.000000000000000000e+00 4.148997886422056136e-01 4.313937904050246797e-01 0.000000000000000000e+00 0.000000000000000000e+00 4.611129717712503240e-01 4.772936881089371863e-01 7.617002056084007378e-02 0.000000000000000000e+00
0.000000000000000000e+00 0.000000000000000000e+00 0.000000000000000000e+00 0.000000000000000000e+00 4.678772520819580172e-01 0.000000000000000000e+00 0.000000000000000000e+00 0.000000000000000000e+00 4.061752178115987100e-01 4.155327063906680829e-01 0.000000000000000000e+00 0.000000000000000000e+00 4.745981421926790955e-01 4.839804963043564112e-01 7.650978487861002930e-02 0.000000000000000000e+00
0.000000000000000000e+00 0.000000000000000000e+00 0.000000000000000000e+00 0.000000000000000000e+00 4.703686479516926422e-01 0.000000000000000000e+00 0.000000000000000000e+00 0.000000000000000000e+00 3.991713079610721415e-01 4.165839066526237922e-01 0.000000000000000000e+00 0.000000000000000000e+00 4.728001108745725212e-01 4.923700788093504088e-01 7.659182333814672228e-02 0.000000000000000000e+00
0.000000000000000000e+00 0.000000000000000000e+00 0.000000000000000000e+00 0.000000000000000000e+00 4.530331160918889544e-01 0.000000000000000000e+00 0.000000000000000000e+00 0.000000000000000000e+00 4.018753314353397110e-01 4.210845650128878237e-01 0.000000000000000000e+00 0.000000000000000000e+00 4.561436379603968083e-01 4.754226290032453894e-01 7.688111477274053862e-02 0.000000000000000000e+00
0.000000000000000000e+00 0.000000000000000000e+00 0.000000000000000000e+00 0.000000000000000000e+00 4.627159562126515469e-01 0.000000000000000000e+00 0.000000000000000000e+00 0.000000000000000000e+00 4.078233928585960899e-01 4.224666718167834900e-01 0.000000000000000000e+00 0.000000000000000000e+00 4.620411484996328477e-01 4.752837089626453793e-01 7.608370008215907532e-02 0.000000000000000000e+00
0.000000000000000000e+00 0.000000000000000000e+00 0.000000000000000000e+00 0.000000000000000000e+00 4.706778587661724078e-01 0.000000000000000000e+00 0.000000000000000000e+00 0.000000000000000000e+00 4.051101764462251009e-01 4.174428648419072907e-01 0.000000000000000000e+00 0.000000000000000000e+00 4.641690802102920177e-01 4.786478913349321851e-01 7.285725615881892547e-02 0.000000000000000000e+00
0.000000000000000000e+00 0.000000000000000000e+00 0.000000000000000000e+00 0.000000000000000000e+00 4.645209696517258458e-01 0.000000000000000000e+00 0.000000000000000000e+00 0.000000000000000000e+00 4.033649802584357014e-01 4.181283258079825926e-01 0.000000000000000000e+00 0.000000000000000000e+00 4.576178680803079657e-01 4.712094771663888348e-01 6.851121047815018905e-02 0.000000000000000000e+00
0.000000000000000000e+00 0.000000000000000000e+00 0.000000000000000000e+00 0.000000000000000000e+00 4.678513460839986982e-01 0.000000000000000000e+00 0.000000000000000000e+00 0.000000000000000000e+00 3.993100106759599477e-01 4.145284959750252796e-01 0.000000000000000000e+00 0.000000000000000000e+00 4.529838273163855344e-01 4.697541174222854554e-01 5.908813423976418122e-02 0.000000000000000000e+00
0.000000000000000000e+00 0.000000000000000000e+00 0.000000000000000000e+00 0.000000000000000000e+00 4.629939127053713799e-01 0.000000000000000000e+00 0.000000000000000000e+00 0.000000000000000000e+00 4.089285312055840893e-01 4.242144441390193754e-01 0.000000000000000000e+00 0.000000000000000000e+00 4.562410049655510336e-01 4.718885007300837042e-01 7.506995897406711082e-02 0.000000000000000000e+00
0.000000000000000000e+00 0.000000000000000000e+00 0.000000000000000000e+00 0.000000000000000000e+00 4.614417686402292884e-01 0.000000000000000000e+00 0.000000000000000000e+00 0.000000000000000000e+00 4.018717548540459705e-01 4.198276999687354238e-01 0.000000000000000000e+00 0.000000000000000000e+00 4.597072312437598396e-01 4.780473828712070161e-01 6.327014342939099589e-02 0.000000000000000000e+00
0.000000000000000000e+00 0.000000000000000000e+00 0.000000000000000000e+00 0.000000000000000000e+00 4.670442337227131979e-01 0.000000000000000000e+00 0.000000000000000000e+00 0.000000000000000000e+00 4.116297941618582978e-01 4.260321655572655297e-01 0.000000000000000000e+00 0.000000000000000000e+00 4.650299110310288087e-01 4.793585467439083758e-01 7.339197360053685559e-02 0.000000000000000000e+00
0.000000000000000000e+00 0.000000000000000000e+00 0.000000000000000000e+00 0.000000000000000000e+00 4.752625652846623194e-01 0.000000000000000000e+00 0.000000000000000000e+00 0.000000000000000000e+00 4.088723568685440068e-01 4.205852892493783801e-01 0.000000000000000000e+00 0.000000000000000000e+00 4.678490537327721910e-01 4.789219062659313964e-01 7.148851252619631280e-02 0.000000000000000000e+00
0.000000000000000000e+00 0.000000000000000000e+00 0.000000000000000000e+00 0.000000000000000000e+00 4.575335075055388945e-01 0.000000000000000000e+00 0.000000000000000000e+00 0.000000000000000000e+00 4.090875144673666863e-01 4.252208753212157188e-01 0.000000000000000000e+00 0.000000000000000000e+00 4.655199400377986185e-01 4.809084641117674641e-01 7.642664820504543877e-02 0.000000000000000000e+00
0.000000000000000000e+00 0.000000000000000000e+00 0.000000000000000000e+00 0.000000000000000000e+00 4.622129414891052446e-01 0.000000000000000000e+00 0.000000000000000000e+00 0.000000000000000000e+00 4.005051237511891848e-01 4.197688137997562796e-01 0.000000000000000000e+00 0.000000000000000000e+00 4.555340894202932200e-01 4.766617532985650829e-01 7.488736059113482169e-02 0.000000000000000000e+00
0.000000000000000000e+00 0.000000000000000000e+00 0.000000000000000000e+00 0.000000000000000000e+00 4.640330508497001460e-01 0.000000000000000000e+00 0.000000000000000000e+00 0.000000000000000000e+00 4.019325012135328556e-01 4.126256542332025212e-01 0.000000000000000000e+00 0.000000000000000000e+00 4.621327920900529240e-01 4.726769524046756099e-01 7.333493184478560856e-02 0.000000000000000000e+00
0.000000000000000000e+00 0.000000000000000000e+00 0.000000000000000000e+00 0.000000000000000000e+00 4.695721900758753065e-01 0.000000000000000000e+00 0.000000000000000000e+00 0.000000000000000000e+00 4.121176557269187191e-01 4.241781955493417189e-01 0.000000000000000000e+00 0.000000000000000000e+00 4.750207707069518115e-01 4.878716493881155025e-01 7.728609877525392802e-02 0.000000000000000000e+00
0.000000000000000000e+00 0.000000000000000000e+00 0.000000000000000000e+00 0.000000000000000000e+00 4.658287677976987728e-01 0.000000000000000000e+00 0.000000000000000000e+00 0.000000000000000000e+00 4.118360304160308405e-01 4.297182013294194025e-01 0.000000000000000000e+00 0.000000000000000000e+00 4.610365392634082071e-01 4.794570072819092088e-01 7.459350880481442625e-02 0.000000000000000000e+00
0.000000000000000000e+00 0.000000000000000000e+00 0.000000000000000000e+00 0.000000000000000000e+00 4.513765597163312271e-01 0.000000000000000000e+00 0.000000000000000000e+00 0.000000000000000000e+00 3.984120664594957839e-01 4.080736198466357045e-01 0.000000000000000000e+00 0.000000000000000000e+00 4.617191249661354857e-01 4.725998638603522428e-01 6.807728284965690324e-02 0.000000000000000000e+00
0.000000000000000000e+00 0.000000000000000000e+00 0.000000000000000000e+00 0.000000000000000000e+00 4.502807003173386335e-01 0.000000000000000000e+00 0.000000000000000000e+00 0.000000000000000000e+00 4.014639478156573071e-01 4.218182154554757646e-01 0.000000000000000000e+00 0.000000000000000000e+00 4.574237955753256424e-01 4.771069507762881190e-01 7.283345445407166108e-02 0.000000000000000000e+00
0.000000000000000000e+00 0.000000000000000000e+00 0.000000000000000000e+00 0.000000000000000000e+00 4.738876797963393894e-01 0.000000000000000000e+00 0.000000000000000000e+00 0.000000000000000000e+00 4.191378515819955686e-01 4.322162639248350313e-01 0.000000000000000000e+00 0.000000000000000000e+00 4.770878948485666737e-01 4.894492233112429092e-01 7.572328634050635998e-02 0.000000000000000000e+00
0.000000000000000000e+00 0.000000000000000000e+00 0.000000000000000000e+00 0.000000000000000000e+00 4.676968411312776852e-01 0.000000000000000000e+00 0.000000000000000000e+00 0.000000000000000000e+00 4.088108431706230506e-01 4.288771354619766440e-01 0.000000000000000000e+00 0.000000000000000000e+00 4.677140041116928382e-01 4.882561931062048277e-01 8.242943242026559703e-02 0.000000000000000000e+00
0.000000000000000000e+00 0.000000000000000000e+00 0.000000000000000000e+00 0.000000000000000000e+00 4.798099366647434194e-01 0.000000000000000000e+00 0.000000000000000000e+00 0.000000000000000000e+00 4.091002697351844852e-01 4.183130623833025141e-01 0.000000000000000000e+00 0.000000000000000000e+00 4.657072460680752313e-01 4.725143110777555999e-01 7.107564434620032567e-02 0.000000000000000000e+00
0.000000000000000000e+00 0.000000000000000000e+00 0.000000000000000000e+00 0.000000000000000000e+00 4.637540353371121249e-01 0.000000000000000000e+00 0.000000000000000000e+00 0.000000000000000000e+00 4.032158419448305109e-01 4.155509389010970112e-01 0.000000000000000000e+00 0.000000000000000000e+00 4.738994493767922922e-01 4.885982874733100778e-01 7.599944889924811764e-02 0.000000000000000000e+00
0.000000000000000000e+00 0.000000000000000000e+00 0.000000000000000000e+00 0.000000000000000000e+00 4.618944236587991248e-01 0.000000000000000000e+00 0.000000000000000000e+00 0.000000000000000000e+00 3.964977939413849573e-01 4.139636169116311937e-01 0.000000000000000000e+00 0.000000000000000000e+00 4.641857521317441226e-01 4.829292003182624193e-01 6.987357748049950745e-02 0.000000000000000000e+00
0.000000000000000000e+00 0.000000000000000000e+00 0.000000000000000000e+00 0.000000000000000000e+00 4.544988808376268508e-01 0.000000000000000000e+00 0.000000000000000000e+00 0.000000000000000000e+00 4.104812131639207773e-01 4.313582744818212911e-01 0.000000000000000000e+00 0.000000000000000000e+00 4.559110125478051945e-01 4.772332249682508243e-01 7.315819353651907553e-02 0.000000000000000000e+00
0.000000000000000000e+00 0.000000000000000000e+00 0.000000000000000000e+00 0.000000000000000000e+00 4.520325895272054861e-01 0.000000000000000000e+00 0.000000000000000000e+00 0.000000000000000000e+00 3.990345201273903797e-01 4.121296981354660161e-01 0.000000000000000000e+00 0.000000000000000000e+00 4.572132127509357935e-01 4.698441303730833130e-01 7.067003884535374980e-02 0.000000000000000000e+00
0.000000000000000000e+00 0.000000000000000000e+00 0.000000000000000000e+00 0.000000000000000000e+00 4.623742676682418562e-01 0.000000000000000000e+00 0.000000000000000000e+00 0.000000000000000000e+00 4.113126832187761206e-01 4.286328036826579924e-01 0.000000000000000000e+00 0.000000000000000000e+00 4.613904556258088263e-01 4.793489698655719611e-01 7.274076665027781607e-02 0.000000000000000000e+00
0.000000000000000000e+00 0.000000000000000000e+00 0.000000000000000000e+00 0.000000000000000000e+00 4.645313802317284635e-01 0.000000000000000000e+00 0.000000000000000000e+00 0.000000000000000000e+00 4.053043987358600497e-01 4.224676932752853831e-01 0.000000000000000000e+00 0.000000000000000000e+00 4.543345891953052829e-01 4.730478866394900450e-01 6.226237817907178534e-02 0.000000000000000000e+00
0.000000000000000000e+00 0.000000000000000000e+00 0.000000000000000000e+00 0.000000000000000000e+00 4.711024433187914195e-01 0.000000000000000000e+00 0.000000000000000000e+00 0.000000000000000000e+00 4.206527876779490027e-01 4.337638616283950310e-01 0.000000000000000000e+00 0.000000000000000000e+00 4.761322794920292423e-01 4.888883488129359689e-01 7.850280775942870826e-02 0.000000000000000000e+00
0.000000000000000000e+00 0.000000000000000000e+00 0.000000000000000000e+00 0.000000000000000000e+00 4.701136698152209581e-01 0.000000000000000000e+00 0.000000000000000000e+00 0.000000000000000000e+00 4.065167491945109179e-01 4.114917689304591897e-01 0.000000000000000000e+00 0.000000000000000000e+00 4.730001370495354185e-01 4.786105101070847745e-01 7.652070846639792701e-02 0.000000000000000000e+00
0.000000000000000000e+00 0.000000000000000000e+00 0.000000000000000000e+00 0.000000000000000000e+00 4.628048143193804753e-01 0.000000000000000000e+00 0.000000000000000000e+00 0.000000000000000000e+00 4.120091630905302615e-01 4.257830476864550850e-01 0.000000000000000000e+00 0.000000000000000000e+00 4.621783704320112096e-01 4.751046199082237242e-01 7.606383831279543706e-02 0.000000000000000000e+00
0.000000000000000000e+00 0.000000000000000000e+00 0.000000000000000000e+00 0.000000000000000000e+00 4.613951009569683404e-01 0.000000000000000000e+00 0.000000000000000000e+00 0.000000000000000000e+00 4.041905824247870038e-01 4.149254869968182491e-01 0.000000000000000000e+00 0.000000000000000000e+00 4.637373647665646859e-01 4.752283842395537139e-01 6.524749033721927161e-02 0.000000000000000000e+00
0.000000000000000000e+00 0.000000000000000000e+00 0.000000000000000000e+00 0.000000000000000000e+00 4.643487112552960316e-01 0.000000000000000000e+00 0.000000000000000000e+00 0.000000000000000000e+00 4.144738812382404713e-01 4.264150420386056406e-01 0.000000000000000000e+00 0.000000000000000000e+00 4.704589133914137133e-01 4.829101072853923537e-01 8.332466564508619888e-02 0.000000000000000000e+00
0.000000000000000000e+00 0.000000000000000000e+00 0.000000000000000000e+00 0.000000000000000000e+00 4.780623198516396610e-01 0.000000000000000000e+00 0.000000000000000000e+00 0.000000000000000000e+00 4.076647387262671840e-01 4.206431488363672755e-01 0.000000000000000000e+00 0.000000000000000000e+00 4.660221101221267981e-01 4.788648011334770138e-01 7.256199336615924700e-02 0.000000000000000000e+00
0.000000000000000000e+00 0.000000000000000000e+00 0.000000000000000000e+00 0.000000000000000000e+00 4.634397066908876872e-01 0.000000000000000000e+00 0.000000000000000000e+00 0.000000000000000000e+00 4.098218184539272335e-01 4.216009043922737676e-01 0.000000000000000000e+00 0.000000000000000000e+00 4.743673038043411117e-01 4.864073119135562950e-01 8.089508538099877966e-02 0.000000000000000000e+00
0.000000000000000000e+00 0.000000000000000000e+00 0.000000000000000000e+00 0.000000000000000000e+00 4.663850979838110034e-01 0.000000000000000000e+00 0.000000000000000000e+00 0.000000000000000000e+00 4.068202496084697417e-01 4.207182368424597918e-01 0.000000000000000000e+00 0.000000000000000000e+00 4.627764606696030958e-01 4.752200752702082087e-01 7.387425152464542621e-02 0.000000000000000000e+00
0.000000000000000000e+00 0.000000000000000000e+00 0.000000000000000000e+00 0.000000000000000000e+00 4.707646904214021211e-01 0.000000000000000000e+00 0.000000000000000000e+00 0.000000000000000000e+00 4.137303509330528262e-01 4.218002820349107673e-01 0.000000000000000000e+00 0.000000000000000000e+00 4.607923307136948532e-01 4.697537051555020771e-01 6.943177127473980359e-02 0.000000000000000000e+00
0.000000000000000000e+00 0.000000000000000000e+00 0.000000000000000000e+00 0.000000000000000000e+00 4.798638671792884725e-01 0.000000000000000000e+00 0.000000000000000000e+00 0.000000000000000000e+00 4.185448233549737274e-01 4.253678076565957644e-01 0.000000000000000000e+00 0.000000000000000000e+00 4.711704909745182412e-01 4.764488107692731456e-01 7.750817193095739521e-02 0.000000000000000000e+00
0.000000000000000000e+00 0.000000000000000000e+00 0.000000000000000000e+00 0.000000000000000000e+00 4.601359454309640329e-01 0.000000000000000000e+00 0.000000000000000000e+00 0.000000000000000000e+00 3.976151388108693507e-01 4.153884152895488957e-01 0.000000000000000000e+00 0.000000000000000000e+00 4.531216929960644735e-01 4.716605318963829618e-01 7.001865144569978383e-02 0.000000000000000000e+00
0.000000000000000000e+00 0.000000000000000000e+00 0.000000000000000000e+00 0.000000000000000000e+00 4.713022589018208142e-01 0.000000000000000000e+00 0.000000000000000000e+00 0.000000000000000000e+00 4.119276592887466393e-01 4.276888023963792973e-01 0.000000000000000000e+00 0.000000000000000000e+00 4.643125893373607482e-01 4.817290865761066354e-01 7.432336508826112298e-02 0.000000000000000000e+00
0.000000000000000000e+00 0.000000000000000000e+00 0.000000000000000000e+00 0.000000000000000000e+00 4.554488991419834987e-01 0.000000000000000000e+00 0.000000000000000000e+00 0.000000000000000000e+00 3.997959315886907006e-01 4.216236933909272011e-01 0.000000000000000000e+00 0.000000000000000000e+00 4.572004316319438488e-01 4.808976763748434302e-01 7.092119338719692079e-02 0.000000000000000000e+00
0.000000000000000000e+00 0.000000000000000000e+00 0.000000000000000000e+00 0.000000000000000000e+00 4.640274786650882555e-01 0.000000000000000000e+00 0.000000000000000000e+00 0.000000000000000000e+00 3.953923919225216244e-01 4.180041404953476758e-01 0.000000000000000000e+00 0.000000000000000000e+00 4.563615244460201836e-01 4.800755771766015423e-01 6.705577621431799140e-02 0.000000000000000000e+00
0.000000000000000000e+00 0.000000000000000000e+00 0.000000000000000000e+00 0.000000000000000000e+00 4.644827258664874781e-01 0.000000000000000000e+00 0.000000000000000000e+00 0.000000000000000000e+00 4.064304359663211130e-01 4.226555355508236356e-01 0.000000000000000000e+00 0.000000000000000000e+00 4.572724555939970958e-01 4.736517643643498032e-01 7.382063098406732582e-02 0.000000000000000000e+00
0.000000000000000000e+00 0.000000000000000000e+00 0.000000000000000000e+00 0.000000000000000000e+00 4.612390428005710974e-01 0.000000000000000000e+00 0.000000000000000000e+00 0.000000000000000000e+00 4.085748989376213336e-01 4.235402074940496919e-01 0.000000000000000000e+00 0.000000000000000000e+00 4.754075747342547675e-01 4.912323589477320396e-01 8.026764279318811257e-02 0.000000000000000000e+00
0.000000000000000000e+00 0.000000000000000000e+00 0.000000000000000000e+00 0.000000000000000000e+00 4.795231254330557524e-01 0.000000000000000000e+00 0.000000000000000000e+00 0.000000000000000000e+00 4.151099766281414749e-01 4.267999031905038154e-01 0.000000000000000000e+00 0.000000000000000000e+00 4.785248636296819402e-01 4.911103709926705196e-01 7.992839556686030800e-02 0.000000000000000000e+00
0.000000000000000000e+00 0.000000000000000000e+00 0.000000000000000000e+00 0.000000000000000000e+00 4.670087424931387843e-01 0.000000000000000000e+00 0.000000000000000000e+00 0.000000000000000000e+00 4.081271011283513217e-01 4.244437763001185915e-01 0.000000000000000000e+00 0.000000000000000000e+00 4.473996379030046322e-01 4.622422357029594697e-01 6.541260001228747789e-02 0.000000000000000000e+00
0.000000000000000000e+00 0.000000000000000000e+00 0.000000000000000000e+00 0.000000000000000000e+00 4.659340660674182732e-01 0.000000000000000000e+00 0.000000000000000000e+00 0.000000000000000000e+00 4.083899663691943349e-01 4.231408574730434191e-01 0.000000000000000000e+00 0.000000000000000000e+00 4.587804335778172815e-01 4.736816134356719443e-01 6.325712145419137844e-02 0.000000000000000000e+00
0.000000000000000000e+00 0.000000000000000000e+00 0.000000000000000000e+00 0.000000000000000000e+00 4.527597313531634970e-01 0.000000000000000000e+00 0.000000000000000000e+00 0.000000000000000000e+00 4.068695876265458478e-01 4.267236625277167628e-01 0.000000000000000000e+00 0.000000000000000000e+00 4.657129483216244648e-01 4.875301324701842853e-01 8.355255313859501209e-02 0.000000000000000000e+00
0.000000000000000000e+00 0.000000000000000000e+00 0.000000000000000000e+00 0.000000000000000000e+00 4.588276887715226349e-01 0.000000000000000000e+00 0.000000000000000000e+00 0.000000000000000000e+00 4.057223986823424999e-01 4.204230701528522407e-01 0.000000000000000000e+00 0.000000000000000000e+00 4.668256541415337080e-01 4.823694192500271316e-01 7.797052350979724600e-02 0.000000000000000000e+00
0.000000000000000000e+00 0.000000000000000000e+00 0.000000000000000000e+00 0.000000000000000000e+00 4.674148005554321639e-01 0.000000000000000000e+00 0.000000000000000000e+00 0.000000000000000000e+00 4.030806603172442104e-01 4.220567220271728148e-01 0.000000000000000000e+00 0.000000000000000000e+00 4.662565605123330514e-01 4.858101460105780367e-01 7.309281594326008658e-02 0.000000000000000000e+00
0.000000000000000000e+00 0.000000000000000000e+00 0.000000000000000000e+00 0.000000000000000000e+00 4.685189397660394217e-01 0.000000000000000000e+00 0.000000000000000000e+00 0.000000000000000000e+00 4.054225124116584422e-01 4.216072351413611141e-01 0.000000000000000000e+00 0.000000000000000000e+00 4.614913667762675642e-01 4.800779767800401054e-01 7.280381545480796301e-02 0.000000000000000000e+00
0.000000000000000000e+00 0.000000000000000000e+00 0.000000000000000000e+00 0.000000000000000000e+00 4.629147416901515100e-01 0.000000000000000000e+00 0.000000000000000000e+00 0.000000000000000000e+00 4.041014657887218031e-01 4.154911046918916551e-01 0.000000000000000000e+00 0.000000000000000000e+00 4.682298514907601295e-01 4.809120713786191326e-01 6.704662328661714632e-02 0.000000000000000000e+00
0.000000000000000000e+00 0.000000000000000000e+00 0.000000000000000000e+00 0.000000000000000000e+00 4.569858729441056977e-01 0.000000000000000000e+00 0.000000000000000000e+00 0.000000000000000000e+00 4.071440760920576607e-01 4.248939774501736544e-01 0.000000000000000000e+00 0.000000000000000000e+00 4.678623287193163227e-01 4.869670173665965329e-01 8.643905039617491570e-02 0.000000000000000000e+00
0.000000000000000000e+00 0.000000000000000000e+00 0.000000000000000000e+00 0.000000000000000000e+00 4.759227567547115179e-01 0.000000000000000000e+00 0.000000000000000000e+00 0.000000000000000000e+00 4.061634113300174875e-01 4.246622669343684264e-01 0.000000000000000000e+00 0.000000000000000000e+00 4.653896202289512507e-01 4.845571749264503403e-01 7.856324584693030744e-02 0.000000000000000000e+00
0.000000000000000000e+00 0.000000000000000000e+00 0.000000000000000000e+00 0.000000000000000000e+00 4.625250688606702965e-01 0.000000000000000000e+00 0.000000000000000000e+00 0.000000000000000000e+00 4.091081634705306391e-01 4.249273689688682354e-01 0.000000000000000000e+00 0.000000000000000000e+00 4.495474235696919618e-01 4.648908010618457154e-01 6.931360143410639219e-02 0.000000000000000000e+00
0.000000000000000000e+00 0.000000000000000000e+00 0.000000000000000000e+00 0.000000000000000000e+00 4.600582963813996673e-01 0.000000000000000000e+00 0.000000000000000000e+00 0.000000000000000000e+00 3.977807459240978449e-01 4.140314103206939045e-01 0.000000000000000000e+00 0.000000000000000000e+00 4.756018222231056525e-01 4.936027312640384745e-01 7.625796331017595242e-02 0.000000000000000000e+00
0.000000000000000000e+00 0.000000000000000000e+00 0.000000000000000000e+00 0.000000000000000000e+00 4.633938291960080780e-01 0.000000000000000000e+00 0.000000000000000000e+00 0.000000000000000000e+00 4.027234731051803074e-01 4.224628578490026709e-01 0.000000000000000000e+00 0.000000000000000000e+00 4.539007157854820229e-01 4.741757623825849643e-01 7.031286237850087328e-02 0.000000000000000000e+00
0.000000000000000000e+00 0.000000000000000000e+00 0.000000000000000000e+00 0.000000000000000000e+00 4.675047979663275455e-01 0.000000000000000000e+00 0.000000000000000000e+00 0.000000000000000000e+00 4.077870243022845842e-01 4.225713040269109544e-01 0.000000000000000000e+00 0.000000000000000000e+00 4.603067908720610557e-01 4.758633659318176057e-01 6.936330635578392967e-02 0.000000000000000000e+00
0.000000000000000000e+00 0.000000000000000000e+00 0.000000000000000000e+00 0.000000000000000000e+00 4.576256400775849942e-01 0.000000000000000000e+00 0.000000000000000000e+00 0.000000000000000000e+00 4.033889094288006238e-01 4.191329649931910817e-01 0.000000000000000000e+00 0.000000000000000000e+00 4.740665990273204566e-01 4.907361222826171487e-01 7.222650767361839252e-02 0.000000000000000000e+00
0.000000000000000000e+00 0.000000000000000000e+00 0.000000000000000000e+00 0.000000000000000000e+00 4.640745291841198994e-01 0.000000000000000000e+00 0.000000000000000000e+00 0.000000000000000000e+00 4.045414871783614141e-01 4.184575371018073864e-01 0.000000000000000000e+00 0.000000000000000000e+00 4.706288974789545332e-01 4.849604917367789647e-01 8.368469881824433521e-02 0.000000000000000000e+00
0.000000000000000000e+00 0.000000000000000000e+00 0.000000000000000000e+00 0.000000000000000000e+00 4.590449303483217780e-01 0.000000000000000000e+00 0.000000000000000000e+00 0.000000000000000000e+00 3.984880551025309359e-01 4.163466648050366814e-01 0.000000000000000000e+00 0.000000000000000000e+00 4.654002514593620354e-01 4.830975607759188661e-01 7.105917145400780788e-02 0.000000000000000000e+00
0.000000000000000000e+00 0.000000000000000000e+00 0.000000000000000000e+00 0.000000000000000000e+00 4.614899880312648417e-01 0.000000000000000000e+00 0.000000000000000000e+00 0.000000000000000000e+00 4.103221649996689480e-01 4.238451620016106536e-01 0.000000000000000000e+00 0.000000000000000000e+00 4.768956759633073972e-01 4.923039616446741595e-01 8.598577325409278993e-02 0.000000000000000000e+00
0.000000000000000000e+00 0.000000000000000000e+00 0.000000000000000000e+00 0.000000000000000000e+00 4.660045165344001150e-01 0.000000000000000000e+00 0.000000000000000000e+00 0.000000000000000000e+00 4.028578049282388052e-01 4.168323843045949606e-01 0.000000000000000000e+00 0.000000000000000000e+00 4.618159893461901144e-01 4.749125674870980363e-01 6.924534216620513438e-02 0.000000000000000000e+00
0.000000000000000000e+00 0.000000000000000000e+00 0.000000000000000000e+00 0.000000000000000000e+00 4.765534730639311989e-01 0.000000000000000000e+00 0.000000000000000000e+00 0.000000000000000000e+00 4.091447946419159432e-01 4.227375774672643138e-01 0.000000000000000000e+00 0.000000000000000000e+00 4.618975919910884298e-01 4.751211315701731053e-01 7.452416745277555543e-02 0.000000000000000000e+00
0.000000000000000000e+00 0.000000000000000000e+00 0.000000000000000000e+00 0.000000000000000000e+00 4.602546352922901596e-01 0.000000000000000000e+00 0.000000000000000000e+00 0.000000000000000000e+00 4.050021169740524174e-01 4.179365997095970120e-01 0.000000000000000000e+00 0.000000000000000000e+00 4.634003505060427242e-01 4.758820727637422809e-01 7.186713285024162734e-02 0.000000000000000000e+00
0.000000000000000000e+00 0.000000000000000000e+00 0.000000000000000000e+00 0.000000000000000000e+00 4.653728418855067606e-01 0.000000000000000000e+00 0.000000000000000000e+00 0.000000000000000000e+00 4.140480949203053651e-01 4.323180494537677276e-01 0.000000000000000000e+00 0.000000000000000000e+00 4.577936363838638334e-01 4.745995761278595793e-01 7.140799479935579230e-02 0.000000000000000000e+00
0.000000000000000000e+00 0.000000000000000000e+00 0.000000000000000000e+00 0.000000000000000000e+00 4.504040020050313342e-01 0.000000000000000000e+00 0.000000000000000000e+00 0.000000000000000000e+00 4.079521297844382888e-01 4.246244678452856802e-01 0.000000000000000000e+00 0.000000000000000000e+00 4.664853768343501517e-01 4.840923968816263634e-01 7.979784245293118639e-02 0.000000000000000000e+00
0.000000000000000000e+00 0.000000000000000000e+00 0.000000000000000000e+00 0.000000000000000000e+00 4.648933999560319608e-01 0.000000000000000000e+00 0.000000000000000000e+00 0.000000000000000000e+00 4.036662214614458732e-01 4.168938143769964633e-01 0.000000000000000000e+00 0.000000000000000000e+00 4.625362054539636780e-01 4.763004005129307106e-01 6.730024515861146583e-02 0.000000000000000000e+00
0.000000000000000000e+00 0.000000000000000000e+00 0.000000000000000000e+00 0.000000000000000000e+00 4.661519504790250790e-01 0.000000000000000000e+00 0.000000000000000000e+00 0.000000000000000000e+00 3.991052417752840031e-01 4.155605702419497560e-01 0.000000000000000000e+00 0.000000000000000000e+00 4.622266942397624812e-01 4.798780520438312713e-01 6.746323167544668320e-02 0.000000000000000000e+00
0.000000000000000000e+00 0.000000000000000000e+00 0.000000000000000000e+00 0.000000000000000000e+00 4.542066397229961305e-01 0.000000000000000000e+00 0.000000000000000000e+00 0.000000000000000000e+00 4.023026384845558301e-01 4.206630631750381544e-01 0.000000000000000000e+00 0.000000000000000000e+00 4.652869383806062520e-01 4.848772268917271866e-01 7.297379146430203745e-02 0.000000000000000000e+00
0.000000000000000000e+00 0.000000000000000000e+00 0.000000000000000000e+00 0.000000000000000000e+00 4.665716879206780465e-01 0.000000000000000000e+00 0.000000000000000000e+00 0.000000000000000000e+00 4.143303484028086348e-01 4.311820362819031027e-01 0.000000000000000000e+00 0.000000000000000000e+00 4.648135682998691953e-01 4.818438780926599940e-01 7.967076658369094677e-02 0.000000000000000000e+00
0.000000000000000000e+00 0.000000000000000000e+00 0.000000000000000000e+00 0.000000000000000000e+00 4.687079301039679402e-01 0.000000000000000000e+00 0.000000000000000000e+00 0.000000000000000000e+00 4.092632206444322684e-01 4.246993911681791189e-01 0.000000000000000000e+00 0.000000000000000000e+00 4.608677524993851637e-01 4.770681269100297550e-01 7.397629996320687074e-02 0.000000000000000000e+00
0.000000000000000000e+00 0.000000000000000000e+00 0.000000000000000000e+00 0.000000000000000000e+00 4.644097747490014694e-01 0.000000000000000000e+00 0.000000000000000000e+00 0.000000000000000000e+00 4.109377771310331329e-01 4.286689291645800481e-01 0.000000000000000000e+00 0.000000000000000000e+00 4.698445446557804051e-01 4.871249440814467979e-01 7.821638861072027771e-02 0.000000000000000000e+00
0.000000000000000000e+00 0.000000000000000000e+00 0.000000000000000000e+00 0.000000000000000000e+00 4.656771555798221995e-01 0.000000000000000000e+00 0.000000000000000000e+00 0.000000000000000000e+00 4.012212467110803926e-01 4.178193760454703143e-01 0.000000000000000000e+00 0.000000000000000000e+00 4.534576649912069879e-01 4.709799547597641745e-01 7.514878362829864600e-02 0.000000000000000000e+00
0.000000000000000000e+00 0.000000000000000000e+00 0.000000000000000000e+00 0.000000000000000000e+00 4.731025977067600530e-01 0.000000000000000000e+00 0.000000000000000000e+00 0.000000000000000000e+00 4.044294624945964367e-01 4.202110271095522154e-01 0.000000000000000000e+00 0.000000000000000000e+00 4.507571094322414540e-01 4.668350743605645947e-01 6.939618358720797686e-02 0.000000000000000000e+00
0.000000000000000000e+00 0.000000000000000000e+00 0.000000000000000000e+00 0.000000000000000000e+00 4.637000135511988308e-01 0.000000000000000000e+00 0.000000000000000000e+00 0.000000000000000000e+00 4.116516953366984866e-01 4.301321507951859635e-01 0.000000000000000000e+00 0.000000000000000000e+00 4.598598456036456228e-01 4.786604734653557292e-01 6.884021144957606919e-02 0.000000000000000000e+00
0.000000000000000000e+00 0.000000000000000000e+00 0.000000000000000000e+00 0.000000000000000000e+00 4.473142449666521192e-01 0.000000000000000000e+00 0.000000000000000000e+00 0.000000000000000000e+00 3.953550954415835927e-01 4.161654628907078823e-01 0.000000000000000000e+00 0.000000000000000000e+00 4.460383561615410275e-01 4.653918591492072210e-01 7.046027830061812880e-02 0.000000000000000000e+00
0.000000000000000000e+00 0.000000000000000000e+00 0.000000000000000000e+00 0.000000000000000000e+00 4.620728611556528254e-01 0.000000000000000000e+00 0.000000000000000000e+00 0.000000000000000000e+00 3.983541675300771856e-01 4.142711660355054004e-01 0.000000000000000000e+00 0.000000000000000000e+00 4.806871274894943258e-01 4.990936295339019058e-01 8.518217178646037002e-02 0.000000000000000000e+00
0.000000000000000000e+00 0.000000000000000000e+00 0.000000000000000000e+00 0.000000000000000000e+00 4.773853913097289570e-01 0.000000000000000000e+00 0.000000000000000000e+00 0.000000000000000000e+00 4.042377675809395998e-01 4.152013105332079124e-01 0.000000000000000000e+00 0.000000000000000000e+00 4.699122477714618440e-01 4.807092937601231686e-01 7.392060839765765556e-02 0.000000000000000000e+00
0.000000000000000000e+00 0.000000000000000000e+00 0.000000000000000000e+00 0.000000000000000000e+00 4.732528340513333931e-01 0.000000000000000000e+00 0.000000000000000000e+00 0.000000000000000000e+00 4.178502274319355614e-01 4.265001812658374414e-01 0.000000000000000000e+00 0.000000000000000000e+00 4.646503795265982117e-01 4.734377271283859989e-01 7.316120200530167039e-02 0.000000000000000000e+00
0.000000000000000000e+00 0.000000000000000000e+00 0.000000000000000000e+00 0.000000000000000000e+00 4.532837949983455350e-01 0.000000000000000000e+00 0.000000000000000000e+00 0.000000000000000000e+00 3.983069266025643373e-01 4.182314558040783892e-01 0.000000000000000000e+00 0.000000000000000000e+00 4.669682030781212023e-01 4.881981092563528746e-01 8.052099878193239024e-02 0.000000000000000000e+00
0.000000000000000000e+00 0.000000000000000000e+00 0.000000000000000000e+00 0.000000000000000000e+00 4.586135139409415751e-01 0.000000000000000000e+00 0.000000000000000000e+00 0.000000000000000000e+00 4.112808533559120794e-01 4.246494731807727852e-01 0.000000000000000000e+00 0.000000000000000000e+00 4.656574458181247933e-01 4.799917070111877071e-01 8.322009838237132140e-02 0.000000000000000000e+00
0.000000000000000000e+00 0.000000000000000000e+00 0.000000000000000000e+00 0.000000000000000000e+00 4.690675211014571633e-01 0.000000000000000000e+00 0.000000000000000000e+00 0.000000000000000000e+00 4.080710664977825752e-01 4.258994935527583570e-01 0.000000000000000000e+00 0.000000000000000000e+00 4.771952716564847319e-01 4.958990513516063903e-01 7.664819874799295996e-02 0.000000000000000000e+00
