1.113800000000000000e+04 6.730000000000000000e+02 1.574000000000000000e+03 1.813000000000000000e+03 2.876000000000000000e+03 7.277000000000000000e+03 1.060300000000000000e+04 1.842900000000000000e+04 4.029700000000000000e+04 4.790800000000000000e+04 6.139900000000000000e+04 1.231920000000000000e+05 1.242100000000000000e+05 2.122840000000000000e+05 6.370000000000000000e+05 1.029885000000000000e+06 1.965691000000000000e+06 6.530229000000000000e+06 1.294559900000000000e+07
1.011000000000000000e+03 7.450000000000000000e+02 1.503000000000000000e+03 1.785000000000000000e+03 2.810000000000000000e+03 6.582000000000000000e+03 9.696000000000000000e+03 1.546900000000000000e+04 3.431900000000000000e+04 3.656700000000000000e+04 4.449700000000000000e+04 9.659400000000000000e+04 1.192380000000000000e+05 2.344110000000000000e+05 6.298350000000000000e+05 1.038001000000000000e+06 2.323971000000000000e+06 7.122370000000000000e+06 1.332559800000000000e+07
3.001000000000000000e+03 1.670000000000000000e+03 2.901000000000000000e+03 2.773000000000000000e+03 3.581000000000000000e+03 7.699000000000000000e+03 1.380200000000000000e+04 2.568200000000000000e+04 5.494600000000000000e+04 6.276300000000000000e+04 9.125100000000000000e+04 1.398430000000000000e+05 1.765710000000000000e+05 2.997610000000000000e+05 9.760060000000000000e+05 1.536195000000000000e+06 3.189201000000000000e+06 9.283076000000000000e+06 1.629913800000000000e+07
3.061000000000000000e+03 2.211000000000000000e+03 3.476000000000000000e+03 3.018000000000000000e+03 4.257000000000000000e+03 9.871000000000000000e+03 1.581100000000000000e+04 2.861000000000000000e+04 6.340800000000000000e+04 7.240500000000000000e+04 9.156300000000000000e+04 1.524170000000000000e+05 1.351600000000000000e+05 3.763720000000000000e+05 1.184264000000000000e+06 1.879561000000000000e+06 3.464552000000000000e+06 1.179051300000000000e+07 2.177280000000000000e+07
3.833000000000000000e+03 2.132000000000000000e+03 3.684000000000000000e+03 3.695000000000000000e+03 5.044000000000000000e+03 1.152500000000000000e+04 2.073300000000000000e+04 3.243000000000000000e+04 7.474400000000000000e+04 8.832000000000000000e+04 1.086450000000000000e+05 2.427450000000000000e+05 3.283900000000000000e+05 6.099330000000000000e+05 1.339959000000000000e+06 2.588741000000000000e+06 4.631857000000000000e+06 1.526317100000000000e+07 2.799836600000000000e+07
3.251000000000000000e+03 1.809000000000000000e+03 3.328000000000000000e+03 2.993000000000000000e+03 4.173000000000000000e+03 9.946000000000000000e+03 1.452000000000000000e+04 2.267900000000000000e+04 5.145000000000000000e+04 6.259600000000000000e+04 8.964400000000000000e+04 1.642250000000000000e+05 1.846840000000000000e+05 3.199420000000000000e+05 9.856540000000000000e+05 1.544824000000000000e+06 2.814787000000000000e+06 7.772996000000000000e+06 1.052300400000000000e+07
3.902000000000000000e+03 1.491000000000000000e+03 2.082000000000000000e+03 1.765000000000000000e+03 2.225000000000000000e+03 6.127000000000000000e+03 9.891000000000000000e+03 1.526000000000000000e+04 2.427600000000000000e+04 3.317200000000000000e+04 4.251100000000000000e+04 9.514800000000000000e+04 9.266500000000000000e+04 1.572080000000000000e+05 3.937110000000000000e+05 5.673280000000000000e+05 1.195061000000000000e+06 3.785632000000000000e+06 8.032829000000000000e+06
5.770000000000000000e+03 2.616000000000000000e+03 3.430000000000000000e+03 3.251000000000000000e+03 4.873000000000000000e+03 1.175200000000000000e+04 1.919200000000000000e+04 3.438900000000000000e+04 6.873000000000000000e+04 7.754200000000000000e+04 1.241150000000000000e+05 1.972140000000000000e+05 2.805810000000000000e+05 4.244850000000000000e+05 1.168620000000000000e+06 1.850622000000000000e+06 3.868238000000000000e+06 1.482468100000000000e+07 2.952213900000000000e+07
8.531000000000000000e+03 2.923000000000000000e+03 4.251000000000000000e+03 4.062000000000000000e+03 5.366000000000000000e+03 1.387000000000000000e+04 2.238800000000000000e+04 3.651600000000000000e+04 7.967200000000000000e+04 9.197800000000000000e+04 1.520440000000000000e+05 2.913240000000000000e+05 3.330330000000000000e+05 4.742240000000000000e+05 1.446817000000000000e+06 2.873629000000000000e+06 5.035366000000000000e+06 1.311730600000000000e+07 1.856428500000000000e+07
4.789000000000000000e+03 2.891000000000000000e+03 4.124000000000000000e+03 3.443000000000000000e+03 4.271000000000000000e+03 1.087000000000000000e+04 1.632500000000000000e+04 3.229900000000000000e+04 6.904600000000000000e+04 7.719700000000000000e+04 1.198440000000000000e+05 2.098620000000000000e+05 2.429410000000000000e+05 4.886850000000000000e+05 1.297360000000000000e+06 2.197812000000000000e+06 4.117303000000000000e+06 1.369854700000000000e+07 2.203646400000000000e+07
9.400000000000000000e+01 1.260000000000000000e+02 3.800000000000000000e+02 5.740000000000000000e+02 9.030000000000000000e+02 1.900000000000000000e+03 3.050000000000000000e+03 4.900000000000000000e+03 1.086900000000000000e+04 1.163200000000000000e+04 1.441900000000000000e+04 3.534900000000000000e+04 4.366800000000000000e+04 8.664900000000000000e+04 2.197070000000000000e+05 3.701720000000000000e+05 6.975360000000000000e+05 1.695604000000000000e+06 1.489602000000000000e+06
9.449000000000000000e+03 2.053000000000000000e+03 2.948000000000000000e+03 2.698000000000000000e+03 3.698000000000000000e+03 1.015900000000000000e+04 1.486300000000000000e+04 2.346600000000000000e+04 5.250000000000000000e+04 5.607500000000000000e+04 7.543700000000000000e+04 1.469850000000000000e+05 1.587010000000000000e+05 2.847240000000000000e+05 8.320750000000000000e+05 1.437394000000000000e+06 2.661189000000000000e+06 7.634152000000000000e+06 1.692450300000000000e+07
2.006000000000000000e+03 9.640000000000000000e+02 1.995000000000000000e+03 2.268000000000000000e+03 3.418000000000000000e+03 8.270000000000000000e+03 1.263600000000000000e+04 2.134400000000000000e+04 4.684700000000000000e+04 5.418800000000000000e+04 7.216700000000000000e+04 1.684100000000000000e+05 1.928760000000000000e+05 2.464070000000000000e+05 1.014262000000000000e+06 1.475846000000000000e+06 2.930336000000000000e+06 9.241366000000000000e+06 1.901120500000000000e+07
8.760000000000000000e+02 5.780000000000000000e+02 1.610000000000000000e+03 2.373000000000000000e+03 4.035000000000000000e+03 1.032500000000000000e+04 1.475200000000000000e+04 2.826500000000000000e+04 6.959200000000000000e+04 9.032400000000000000e+04 1.326140000000000000e+05 2.354730000000000000e+05 3.035510000000000000e+05 6.417670000000000000e+05 1.601703000000000000e+06 2.396101000000000000e+06 4.982497000000000000e+06 1.638954700000000000e+07 2.987441600000000000e+07
1.512000000000000000e+03 1.074000000000000000e+03 2.319000000000000000e+03 2.964000000000000000e+03 4.036000000000000000e+03 9.347000000000000000e+03 1.546900000000000000e+04 2.645700000000000000e+04 6.501900000000000000e+04 7.975800000000000000e+04 1.076730000000000000e+05 2.775100000000000000e+05 3.633210000000000000e+05 6.093220000000000000e+05 1.634466000000000000e+06 2.470256000000000000e+06 4.985806000000000000e+06 1.287900900000000000e+07 2.053567300000000000e+07
4.858000000000000000e+03 1.873000000000000000e+03 2.611000000000000000e+03 2.350000000000000000e+03 3.380000000000000000e+03 8.372000000000000000e+03 1.258800000000000000e+04 2.422700000000000000e+04 5.526100000000000000e+04 6.879100000000000000e+04 9.914500000000000000e+04 1.663780000000000000e+05 2.013300000000000000e+05 2.888600000000000000e+05 8.082290000000000000e+05 1.276758000000000000e+06 2.424216000000000000e+06 7.625580000000000000e+06 8.745553000000000000e+06
8.261000000000000000e+03 2.474000000000000000e+03 3.237000000000000000e+03 2.473000000000000000e+03 3.504000000000000000e+03 1.188800000000000000e+04 1.525500000000000000e+04 2.516000000000000000e+04 5.798800000000000000e+04 6.630400000000000000e+04 1.011370000000000000e+05 1.896180000000000000e+05 2.299270000000000000e+05 3.901930000000000000e+05 1.102113000000000000e+06 2.025504000000000000e+06 3.432012000000000000e+06 8.608436000000000000e+06 1.707043200000000000e+07
7.149000000000000000e+03 2.906000000000000000e+03 4.474000000000000000e+03 3.809000000000000000e+03 5.066000000000000000e+03 1.335600000000000000e+04 2.029600000000000000e+04 3.350100000000000000e+04 6.607200000000000000e+04 8.162300000000000000e+04 1.303180000000000000e+05 2.878660000000000000e+05 3.730220000000000000e+05 5.455150000000000000e+05 1.588003000000000000e+06 2.348961000000000000e+06 4.430718000000000000e+06 1.176666500000000000e+07 2.494583300000000000e+07
5.359000000000000000e+03 3.388000000000000000e+03 5.080000000000000000e+03 3.668000000000000000e+03 5.068000000000000000e+03 1.165500000000000000e+04 2.188000000000000000e+04 3.525700000000000000e+04 7.746800000000000000e+04 8.902200000000000000e+04 1.161190000000000000e+05 2.408760000000000000e+05 2.810600000000000000e+05 5.259950000000000000e+05 1.564454000000000000e+06 2.397126000000000000e+06 5.020629000000000000e+06 1.589816500000000000e+07 2.908323700000000000e+07
3.409000000000000000e+03 1.990000000000000000e+03 3.232000000000000000e+03 3.136000000000000000e+03 3.988000000000000000e+03 1.020600000000000000e+04 1.699900000000000000e+04 2.796100000000000000e+04 6.144400000000000000e+04 7.808600000000000000e+04 9.788400000000000000e+04 1.635790000000000000e+05 2.550300000000000000e+05 4.189620000000000000e+05 1.290134000000000000e+06 1.759926000000000000e+06 3.534968000000000000e+06 1.118508800000000000e+07 2.078400500000000000e+07
1.009500000000000000e+04 2.743000000000000000e+03 3.517000000000000000e+03 2.725000000000000000e+03 3.697000000000000000e+03 1.076200000000000000e+04 1.915900000000000000e+04 3.093400000000000000e+04 6.733900000000000000e+04 8.997800000000000000e+04 1.246250000000000000e+05 2.487150000000000000e+05 3.064160000000000000e+05 4.296490000000000000e+05 1.215794000000000000e+06 1.852682000000000000e+06 3.674865000000000000e+06 1.078894700000000000e+07 1.622378200000000000e+07
4.472000000000000000e+03 1.778000000000000000e+03 2.712000000000000000e+03 3.154000000000000000e+03 4.717000000000000000e+03 1.152100000000000000e+04 1.912400000000000000e+04 3.265500000000000000e+04 6.782000000000000000e+04 7.601000000000000000e+04 1.016450000000000000e+05 1.578400000000000000e+05 1.916630000000000000e+05 3.878260000000000000e+05 9.961350000000000000e+05 1.555372000000000000e+06 3.538119000000000000e+06 9.887604000000000000e+06 1.850835400000000000e+07
2.060000000000000000e+03 1.254000000000000000e+03 2.263000000000000000e+03 2.803000000000000000e+03 4.409000000000000000e+03 1.057000000000000000e+04 1.570000000000000000e+04 2.402900000000000000e+04 5.188100000000000000e+04 5.508900000000000000e+04 7.918900000000000000e+04 1.522500000000000000e+05 1.718920000000000000e+05 3.344210000000000000e+05 1.000090000000000000e+06 1.578444000000000000e+06 3.235701000000000000e+06 9.346618000000000000e+06 1.405510200000000000e+07
1.417000000000000000e+03 1.072000000000000000e+03 1.718000000000000000e+03 1.941000000000000000e+03 2.968000000000000000e+03 9.266000000000000000e+03 1.460500000000000000e+04 2.684800000000000000e+04 6.419700000000000000e+04 7.861800000000000000e+04 9.984300000000000000e+04 1.738510000000000000e+05 1.821200000000000000e+05 2.375120000000000000e+05 8.892940000000000000e+05 1.643518000000000000e+06 3.137270000000000000e+06 1.037625800000000000e+07 1.975982800000000000e+07
3.377000000000000000e+03 9.020000000000000000e+02 1.657000000000000000e+03 2.098000000000000000e+03 3.473000000000000000e+03 9.068000000000000000e+03 1.388100000000000000e+04 2.341600000000000000e+04 5.195600000000000000e+04 6.559600000000000000e+04 9.464400000000000000e+04 1.821670000000000000e+05 1.711480000000000000e+05 2.973310000000000000e+05 9.177730000000000000e+05 1.416419000000000000e+06 2.998017000000000000e+06 9.035583000000000000e+06 1.692784000000000000e+07
3.618000000000000000e+03 2.018000000000000000e+03 3.299000000000000000e+03 2.483000000000000000e+03 3.213000000000000000e+03 8.149000000000000000e+03 1.278200000000000000e+04 2.396000000000000000e+04 5.208400000000000000e+04 5.525500000000000000e+04 8.922100000000000000e+04 1.627720000000000000e+05 1.864650000000000000e+05 3.277910000000000000e+05 9.532850000000000000e+05 1.424170000000000000e+06 2.742324000000000000e+06 9.029155000000000000e+06 1.422806100000000000e+07
2.466000000000000000e+03 1.141000000000000000e+03 1.761000000000000000e+03 1.711000000000000000e+03 2.984000000000000000e+03 7.600000000000000000e+03 1.360500000000000000e+04 2.302500000000000000e+04 4.626700000000000000e+04 5.552400000000000000e+04 7.310900000000000000e+04 1.414780000000000000e+05 1.698150000000000000e+05 3.506950000000000000e+05 8.650440000000000000e+05 1.473942000000000000e+06 2.979974000000000000e+06 7.866676000000000000e+06 1.386872100000000000e+07
1.587200000000000000e+04 4.442000000000000000e+03 5.042000000000000000e+03 3.799000000000000000e+03 5.161000000000000000e+03 1.732700000000000000e+04 2.995900000000000000e+04 4.546600000000000000e+04 1.085240000000000000e+05 1.124500000000000000e+05 1.671400000000000000e+05 3.520290000000000000e+05 4.209310000000000000e+05 8.098550000000000000e+05 2.141847000000000000e+06 3.342111000000000000e+06 6.492634000000000000e+06 9.440099000000000000e+06 7.713125000000000000e+06
1.035900000000000000e+04 3.890000000000000000e+03 6.017000000000000000e+03 4.842000000000000000e+03 5.883000000000000000e+03 1.727500000000000000e+04 2.329800000000000000e+04 4.108900000000000000e+04 9.432700000000000000e+04 1.040980000000000000e+05 1.561300000000000000e+05 3.187800000000000000e+05 3.417210000000000000e+05 5.822420000000000000e+05 1.968305000000000000e+06 3.120207000000000000e+06 6.248701000000000000e+06 1.761247000000000000e+07 2.883113500000000000e+07
6.007000000000000000e+03 2.121000000000000000e+03 2.938000000000000000e+03 3.016000000000000000e+03 4.236000000000000000e+03 1.109700000000000000e+04 1.763400000000000000e+04 2.962300000000000000e+04 6.484700000000000000e+04 7.311800000000000000e+04 1.064730000000000000e+05 1.871560000000000000e+05 2.282730000000000000e+05 3.537130000000000000e+05 1.179136000000000000e+06 1.624255000000000000e+06 3.092563000000000000e+06 1.074947300000000000e+07 1.931956200000000000e+07
3.448000000000000000e+03 1.986000000000000000e+03 2.945000000000000000e+03 3.123000000000000000e+03 4.574000000000000000e+03 1.035200000000000000e+04 1.663900000000000000e+04 2.740800000000000000e+04 5.251100000000000000e+04 5.801600000000000000e+04 7.620800000000000000e+04 1.754670000000000000e+05 1.631730000000000000e+05 3.032030000000000000e+05 1.032414000000000000e+06 1.697372000000000000e+06 3.342006000000000000e+06 1.214810700000000000e+07 2.549935500000000000e+07
8.280000000000000000e+03 3.790000000000000000e+03 5.009000000000000000e+03 4.285000000000000000e+03 5.196000000000000000e+03 1.352700000000000000e+04 1.882000000000000000e+04 3.874000000000000000e+04 9.381400000000000000e+04 9.784700000000000000e+04 1.349660000000000000e+05 3.600360000000000000e+05 4.330050000000000000e+05 7.697450000000000000e+05 1.832648000000000000e+06 3.342791000000000000e+06 5.274904000000000000e+06 1.252516200000000000e+07 1.408766200000000000e+07
4.011000000000000000e+03 1.229000000000000000e+03 1.714000000000000000e+03 2.037000000000000000e+03 3.062000000000000000e+03 7.357000000000000000e+03 1.237400000000000000e+04 1.870600000000000000e+04 4.149000000000000000e+04 4.307900000000000000e+04 5.201400000000000000e+04 1.011790000000000000e+05 1.303950000000000000e+05 2.523980000000000000e+05 6.510350000000000000e+05 1.071178000000000000e+06 2.060921000000000000e+06 5.840538000000000000e+06 9.117568000000000000e+06
2.607000000000000000e+03 1.623000000000000000e+03 2.632000000000000000e+03 2.345000000000000000e+03 3.882000000000000000e+03 1.016100000000000000e+04 1.504400000000000000e+04 2.881300000000000000e+04 6.432900000000000000e+04 7.513600000000000000e+04 9.402900000000000000e+04 2.044150000000000000e+05 2.425770000000000000e+05 4.133290000000000000e+05 1.206561000000000000e+06 1.753891000000000000e+06 3.425911000000000000e+06 1.038972900000000000e+07 2.266945100000000000e+07
1.870000000000000000e+03 1.478000000000000000e+03 3.003000000000000000e+03 3.395000000000000000e+03 4.571000000000000000e+03 1.077700000000000000e+04 1.626100000000000000e+04 2.720800000000000000e+04 6.107200000000000000e+04 7.056600000000000000e+04 1.150740000000000000e+05 2.257580000000000000e+05 2.920630000000000000e+05 4.717460000000000000e+05 9.604810000000000000e+05 1.637169000000000000e+06 4.062290000000000000e+06 1.133816700000000000e+07 1.554977700000000000e+07
7.025000000000000000e+03 2.336000000000000000e+03 3.291000000000000000e+03 3.812000000000000000e+03 5.010000000000000000e+03 1.491700000000000000e+04 2.064300000000000000e+04 3.324300000000000000e+04 6.430200000000000000e+04 7.355100000000000000e+04 9.992000000000000000e+04 2.347670000000000000e+05 3.282040000000000000e+05 4.772700000000000000e+05 1.178733000000000000e+06 1.892777000000000000e+06 2.929446000000000000e+06 5.501900000000000000e+06 8.229966000000000000e+06
1.099200000000000000e+04 3.899000000000000000e+03 4.215000000000000000e+03 4.182000000000000000e+03 5.764000000000000000e+03 1.574100000000000000e+04 2.413100000000000000e+04 3.521700000000000000e+04 8.011400000000000000e+04 9.453200000000000000e+04 1.425050000000000000e+05 3.137430000000000000e+05 3.257470000000000000e+05 5.873320000000000000e+05 1.573122000000000000e+06 3.051024000000000000e+06 4.883707000000000000e+06 1.632389000000000000e+07 2.773678700000000000e+07
1.063800000000000000e+04 4.956000000000000000e+03 4.827000000000000000e+03 3.722000000000000000e+03 5.285000000000000000e+03 1.381400000000000000e+04 1.727200000000000000e+04 2.640700000000000000e+04 6.359800000000000000e+04 7.359100000000000000e+04 8.460200000000000000e+04 2.051250000000000000e+05 2.366020000000000000e+05 3.625790000000000000e+05 1.000234000000000000e+06 1.768650000000000000e+06 3.965650000000000000e+06 1.133825500000000000e+07 2.184800600000000000e+07
4.806000000000000000e+03 1.562000000000000000e+03 2.755000000000000000e+03 3.519000000000000000e+03 5.696000000000000000e+03 1.413100000000000000e+04 1.720000000000000000e+04 3.180400000000000000e+04 7.181200000000000000e+04 8.001800000000000000e+04 1.092970000000000000e+05 1.916100000000000000e+05 2.889360000000000000e+05 4.899090000000000000e+05 1.402180000000000000e+06 2.309522000000000000e+06 4.189276000000000000e+06 1.271176000000000000e+07 2.192660000000000000e+07
3.604000000000000000e+03 1.956000000000000000e+03 3.227000000000000000e+03 3.251000000000000000e+03 4.901000000000000000e+03 1.152600000000000000e+04 1.544500000000000000e+04 2.870900000000000000e+04 6.861600000000000000e+04 7.638200000000000000e+04 1.203120000000000000e+05 2.566220000000000000e+05 2.695790000000000000e+05 4.306980000000000000e+05 1.067726000000000000e+06 2.080861000000000000e+06 4.394804000000000000e+06 1.426538300000000000e+07 2.433120100000000000e+07
3.862000000000000000e+03 2.585000000000000000e+03 4.356000000000000000e+03 4.359000000000000000e+03 5.957000000000000000e+03 1.402500000000000000e+04 2.281800000000000000e+04 3.469500000000000000e+04 7.815700000000000000e+04 8.721800000000000000e+04 1.157930000000000000e+05 2.502180000000000000e+05 3.049890000000000000e+05 4.594840000000000000e+05 1.443327000000000000e+06 2.671545000000000000e+06 4.794875000000000000e+06 1.235717700000000000e+07 2.194215900000000000e+07
7.444000000000000000e+03 2.287000000000000000e+03 3.619000000000000000e+03 3.365000000000000000e+03 5.409000000000000000e+03 1.441400000000000000e+04 2.175300000000000000e+04 3.236600000000000000e+04 6.065600000000000000e+04 6.290700000000000000e+04 9.967500000000000000e+04 2.209940000000000000e+05 2.087000000000000000e+05 3.805370000000000000e+05 1.180994000000000000e+06 1.782413000000000000e+06 3.789703000000000000e+06 1.063815300000000000e+07 1.458209500000000000e+07
2.780000000000000000e+02 1.900000000000000000e+02 3.620000000000000000e+02 5.050000000000000000e+02 8.090000000000000000e+02 1.863000000000000000e+03 2.950000000000000000e+03 4.894000000000000000e+03 9.546000000000000000e+03 9.689000000000000000e+03 1.338000000000000000e+04 3.088900000000000000e+04 3.718400000000000000e+04 4.489500000000000000e+04 1.294590000000000000e+05 2.426010000000000000e+05 4.371950000000000000e+05 9.753480000000000000e+05 3.221140000000000000e+05
1.287000000000000000e+03 7.930000000000000000e+02 1.439000000000000000e+03 1.535000000000000000e+03 2.369000000000000000e+03 6.361000000000000000e+03 9.623000000000000000e+03 1.613200000000000000e+04 3.461100000000000000e+04 3.857500000000000000e+04 5.391300000000000000e+04 1.085440000000000000e+05 1.423130000000000000e+05 2.199360000000000000e+05 5.669350000000000000e+05 1.082770000000000000e+06 1.908600000000000000e+06 5.003389000000000000e+06 9.670917000000000000e+06
5.936000000000000000e+03 3.024000000000000000e+03 3.485000000000000000e+03 3.294000000000000000e+03 4.221000000000000000e+03 1.076800000000000000e+04 1.800900000000000000e+04 2.911900000000000000e+04 6.083900000000000000e+04 6.161300000000000000e+04 8.227500000000000000e+04 1.895140000000000000e+05 2.077410000000000000e+05 4.241980000000000000e+05 1.180316000000000000e+06 2.020885000000000000e+06 3.862663000000000000e+06 1.015237900000000000e+07 1.690167300000000000e+07
3.090000000000000000e+03 1.984000000000000000e+03 3.610000000000000000e+03 3.677000000000000000e+03 4.641000000000000000e+03 1.122200000000000000e+04 1.468200000000000000e+04 2.780100000000000000e+04 5.545600000000000000e+04 7.580700000000000000e+04 1.157780000000000000e+05 2.463340000000000000e+05 3.156820000000000000e+05 6.193050000000000000e+05 1.546986000000000000e+06 2.468538000000000000e+06 3.302098000000000000e+06 6.325583000000000000e+06 8.450261000000000000e+06
7.544000000000000000e+03 3.451000000000000000e+03 4.559000000000000000e+03 3.404000000000000000e+03 4.510000000000000000e+03 1.332000000000000000e+04 1.951000000000000000e+04 3.536000000000000000e+04 6.585200000000000000e+04 8.045600000000000000e+04 1.191970000000000000e+05 2.232970000000000000e+05 3.008030000000000000e+05 5.981280000000000000e+05 1.708055000000000000e+06 2.536794000000000000e+06 4.680680000000000000e+06 1.139033800000000000e+07 1.463797600000000000e+07
4.159000000000000000e+03 1.523000000000000000e+03 2.520000000000000000e+03 2.548000000000000000e+03 3.690000000000000000e+03 9.789000000000000000e+03 1.502700000000000000e+04 2.544200000000000000e+04 5.494200000000000000e+04 6.658400000000000000e+04 7.689200000000000000e+04 1.512770000000000000e+05 1.825160000000000000e+05 3.298270000000000000e+05 8.250280000000000000e+05 1.449558000000000000e+06 2.977479000000000000e+06 1.023856200000000000e+07 2.196061600000000000e+07
5.377000000000000000e+03 1.947000000000000000e+03 3.344000000000000000e+03 3.035000000000000000e+03 3.811000000000000000e+03 9.250000000000000000e+03 1.450100000000000000e+04 2.421600000000000000e+04 6.159200000000000000e+04 6.308900000000000000e+04 8.931600000000000000e+04 2.464970000000000000e+05 2.676740000000000000e+05 4.947520000000000000e+05 1.413538000000000000e+06 2.201124000000000000e+06 3.769094000000000000e+06 1.482642500000000000e+07 2.632827100000000000e+07
1.448000000000000000e+03 1.245000000000000000e+03 2.705000000000000000e+03 3.169000000000000000e+03 5.093000000000000000e+03 1.187700000000000000e+04 1.779200000000000000e+04 3.317900000000000000e+04 7.892500000000000000e+04 9.345700000000000000e+04 1.379210000000000000e+05 2.873300000000000000e+05 3.626810000000000000e+05 5.244570000000000000e+05 1.574225000000000000e+06 2.502655000000000000e+06 5.153176000000000000e+06 1.456102000000000000e+07 2.514152600000000000e+07
4.038000000000000000e+03 1.392000000000000000e+03 2.420000000000000000e+03 2.443000000000000000e+03 3.391000000000000000e+03 7.322000000000000000e+03 1.123900000000000000e+04 1.941900000000000000e+04 4.440200000000000000e+04 4.369600000000000000e+04 6.556200000000000000e+04 1.394210000000000000e+05 1.454560000000000000e+05 3.021520000000000000e+05 8.506040000000000000e+05 9.421010000000000000e+05 1.720347000000000000e+06 6.310557000000000000e+06 1.184331400000000000e+07
4.816000000000000000e+03 2.516000000000000000e+03 4.267000000000000000e+03 4.133000000000000000e+03 5.364000000000000000e+03 1.265400000000000000e+04 1.916600000000000000e+04 2.908900000000000000e+04 6.588700000000000000e+04 7.824000000000000000e+04 1.181920000000000000e+05 2.482480000000000000e+05 2.413310000000000000e+05 5.333490000000000000e+05 1.482492000000000000e+06 1.948303000000000000e+06 3.777461000000000000e+06 1.138706000000000000e+07 2.045273800000000000e+07
8.010000000000000000e+02 7.330000000000000000e+02 1.499000000000000000e+03 1.581000000000000000e+03 2.285000000000000000e+03 6.107000000000000000e+03 8.739000000000000000e+03 1.555900000000000000e+04 3.589800000000000000e+04 4.197100000000000000e+04 6.031500000000000000e+04 1.191260000000000000e+05 1.636730000000000000e+05 2.485300000000000000e+05 5.641130000000000000e+05 9.629620000000000000e+05 1.855964000000000000e+06 5.337930000000000000e+06 8.790331000000000000e+06
3.115000000000000000e+03 1.235000000000000000e+03 2.126000000000000000e+03 2.455000000000000000e+03 3.642000000000000000e+03 9.921000000000000000e+03 1.314700000000000000e+04 2.236900000000000000e+04 4.631800000000000000e+04 5.422600000000000000e+04 7.420100000000000000e+04 1.389340000000000000e+05 1.981450000000000000e+05 3.403820000000000000e+05 8.537890000000000000e+05 1.309191000000000000e+06 2.974236000000000000e+06 9.050088000000000000e+06 1.782578000000000000e+07
2.010900000000000000e+04 1.490800000000000000e+04 2.151700000000000000e+04 1.037300000000000000e+04 9.990000000000000000e+03 2.060400000000000000e+04 3.478100000000000000e+04 5.721800000000000000e+04 1.361890000000000000e+05 1.658590000000000000e+05 1.935070000000000000e+05 5.601230000000000000e+05 5.997140000000000000e+05 1.226047000000000000e+06 3.916012000000000000e+06 5.165174000000000000e+06 9.196093000000000000e+06 2.355793000000000000e+07 3.440521100000000000e+07
1.519600000000000000e+04 3.108000000000000000e+03 3.614000000000000000e+03 3.163000000000000000e+03 3.933000000000000000e+03 1.278000000000000000e+04 1.766200000000000000e+04 3.502600000000000000e+04 7.287400000000000000e+04 7.952900000000000000e+04 1.279580000000000000e+05 2.199940000000000000e+05 2.481380000000000000e+05 5.164480000000000000e+05 1.482248000000000000e+06 1.973532000000000000e+06 3.463291000000000000e+06 8.273761000000000000e+06 9.074219000000000000e+06
8.355000000000000000e+03 3.981000000000000000e+03 5.541000000000000000e+03 4.635000000000000000e+03 6.333000000000000000e+03 1.747600000000000000e+04 3.033600000000000000e+04 4.619900000000000000e+04 1.073170000000000000e+05 1.258250000000000000e+05 1.809920000000000000e+05 3.641030000000000000e+05 4.470040000000000000e+05 9.190550000000000000e+05 2.313447000000000000e+06 3.134540000000000000e+06 6.721785000000000000e+06 2.078946700000000000e+07 3.211417400000000000e+07
6.902000000000000000e+03 2.915000000000000000e+03 3.689000000000000000e+03 3.321000000000000000e+03 4.066000000000000000e+03 1.114600000000000000e+04 2.015400000000000000e+04 3.085300000000000000e+04 6.203000000000000000e+04 7.319800000000000000e+04 1.052270000000000000e+05 2.233580000000000000e+05 2.664210000000000000e+05 5.428140000000000000e+05 1.634564000000000000e+06 2.293435000000000000e+06 4.608721000000000000e+06 1.394722600000000000e+07 2.472443900000000000e+07
6.193000000000000000e+03 2.208000000000000000e+03 3.275000000000000000e+03 2.975000000000000000e+03 4.060000000000000000e+03 1.049200000000000000e+04 1.830600000000000000e+04 3.095900000000000000e+04 6.603200000000000000e+04 7.869600000000000000e+04 1.215460000000000000e+05 2.572380000000000000e+05 2.958680000000000000e+05 3.938910000000000000e+05 1.387535000000000000e+06 1.862454000000000000e+06 4.615519000000000000e+06 1.195885400000000000e+07 1.786693300000000000e+07
3.804000000000000000e+03 1.862000000000000000e+03 2.800000000000000000e+03 2.766000000000000000e+03 3.641000000000000000e+03 8.269000000000000000e+03 1.203600000000000000e+04 2.340600000000000000e+04 4.901500000000000000e+04 6.276200000000000000e+04 8.611000000000000000e+04 1.782270000000000000e+05 1.979940000000000000e+05 3.882910000000000000e+05 9.332850000000000000e+05 1.300310000000000000e+06 2.740694000000000000e+06 7.463557000000000000e+06 1.413907100000000000e+07
6.207000000000000000e+03 2.227000000000000000e+03 2.522000000000000000e+03 2.033000000000000000e+03 2.880000000000000000e+03 8.916000000000000000e+03 1.440400000000000000e+04 2.498000000000000000e+04 5.068100000000000000e+04 6.786400000000000000e+04 9.669700000000000000e+04 1.749730000000000000e+05 2.254440000000000000e+05 3.149170000000000000e+05 8.502200000000000000e+05 1.355810000000000000e+06 2.672244000000000000e+06 8.913305000000000000e+06 1.463843300000000000e+07
3.292000000000000000e+03 1.572000000000000000e+03 2.814000000000000000e+03 2.971000000000000000e+03 5.014000000000000000e+03 1.216500000000000000e+04 1.669600000000000000e+04 2.853400000000000000e+04 6.376100000000000000e+04 7.988400000000000000e+04 1.172790000000000000e+05 2.042980000000000000e+05 2.678960000000000000e+05 3.967640000000000000e+05 1.080665000000000000e+06 1.521365000000000000e+06 3.303981000000000000e+06 9.926864000000000000e+06 1.564326800000000000e+07
1.088000000000000000e+03 1.032000000000000000e+03 2.352000000000000000e+03 3.131000000000000000e+03 5.017000000000000000e+03 1.208000000000000000e+04 1.782700000000000000e+04 3.386600000000000000e+04 7.739100000000000000e+04 9.255800000000000000e+04 1.453160000000000000e+05 3.077480000000000000e+05 3.290150000000000000e+05 4.626070000000000000e+05 1.515309000000000000e+06 2.281992000000000000e+06 4.513327000000000000e+06 1.465546600000000000e+07 2.271400500000000000e+07
2.235000000000000000e+03 1.168000000000000000e+03 2.103000000000000000e+03 1.822000000000000000e+03 2.805000000000000000e+03 6.338000000000000000e+03 1.031400000000000000e+04 1.738600000000000000e+04 3.927000000000000000e+04 4.828500000000000000e+04 6.771100000000000000e+04 1.328380000000000000e+05 1.521430000000000000e+05 2.248660000000000000e+05 8.214390000000000000e+05 1.184829000000000000e+06 2.194523000000000000e+06 5.787115000000000000e+06 8.827462000000000000e+06
3.949000000000000000e+03 1.654000000000000000e+03 3.521000000000000000e+03 3.767000000000000000e+03 5.575000000000000000e+03 1.506500000000000000e+04 2.041700000000000000e+04 3.575100000000000000e+04 7.182100000000000000e+04 7.355600000000000000e+04 1.068930000000000000e+05 1.929160000000000000e+05 1.989280000000000000e+05 4.716620000000000000e+05 1.217768000000000000e+06 2.150351000000000000e+06 4.102939000000000000e+06 1.086505800000000000e+07 1.278639900000000000e+07
1.938000000000000000e+03 9.400000000000000000e+02 1.502000000000000000e+03 1.470000000000000000e+03 2.230000000000000000e+03 5.687000000000000000e+03 7.952000000000000000e+03 1.325300000000000000e+04 3.077800000000000000e+04 3.433700000000000000e+04 5.082100000000000000e+04 9.368300000000000000e+04 1.163890000000000000e+05 1.409720000000000000e+05 5.367700000000000000e+05 8.571470000000000000e+05 1.596609000000000000e+06 5.052096000000000000e+06 1.208709400000000000e+07
8.735000000000000000e+03 2.450000000000000000e+03 3.778000000000000000e+03 3.071000000000000000e+03 4.187000000000000000e+03 1.093100000000000000e+04 1.872000000000000000e+04 2.709800000000000000e+04 6.497500000000000000e+04 6.607500000000000000e+04 9.284500000000000000e+04 1.690790000000000000e+05 2.313480000000000000e+05 3.954650000000000000e+05 1.368051000000000000e+06 2.232488000000000000e+06 4.461091000000000000e+06 1.086336500000000000e+07 1.516748100000000000e+07
3.563000000000000000e+03 2.754000000000000000e+03 3.686000000000000000e+03 3.146000000000000000e+03 4.331000000000000000e+03 1.029700000000000000e+04 1.693100000000000000e+04 2.993400000000000000e+04 6.849800000000000000e+04 7.133700000000000000e+04 1.024770000000000000e+05 1.978710000000000000e+05 2.556130000000000000e+05 3.918980000000000000e+05 1.411495000000000000e+06 2.230924000000000000e+06 4.752563000000000000e+06 1.604947900000000000e+07 2.614179800000000000e+07
1.005300000000000000e+04 2.268000000000000000e+03 3.921000000000000000e+03 3.711000000000000000e+03 4.916000000000000000e+03 1.563800000000000000e+04 1.839400000000000000e+04 3.818500000000000000e+04 7.751500000000000000e+04 8.577900000000000000e+04 1.171140000000000000e+05 2.629910000000000000e+05 3.255600000000000000e+05 5.241220000000000000e+05 1.578819000000000000e+06 2.893203000000000000e+06 4.648876000000000000e+06 1.003533100000000000e+07 1.996822100000000000e+07
1.759500000000000000e+04 1.222000000000000000e+03 2.510000000000000000e+03 2.622000000000000000e+03 3.653000000000000000e+03 1.058300000000000000e+04 1.358600000000000000e+04 2.312000000000000000e+04 5.006600000000000000e+04 5.125100000000000000e+04 8.693100000000000000e+04 1.405440000000000000e+05 1.367270000000000000e+05 3.068930000000000000e+05 8.878170000000000000e+05 1.140200000000000000e+06 2.458568000000000000e+06 6.571854000000000000e+06 9.232576000000000000e+06
3.520000000000000000e+02 4.870000000000000000e+02 1.319000000000000000e+03 2.596000000000000000e+03 5.267000000000000000e+03 1.395600000000000000e+04 2.098100000000000000e+04 3.818900000000000000e+04 9.411200000000000000e+04 1.212050000000000000e+05 1.928020000000000000e+05 4.131050000000000000e+05 5.170630000000000000e+05 8.856580000000000000e+05 2.580324000000000000e+06 4.103874000000000000e+06 8.341220000000000000e+06 2.087434700000000000e+07 4.344233300000000000e+07
5.259000000000000000e+03 2.447000000000000000e+03 3.653000000000000000e+03 2.630000000000000000e+03 3.450000000000000000e+03 9.985000000000000000e+03 1.456500000000000000e+04 2.679700000000000000e+04 6.073500000000000000e+04 6.712000000000000000e+04 9.574600000000000000e+04 1.821720000000000000e+05 2.136550000000000000e+05 3.939100000000000000e+05 1.144220000000000000e+06 1.888994000000000000e+06 2.891699000000000000e+06 7.630879000000000000e+06 1.135810700000000000e+07
1.165400000000000000e+04 3.382000000000000000e+03 4.912000000000000000e+03 3.483000000000000000e+03 4.370000000000000000e+03 1.122900000000000000e+04 2.077900000000000000e+04 3.964800000000000000e+04 6.181200000000000000e+04 8.913200000000000000e+04 1.343180000000000000e+05 2.135570000000000000e+05 2.191210000000000000e+05 3.626610000000000000e+05 1.369387000000000000e+06 1.898980000000000000e+06 3.550458000000000000e+06 1.089204700000000000e+07 1.581996900000000000e+07
9.477000000000000000e+03 3.670000000000000000e+03 4.462000000000000000e+03 3.777000000000000000e+03 4.987000000000000000e+03 1.237000000000000000e+04 1.992600000000000000e+04 3.032300000000000000e+04 6.066400000000000000e+04 8.079900000000000000e+04 1.070140000000000000e+05 2.695170000000000000e+05 3.483200000000000000e+05 6.408010000000000000e+05 1.542425000000000000e+06 2.344075000000000000e+06 5.135971000000000000e+06 1.783517000000000000e+07 3.124843900000000000e+07
5.505000000000000000e+03 3.232000000000000000e+03 4.040000000000000000e+03 3.126000000000000000e+03 4.666000000000000000e+03 1.080300000000000000e+04 1.669700000000000000e+04 2.844000000000000000e+04 6.399500000000000000e+04 8.429100000000000000e+04 1.132250000000000000e+05 2.361710000000000000e+05 3.334260000000000000e+05 5.331480000000000000e+05 1.564678000000000000e+06 2.713554000000000000e+06 4.936133000000000000e+06 1.356695800000000000e+07 2.267531000000000000e+07
1.489100000000000000e+04 3.092000000000000000e+03 4.183000000000000000e+03 4.799000000000000000e+03 5.230000000000000000e+03 1.503200000000000000e+04 2.148500000000000000e+04 4.258000000000000000e+04 7.854100000000000000e+04 9.138900000000000000e+04 1.157540000000000000e+05 3.113430000000000000e+05 4.142610000000000000e+05 5.513100000000000000e+05 1.668200000000000000e+06 2.831811000000000000e+06 5.876480000000000000e+06 1.492107800000000000e+07 1.972419600000000000e+07
5.956000000000000000e+03 2.731000000000000000e+03 4.163000000000000000e+03 3.669000000000000000e+03 5.501000000000000000e+03 1.319600000000000000e+04 2.168400000000000000e+04 3.545000000000000000e+04 7.931700000000000000e+04 8.080200000000000000e+04 1.056870000000000000e+05 2.204590000000000000e+05 2.552200000000000000e+05 4.711960000000000000e+05 1.391629000000000000e+06 2.379324000000000000e+06 4.510585000000000000e+06 1.244609300000000000e+07 2.018178600000000000e+07
8.140000000000000000e+02 5.550000000000000000e+02 1.315000000000000000e+03 2.058000000000000000e+03 3.727000000000000000e+03 9.356000000000000000e+03 1.414300000000000000e+04 2.635700000000000000e+04 6.393100000000000000e+04 8.439200000000000000e+04 1.423030000000000000e+05 2.989370000000000000e+05 3.489530000000000000e+05 4.898730000000000000e+05 1.332005000000000000e+06 2.278300000000000000e+06 4.169135000000000000e+06 1.346536600000000000e+07 2.493100900000000000e+07
3.813000000000000000e+03 1.943000000000000000e+03 2.962000000000000000e+03 2.532000000000000000e+03 3.552000000000000000e+03 9.755000000000000000e+03 1.575300000000000000e+04 2.520000000000000000e+04 6.117700000000000000e+04 7.574100000000000000e+04 1.093390000000000000e+05 2.190270000000000000e+05 2.364200000000000000e+05 4.143980000000000000e+05 1.340982000000000000e+06 1.977992000000000000e+06 3.801474000000000000e+06 1.077707800000000000e+07 1.450371500000000000e+07
3.156000000000000000e+03 1.339000000000000000e+03 2.089000000000000000e+03 2.094000000000000000e+03 2.984000000000000000e+03 7.886000000000000000e+03 1.294200000000000000e+04 2.049200000000000000e+04 4.596800000000000000e+04 5.134600000000000000e+04 7.121600000000000000e+04 1.282560000000000000e+05 1.356560000000000000e+05 2.602740000000000000e+05 8.327510000000000000e+05 1.409445000000000000e+06 2.438578000000000000e+06 7.598752000000000000e+06 1.268121000000000000e+07
3.238000000000000000e+03 1.309000000000000000e+03 1.856000000000000000e+03 1.722000000000000000e+03 2.669000000000000000e+03 6.994000000000000000e+03 1.128700000000000000e+04 1.788300000000000000e+04 3.617600000000000000e+04 4.374500000000000000e+04 6.049200000000000000e+04 1.076240000000000000e+05 1.076870000000000000e+05 2.582500000000000000e+05 7.871460000000000000e+05 1.189291000000000000e+06 2.647056000000000000e+06 8.366025000000000000e+06 1.375980400000000000e+07
4.349000000000000000e+03 1.899000000000000000e+03 2.625000000000000000e+03 2.432000000000000000e+03 3.580000000000000000e+03 9.570000000000000000e+03 1.633400000000000000e+04 2.721600000000000000e+04 5.830200000000000000e+04 6.357200000000000000e+04 8.348300000000000000e+04 1.964380000000000000e+05 2.592850000000000000e+05 3.073520000000000000e+05 1.206913000000000000e+06 1.632650000000000000e+06 2.957082000000000000e+06 9.685983000000000000e+06 1.734756800000000000e+07
1.078000000000000000e+03 7.070000000000000000e+02 1.368000000000000000e+03 1.479000000000000000e+03 2.165000000000000000e+03 5.694000000000000000e+03 7.843000000000000000e+03 1.290500000000000000e+04 3.157300000000000000e+04 3.263800000000000000e+04 4.062600000000000000e+04 7.830300000000000000e+04 8.610400000000000000e+04 1.597190000000000000e+05 3.929410000000000000e+05 7.307790000000000000e+05 1.473447000000000000e+06 4.289724000000000000e+06 6.730216000000000000e+06
1.523000000000000000e+03 8.130000000000000000e+02 1.819000000000000000e+03 2.433000000000000000e+03 4.104000000000000000e+03 9.320000000000000000e+03 1.496500000000000000e+04 2.645900000000000000e+04 6.085500000000000000e+04 6.797800000000000000e+04 9.019500000000000000e+04 1.506640000000000000e+05 1.846840000000000000e+05 3.472410000000000000e+05 9.966360000000000000e+05 1.865288000000000000e+06 3.584881000000000000e+06 1.092894800000000000e+07 1.954577900000000000e+07
1.375000000000000000e+03 1.172000000000000000e+03 1.960000000000000000e+03 1.999000000000000000e+03 2.754000000000000000e+03 6.759000000000000000e+03 1.021600000000000000e+04 1.824800000000000000e+04 4.251500000000000000e+04 4.954600000000000000e+04 7.364600000000000000e+04 1.349980000000000000e+05 1.645580000000000000e+05 3.063340000000000000e+05 8.067140000000000000e+05 1.164979000000000000e+06 2.261795000000000000e+06 6.481871000000000000e+06 9.106217000000000000e+06
6.125000000000000000e+03 1.905000000000000000e+03 2.701000000000000000e+03 2.495000000000000000e+03 3.612000000000000000e+03 9.373000000000000000e+03 1.522900000000000000e+04 2.953700000000000000e+04 5.995900000000000000e+04 7.160100000000000000e+04 9.236200000000000000e+04 1.879900000000000000e+05 2.774810000000000000e+05 4.639200000000000000e+05 1.055746000000000000e+06 1.272032000000000000e+06 2.043981000000000000e+06 8.492746000000000000e+06 1.892404000000000000e+07
2.660000000000000000e+03 1.409000000000000000e+03 2.547000000000000000e+03 2.474000000000000000e+03 3.459000000000000000e+03 9.039000000000000000e+03 1.404500000000000000e+04 2.651800000000000000e+04 4.860100000000000000e+04 5.887900000000000000e+04 8.503300000000000000e+04 1.942900000000000000e+05 2.113040000000000000e+05 3.854450000000000000e+05 1.049833000000000000e+06 1.937475000000000000e+06 3.771825000000000000e+06 9.811748000000000000e+06 1.709597600000000000e+07
7.375000000000000000e+03 2.455000000000000000e+03 3.232000000000000000e+03 3.251000000000000000e+03 4.176000000000000000e+03 1.031100000000000000e+04 1.702300000000000000e+04 3.146000000000000000e+04 6.316300000000000000e+04 7.364500000000000000e+04 1.110910000000000000e+05 2.243600000000000000e+05 2.288220000000000000e+05 4.297250000000000000e+05 1.131539000000000000e+06 1.657651000000000000e+06 3.787889000000000000e+06 1.179530800000000000e+07 2.333868900000000000e+07
2.243000000000000000e+03 1.619000000000000000e+03 2.846000000000000000e+03 2.713000000000000000e+03 3.968000000000000000e+03 1.094000000000000000e+04 1.600500000000000000e+04 2.776500000000000000e+04 6.593100000000000000e+04 7.005400000000000000e+04 1.054430000000000000e+05 1.977850000000000000e+05 2.308480000000000000e+05 3.789010000000000000e+05 1.200990000000000000e+06 1.964921000000000000e+06 3.697578000000000000e+06 1.112106100000000000e+07 1.453541800000000000e+07
6.360000000000000000e+02 6.510000000000000000e+02 1.446000000000000000e+03 1.690000000000000000e+03 2.776000000000000000e+03 7.335000000000000000e+03 1.012100000000000000e+04 1.754000000000000000e+04 3.964000000000000000e+04 4.107900000000000000e+04 6.915800000000000000e+04 1.196620000000000000e+05 1.363380000000000000e+05 2.535580000000000000e+05 6.918460000000000000e+05 1.154020000000000000e+06 2.263864000000000000e+06 6.518160000000000000e+06 1.005602300000000000e+07
3.029000000000000000e+03 1.779000000000000000e+03 2.979000000000000000e+03 3.019000000000000000e+03 4.254000000000000000e+03 9.500000000000000000e+03 1.516800000000000000e+04 2.936500000000000000e+04 6.355900000000000000e+04 7.759200000000000000e+04 1.065110000000000000e+05 1.685780000000000000e+05 2.030020000000000000e+05 3.507270000000000000e+05 1.012462000000000000e+06 2.059680000000000000e+06 3.668735000000000000e+06 1.017198200000000000e+07 1.905338300000000000e+07
6.106000000000000000e+03 2.712000000000000000e+03 3.483000000000000000e+03 2.887000000000000000e+03 4.044000000000000000e+03 1.063100000000000000e+04 1.795200000000000000e+04 2.789200000000000000e+04 6.235900000000000000e+04 7.489900000000000000e+04 1.043990000000000000e+05 2.123410000000000000e+05 2.577620000000000000e+05 4.161280000000000000e+05 1.028667000000000000e+06 1.693242000000000000e+06 3.512433000000000000e+06 9.797162000000000000e+06 1.733279600000000000e+07
3.728000000000000000e+03 1.690000000000000000e+03 2.291000000000000000e+03 2.253000000000000000e+03 3.260000000000000000e+03 8.260000000000000000e+03 1.352800000000000000e+04 2.146400000000000000e+04 4.573800000000000000e+04 5.430900000000000000e+04 8.726300000000000000e+04 1.767380000000000000e+05 2.577140000000000000e+05 3.119000000000000000e+05 9.753530000000000000e+05 1.680288000000000000e+06 2.514218000000000000e+06 7.319585000000000000e+06 6.669297000000000000e+06
2.866000000000000000e+03 1.547000000000000000e+03 2.046000000000000000e+03 1.985000000000000000e+03 2.903000000000000000e+03 6.988000000000000000e+03 1.295700000000000000e+04 2.116400000000000000e+04 4.242200000000000000e+04 5.319200000000000000e+04 9.114200000000000000e+04 2.390640000000000000e+05 2.860960000000000000e+05 3.576260000000000000e+05 7.068590000000000000e+05 1.103424000000000000e+06 1.942799000000000000e+06 5.338065000000000000e+06 1.260088900000000000e+07
2.091000000000000000e+03 1.576000000000000000e+03 3.183000000000000000e+03 3.541000000000000000e+03 4.999000000000000000e+03 1.233500000000000000e+04 1.719500000000000000e+04 2.993900000000000000e+04 7.648900000000000000e+04 8.789000000000000000e+04 1.147050000000000000e+05 2.509090000000000000e+05 2.588120000000000000e+05 5.449060000000000000e+05 1.653867000000000000e+06 2.550556000000000000e+06 5.000554000000000000e+06 1.456327000000000000e+07 2.906898200000000000e+07
5.496000000000000000e+03 1.907000000000000000e+03 3.561000000000000000e+03 3.948000000000000000e+03 5.539000000000000000e+03 1.378900000000000000e+04 2.013100000000000000e+04 3.792500000000000000e+04 7.970000000000000000e+04 8.689900000000000000e+04 1.280310000000000000e+05 2.647530000000000000e+05 3.155380000000000000e+05 5.051090000000000000e+05 1.738417000000000000e+06 2.386096000000000000e+06 5.611834000000000000e+06 1.528497800000000000e+07 2.368087500000000000e+07
3.275000000000000000e+03 1.017000000000000000e+03 1.754000000000000000e+03 2.477000000000000000e+03 3.735000000000000000e+03 9.260000000000000000e+03 1.454300000000000000e+04 2.300100000000000000e+04 4.945700000000000000e+04 5.375700000000000000e+04 7.345300000000000000e+04 1.521290000000000000e+05 1.736430000000000000e+05 3.262080000000000000e+05 8.181150000000000000e+05 1.446644000000000000e+06 2.847505000000000000e+06 8.633556000000000000e+06 1.397132200000000000e+07
1.463000000000000000e+03 7.130000000000000000e+02 1.374000000000000000e+03 1.464000000000000000e+03 2.378000000000000000e+03 5.658000000000000000e+03 8.209000000000000000e+03 1.595600000000000000e+04 2.930300000000000000e+04 3.136900000000000000e+04 4.215400000000000000e+04 8.453700000000000000e+04 9.872500000000000000e+04 1.844040000000000000e+05 5.575390000000000000e+05 8.682670000000000000e+05 1.913664000000000000e+06 5.840947000000000000e+06 9.823841000000000000e+06
2.239000000000000000e+03 1.516000000000000000e+03 2.719000000000000000e+03 2.819000000000000000e+03 3.739000000000000000e+03 8.211000000000000000e+03 1.272000000000000000e+04 2.236500000000000000e+04 4.843600000000000000e+04 5.975000000000000000e+04 8.615900000000000000e+04 1.831460000000000000e+05 2.407820000000000000e+05 4.304540000000000000e+05 1.057819000000000000e+06 1.475863000000000000e+06 2.630138000000000000e+06 6.869472000000000000e+06 1.047781700000000000e+07
5.590000000000000000e+03 1.793000000000000000e+03 2.539000000000000000e+03 2.401000000000000000e+03 3.401000000000000000e+03 1.033700000000000000e+04 1.554600000000000000e+04 2.371900000000000000e+04 5.105200000000000000e+04 6.412500000000000000e+04 9.703300000000000000e+04 2.122010000000000000e+05 2.748550000000000000e+05 4.021670000000000000e+05 1.114528000000000000e+06 1.874117000000000000e+06 3.772297000000000000e+06 1.083400500000000000e+07 1.782318700000000000e+07
2.917000000000000000e+03 1.775000000000000000e+03 2.586000000000000000e+03 2.610000000000000000e+03 4.351000000000000000e+03 8.447000000000000000e+03 1.325500000000000000e+04 2.498700000000000000e+04 5.443400000000000000e+04 6.380600000000000000e+04 9.454200000000000000e+04 2.073770000000000000e+05 2.607940000000000000e+05 5.177860000000000000e+05 1.280221000000000000e+06 1.634008000000000000e+06 3.766509000000000000e+06 8.861451000000000000e+06 1.756568900000000000e+07
3.220000000000000000e+03 1.991000000000000000e+03 3.193000000000000000e+03 3.138000000000000000e+03 4.633000000000000000e+03 1.102000000000000000e+04 1.548800000000000000e+04 2.855800000000000000e+04 6.472200000000000000e+04 6.893400000000000000e+04 1.072750000000000000e+05 2.223290000000000000e+05 2.957180000000000000e+05 4.029150000000000000e+05 1.163648000000000000e+06 1.903990000000000000e+06 2.965193000000000000e+06 1.190316400000000000e+07 1.859951700000000000e+07
1.289000000000000000e+03 1.024000000000000000e+03 2.181000000000000000e+03 2.400000000000000000e+03 3.827000000000000000e+03 8.823000000000000000e+03 1.280900000000000000e+04 2.396500000000000000e+04 5.150100000000000000e+04 6.034800000000000000e+04 9.021900000000000000e+04 2.113670000000000000e+05 1.839180000000000000e+05 3.706520000000000000e+05 9.412370000000000000e+05 1.711222000000000000e+06 3.625806000000000000e+06 1.115308100000000000e+07 1.874932000000000000e+07
1.200000000000000000e+03 7.610000000000000000e+02 1.290000000000000000e+03 1.648000000000000000e+03 2.825000000000000000e+03 7.366000000000000000e+03 1.057200000000000000e+04 1.973800000000000000e+04 4.266800000000000000e+04 4.857400000000000000e+04 6.534300000000000000e+04 1.194680000000000000e+05 1.485030000000000000e+05 3.155510000000000000e+05 7.162890000000000000e+05 1.005719000000000000e+06 2.077367000000000000e+06 6.301704000000000000e+06 9.721256000000000000e+06
2.052000000000000000e+03 1.360000000000000000e+03 2.120000000000000000e+03 2.222000000000000000e+03 3.413000000000000000e+03 8.776000000000000000e+03 1.388500000000000000e+04 2.109400000000000000e+04 4.559500000000000000e+04 5.250100000000000000e+04 6.880200000000000000e+04 1.431920000000000000e+05 1.449700000000000000e+05 2.705270000000000000e+05 9.364870000000000000e+05 1.468646000000000000e+06 2.984734000000000000e+06 8.683507000000000000e+06 1.765425600000000000e+07
3.265000000000000000e+03 1.614000000000000000e+03 2.431000000000000000e+03 1.985000000000000000e+03 2.845000000000000000e+03 7.769000000000000000e+03 1.199200000000000000e+04 2.120500000000000000e+04 4.716900000000000000e+04 5.575100000000000000e+04 8.911100000000000000e+04 1.319340000000000000e+05 1.665180000000000000e+05 2.992520000000000000e+05 8.660220000000000000e+05 1.779813000000000000e+06 3.317142000000000000e+06 1.166098500000000000e+07 2.557527300000000000e+07
5.639000000000000000e+03 2.688000000000000000e+03 4.129000000000000000e+03 4.437000000000000000e+03 6.089000000000000000e+03 1.625600000000000000e+04 2.187600000000000000e+04 3.630700000000000000e+04 9.753800000000000000e+04 1.170810000000000000e+05 1.581060000000000000e+05 3.181000000000000000e+05 3.733020000000000000e+05 7.211980000000000000e+05 2.304023000000000000e+06 2.891434000000000000e+06 6.260695000000000000e+06 1.919660100000000000e+07 2.889837500000000000e+07
9.567000000000000000e+03 2.166000000000000000e+03 3.110000000000000000e+03 2.883000000000000000e+03 4.251000000000000000e+03 1.406300000000000000e+04 2.258700000000000000e+04 3.734000000000000000e+04 7.153900000000000000e+04 7.323000000000000000e+04 1.071390000000000000e+05 1.949880000000000000e+05 2.580130000000000000e+05 4.058320000000000000e+05 1.355441000000000000e+06 2.124668000000000000e+06 4.492740000000000000e+06 1.217405000000000000e+07 1.482083900000000000e+07
2.447000000000000000e+04 1.293000000000000000e+03 1.740000000000000000e+03 1.918000000000000000e+03 3.242000000000000000e+03 9.604000000000000000e+03 1.229500000000000000e+04 2.261200000000000000e+04 5.037600000000000000e+04 5.365500000000000000e+04 6.699600000000000000e+04 1.246250000000000000e+05 1.717010000000000000e+05 2.725710000000000000e+05 7.761760000000000000e+05 1.361638000000000000e+06 2.575424000000000000e+06 7.504641000000000000e+06 1.250119600000000000e+07
3.355000000000000000e+03 1.699000000000000000e+03 3.210000000000000000e+03 2.925000000000000000e+03 4.190000000000000000e+03 9.869000000000000000e+03 1.535900000000000000e+04 2.608500000000000000e+04 5.428500000000000000e+04 6.756800000000000000e+04 1.004630000000000000e+05 1.814900000000000000e+05 2.517880000000000000e+05 4.253450000000000000e+05 1.182193000000000000e+06 2.363028000000000000e+06 3.731627000000000000e+06 1.389190800000000000e+07 2.073856300000000000e+07
6.467000000000000000e+03 2.143000000000000000e+03 3.272000000000000000e+03 3.932000000000000000e+03 4.925000000000000000e+03 1.370000000000000000e+04 2.286700000000000000e+04 3.411500000000000000e+04 7.976800000000000000e+04 1.045390000000000000e+05 1.478350000000000000e+05 2.929860000000000000e+05 3.555190000000000000e+05 5.706470000000000000e+05 1.807823000000000000e+06 2.122841000000000000e+06 4.805312000000000000e+06 1.303506900000000000e+07 2.042454300000000000e+07
2.863000000000000000e+03 1.904000000000000000e+03 2.868000000000000000e+03 2.831000000000000000e+03 4.445000000000000000e+03 9.683000000000000000e+03 1.465700000000000000e+04 2.516300000000000000e+04 5.872600000000000000e+04 6.612700000000000000e+04 9.513300000000000000e+04 2.084570000000000000e+05 2.563270000000000000e+05 3.972410000000000000e+05 1.119855000000000000e+06 1.880711000000000000e+06 3.943416000000000000e+06 1.175855400000000000e+07 1.953342800000000000e+07
2.793000000000000000e+03 1.810000000000000000e+03 2.680000000000000000e+03 2.931000000000000000e+03 4.144000000000000000e+03 1.062800000000000000e+04 1.526000000000000000e+04 2.507300000000000000e+04 5.629900000000000000e+04 5.876600000000000000e+04 8.025700000000000000e+04 1.555050000000000000e+05 1.671860000000000000e+05 3.563320000000000000e+05 8.075100000000000000e+05 1.431593000000000000e+06 2.665475000000000000e+06 7.178796000000000000e+06 1.275713800000000000e+07
8.150000000000000000e+02 4.800000000000000000e+02 1.164000000000000000e+03 1.392000000000000000e+03 2.300000000000000000e+03 5.156000000000000000e+03 7.043000000000000000e+03 1.086500000000000000e+04 2.387800000000000000e+04 2.287900000000000000e+04 3.960600000000000000e+04 6.364800000000000000e+04 6.017000000000000000e+04 1.260780000000000000e+05 3.209030000000000000e+05 4.905750000000000000e+05 7.450090000000000000e+05 2.534797000000000000e+06 4.128069000000000000e+06
4.860000000000000000e+02 3.480000000000000000e+02 9.580000000000000000e+02 1.293000000000000000e+03 1.913000000000000000e+03 4.298000000000000000e+03 5.773000000000000000e+03 1.107100000000000000e+04 2.654100000000000000e+04 3.053300000000000000e+04 4.577800000000000000e+04 8.758700000000000000e+04 1.071510000000000000e+05 1.991230000000000000e+05 5.775950000000000000e+05 1.021954000000000000e+06 1.909999000000000000e+06 5.015881000000000000e+06 8.366943000000000000e+06
1.160000000000000000e+03 8.930000000000000000e+02 1.818000000000000000e+03 2.175000000000000000e+03 3.203000000000000000e+03 7.650000000000000000e+03 1.099900000000000000e+04 2.093500000000000000e+04 4.703400000000000000e+04 5.481300000000000000e+04 8.551700000000000000e+04 1.627790000000000000e+05 1.795560000000000000e+05 3.128430000000000000e+05 8.130670000000000000e+05 1.374309000000000000e+06 2.580365000000000000e+06 8.874055000000000000e+06 1.585609300000000000e+07
5.590000000000000000e+02 5.200000000000000000e+02 1.023000000000000000e+03 1.505000000000000000e+03 2.782000000000000000e+03 6.987000000000000000e+03 1.046300000000000000e+04 1.954000000000000000e+04 4.686000000000000000e+04 5.373900000000000000e+04 7.147000000000000000e+04 1.357310000000000000e+05 1.680610000000000000e+05 2.707650000000000000e+05 7.896810000000000000e+05 1.273720000000000000e+06 2.472380000000000000e+06 7.119837000000000000e+06 1.075143900000000000e+07
3.960000000000000000e+02 3.840000000000000000e+02 9.980000000000000000e+02 1.502000000000000000e+03 2.700000000000000000e+03 6.683000000000000000e+03 9.879000000000000000e+03 1.764500000000000000e+04 4.315300000000000000e+04 5.432800000000000000e+04 7.654000000000000000e+04 1.280380000000000000e+05 1.536520000000000000e+05 3.127390000000000000e+05 8.213010000000000000e+05 1.233848000000000000e+06 2.403915000000000000e+06 7.991864000000000000e+06 1.403440700000000000e+07
9.730000000000000000e+02 5.480000000000000000e+02 1.012000000000000000e+03 1.183000000000000000e+03 1.568000000000000000e+03 4.578000000000000000e+03 6.245000000000000000e+03 1.064600000000000000e+04 2.163900000000000000e+04 2.122600000000000000e+04 2.800100000000000000e+04 5.398200000000000000e+04 6.862800000000000000e+04 1.182080000000000000e+05 2.865330000000000000e+05 4.555420000000000000e+05 8.178540000000000000e+05 2.620722000000000000e+06 3.475307000000000000e+06
3.451000000000000000e+03 1.305000000000000000e+03 2.177000000000000000e+03 2.285000000000000000e+03 3.493000000000000000e+03 8.454000000000000000e+03 1.342300000000000000e+04 2.335000000000000000e+04 5.056500000000000000e+04 5.281100000000000000e+04 7.302700000000000000e+04 1.155830000000000000e+05 1.720420000000000000e+05 2.991860000000000000e+05 9.407120000000000000e+05 1.431531000000000000e+06 2.874894000000000000e+06 9.538563000000000000e+06 1.622561600000000000e+07
1.019000000000000000e+03 8.890000000000000000e+02 1.609000000000000000e+03 2.320000000000000000e+03 3.963000000000000000e+03 1.027200000000000000e+04 1.639900000000000000e+04 3.015100000000000000e+04 7.087900000000000000e+04 8.752400000000000000e+04 1.169730000000000000e+05 2.317180000000000000e+05 3.037480000000000000e+05 5.117090000000000000e+05 1.387322000000000000e+06 2.132277000000000000e+06 4.441659000000000000e+06 1.197023600000000000e+07 2.078006100000000000e+07
3.317000000000000000e+03 1.709000000000000000e+03 2.017000000000000000e+03 1.704000000000000000e+03 2.740000000000000000e+03 7.247000000000000000e+03 1.190400000000000000e+04 2.061300000000000000e+04 3.891100000000000000e+04 4.350900000000000000e+04 6.422600000000000000e+04 1.107190000000000000e+05 1.296300000000000000e+05 2.065130000000000000e+05 5.116270000000000000e+05 8.090890000000000000e+05 1.742471000000000000e+06 5.395985000000000000e+06 8.620150000000000000e+06
2.177000000000000000e+03 1.441000000000000000e+03 2.722000000000000000e+03 2.401000000000000000e+03 3.813000000000000000e+03 8.869000000000000000e+03 1.352200000000000000e+04 2.536000000000000000e+04 5.573200000000000000e+04 6.182300000000000000e+04 7.838200000000000000e+04 1.801080000000000000e+05 2.191610000000000000e+05 5.013090000000000000e+05 1.156269000000000000e+06 1.586485000000000000e+06 2.579325000000000000e+06 7.820795000000000000e+06 1.324996100000000000e+07
4.371000000000000000e+03 3.311000000000000000e+03 4.950000000000000000e+03 3.913000000000000000e+03 5.404000000000000000e+03 1.271200000000000000e+04 2.130800000000000000e+04 3.027500000000000000e+04 6.803000000000000000e+04 9.740600000000000000e+04 7.730700000000000000e+04 1.512610000000000000e+05 2.125220000000000000e+05 2.804460000000000000e+05 6.107270000000000000e+05 1.223673000000000000e+06 2.057542000000000000e+06 5.368971000000000000e+06 1.018634100000000000e+07
1.491000000000000000e+03 5.260000000000000000e+02 1.227000000000000000e+03 1.620000000000000000e+03 2.822000000000000000e+03 7.701000000000000000e+03 1.214800000000000000e+04 2.189200000000000000e+04 4.267700000000000000e+04 4.302600000000000000e+04 6.247200000000000000e+04 1.169720000000000000e+05 1.453860000000000000e+05 2.185650000000000000e+05 6.615690000000000000e+05 1.118652000000000000e+06 2.266352000000000000e+06 5.416500000000000000e+06 8.702247000000000000e+06
6.480000000000000000e+02 5.350000000000000000e+02 1.304000000000000000e+03 1.363000000000000000e+03 2.194000000000000000e+03 5.308000000000000000e+03 8.288000000000000000e+03 1.347300000000000000e+04 2.922300000000000000e+04 3.266000000000000000e+04 4.275600000000000000e+04 8.068100000000000000e+04 9.650700000000000000e+04 1.613040000000000000e+05 4.864160000000000000e+05 6.823320000000000000e+05 1.465186000000000000e+06 4.029344000000000000e+06 5.779120000000000000e+06
6.103000000000000000e+03 2.346000000000000000e+03 3.554000000000000000e+03 3.056000000000000000e+03 4.282000000000000000e+03 1.115200000000000000e+04 1.666900000000000000e+04 2.928000000000000000e+04 6.018500000000000000e+04 7.474200000000000000e+04 1.180710000000000000e+05 2.165920000000000000e+05 2.884220000000000000e+05 5.313540000000000000e+05 1.345694000000000000e+06 2.244833000000000000e+06 4.653039000000000000e+06 1.512273000000000000e+07 2.557202000000000000e+07
3.949000000000000000e+03 2.829000000000000000e+03 4.067000000000000000e+03 3.394000000000000000e+03 4.441000000000000000e+03 1.107300000000000000e+04 1.974300000000000000e+04 3.097700000000000000e+04 6.798000000000000000e+04 7.993300000000000000e+04 1.332540000000000000e+05 2.403930000000000000e+05 2.850690000000000000e+05 5.500680000000000000e+05 1.618376000000000000e+06 2.545308000000000000e+06 3.854528000000000000e+06 1.206042800000000000e+07 2.279615400000000000e+07
4.517000000000000000e+03 1.880000000000000000e+03 2.705000000000000000e+03 2.810000000000000000e+03 3.814000000000000000e+03 1.032800000000000000e+04 1.584100000000000000e+04 2.632500000000000000e+04 6.073600000000000000e+04 7.952200000000000000e+04 1.060710000000000000e+05 2.108950000000000000e+05 1.644410000000000000e+05 3.338970000000000000e+05 9.894800000000000000e+05 1.591931000000000000e+06 2.727565000000000000e+06 6.437257000000000000e+06 7.678005000000000000e+06
5.600000000000000000e+01 5.500000000000000000e+01 2.030000000000000000e+02 3.950000000000000000e+02 6.330000000000000000e+02 1.623000000000000000e+03 2.069000000000000000e+03 4.025000000000000000e+03 8.892000000000000000e+03 1.063600000000000000e+04 1.264600000000000000e+04 2.186100000000000000e+04 1.866700000000000000e+04 4.178900000000000000e+04 1.066550000000000000e+05 1.563990000000000000e+05 3.391290000000000000e+05 8.997740000000000000e+05 1.292760000000000000e+06
0.000000000000000000e+00 0.000000000000000000e+00 0.000000000000000000e+00 0.000000000000000000e+00 0.000000000000000000e+00 2.000000000000000000e+00 1.000000000000000000e+00 0.000000000000000000e+00 0.000000000000000000e+00 2.000000000000000000e+00 0.000000000000000000e+00 5.000000000000000000e+00 6.000000000000000000e+00 1.000000000000000000e+00 1.300000000000000000e+01 1.120000000000000000e+02 1.694000000000000000e+03 4.023000000000000000e+03 1.693100000000000000e+04
1.604000000000000000e+03 4.540000000000000000e+02 7.990000000000000000e+02 8.440000000000000000e+02 1.394000000000000000e+03 3.377000000000000000e+03 4.833000000000000000e+03 8.483000000000000000e+03 1.722900000000000000e+04 1.673500000000000000e+04 2.659500000000000000e+04 4.456300000000000000e+04 5.870800000000000000e+04 7.883200000000000000e+04 2.650140000000000000e+05 4.460610000000000000e+05 7.025950000000000000e+05 2.112527000000000000e+06 3.013562000000000000e+06
1.498000000000000000e+03 1.023000000000000000e+03 1.669000000000000000e+03 1.973000000000000000e+03 2.861000000000000000e+03 6.260000000000000000e+03 1.028700000000000000e+04 1.765600000000000000e+04 3.586700000000000000e+04 3.675100000000000000e+04 4.404400000000000000e+04 7.796300000000000000e+04 9.111700000000000000e+04 2.163320000000000000e+05 5.148200000000000000e+05 8.715860000000000000e+05 1.842061000000000000e+06 5.944268000000000000e+06 1.110054500000000000e+07
3.678000000000000000e+03 1.409000000000000000e+03 1.782000000000000000e+03 1.782000000000000000e+03 2.478000000000000000e+03 6.036000000000000000e+03 1.027800000000000000e+04 1.801600000000000000e+04 3.566100000000000000e+04 4.583700000000000000e+04 6.222200000000000000e+04 1.081600000000000000e+05 1.279660000000000000e+05 2.174620000000000000e+05 5.437340000000000000e+05 7.675400000000000000e+05 1.765172000000000000e+06 4.625443000000000000e+06 5.671225000000000000e+06
1.107000000000000000e+03 8.960000000000000000e+02 1.587000000000000000e+03 1.514000000000000000e+03 2.030000000000000000e+03 5.398000000000000000e+03 8.277000000000000000e+03 1.402000000000000000e+04 3.450100000000000000e+04 3.844800000000000000e+04 5.244200000000000000e+04 9.664800000000000000e+04 1.273010000000000000e+05 2.466270000000000000e+05 6.911450000000000000e+05 9.267810000000000000e+05 2.004811000000000000e+06 5.773185000000000000e+06 8.099925000000000000e+06
1.368000000000000000e+03 9.100000000000000000e+02 1.562000000000000000e+03 1.654000000000000000e+03 2.574000000000000000e+03 6.859000000000000000e+03 9.678000000000000000e+03 1.750200000000000000e+04 3.772400000000000000e+04 4.373400000000000000e+04 6.895900000000000000e+04 1.254910000000000000e+05 1.525730000000000000e+05 2.231850000000000000e+05 5.845440000000000000e+05 8.648080000000000000e+05 1.960819000000000000e+06 5.315776000000000000e+06 8.099512000000000000e+06
1.998000000000000000e+03 1.444000000000000000e+03 3.112000000000000000e+03 3.167000000000000000e+03 4.564000000000000000e+03 9.986000000000000000e+03 1.426700000000000000e+04 2.293700000000000000e+04 5.034400000000000000e+04 5.079200000000000000e+04 6.374800000000000000e+04 1.185490000000000000e+05 1.304260000000000000e+05 2.195560000000000000e+05 8.005530000000000000e+05 1.174968000000000000e+06 2.438646000000000000e+06 7.628660000000000000e+06 1.430712900000000000e+07
2.097000000000000000e+03 9.550000000000000000e+02 1.752000000000000000e+03 2.136000000000000000e+03 3.359000000000000000e+03 8.263000000000000000e+03 1.289500000000000000e+04 2.244200000000000000e+04 5.005500000000000000e+04 5.841400000000000000e+04 7.999900000000000000e+04 1.707250000000000000e+05 1.696040000000000000e+05 2.316040000000000000e+05 6.945930000000000000e+05 1.264730000000000000e+06 2.498972000000000000e+06 7.498142000000000000e+06 1.111916400000000000e+07
1.298000000000000000e+03 7.100000000000000000e+02 9.310000000000000000e+02 1.093000000000000000e+03 1.717000000000000000e+03 4.302000000000000000e+03 7.160000000000000000e+03 1.015000000000000000e+04 2.095200000000000000e+04 2.404400000000000000e+04 3.442800000000000000e+04 6.227500000000000000e+04 6.689500000000000000e+04 1.489610000000000000e+05 3.702540000000000000e+05 5.777870000000000000e+05 1.116107000000000000e+06 3.800836000000000000e+06 6.495907000000000000e+06
1.544000000000000000e+03 1.086000000000000000e+03 1.742000000000000000e+03 1.858000000000000000e+03 2.885000000000000000e+03 7.566000000000000000e+03 1.223600000000000000e+04 1.857900000000000000e+04 4.222100000000000000e+04 5.075400000000000000e+04 6.671600000000000000e+04 1.500250000000000000e+05 1.838230000000000000e+05 2.776100000000000000e+05 7.611220000000000000e+05 1.157955000000000000e+06 2.187084000000000000e+06 6.110146000000000000e+06 1.051356800000000000e+07
