2.130000000000000000e+02 3.000000000000000000e+01 1.740000000000000000e+02 1.480000000000000000e+02 2.340000000000000000e+02 6.670000000000000000e+02 1.164000000000000000e+03 1.365000000000000000e+03 2.526000000000000000e+03 2.502000000000000000e+03 3.228000000000000000e+03 7.467000000000000000e+03 4.709000000000000000e+03 1.021000000000000000e+04 2.873100000000000000e+04 4.406200000000000000e+04 7.818600000000000000e+04 2.490840000000000000e+05 5.032960000000000000e+05
2.570000000000000000e+02 1.420000000000000000e+02 3.640000000000000000e+02 4.410000000000000000e+02 6.760000000000000000e+02 9.380000000000000000e+02 1.236000000000000000e+03 1.632000000000000000e+03 4.034000000000000000e+03 3.067000000000000000e+03 4.289000000000000000e+03 6.247000000000000000e+03 8.630000000000000000e+03 1.329200000000000000e+04 3.917200000000000000e+04 6.181700000000000000e+04 1.311280000000000000e+05 4.334280000000000000e+05 8.717320000000000000e+05
3.100000000000000000e+02 1.550000000000000000e+02 3.850000000000000000e+02 4.050000000000000000e+02 7.290000000000000000e+02 1.852000000000000000e+03 2.973000000000000000e+03 4.384000000000000000e+03 6.874000000000000000e+03 7.539000000000000000e+03 1.116700000000000000e+04 2.286200000000000000e+04 2.883800000000000000e+04 3.725600000000000000e+04 9.780500000000000000e+04 1.248800000000000000e+05 1.859890000000000000e+05 6.454250000000000000e+05 1.028803000000000000e+06
3.530000000000000000e+02 3.440000000000000000e+02 4.840000000000000000e+02 3.200000000000000000e+02 4.430000000000000000e+02 1.072000000000000000e+03 1.423000000000000000e+03 2.621000000000000000e+03 5.356000000000000000e+03 6.110000000000000000e+03 5.708000000000000000e+03 8.593000000000000000e+03 1.106100000000000000e+04 2.425200000000000000e+04 6.443900000000000000e+04 9.674400000000000000e+04 1.860300000000000000e+05 6.762640000000000000e+05 1.073208000000000000e+06
1.790000000000000000e+02 1.990000000000000000e+02 5.730000000000000000e+02 6.750000000000000000e+02 9.640000000000000000e+02 2.501000000000000000e+03 3.454000000000000000e+03 5.731000000000000000e+03 1.384500000000000000e+04 1.633900000000000000e+04 1.449700000000000000e+04 2.760100000000000000e+04 1.939500000000000000e+04 2.787200000000000000e+04 7.306200000000000000e+04 1.746090000000000000e+05 2.487520000000000000e+05 8.148050000000000000e+05 1.570940000000000000e+06
2.440000000000000000e+02 1.280000000000000000e+02 2.560000000000000000e+02 3.050000000000000000e+02 5.490000000000000000e+02 1.158000000000000000e+03 1.470000000000000000e+03 2.629000000000000000e+03 5.827000000000000000e+03 5.727000000000000000e+03 6.212000000000000000e+03 1.082300000000000000e+04 1.626500000000000000e+04 2.207300000000000000e+04 6.214500000000000000e+04 8.366800000000000000e+04 1.314880000000000000e+05 4.408280000000000000e+05 5.156450000000000000e+05
1.600000000000000000e+02 2.900000000000000000e+01 1.070000000000000000e+02 2.100000000000000000e+02 3.000000000000000000e+02 9.570000000000000000e+02 1.249000000000000000e+03 1.908000000000000000e+03 4.240000000000000000e+03 3.830000000000000000e+03 5.468000000000000000e+03 1.110000000000000000e+04 1.068000000000000000e+04 1.975100000000000000e+04 3.401400000000000000e+04 4.606600000000000000e+04 1.071090000000000000e+05 3.815040000000000000e+05 6.351270000000000000e+05
1.850000000000000000e+02 1.370000000000000000e+02 3.590000000000000000e+02 4.540000000000000000e+02 7.880000000000000000e+02 1.388000000000000000e+03 1.845000000000000000e+03 2.708000000000000000e+03 6.394000000000000000e+03 8.647000000000000000e+03 1.207600000000000000e+04 1.737500000000000000e+04 2.298700000000000000e+04 2.957600000000000000e+04 9.056100000000000000e+04 1.497900000000000000e+05 3.021220000000000000e+05 9.533690000000000000e+05 1.914074000000000000e+06
5.680000000000000000e+02 4.020000000000000000e+02 7.700000000000000000e+02 9.530000000000000000e+02 1.051000000000000000e+03 2.416000000000000000e+03 3.163000000000000000e+03 4.973000000000000000e+03 1.053400000000000000e+04 9.816000000000000000e+03 1.339200000000000000e+04 2.411100000000000000e+04 2.033700000000000000e+04 2.042800000000000000e+04 7.804400000000000000e+04 1.942540000000000000e+05 3.202210000000000000e+05 5.718830000000000000e+05 5.805230000000000000e+05
7.100000000000000000e+01 4.400000000000000000e+01 1.210000000000000000e+02 1.660000000000000000e+02 2.290000000000000000e+02 5.870000000000000000e+02 9.000000000000000000e+02 1.388000000000000000e+03 3.439000000000000000e+03 3.549000000000000000e+03 5.038000000000000000e+03 8.782000000000000000e+03 1.054600000000000000e+04 2.292200000000000000e+04 5.361000000000000000e+04 9.396000000000000000e+04 1.738160000000000000e+05 4.902310000000000000e+05 9.664040000000000000e+05
9.500000000000000000e+01 1.920000000000000000e+02 4.680000000000000000e+02 6.330000000000000000e+02 9.700000000000000000e+02 2.222000000000000000e+03 3.085000000000000000e+03 4.009000000000000000e+03 8.395000000000000000e+03 1.069200000000000000e+04 1.514900000000000000e+04 2.375000000000000000e+04 2.607800000000000000e+04 5.071700000000000000e+04 9.834800000000000000e+04 1.250570000000000000e+05 2.343860000000000000e+05 5.583810000000000000e+05 9.665540000000000000e+05
5.650000000000000000e+02 1.660000000000000000e+02 2.810000000000000000e+02 3.920000000000000000e+02 5.470000000000000000e+02 1.809000000000000000e+03 2.149000000000000000e+03 3.176000000000000000e+03 7.870000000000000000e+03 6.689000000000000000e+03 8.177000000000000000e+03 2.143900000000000000e+04 1.342200000000000000e+04 1.954600000000000000e+04 4.814900000000000000e+04 1.067410000000000000e+05 1.660030000000000000e+05 4.962140000000000000e+05 1.081545000000000000e+06
1.450000000000000000e+02 1.160000000000000000e+02 2.450000000000000000e+02 3.400000000000000000e+02 4.670000000000000000e+02 1.137000000000000000e+03 1.456000000000000000e+03 2.299000000000000000e+03 4.412000000000000000e+03 5.679000000000000000e+03 5.138000000000000000e+03 1.311200000000000000e+04 1.707300000000000000e+04 2.922800000000000000e+04 6.450000000000000000e+04 9.340500000000000000e+04 2.262690000000000000e+05 6.928810000000000000e+05 1.148973000000000000e+06
7.000000000000000000e+01 8.600000000000000000e+01 2.880000000000000000e+02 5.240000000000000000e+02 8.230000000000000000e+02 2.086000000000000000e+03 2.931000000000000000e+03 4.958000000000000000e+03 1.020900000000000000e+04 1.391700000000000000e+04 1.817800000000000000e+04 4.019200000000000000e+04 4.265400000000000000e+04 6.064400000000000000e+04 1.207400000000000000e+05 1.604740000000000000e+05 3.495490000000000000e+05 1.216102000000000000e+06 2.275846000000000000e+06
1.560000000000000000e+02 5.700000000000000000e+01 1.620000000000000000e+02 2.020000000000000000e+02 3.590000000000000000e+02 8.300000000000000000e+02 1.233000000000000000e+03 2.211000000000000000e+03 5.120000000000000000e+03 6.269000000000000000e+03 8.726000000000000000e+03 1.479400000000000000e+04 1.777800000000000000e+04 2.781600000000000000e+04 7.088100000000000000e+04 9.945100000000000000e+04 2.295610000000000000e+05 6.382110000000000000e+05 8.382420000000000000e+05
8.380000000000000000e+02 5.660000000000000000e+02 1.190000000000000000e+03 1.042000000000000000e+03 1.237000000000000000e+03 1.660000000000000000e+03 3.420000000000000000e+03 5.789000000000000000e+03 7.225000000000000000e+03 5.250000000000000000e+03 4.650000000000000000e+03 1.038200000000000000e+04 1.126100000000000000e+04 1.505600000000000000e+04 4.094300000000000000e+04 8.260600000000000000e+04 8.363900000000000000e+04 2.451770000000000000e+05 4.346610000000000000e+05
8.730000000000000000e+02 4.500000000000000000e+02 6.200000000000000000e+02 3.770000000000000000e+02 5.480000000000000000e+02 1.432000000000000000e+03 1.935000000000000000e+03 3.529000000000000000e+03 8.494000000000000000e+03 1.052000000000000000e+04 1.365100000000000000e+04 2.201200000000000000e+04 2.059900000000000000e+04 6.599200000000000000e+04 1.077020000000000000e+05 2.107670000000000000e+05 2.821700000000000000e+05 7.458040000000000000e+05 9.506600000000000000e+05
7.300000000000000000e+02 4.280000000000000000e+02 8.680000000000000000e+02 9.000000000000000000e+02 7.900000000000000000e+02 1.541000000000000000e+03 2.398000000000000000e+03 3.870000000000000000e+03 1.007600000000000000e+04 1.185100000000000000e+04 1.209600000000000000e+04 1.852600000000000000e+04 1.969700000000000000e+04 1.972400000000000000e+04 3.930300000000000000e+04 5.511900000000000000e+04 5.508400000000000000e+04 1.365670000000000000e+05 3.035100000000000000e+05
3.700000000000000000e+01 5.700000000000000000e+01 1.220000000000000000e+02 1.410000000000000000e+02 2.550000000000000000e+02 5.740000000000000000e+02 7.610000000000000000e+02 1.391000000000000000e+03 3.037000000000000000e+03 3.576000000000000000e+03 4.500000000000000000e+03 7.190000000000000000e+03 8.886000000000000000e+03 1.324200000000000000e+04 2.883100000000000000e+04 4.855500000000000000e+04 7.782900000000000000e+04 3.329470000000000000e+05 6.733330000000000000e+05
1.780000000000000000e+02 2.110000000000000000e+02 3.780000000000000000e+02 3.620000000000000000e+02 6.140000000000000000e+02 1.235000000000000000e+03 1.487000000000000000e+03 3.253000000000000000e+03 6.042000000000000000e+03 7.488000000000000000e+03 7.220000000000000000e+03 1.368500000000000000e+04 2.902500000000000000e+04 2.643800000000000000e+04 7.245700000000000000e+04 1.151490000000000000e+05 1.688310000000000000e+05 6.439410000000000000e+05 1.320949000000000000e+06
6.910000000000000000e+02 2.250000000000000000e+02 3.130000000000000000e+02 2.900000000000000000e+02 4.710000000000000000e+02 1.234000000000000000e+03 1.649000000000000000e+03 3.336000000000000000e+03 5.508000000000000000e+03 5.253000000000000000e+03 7.711000000000000000e+03 1.700200000000000000e+04 2.200000000000000000e+04 2.400700000000000000e+04 9.947800000000000000e+04 1.189230000000000000e+05 2.560410000000000000e+05 7.429130000000000000e+05 1.239015000000000000e+06
2.320000000000000000e+02 1.880000000000000000e+02 4.470000000000000000e+02 4.550000000000000000e+02 7.630000000000000000e+02 1.756000000000000000e+03 2.606000000000000000e+03 4.752000000000000000e+03 1.073800000000000000e+04 1.453700000000000000e+04 2.150900000000000000e+04 4.251600000000000000e+04 3.049300000000000000e+04 3.843000000000000000e+04 1.196680000000000000e+05 1.281170000000000000e+05 2.821880000000000000e+05 9.772220000000000000e+05 1.540418000000000000e+06
1.120000000000000000e+02 1.240000000000000000e+02 3.310000000000000000e+02 4.720000000000000000e+02 6.980000000000000000e+02 1.389000000000000000e+03 1.738000000000000000e+03 3.496000000000000000e+03 6.417000000000000000e+03 6.655000000000000000e+03 8.541000000000000000e+03 1.411900000000000000e+04 1.607000000000000000e+04 2.868200000000000000e+04 8.141100000000000000e+04 1.251580000000000000e+05 2.164690000000000000e+05 6.583210000000000000e+05 7.571930000000000000e+05
8.300000000000000000e+01 7.800000000000000000e+01 2.600000000000000000e+02 3.390000000000000000e+02 5.140000000000000000e+02 1.137000000000000000e+03 1.667000000000000000e+03 2.701000000000000000e+03 6.384000000000000000e+03 6.566000000000000000e+03 8.850000000000000000e+03 1.377800000000000000e+04 1.998300000000000000e+04 3.158800000000000000e+04 7.794600000000000000e+04 1.016560000000000000e+05 2.190000000000000000e+05 5.787490000000000000e+05 1.319038000000000000e+06
2.210000000000000000e+02 1.710000000000000000e+02 2.880000000000000000e+02 3.720000000000000000e+02 5.830000000000000000e+02 1.323000000000000000e+03 2.043000000000000000e+03 3.909000000000000000e+03 7.184000000000000000e+03 9.546000000000000000e+03 1.410600000000000000e+04 2.422100000000000000e+04 2.298000000000000000e+04 3.163500000000000000e+04 7.062800000000000000e+04 1.343980000000000000e+05 2.327410000000000000e+05 5.565690000000000000e+05 1.180611000000000000e+06
2.110000000000000000e+02 7.300000000000000000e+01 1.660000000000000000e+02 2.230000000000000000e+02 3.470000000000000000e+02 9.770000000000000000e+02 1.291000000000000000e+03 2.028000000000000000e+03 5.158000000000000000e+03 6.729000000000000000e+03 9.467000000000000000e+03 1.465600000000000000e+04 1.631500000000000000e+04 2.636100000000000000e+04 8.003900000000000000e+04 1.274230000000000000e+05 2.272230000000000000e+05 6.588470000000000000e+05 1.008318000000000000e+06
1.620000000000000000e+02 1.340000000000000000e+02 2.200000000000000000e+02 2.960000000000000000e+02 5.600000000000000000e+02 1.227000000000000000e+03 1.811000000000000000e+03 2.791000000000000000e+03 7.378000000000000000e+03 6.485000000000000000e+03 6.426000000000000000e+03 1.507200000000000000e+04 1.271300000000000000e+04 2.483000000000000000e+04 5.500700000000000000e+04 9.042900000000000000e+04 1.543000000000000000e+05 4.823430000000000000e+05 1.053446000000000000e+06
2.410000000000000000e+02 1.770000000000000000e+02 4.320000000000000000e+02 6.510000000000000000e+02 9.920000000000000000e+02 2.150000000000000000e+03 2.518000000000000000e+03 4.053000000000000000e+03 7.788000000000000000e+03 7.786000000000000000e+03 1.064500000000000000e+04 2.600000000000000000e+04 3.521700000000000000e+04 4.528600000000000000e+04 7.693600000000000000e+04 1.481790000000000000e+05 2.939120000000000000e+05 5.163910000000000000e+05 4.087950000000000000e+05
2.640000000000000000e+02 1.960000000000000000e+02 4.180000000000000000e+02 4.370000000000000000e+02 5.110000000000000000e+02 1.329000000000000000e+03 1.795000000000000000e+03 2.746000000000000000e+03 5.265000000000000000e+03 5.901000000000000000e+03 1.495700000000000000e+04 1.459300000000000000e+04 9.267000000000000000e+03 2.458400000000000000e+04 5.029600000000000000e+04 7.964100000000000000e+04 1.834050000000000000e+05 3.606390000000000000e+05 8.495630000000000000e+05
2.079000000000000000e+03 2.120000000000000000e+02 2.890000000000000000e+02 3.140000000000000000e+02 5.010000000000000000e+02 1.088000000000000000e+03 1.566000000000000000e+03 2.486000000000000000e+03 8.542000000000000000e+03 8.135000000000000000e+03 9.599000000000000000e+03 2.418500000000000000e+04 1.844400000000000000e+04 2.574000000000000000e+04 7.426900000000000000e+04 8.712000000000000000e+04 1.838790000000000000e+05 6.486610000000000000e+05 1.223018000000000000e+06
4.220000000000000000e+02 3.410000000000000000e+02 4.150000000000000000e+02 2.800000000000000000e+02 4.420000000000000000e+02 1.383000000000000000e+03 1.987000000000000000e+03 3.243000000000000000e+03 4.290000000000000000e+03 5.023000000000000000e+03 6.786000000000000000e+03 1.632200000000000000e+04 1.295800000000000000e+04 3.019900000000000000e+04 5.949900000000000000e+04 1.082420000000000000e+05 2.063850000000000000e+05 7.012270000000000000e+05 1.335243000000000000e+06
3.670000000000000000e+02 3.450000000000000000e+02 6.240000000000000000e+02 5.280000000000000000e+02 1.025000000000000000e+03 1.596000000000000000e+03 2.169000000000000000e+03 2.998000000000000000e+03 7.387000000000000000e+03 5.172000000000000000e+03 7.077000000000000000e+03 1.281300000000000000e+04 1.251900000000000000e+04 3.310100000000000000e+04 6.579300000000000000e+04 9.672800000000000000e+04 1.854010000000000000e+05 7.142110000000000000e+05 1.159857000000000000e+06
9.290000000000000000e+02 1.610000000000000000e+02 2.530000000000000000e+02 2.760000000000000000e+02 3.580000000000000000e+02 1.013000000000000000e+03 1.733000000000000000e+03 2.549000000000000000e+03 6.041000000000000000e+03 7.784000000000000000e+03 9.371000000000000000e+03 1.681300000000000000e+04 1.286200000000000000e+04 2.964600000000000000e+04 6.963200000000000000e+04 7.390600000000000000e+04 1.618730000000000000e+05 3.634630000000000000e+05 6.770280000000000000e+05
1.960000000000000000e+02 2.060000000000000000e+02 6.080000000000000000e+02 7.700000000000000000e+02 1.093000000000000000e+03 2.559000000000000000e+03 3.749000000000000000e+03 5.969000000000000000e+03 1.280100000000000000e+04 1.561400000000000000e+04 2.061100000000000000e+04 3.859500000000000000e+04 3.909500000000000000e+04 6.609800000000000000e+04 1.765870000000000000e+05 1.681390000000000000e+05 3.370930000000000000e+05 1.027876000000000000e+06 1.777141000000000000e+06
1.740000000000000000e+02 2.100000000000000000e+02 5.940000000000000000e+02 6.980000000000000000e+02 8.680000000000000000e+02 1.596000000000000000e+03 1.294000000000000000e+03 2.601000000000000000e+03 6.038000000000000000e+03 4.488000000000000000e+03 4.270000000000000000e+03 6.439000000000000000e+03 1.015500000000000000e+04 1.768200000000000000e+04 4.415500000000000000e+04 8.292700000000000000e+04 1.590590000000000000e+05 5.587070000000000000e+05 7.963920000000000000e+05
8.587000000000000000e+03 3.074000000000000000e+03 1.103000000000000000e+03 1.025000000000000000e+03 1.804000000000000000e+03 4.619000000000000000e+03 7.816000000000000000e+03 1.429500000000000000e+04 3.147200000000000000e+04 4.469100000000000000e+04 4.826600000000000000e+04 5.510000000000000000e+04 4.392300000000000000e+04 7.390600000000000000e+04 2.526190000000000000e+05 3.548310000000000000e+05 5.944920000000000000e+05 1.012616000000000000e+06 1.179298000000000000e+06
3.161000000000000000e+03 8.040000000000000000e+02 1.036000000000000000e+03 1.190000000000000000e+03 1.690000000000000000e+03 4.019000000000000000e+03 5.825000000000000000e+03 1.111800000000000000e+04 2.210900000000000000e+04 2.286400000000000000e+04 3.642600000000000000e+04 7.258400000000000000e+04 7.742300000000000000e+04 6.568500000000000000e+04 2.045110000000000000e+05 3.473680000000000000e+05 6.893280000000000000e+05 1.948276000000000000e+06 2.767642000000000000e+06
1.800000000000000000e+02 1.470000000000000000e+02 3.450000000000000000e+02 4.500000000000000000e+02 6.030000000000000000e+02 1.604000000000000000e+03 1.751000000000000000e+03 2.570000000000000000e+03 6.023000000000000000e+03 6.712000000000000000e+03 1.010100000000000000e+04 1.510800000000000000e+04 2.142300000000000000e+04 3.411500000000000000e+04 9.667900000000000000e+04 1.570950000000000000e+05 3.096990000000000000e+05 9.983020000000000000e+05 2.138427000000000000e+06
1.680000000000000000e+02 2.110000000000000000e+02 5.220000000000000000e+02 7.620000000000000000e+02 1.313000000000000000e+03 2.865000000000000000e+03 3.921000000000000000e+03 6.261000000000000000e+03 1.308200000000000000e+04 1.452500000000000000e+04 2.057500000000000000e+04 4.040100000000000000e+04 3.919900000000000000e+04 4.779900000000000000e+04 1.560370000000000000e+05 2.658510000000000000e+05 4.492130000000000000e+05 1.464648000000000000e+06 2.287482000000000000e+06
3.690000000000000000e+02 3.180000000000000000e+02 8.090000000000000000e+02 8.350000000000000000e+02 1.222000000000000000e+03 3.276000000000000000e+03 4.768000000000000000e+03 8.396000000000000000e+03 1.695000000000000000e+04 1.765900000000000000e+04 3.810300000000000000e+04 8.541700000000000000e+04 6.940500000000000000e+04 9.696300000000000000e+04 1.877740000000000000e+05 3.370740000000000000e+05 6.193090000000000000e+05 1.698637000000000000e+06 2.958293000000000000e+06
3.430000000000000000e+02 2.430000000000000000e+02 7.170000000000000000e+02 8.590000000000000000e+02 1.246000000000000000e+03 2.981000000000000000e+03 4.408000000000000000e+03 6.716000000000000000e+03 1.486800000000000000e+04 1.821000000000000000e+04 2.088000000000000000e+04 3.626600000000000000e+04 2.354400000000000000e+04 5.871900000000000000e+04 8.490100000000000000e+04 1.213060000000000000e+05 3.698280000000000000e+05 6.233130000000000000e+05 1.434488000000000000e+06
1.860000000000000000e+02 1.460000000000000000e+02 5.020000000000000000e+02 9.060000000000000000e+02 1.706000000000000000e+03 4.202000000000000000e+03 4.789000000000000000e+03 6.740000000000000000e+03 1.763000000000000000e+04 2.005100000000000000e+04 2.150100000000000000e+04 5.242000000000000000e+04 4.147500000000000000e+04 6.227500000000000000e+04 1.677290000000000000e+05 1.747760000000000000e+05 3.928580000000000000e+05 1.378159000000000000e+06 2.041562000000000000e+06
1.050000000000000000e+02 1.490000000000000000e+02 3.240000000000000000e+02 5.660000000000000000e+02 9.780000000000000000e+02 2.503000000000000000e+03 3.531000000000000000e+03 5.568000000000000000e+03 8.519000000000000000e+03 1.564200000000000000e+04 1.743000000000000000e+04 2.080300000000000000e+04 1.917300000000000000e+04 2.719500000000000000e+04 6.687700000000000000e+04 9.223500000000000000e+04 1.488050000000000000e+05 3.884140000000000000e+05 6.746020000000000000e+05
1.347000000000000000e+03 3.050000000000000000e+02 4.740000000000000000e+02 4.370000000000000000e+02 6.580000000000000000e+02 1.475000000000000000e+03 2.255000000000000000e+03 3.602000000000000000e+03 7.813000000000000000e+03 8.719000000000000000e+03 1.074400000000000000e+04 2.544400000000000000e+04 1.911700000000000000e+04 1.175900000000000000e+04 6.975600000000000000e+04 1.111370000000000000e+05 2.885170000000000000e+05 6.867860000000000000e+05 1.348248000000000000e+06
2.220000000000000000e+02 1.770000000000000000e+02 3.500000000000000000e+02 4.700000000000000000e+02 7.880000000000000000e+02 1.983000000000000000e+03 2.090000000000000000e+03 4.062000000000000000e+03 8.496000000000000000e+03 1.068100000000000000e+04 1.795100000000000000e+04 3.039700000000000000e+04 2.348700000000000000e+04 1.650400000000000000e+04 5.303800000000000000e+04 6.973200000000000000e+04 9.297000000000000000e+04 3.598020000000000000e+05 6.885070000000000000e+05
1.080000000000000000e+02 8.200000000000000000e+01 1.790000000000000000e+02 2.160000000000000000e+02 3.430000000000000000e+02 7.090000000000000000e+02 9.230000000000000000e+02 2.049000000000000000e+03 3.915000000000000000e+03 4.606000000000000000e+03 7.907000000000000000e+03 1.270700000000000000e+04 1.608900000000000000e+04 2.413500000000000000e+04 6.915800000000000000e+04 6.361400000000000000e+04 1.062370000000000000e+05 2.210350000000000000e+05 2.967790000000000000e+05
1.157000000000000000e+03 5.570000000000000000e+02 6.340000000000000000e+02 3.450000000000000000e+02 4.750000000000000000e+02 1.289000000000000000e+03 2.767000000000000000e+03 4.309000000000000000e+03 8.696000000000000000e+03 8.371000000000000000e+03 8.554000000000000000e+03 1.795600000000000000e+04 2.898200000000000000e+04 3.483100000000000000e+04 8.847900000000000000e+04 1.090010000000000000e+05 2.299230000000000000e+05 6.063690000000000000e+05 8.221480000000000000e+05
2.120000000000000000e+02 1.790000000000000000e+02 3.750000000000000000e+02 3.030000000000000000e+02 3.900000000000000000e+02 1.325000000000000000e+03 1.952000000000000000e+03 3.377000000000000000e+03 7.072000000000000000e+03 9.112000000000000000e+03 1.226700000000000000e+04 1.225200000000000000e+04 1.449900000000000000e+04 2.035300000000000000e+04 5.476500000000000000e+04 1.264240000000000000e+05 2.052860000000000000e+05 7.603020000000000000e+05 1.925009000000000000e+06
1.077000000000000000e+03 7.780000000000000000e+02 1.357000000000000000e+03 1.042000000000000000e+03 1.189000000000000000e+03 2.468000000000000000e+03 4.486000000000000000e+03 7.662000000000000000e+03 1.939100000000000000e+04 1.962200000000000000e+04 1.957600000000000000e+04 4.050500000000000000e+04 4.822900000000000000e+04 6.780400000000000000e+04 1.198860000000000000e+05 2.724610000000000000e+05 3.189370000000000000e+05 1.058441000000000000e+06 1.040758000000000000e+06
2.200000000000000000e+01 3.000000000000000000e+01 6.500000000000000000e+01 1.390000000000000000e+02 2.050000000000000000e+02 4.080000000000000000e+02 7.380000000000000000e+02 1.175000000000000000e+03 2.835000000000000000e+03 3.632000000000000000e+03 4.832000000000000000e+03 6.655000000000000000e+03 8.967000000000000000e+03 1.553900000000000000e+04 3.960500000000000000e+04 5.458100000000000000e+04 1.396390000000000000e+05 4.339820000000000000e+05 7.171500000000000000e+05
3.900000000000000000e+01 2.600000000000000000e+01 9.400000000000000000e+01 9.900000000000000000e+01 1.640000000000000000e+02 4.260000000000000000e+02 5.150000000000000000e+02 8.340000000000000000e+02 1.508000000000000000e+03 1.693000000000000000e+03 1.902000000000000000e+03 5.565000000000000000e+03 7.319000000000000000e+03 8.736000000000000000e+03 3.134200000000000000e+04 3.016200000000000000e+04 5.397900000000000000e+04 8.216500000000000000e+04 1.294040000000000000e+05
1.040000000000000000e+02 9.900000000000000000e+01 2.030000000000000000e+02 2.250000000000000000e+02 3.390000000000000000e+02 8.260000000000000000e+02 1.279000000000000000e+03 2.387000000000000000e+03 3.936000000000000000e+03 4.389000000000000000e+03 6.713000000000000000e+03 1.050800000000000000e+04 1.083800000000000000e+04 2.135500000000000000e+04 4.973700000000000000e+04 7.778400000000000000e+04 1.658230000000000000e+05 5.733940000000000000e+05 8.299200000000000000e+05
3.700000000000000000e+01 3.900000000000000000e+01 8.400000000000000000e+01 9.300000000000000000e+01 1.260000000000000000e+02 3.460000000000000000e+02 6.410000000000000000e+02 8.630000000000000000e+02 1.781000000000000000e+03 1.803000000000000000e+03 2.376000000000000000e+03 4.644000000000000000e+03 7.622000000000000000e+03 1.179500000000000000e+04 2.104300000000000000e+04 3.251400000000000000e+04 5.959500000000000000e+04 2.015370000000000000e+05 3.002750000000000000e+05
3.600000000000000000e+01 3.700000000000000000e+01 1.420000000000000000e+02 2.020000000000000000e+02 3.700000000000000000e+02 7.090000000000000000e+02 1.059000000000000000e+03 1.942000000000000000e+03 3.789000000000000000e+03 4.237000000000000000e+03 6.600000000000000000e+03 9.559000000000000000e+03 1.255300000000000000e+04 1.007000000000000000e+04 2.481500000000000000e+04 3.667600000000000000e+04 7.915900000000000000e+04 2.541150000000000000e+05 6.509620000000000000e+05
5.079000000000000000e+03 2.277000000000000000e+03 2.983000000000000000e+03 2.032000000000000000e+03 3.213000000000000000e+03 8.142000000000000000e+03 1.301800000000000000e+04 2.202200000000000000e+04 4.788300000000000000e+04 5.381100000000000000e+04 8.249600000000000000e+04 1.613900000000000000e+05 2.346270000000000000e+05 4.594350000000000000e+05 1.344231000000000000e+06 1.984018000000000000e+06 3.236679000000000000e+06 5.087958000000000000e+06 6.548354000000000000e+06
1.133000000000000000e+03 5.100000000000000000e+02 9.350000000000000000e+02 1.132000000000000000e+03 1.758000000000000000e+03 3.699000000000000000e+03 4.692000000000000000e+03 9.613000000000000000e+03 2.252800000000000000e+04 2.946400000000000000e+04 4.083400000000000000e+04 6.127100000000000000e+04 4.953400000000000000e+04 7.201100000000000000e+04 1.867310000000000000e+05 3.443070000000000000e+05 4.185810000000000000e+05 1.491044000000000000e+06 1.262451000000000000e+06
2.330000000000000000e+02 1.480000000000000000e+02 1.870000000000000000e+02 1.450000000000000000e+02 1.690000000000000000e+02 4.210000000000000000e+02 6.570000000000000000e+02 1.403000000000000000e+03 2.014000000000000000e+03 2.386000000000000000e+03 2.731000000000000000e+03 6.429000000000000000e+03 8.286000000000000000e+03 1.844200000000000000e+04 3.463500000000000000e+04 6.067100000000000000e+04 1.050620000000000000e+05 3.701920000000000000e+05 8.477140000000000000e+05
4.780000000000000000e+02 3.660000000000000000e+02 5.420000000000000000e+02 6.190000000000000000e+02 8.420000000000000000e+02 1.859000000000000000e+03 2.642000000000000000e+03 4.459000000000000000e+03 8.869000000000000000e+03 9.580000000000000000e+03 1.199700000000000000e+04 1.656000000000000000e+04 2.580400000000000000e+04 4.414200000000000000e+04 1.141250000000000000e+05 1.534690000000000000e+05 3.620340000000000000e+05 8.649010000000000000e+05 1.384585000000000000e+06
6.500000000000000000e+01 4.200000000000000000e+01 7.500000000000000000e+01 1.170000000000000000e+02 1.560000000000000000e+02 3.410000000000000000e+02 5.510000000000000000e+02 1.062000000000000000e+03 2.097000000000000000e+03 2.589000000000000000e+03 3.441000000000000000e+03 6.770000000000000000e+03 9.284000000000000000e+03 1.031300000000000000e+04 4.040900000000000000e+04 5.148000000000000000e+04 1.079460000000000000e+05 3.640470000000000000e+05 6.996000000000000000e+05
1.460000000000000000e+02 7.500000000000000000e+01 1.920000000000000000e+02 2.630000000000000000e+02 2.280000000000000000e+02 5.340000000000000000e+02 9.640000000000000000e+02 1.789000000000000000e+03 3.371000000000000000e+03 3.426000000000000000e+03 5.437000000000000000e+03 1.228700000000000000e+04 1.623200000000000000e+04 2.901600000000000000e+04 8.237700000000000000e+04 1.114180000000000000e+05 1.376250000000000000e+05 2.777740000000000000e+05 3.783920000000000000e+05
2.140000000000000000e+02 2.040000000000000000e+02 3.280000000000000000e+02 2.490000000000000000e+02 2.580000000000000000e+02 6.840000000000000000e+02 9.280000000000000000e+02 2.196000000000000000e+03 4.462000000000000000e+03 7.171000000000000000e+03 8.011000000000000000e+03 8.766000000000000000e+03 9.862000000000000000e+03 1.154700000000000000e+04 3.737800000000000000e+04 4.599200000000000000e+04 9.992400000000000000e+04 2.416650000000000000e+05 1.938130000000000000e+05
1.140000000000000000e+02 1.660000000000000000e+02 4.580000000000000000e+02 5.950000000000000000e+02 1.004000000000000000e+03 2.082000000000000000e+03 3.083000000000000000e+03 3.991000000000000000e+03 7.328000000000000000e+03 8.939000000000000000e+03 1.420700000000000000e+04 1.611300000000000000e+04 1.944800000000000000e+04 1.347100000000000000e+04 6.217000000000000000e+04 8.032500000000000000e+04 1.688630000000000000e+05 3.980790000000000000e+05 5.090470000000000000e+05
5.900000000000000000e+01 5.900000000000000000e+01 9.900000000000000000e+01 1.220000000000000000e+02 2.550000000000000000e+02 9.350000000000000000e+02 1.269000000000000000e+03 2.388000000000000000e+03 4.876000000000000000e+03 5.968000000000000000e+03 9.190000000000000000e+03 1.596500000000000000e+04 1.164100000000000000e+04 1.802400000000000000e+04 6.040600000000000000e+04 7.251700000000000000e+04 1.464310000000000000e+05 4.720400000000000000e+05 8.084900000000000000e+05
4.020000000000000000e+02 2.130000000000000000e+02 3.880000000000000000e+02 4.880000000000000000e+02 7.950000000000000000e+02 2.016000000000000000e+03 3.069000000000000000e+03 4.934000000000000000e+03 1.093300000000000000e+04 1.340800000000000000e+04 2.054600000000000000e+04 2.922000000000000000e+04 3.046200000000000000e+04 4.975200000000000000e+04 8.550100000000000000e+04 1.889120000000000000e+05 3.516890000000000000e+05 1.009093000000000000e+06 1.394647000000000000e+06
1.820000000000000000e+02 1.040000000000000000e+02 1.480000000000000000e+02 1.620000000000000000e+02 2.460000000000000000e+02 5.290000000000000000e+02 9.560000000000000000e+02 1.594000000000000000e+03 3.027000000000000000e+03 3.406000000000000000e+03 3.419000000000000000e+03 8.665000000000000000e+03 9.947000000000000000e+03 1.154300000000000000e+04 3.480700000000000000e+04 5.004000000000000000e+04 8.199800000000000000e+04 2.293960000000000000e+05 3.615030000000000000e+05
3.820000000000000000e+02 1.460000000000000000e+02 8.300000000000000000e+01 1.080000000000000000e+02 2.070000000000000000e+02 3.810000000000000000e+02 6.490000000000000000e+02 9.690000000000000000e+02 2.683000000000000000e+03 3.164000000000000000e+03 4.196000000000000000e+03 5.315000000000000000e+03 6.582000000000000000e+03 9.539000000000000000e+03 3.116400000000000000e+04 4.985500000000000000e+04 8.366900000000000000e+04 3.188600000000000000e+05 6.415390000000000000e+05
8.800000000000000000e+01 1.050000000000000000e+02 2.880000000000000000e+02 3.860000000000000000e+02 6.010000000000000000e+02 1.387000000000000000e+03 1.969000000000000000e+03 3.292000000000000000e+03 9.437000000000000000e+03 1.059800000000000000e+04 1.456600000000000000e+04 2.421300000000000000e+04 1.204500000000000000e+04 1.597200000000000000e+04 5.244900000000000000e+04 8.077600000000000000e+04 9.991900000000000000e+04 3.282060000000000000e+05 4.279070000000000000e+05
2.100000000000000000e+02 1.690000000000000000e+02 2.090000000000000000e+02 2.160000000000000000e+02 3.040000000000000000e+02 8.610000000000000000e+02 1.152000000000000000e+03 1.736000000000000000e+03 4.351000000000000000e+03 4.812000000000000000e+03 7.368000000000000000e+03 1.061000000000000000e+04 1.564500000000000000e+04 2.707000000000000000e+04 7.890100000000000000e+04 9.717500000000000000e+04 2.464520000000000000e+05 8.921020000000000000e+05 1.332777000000000000e+06
1.400000000000000000e+02 8.000000000000000000e+01 2.420000000000000000e+02 3.260000000000000000e+02 4.670000000000000000e+02 9.650000000000000000e+02 1.110000000000000000e+03 2.285000000000000000e+03 5.443000000000000000e+03 5.637000000000000000e+03 8.320000000000000000e+03 1.668700000000000000e+04 1.435400000000000000e+04 3.171900000000000000e+04 6.550800000000000000e+04 1.073070000000000000e+05 1.781240000000000000e+05 3.183490000000000000e+05 7.191420000000000000e+05
3.550000000000000000e+02 2.190000000000000000e+02 3.580000000000000000e+02 4.820000000000000000e+02 6.360000000000000000e+02 1.557000000000000000e+03 2.349000000000000000e+03 3.596000000000000000e+03 8.339000000000000000e+03 8.728000000000000000e+03 1.274400000000000000e+04 2.596500000000000000e+04 1.318400000000000000e+04 1.488700000000000000e+04 4.798900000000000000e+04 9.354200000000000000e+04 1.727170000000000000e+05 4.122710000000000000e+05 6.723400000000000000e+05
3.300000000000000000e+01 9.200000000000000000e+01 2.200000000000000000e+02 3.660000000000000000e+02 6.100000000000000000e+02 1.749000000000000000e+03 2.793000000000000000e+03 5.244000000000000000e+03 1.164300000000000000e+04 1.554000000000000000e+04 2.370000000000000000e+04 4.622300000000000000e+04 3.881300000000000000e+04 4.936900000000000000e+04 1.044570000000000000e+05 2.014850000000000000e+05 3.717680000000000000e+05 1.126684000000000000e+06 2.038292000000000000e+06
1.370000000000000000e+02 1.060000000000000000e+02 3.510000000000000000e+02 5.520000000000000000e+02 8.050000000000000000e+02 2.473000000000000000e+03 3.724000000000000000e+03 5.709000000000000000e+03 1.229000000000000000e+04 1.045400000000000000e+04 1.160300000000000000e+04 2.597300000000000000e+04 2.663600000000000000e+04 4.950300000000000000e+04 8.732200000000000000e+04 1.159550000000000000e+05 3.150330000000000000e+05 4.592920000000000000e+05 7.844380000000000000e+05
3.240000000000000000e+02 2.290000000000000000e+02 5.140000000000000000e+02 3.270000000000000000e+02 3.040000000000000000e+02 9.230000000000000000e+02 1.149000000000000000e+03 1.702000000000000000e+03 4.641000000000000000e+03 5.192000000000000000e+03 6.368000000000000000e+03 1.268100000000000000e+04 1.382600000000000000e+04 2.275400000000000000e+04 6.280900000000000000e+04 5.669700000000000000e+04 1.498040000000000000e+05 4.725570000000000000e+05 6.366220000000000000e+05
3.490000000000000000e+02 2.970000000000000000e+02 7.330000000000000000e+02 9.840000000000000000e+02 1.284000000000000000e+03 2.722000000000000000e+03 4.653000000000000000e+03 5.787000000000000000e+03 8.455000000000000000e+03 4.512000000000000000e+03 5.034000000000000000e+03 1.218100000000000000e+04 1.825600000000000000e+04 4.927200000000000000e+04 7.391200000000000000e+04 1.165500000000000000e+05 2.007240000000000000e+05 8.340750000000000000e+05 1.187830000000000000e+06
6.600000000000000000e+02 4.880000000000000000e+02 6.300000000000000000e+02 6.440000000000000000e+02 1.079000000000000000e+03 2.332000000000000000e+03 2.843000000000000000e+03 3.778000000000000000e+03 9.641000000000000000e+03 1.365300000000000000e+04 1.348000000000000000e+04 3.751300000000000000e+04 2.117400000000000000e+04 2.444900000000000000e+04 7.254400000000000000e+04 1.053590000000000000e+05 3.147550000000000000e+05 7.618440000000000000e+05 8.764860000000000000e+05
1.100000000000000000e+01 1.900000000000000000e+01 4.900000000000000000e+01 8.600000000000000000e+01 1.150000000000000000e+02 2.760000000000000000e+02 3.660000000000000000e+02 6.590000000000000000e+02 1.535000000000000000e+03 1.395000000000000000e+03 1.996000000000000000e+03 3.633000000000000000e+03 3.543000000000000000e+03 2.997000000000000000e+03 1.519200000000000000e+04 1.650300000000000000e+04 2.157600000000000000e+04 9.683000000000000000e+04 1.584530000000000000e+05
6.230000000000000000e+02 3.800000000000000000e+02 6.630000000000000000e+02 6.440000000000000000e+02 8.840000000000000000e+02 2.618000000000000000e+03 3.833000000000000000e+03 5.054000000000000000e+03 1.195700000000000000e+04 1.156700000000000000e+04 9.110000000000000000e+03 1.520500000000000000e+04 1.603600000000000000e+04 2.893500000000000000e+04 6.601200000000000000e+04 8.739800000000000000e+04 1.544630000000000000e+05 4.190190000000000000e+05 8.167180000000000000e+05
8.000000000000000000e+00 2.600000000000000000e+01 1.010000000000000000e+02 1.600000000000000000e+02 3.700000000000000000e+02 9.520000000000000000e+02 1.241000000000000000e+03 2.436000000000000000e+03 4.768000000000000000e+03 6.098000000000000000e+03 8.124000000000000000e+03 1.469900000000000000e+04 1.252700000000000000e+04 2.153900000000000000e+04 6.044500000000000000e+04 8.181300000000000000e+04 1.766670000000000000e+05 5.844980000000000000e+05 8.403830000000000000e+05
9.920000000000000000e+02 2.790000000000000000e+02 5.970000000000000000e+02 7.530000000000000000e+02 1.303000000000000000e+03 3.385000000000000000e+03 4.248000000000000000e+03 7.918000000000000000e+03 1.591900000000000000e+04 1.922100000000000000e+04 2.952300000000000000e+04 2.146000000000000000e+04 1.941800000000000000e+04 4.246400000000000000e+04 1.083390000000000000e+05 1.923820000000000000e+05 3.702540000000000000e+05 9.587790000000000000e+05 1.110252000000000000e+06
3.400000000000000000e+01 3.400000000000000000e+01 1.180000000000000000e+02 1.870000000000000000e+02 3.010000000000000000e+02 7.260000000000000000e+02 1.181000000000000000e+03 1.786000000000000000e+03 3.626000000000000000e+03 3.884000000000000000e+03 4.854000000000000000e+03 7.871000000000000000e+03 8.683000000000000000e+03 1.688600000000000000e+04 4.857200000000000000e+04 8.145000000000000000e+04 1.340370000000000000e+05 3.831160000000000000e+05 8.206320000000000000e+05
1.630000000000000000e+02 1.510000000000000000e+02 2.400000000000000000e+02 2.680000000000000000e+02 3.100000000000000000e+02 6.610000000000000000e+02 1.132000000000000000e+03 1.991000000000000000e+03 4.517000000000000000e+03 4.713000000000000000e+03 6.856000000000000000e+03 1.043300000000000000e+04 9.455000000000000000e+03 1.336900000000000000e+04 5.260800000000000000e+04 9.534900000000000000e+04 1.674400000000000000e+05 5.360280000000000000e+05 8.803100000000000000e+05
1.440000000000000000e+02 9.800000000000000000e+01 2.150000000000000000e+02 2.860000000000000000e+02 3.710000000000000000e+02 8.950000000000000000e+02 1.205000000000000000e+03 2.235000000000000000e+03 4.773000000000000000e+03 5.452000000000000000e+03 7.900000000000000000e+03 2.157500000000000000e+04 2.148000000000000000e+04 2.584800000000000000e+04 5.834600000000000000e+04 9.505100000000000000e+04 1.724070000000000000e+05 5.456250000000000000e+05 9.362030000000000000e+05
6.200000000000000000e+01 2.300000000000000000e+01 5.200000000000000000e+01 8.800000000000000000e+01 2.020000000000000000e+02 6.200000000000000000e+02 9.020000000000000000e+02 1.522000000000000000e+03 3.068000000000000000e+03 3.193000000000000000e+03 5.039000000000000000e+03 8.683000000000000000e+03 9.018000000000000000e+03 1.284300000000000000e+04 3.207600000000000000e+04 6.180800000000000000e+04 1.059570000000000000e+05 3.102280000000000000e+05 4.639170000000000000e+05
2.620000000000000000e+02 2.330000000000000000e+02 4.760000000000000000e+02 4.240000000000000000e+02 7.350000000000000000e+02 1.858000000000000000e+03 2.926000000000000000e+03 5.271000000000000000e+03 1.064700000000000000e+04 1.286500000000000000e+04 1.521500000000000000e+04 2.167800000000000000e+04 2.726700000000000000e+04 3.844800000000000000e+04 9.403200000000000000e+04 1.202040000000000000e+05 2.438080000000000000e+05 8.628270000000000000e+05 1.563670000000000000e+06
6.800000000000000000e+01 6.600000000000000000e+01 1.670000000000000000e+02 1.930000000000000000e+02 2.370000000000000000e+02 5.690000000000000000e+02 9.760000000000000000e+02 1.703000000000000000e+03 3.701000000000000000e+03 4.041000000000000000e+03 6.104000000000000000e+03 1.045600000000000000e+04 7.625000000000000000e+03 1.976500000000000000e+04 4.948500000000000000e+04 7.725900000000000000e+04 1.030470000000000000e+05 3.454900000000000000e+05 5.049110000000000000e+05
2.690000000000000000e+03 1.455000000000000000e+03 1.693000000000000000e+03 1.397000000000000000e+03 1.711000000000000000e+03 3.858000000000000000e+03 8.684000000000000000e+03 1.228800000000000000e+04 3.287600000000000000e+04 2.322100000000000000e+04 3.285100000000000000e+04 4.102900000000000000e+04 8.626100000000000000e+04 1.101250000000000000e+05 1.594520000000000000e+05 4.158810000000000000e+05 5.688160000000000000e+05 1.283340000000000000e+06 1.576761000000000000e+06
5.200000000000000000e+01 4.100000000000000000e+01 1.010000000000000000e+02 1.300000000000000000e+02 2.620000000000000000e+02 6.190000000000000000e+02 9.300000000000000000e+02 1.598000000000000000e+03 3.630000000000000000e+03 4.133000000000000000e+03 4.658000000000000000e+03 1.045400000000000000e+04 1.152200000000000000e+04 1.605600000000000000e+04 4.841600000000000000e+04 9.781400000000000000e+04 1.800500000000000000e+05 5.674120000000000000e+05 8.891990000000000000e+05
5.180000000000000000e+02 3.700000000000000000e+02 5.910000000000000000e+02 4.230000000000000000e+02 4.790000000000000000e+02 1.143000000000000000e+03 1.823000000000000000e+03 2.504000000000000000e+03 6.359000000000000000e+03 7.290000000000000000e+03 1.065000000000000000e+04 1.567500000000000000e+04 1.721700000000000000e+04 3.422000000000000000e+04 8.626500000000000000e+04 1.095010000000000000e+05 2.565300000000000000e+05 6.605240000000000000e+05 1.617107000000000000e+06
4.240000000000000000e+02 3.280000000000000000e+02 5.830000000000000000e+02 6.210000000000000000e+02 7.990000000000000000e+02 2.111000000000000000e+03 2.670000000000000000e+03 5.438000000000000000e+03 1.168400000000000000e+04 9.258000000000000000e+03 1.171400000000000000e+04 2.145600000000000000e+04 3.633300000000000000e+04 4.220400000000000000e+04 9.639600000000000000e+04 1.636400000000000000e+05 2.824470000000000000e+05 9.064870000000000000e+05 1.471480000000000000e+06
5.500000000000000000e+02 3.020000000000000000e+02 4.080000000000000000e+02 3.140000000000000000e+02 5.500000000000000000e+02 1.719000000000000000e+03 2.230000000000000000e+03 3.442000000000000000e+03 6.844000000000000000e+03 6.845000000000000000e+03 7.812000000000000000e+03 1.787500000000000000e+04 1.117400000000000000e+04 1.565400000000000000e+04 4.047000000000000000e+04 8.569300000000000000e+04 1.297400000000000000e+05 4.481650000000000000e+05 7.106000000000000000e+05
1.850000000000000000e+02 1.670000000000000000e+02 3.960000000000000000e+02 4.770000000000000000e+02 8.380000000000000000e+02 1.798000000000000000e+03 2.226000000000000000e+03 4.092000000000000000e+03 6.959000000000000000e+03 6.833000000000000000e+03 9.014000000000000000e+03 1.902900000000000000e+04 1.236200000000000000e+04 3.093000000000000000e+04 8.297000000000000000e+04 9.237700000000000000e+04 1.525650000000000000e+05 5.310820000000000000e+05 8.732270000000000000e+05
1.163000000000000000e+03 2.610000000000000000e+02 4.850000000000000000e+02 6.120000000000000000e+02 9.080000000000000000e+02 2.165000000000000000e+03 2.778000000000000000e+03 5.270000000000000000e+03 1.220000000000000000e+04 1.069200000000000000e+04 6.809000000000000000e+03 1.494600000000000000e+04 1.964200000000000000e+04 3.302100000000000000e+04 6.871300000000000000e+04 1.365970000000000000e+05 2.734760000000000000e+05 6.003390000000000000e+05 1.080603000000000000e+06
5.800000000000000000e+01 9.600000000000000000e+01 2.690000000000000000e+02 4.370000000000000000e+02 7.020000000000000000e+02 1.434000000000000000e+03 1.826000000000000000e+03 3.316000000000000000e+03 6.459000000000000000e+03 7.642000000000000000e+03 9.140000000000000000e+03 2.021800000000000000e+04 2.016600000000000000e+04 1.503700000000000000e+04 6.893700000000000000e+04 1.085560000000000000e+05 1.807670000000000000e+05 4.787360000000000000e+05 4.274590000000000000e+05
1.005000000000000000e+03 9.400000000000000000e+02 1.762000000000000000e+03 1.182000000000000000e+03 8.210000000000000000e+02 3.743000000000000000e+03 3.740000000000000000e+03 2.752000000000000000e+03 6.232000000000000000e+03 6.708000000000000000e+03 8.812000000000000000e+03 1.364900000000000000e+04 1.215900000000000000e+04 2.798500000000000000e+04 5.413800000000000000e+04 7.492900000000000000e+04 1.514980000000000000e+05 5.067820000000000000e+05 9.282350000000000000e+05
1.680000000000000000e+02 1.300000000000000000e+02 2.870000000000000000e+02 4.050000000000000000e+02 5.780000000000000000e+02 1.294000000000000000e+03 2.087000000000000000e+03 2.971000000000000000e+03 7.990000000000000000e+03 7.409000000000000000e+03 1.090100000000000000e+04 1.289300000000000000e+04 1.181300000000000000e+04 1.381400000000000000e+04 6.215400000000000000e+04 1.041270000000000000e+05 1.161510000000000000e+05 3.013220000000000000e+05 7.476040000000000000e+05
1.480000000000000000e+02 1.150000000000000000e+02 2.380000000000000000e+02 2.880000000000000000e+02 4.450000000000000000e+02 1.046000000000000000e+03 1.520000000000000000e+03 2.449000000000000000e+03 4.908000000000000000e+03 4.973000000000000000e+03 6.506000000000000000e+03 1.326700000000000000e+04 1.727500000000000000e+04 2.467800000000000000e+04 8.255300000000000000e+04 1.138830000000000000e+05 1.956810000000000000e+05 5.168600000000000000e+05 9.551590000000000000e+05
7.300000000000000000e+01 1.110000000000000000e+02 3.110000000000000000e+02 4.050000000000000000e+02 6.160000000000000000e+02 1.279000000000000000e+03 1.943000000000000000e+03 3.065000000000000000e+03 6.338000000000000000e+03 6.140000000000000000e+03 7.084000000000000000e+03 1.378800000000000000e+04 1.540900000000000000e+04 3.313600000000000000e+04 6.654300000000000000e+04 9.624000000000000000e+04 2.023450000000000000e+05 6.316980000000000000e+05 1.009974000000000000e+06
5.400000000000000000e+02 1.050000000000000000e+02 1.590000000000000000e+02 2.260000000000000000e+02 3.720000000000000000e+02 8.740000000000000000e+02 1.522000000000000000e+03 2.984000000000000000e+03 6.294000000000000000e+03 4.113000000000000000e+03 6.348000000000000000e+03 9.338000000000000000e+03 1.157900000000000000e+04 1.358100000000000000e+04 3.688700000000000000e+04 6.333600000000000000e+04 1.309390000000000000e+05 4.128690000000000000e+05 7.404850000000000000e+05
1.140000000000000000e+02 1.240000000000000000e+02 2.730000000000000000e+02 2.290000000000000000e+02 2.720000000000000000e+02 6.540000000000000000e+02 7.160000000000000000e+02 1.752000000000000000e+03 4.511000000000000000e+03 4.668000000000000000e+03 4.894000000000000000e+03 6.696000000000000000e+03 7.285000000000000000e+03 1.601400000000000000e+04 3.702300000000000000e+04 5.232700000000000000e+04 8.426600000000000000e+04 1.766830000000000000e+05 1.593520000000000000e+05
1.145000000000000000e+03 1.630000000000000000e+02 3.350000000000000000e+02 3.360000000000000000e+02 6.640000000000000000e+02 2.145000000000000000e+03 2.523000000000000000e+03 5.255000000000000000e+03 1.037800000000000000e+04 9.029000000000000000e+03 9.436000000000000000e+03 2.857300000000000000e+04 3.375400000000000000e+04 5.189900000000000000e+04 1.133590000000000000e+05 1.445290000000000000e+05 1.872820000000000000e+05 5.522890000000000000e+05 8.178980000000000000e+05
6.900000000000000000e+01 7.600000000000000000e+01 2.010000000000000000e+02 2.980000000000000000e+02 5.000000000000000000e+02 9.500000000000000000e+02 1.379000000000000000e+03 2.010000000000000000e+03 3.355000000000000000e+03 4.103000000000000000e+03 5.827000000000000000e+03 7.318000000000000000e+03 9.627000000000000000e+03 1.633300000000000000e+04 5.212000000000000000e+04 7.580000000000000000e+04 1.600860000000000000e+05 3.851490000000000000e+05 7.461400000000000000e+05
8.900000000000000000e+01 5.200000000000000000e+01 8.200000000000000000e+01 9.100000000000000000e+01 1.290000000000000000e+02 3.800000000000000000e+02 4.160000000000000000e+02 7.550000000000000000e+02 1.485000000000000000e+03 1.708000000000000000e+03 2.384000000000000000e+03 4.639000000000000000e+03 5.458000000000000000e+03 9.914000000000000000e+03 2.266000000000000000e+04 2.457500000000000000e+04 6.686700000000000000e+04 2.159760000000000000e+05 4.457210000000000000e+05
4.800000000000000000e+01 6.100000000000000000e+01 9.700000000000000000e+01 1.700000000000000000e+02 2.560000000000000000e+02 6.340000000000000000e+02 9.760000000000000000e+02 1.907000000000000000e+03 4.007000000000000000e+03 4.954000000000000000e+03 6.856000000000000000e+03 1.230000000000000000e+04 9.011000000000000000e+03 1.669300000000000000e+04 4.235100000000000000e+04 7.148000000000000000e+04 1.466400000000000000e+05 4.513980000000000000e+05 7.210350000000000000e+05
1.400000000000000000e+01 3.000000000000000000e+01 3.800000000000000000e+01 9.600000000000000000e+01 1.240000000000000000e+02 3.080000000000000000e+02 5.180000000000000000e+02 7.040000000000000000e+02 1.461000000000000000e+03 1.888000000000000000e+03 2.306000000000000000e+03 3.376000000000000000e+03 3.484000000000000000e+03 5.941000000000000000e+03 1.919900000000000000e+04 2.973800000000000000e+04 5.921200000000000000e+04 1.704530000000000000e+05 2.310630000000000000e+05
4.400000000000000000e+02 2.940000000000000000e+02 4.500000000000000000e+02 5.170000000000000000e+02 9.140000000000000000e+02 2.012000000000000000e+03 3.091000000000000000e+03 4.982000000000000000e+03 9.152000000000000000e+03 9.250000000000000000e+03 1.035500000000000000e+04 1.688400000000000000e+04 1.289000000000000000e+04 1.500500000000000000e+04 6.158500000000000000e+04 9.466100000000000000e+04 1.844320000000000000e+05 6.783260000000000000e+05 1.349893000000000000e+06
1.680000000000000000e+02 1.060000000000000000e+02 2.880000000000000000e+02 3.320000000000000000e+02 5.260000000000000000e+02 1.027000000000000000e+03 1.458000000000000000e+03 3.013000000000000000e+03 5.253000000000000000e+03 4.570000000000000000e+03 7.595000000000000000e+03 1.236200000000000000e+04 1.764100000000000000e+04 2.735400000000000000e+04 7.915200000000000000e+04 1.229870000000000000e+05 2.304120000000000000e+05 6.464300000000000000e+05 2.226391000000000000e+06
4.010000000000000000e+02 3.620000000000000000e+02 8.530000000000000000e+02 1.035000000000000000e+03 1.410000000000000000e+03 2.995000000000000000e+03 4.255000000000000000e+03 8.566000000000000000e+03 1.940200000000000000e+04 1.894200000000000000e+04 2.991500000000000000e+04 6.503000000000000000e+04 3.646200000000000000e+04 6.043000000000000000e+04 1.897930000000000000e+05 3.502090000000000000e+05 6.204810000000000000e+05 1.108232000000000000e+06 1.106386000000000000e+06
2.330000000000000000e+02 1.210000000000000000e+02 3.580000000000000000e+02 3.630000000000000000e+02 6.130000000000000000e+02 1.511000000000000000e+03 2.199000000000000000e+03 3.648000000000000000e+03 7.713000000000000000e+03 8.677000000000000000e+03 1.034900000000000000e+04 1.799500000000000000e+04 2.344400000000000000e+04 2.722000000000000000e+04 8.322300000000000000e+04 1.731010000000000000e+05 2.816170000000000000e+05 9.407360000000000000e+05 1.423900000000000000e+06
5.220000000000000000e+02 2.400000000000000000e+01 1.100000000000000000e+02 1.990000000000000000e+02 3.390000000000000000e+02 9.230000000000000000e+02 1.503000000000000000e+03 2.153000000000000000e+03 4.280000000000000000e+03 4.928000000000000000e+03 5.493000000000000000e+03 8.845000000000000000e+03 8.346000000000000000e+03 1.483400000000000000e+04 4.032400000000000000e+04 4.881800000000000000e+04 9.665900000000000000e+04 3.248640000000000000e+05 4.907770000000000000e+05
5.440000000000000000e+02 2.800000000000000000e+02 4.390000000000000000e+02 3.960000000000000000e+02 5.400000000000000000e+02 1.636000000000000000e+03 2.824000000000000000e+03 3.269000000000000000e+03 7.723000000000000000e+03 8.763000000000000000e+03 9.689000000000000000e+03 1.261800000000000000e+04 1.206500000000000000e+04 1.779600000000000000e+04 5.299600000000000000e+04 1.034390000000000000e+05 1.724790000000000000e+05 7.633600000000000000e+05 1.039982000000000000e+06
8.400000000000000000e+01 5.900000000000000000e+01 2.230000000000000000e+02 2.650000000000000000e+02 4.830000000000000000e+02 1.067000000000000000e+03 1.579000000000000000e+03 2.537000000000000000e+03 5.974000000000000000e+03 6.707000000000000000e+03 1.024700000000000000e+04 1.523500000000000000e+04 1.272400000000000000e+04 2.752100000000000000e+04 9.498000000000000000e+04 1.468120000000000000e+05 2.349500000000000000e+05 3.607090000000000000e+05 7.833200000000000000e+05
4.190000000000000000e+02 2.940000000000000000e+02 5.680000000000000000e+02 5.800000000000000000e+02 8.670000000000000000e+02 1.658000000000000000e+03 2.272000000000000000e+03 4.335000000000000000e+03 7.847000000000000000e+03 1.057900000000000000e+04 1.483500000000000000e+04 1.612500000000000000e+04 2.032400000000000000e+04 2.710600000000000000e+04 5.465700000000000000e+04 1.254610000000000000e+05 2.521390000000000000e+05 7.230470000000000000e+05 1.005195000000000000e+06
7.600000000000000000e+01 8.100000000000000000e+01 2.060000000000000000e+02 2.430000000000000000e+02 3.950000000000000000e+02 8.820000000000000000e+02 1.354000000000000000e+03 2.088000000000000000e+03 3.487000000000000000e+03 3.395000000000000000e+03 6.507000000000000000e+03 8.832000000000000000e+03 8.068000000000000000e+03 1.259500000000000000e+04 3.747000000000000000e+04 5.521300000000000000e+04 1.052240000000000000e+05 2.720890000000000000e+05 3.846520000000000000e+05
1.300000000000000000e+01 1.900000000000000000e+01 8.100000000000000000e+01 1.120000000000000000e+02 1.910000000000000000e+02 4.180000000000000000e+02 6.430000000000000000e+02 8.500000000000000000e+02 1.793000000000000000e+03 1.977000000000000000e+03 2.116000000000000000e+03 3.670000000000000000e+03 5.419000000000000000e+03 7.736000000000000000e+03 2.118400000000000000e+04 2.381100000000000000e+04 5.223200000000000000e+04 1.679200000000000000e+05 3.153990000000000000e+05
1.400000000000000000e+01 2.400000000000000000e+01 8.600000000000000000e+01 1.370000000000000000e+02 2.280000000000000000e+02 5.520000000000000000e+02 6.420000000000000000e+02 1.022000000000000000e+03 1.925000000000000000e+03 2.159000000000000000e+03 2.445000000000000000e+03 7.111000000000000000e+03 7.292000000000000000e+03 9.689000000000000000e+03 2.725700000000000000e+04 2.321400000000000000e+04 5.361300000000000000e+04 1.990370000000000000e+05 2.855670000000000000e+05
3.350000000000000000e+02 1.800000000000000000e+02 3.250000000000000000e+02 2.160000000000000000e+02 4.890000000000000000e+02 1.247000000000000000e+03 1.588000000000000000e+03 2.892000000000000000e+03 6.449000000000000000e+03 7.736000000000000000e+03 8.900000000000000000e+03 1.835100000000000000e+04 1.281900000000000000e+04 1.953100000000000000e+04 8.805800000000000000e+04 1.242140000000000000e+05 2.044830000000000000e+05 6.065150000000000000e+05 1.000414000000000000e+06
6.400000000000000000e+01 1.390000000000000000e+02 4.830000000000000000e+02 6.950000000000000000e+02 1.385000000000000000e+03 3.164000000000000000e+03 3.001000000000000000e+03 4.063000000000000000e+03 7.922000000000000000e+03 1.198100000000000000e+04 9.729000000000000000e+03 2.570000000000000000e+04 1.398400000000000000e+04 2.385000000000000000e+04 5.519900000000000000e+04 8.297900000000000000e+04 1.298550000000000000e+05 4.692670000000000000e+05 8.119460000000000000e+05
1.100000000000000000e+01 1.200000000000000000e+01 5.100000000000000000e+01 9.400000000000000000e+01 1.620000000000000000e+02 5.800000000000000000e+02 8.170000000000000000e+02 1.267000000000000000e+03 3.032000000000000000e+03 3.984000000000000000e+03 5.111000000000000000e+03 8.731000000000000000e+03 1.014000000000000000e+04 1.472100000000000000e+04 3.868700000000000000e+04 7.522500000000000000e+04 1.407450000000000000e+05 4.225680000000000000e+05 6.779700000000000000e+05
3.300000000000000000e+01 3.400000000000000000e+01 1.040000000000000000e+02 1.370000000000000000e+02 2.190000000000000000e+02 5.300000000000000000e+02 6.320000000000000000e+02 1.074000000000000000e+03 2.592000000000000000e+03 2.427000000000000000e+03 2.786000000000000000e+03 4.111000000000000000e+03 5.782000000000000000e+03 7.245000000000000000e+03 2.624400000000000000e+04 3.533800000000000000e+04 4.444900000000000000e+04 1.238650000000000000e+05 2.045740000000000000e+05
6.136000000000000000e+03 9.000000000000000000e+02 1.068000000000000000e+03 1.037000000000000000e+03 1.889000000000000000e+03 4.636000000000000000e+03 6.365000000000000000e+03 1.172600000000000000e+04 2.586800000000000000e+04 1.749900000000000000e+04 3.949500000000000000e+04 3.935800000000000000e+04 2.293700000000000000e+04 4.665100000000000000e+04 7.480300000000000000e+04 1.198990000000000000e+05 2.091160000000000000e+05 7.706790000000000000e+05 7.970070000000000000e+05
4.000000000000000000e+00 1.300000000000000000e+01 5.400000000000000000e+01 2.550000000000000000e+02 5.160000000000000000e+02 1.415000000000000000e+03 1.572000000000000000e+03 1.966000000000000000e+03 3.700000000000000000e+03 4.372000000000000000e+03 6.172000000000000000e+03 8.477000000000000000e+03 9.600000000000000000e+03 2.031100000000000000e+04 5.026700000000000000e+04 7.492000000000000000e+04 1.555730000000000000e+05 4.196630000000000000e+05 6.884390000000000000e+05
3.000000000000000000e+01 3.400000000000000000e+01 8.200000000000000000e+01 1.320000000000000000e+02 2.230000000000000000e+02 6.480000000000000000e+02 9.520000000000000000e+02 1.580000000000000000e+03 3.576000000000000000e+03 3.421000000000000000e+03 4.053000000000000000e+03 6.503000000000000000e+03 6.497000000000000000e+03 1.142400000000000000e+04 2.547200000000000000e+04 4.649900000000000000e+04 8.744000000000000000e+04 2.160030000000000000e+05 2.837970000000000000e+05
1.050000000000000000e+02 9.500000000000000000e+01 1.510000000000000000e+02 6.900000000000000000e+01 1.510000000000000000e+02 3.510000000000000000e+02 6.590000000000000000e+02 1.036000000000000000e+03 1.666000000000000000e+03 1.480000000000000000e+03 2.573000000000000000e+03 5.362000000000000000e+03 6.360000000000000000e+03 9.254000000000000000e+03 2.236800000000000000e+04 3.162300000000000000e+04 8.704900000000000000e+04 1.963760000000000000e+05 5.441360000000000000e+05
2.280000000000000000e+02 2.410000000000000000e+02 5.920000000000000000e+02 7.010000000000000000e+02 7.770000000000000000e+02 1.643000000000000000e+03 2.410000000000000000e+03 3.072000000000000000e+03 5.921000000000000000e+03 7.628000000000000000e+03 8.704000000000000000e+03 1.837700000000000000e+04 1.443500000000000000e+04 2.153500000000000000e+04 4.496500000000000000e+04 9.938100000000000000e+04 8.792800000000000000e+04 3.500300000000000000e+05 6.499240000000000000e+05
1.700000000000000000e+01 1.600000000000000000e+01 6.300000000000000000e+01 1.160000000000000000e+02 2.140000000000000000e+02 5.290000000000000000e+02 7.310000000000000000e+02 1.179000000000000000e+03 2.281000000000000000e+03 1.889000000000000000e+03 2.199000000000000000e+03 5.340000000000000000e+03 6.507000000000000000e+03 1.146900000000000000e+04 2.292500000000000000e+04 3.387400000000000000e+04 7.380200000000000000e+04 1.806990000000000000e+05 3.011860000000000000e+05
3.200000000000000000e+01 6.600000000000000000e+01 1.530000000000000000e+02 2.130000000000000000e+02 4.000000000000000000e+02 8.880000000000000000e+02 1.294000000000000000e+03 2.574000000000000000e+03 4.737000000000000000e+03 5.190000000000000000e+03 6.410000000000000000e+03 7.420000000000000000e+03 1.247500000000000000e+04 1.952600000000000000e+04 5.698400000000000000e+04 7.261100000000000000e+04 1.072180000000000000e+05 2.302810000000000000e+05 4.428630000000000000e+05
4.530000000000000000e+02 2.430000000000000000e+02 5.290000000000000000e+02 6.740000000000000000e+02 1.050000000000000000e+03 2.398000000000000000e+03 2.639000000000000000e+03 4.629000000000000000e+03 9.373000000000000000e+03 1.178500000000000000e+04 1.188400000000000000e+04 2.324800000000000000e+04 3.380900000000000000e+04 5.121700000000000000e+04 1.465970000000000000e+05 2.008560000000000000e+05 4.426340000000000000e+05 1.482099000000000000e+06 2.146390000000000000e+06
2.310000000000000000e+02 1.890000000000000000e+02 3.050000000000000000e+02 3.360000000000000000e+02 4.090000000000000000e+02 6.820000000000000000e+02 1.130000000000000000e+03 1.647000000000000000e+03 3.273000000000000000e+03 4.072000000000000000e+03 6.706000000000000000e+03 8.496000000000000000e+03 1.310700000000000000e+04 2.315100000000000000e+04 6.286100000000000000e+04 8.690000000000000000e+04 1.223190000000000000e+05 1.804760000000000000e+05 4.394620000000000000e+05
3.160000000000000000e+02 2.510000000000000000e+02 4.450000000000000000e+02 5.200000000000000000e+02 9.590000000000000000e+02 2.313000000000000000e+03 3.160000000000000000e+03 5.468000000000000000e+03 1.148600000000000000e+04 1.393000000000000000e+04 1.781400000000000000e+04 3.327600000000000000e+04 1.191200000000000000e+04 4.243100000000000000e+04 7.429300000000000000e+04 1.437390000000000000e+05 2.665110000000000000e+05 4.343310000000000000e+05 9.918030000000000000e+05
4.800000000000000000e+01 4.000000000000000000e+01 8.100000000000000000e+01 1.110000000000000000e+02 2.180000000000000000e+02 4.450000000000000000e+02 5.960000000000000000e+02 1.080000000000000000e+03 2.076000000000000000e+03 2.005000000000000000e+03 3.180000000000000000e+03 4.757000000000000000e+03 3.326000000000000000e+03 6.539000000000000000e+03 1.309200000000000000e+04 2.931800000000000000e+04 5.415400000000000000e+04 1.409210000000000000e+05 2.532540000000000000e+05
9.100000000000000000e+01 1.550000000000000000e+02 4.820000000000000000e+02 4.290000000000000000e+02 8.860000000000000000e+02 9.760000000000000000e+02 1.233000000000000000e+03 1.442000000000000000e+03 3.726000000000000000e+03 5.295000000000000000e+03 5.708000000000000000e+03 9.311000000000000000e+03 6.629000000000000000e+03 1.123000000000000000e+04 2.588300000000000000e+04 3.759000000000000000e+04 1.216260000000000000e+05 2.873070000000000000e+05 4.442660000000000000e+05
6.700000000000000000e+01 4.500000000000000000e+01 1.340000000000000000e+02 2.440000000000000000e+02 3.580000000000000000e+02 1.096000000000000000e+03 1.134000000000000000e+03 1.719000000000000000e+03 3.217000000000000000e+03 2.981000000000000000e+03 4.315000000000000000e+03 6.178000000000000000e+03 5.492000000000000000e+03 8.819000000000000000e+03 2.583700000000000000e+04 3.690500000000000000e+04 6.241200000000000000e+04 1.673680000000000000e+05 2.955090000000000000e+05
2.170000000000000000e+02 1.650000000000000000e+02 2.250000000000000000e+02 2.310000000000000000e+02 2.470000000000000000e+02 5.480000000000000000e+02 1.144000000000000000e+03 1.472000000000000000e+03 3.095000000000000000e+03 2.678000000000000000e+03 3.387000000000000000e+03 5.964000000000000000e+03 6.022000000000000000e+03 1.659100000000000000e+04 3.757800000000000000e+04 4.381100000000000000e+04 9.678500000000000000e+04 3.350700000000000000e+05 5.682220000000000000e+05
8.860000000000000000e+02 2.320000000000000000e+02 2.810000000000000000e+02 1.810000000000000000e+02 3.620000000000000000e+02 1.024000000000000000e+03 1.453000000000000000e+03 3.157000000000000000e+03 6.318000000000000000e+03 9.281000000000000000e+03 1.637800000000000000e+04 2.357500000000000000e+04 1.174300000000000000e+04 1.689400000000000000e+04 4.650300000000000000e+04 5.774200000000000000e+04 9.813000000000000000e+04 2.656920000000000000e+05 3.646100000000000000e+05
4.120000000000000000e+02 2.440000000000000000e+02 3.460000000000000000e+02 3.020000000000000000e+02 5.430000000000000000e+02 1.220000000000000000e+03 1.726000000000000000e+03 2.822000000000000000e+03 6.103000000000000000e+03 4.485000000000000000e+03 8.289000000000000000e+03 1.162500000000000000e+04 1.199900000000000000e+04 1.958700000000000000e+04 5.931700000000000000e+04 1.116840000000000000e+05 1.820960000000000000e+05 3.640210000000000000e+05 6.610110000000000000e+05
2.420000000000000000e+02 2.790000000000000000e+02 7.220000000000000000e+02 7.980000000000000000e+02 8.540000000000000000e+02 2.103000000000000000e+03 1.960000000000000000e+03 2.353000000000000000e+03 3.155000000000000000e+03 4.489000000000000000e+03 5.443000000000000000e+03 1.330500000000000000e+04 1.491900000000000000e+04 1.953700000000000000e+04 3.793700000000000000e+04 4.860800000000000000e+04 8.675300000000000000e+04 3.260840000000000000e+05 5.204170000000000000e+05
3.100000000000000000e+02 3.330000000000000000e+02 7.100000000000000000e+02 9.140000000000000000e+02 1.455000000000000000e+03 2.821000000000000000e+03 3.405000000000000000e+03 6.786000000000000000e+03 8.143000000000000000e+03 8.201000000000000000e+03 1.237700000000000000e+04 2.206900000000000000e+04 1.650300000000000000e+04 2.676600000000000000e+04 7.533500000000000000e+04 1.632750000000000000e+05 3.066530000000000000e+05 7.594550000000000000e+05 1.514342000000000000e+06
5.950000000000000000e+02 4.550000000000000000e+02 9.260000000000000000e+02 5.350000000000000000e+02 6.720000000000000000e+02 2.187000000000000000e+03 2.135000000000000000e+03 3.130000000000000000e+03 8.114000000000000000e+03 9.545000000000000000e+03 1.278800000000000000e+04 2.399900000000000000e+04 1.639800000000000000e+04 1.537700000000000000e+04 3.894300000000000000e+04 6.537900000000000000e+04 1.534730000000000000e+05 3.875110000000000000e+05 6.899440000000000000e+05
1.230000000000000000e+02 1.320000000000000000e+02 3.530000000000000000e+02 4.760000000000000000e+02 7.560000000000000000e+02 1.701000000000000000e+03 2.092000000000000000e+03 3.800000000000000000e+03 1.023200000000000000e+04 1.110900000000000000e+04 1.187000000000000000e+04 2.191200000000000000e+04 1.034300000000000000e+04 1.050600000000000000e+04 4.394400000000000000e+04 7.057400000000000000e+04 1.716330000000000000e+05 4.175420000000000000e+05 6.758730000000000000e+05
2.490000000000000000e+02 2.410000000000000000e+02 3.870000000000000000e+02 2.320000000000000000e+02 4.240000000000000000e+02 1.192000000000000000e+03 1.816000000000000000e+03 3.407000000000000000e+03 6.780000000000000000e+03 8.621000000000000000e+03 1.365000000000000000e+04 1.269000000000000000e+04 8.872000000000000000e+03 2.536900000000000000e+04 2.437800000000000000e+04 5.936400000000000000e+04 1.033030000000000000e+05 2.930420000000000000e+05 4.675130000000000000e+05
