3.141000000000000000e+03 4.260000000000000000e+02 1.042000000000000000e+03 1.230000000000000000e+03 2.199000000000000000e+03 5.305000000000000000e+03 7.865000000000000000e+03 1.283200000000000000e+04 2.658900000000000000e+04 3.556600000000000000e+04 4.571400000000000000e+04 7.992900000000000000e+04 8.100600000000000000e+04 1.511760000000000000e+05 4.524270000000000000e+05 6.094830000000000000e+05 1.256181000000000000e+06 4.134916000000000000e+06 7.980650000000000000e+06
1.275000000000000000e+03 8.980000000000000000e+02 1.592000000000000000e+03 1.780000000000000000e+03 2.926000000000000000e+03 6.986000000000000000e+03 1.016100000000000000e+04 1.752900000000000000e+04 3.878300000000000000e+04 4.865900000000000000e+04 5.799700000000000000e+04 1.032320000000000000e+05 9.557500000000000000e+04 1.930670000000000000e+05 5.220720000000000000e+05 8.997340000000000000e+05 1.943790000000000000e+06 5.832934000000000000e+06 1.142830700000000000e+07
1.103000000000000000e+03 8.440000000000000000e+02 1.513000000000000000e+03 1.646000000000000000e+03 2.053000000000000000e+03 4.391000000000000000e+03 7.714000000000000000e+03 1.246300000000000000e+04 2.728900000000000000e+04 3.701300000000000000e+04 4.706600000000000000e+04 8.289800000000000000e+04 1.067780000000000000e+05 1.395100000000000000e+05 4.900950000000000000e+05 6.539370000000000000e+05 1.325324000000000000e+06 3.256697000000000000e+06 2.103233000000000000e+06
1.083000000000000000e+03 8.480000000000000000e+02 1.926000000000000000e+03 2.162000000000000000e+03 2.954000000000000000e+03 7.255000000000000000e+03 9.605000000000000000e+03 1.625500000000000000e+04 3.344000000000000000e+04 3.297600000000000000e+04 4.968500000000000000e+04 9.610300000000000000e+04 1.008580000000000000e+05 2.501230000000000000e+05 5.720670000000000000e+05 1.030453000000000000e+06 2.130963000000000000e+06 6.726341000000000000e+06 1.407999200000000000e+07
4.023000000000000000e+03 1.331000000000000000e+03 3.007000000000000000e+03 3.033000000000000000e+03 4.464000000000000000e+03 1.062700000000000000e+04 1.614800000000000000e+04 2.921800000000000000e+04 6.949600000000000000e+04 8.123000000000000000e+04 1.033220000000000000e+05 1.989850000000000000e+05 2.313820000000000000e+05 4.308940000000000000e+05 1.159874000000000000e+06 2.091329000000000000e+06 3.760863000000000000e+06 1.233925300000000000e+07 2.321719900000000000e+07
5.396000000000000000e+03 2.747000000000000000e+03 3.787000000000000000e+03 2.893000000000000000e+03 3.824000000000000000e+03 9.170000000000000000e+03 1.369600000000000000e+04 2.302800000000000000e+04 5.271300000000000000e+04 6.196700000000000000e+04 8.865200000000000000e+04 1.522880000000000000e+05 1.825140000000000000e+05 2.796050000000000000e+05 7.812470000000000000e+05 1.227016000000000000e+06 2.033631000000000000e+06 6.004317000000000000e+06 7.007291000000000000e+06
2.030000000000000000e+03 1.116000000000000000e+03 1.595000000000000000e+03 1.507000000000000000e+03 2.283000000000000000e+03 5.544000000000000000e+03 7.187000000000000000e+03 1.420700000000000000e+04 2.984400000000000000e+04 3.332400000000000000e+04 4.652100000000000000e+04 8.525300000000000000e+04 9.199500000000000000e+04 1.534400000000000000e+05 4.101120000000000000e+05 4.856700000000000000e+05 8.474210000000000000e+05 3.198298000000000000e+06 6.688036000000000000e+06
7.807000000000000000e+03 3.061000000000000000e+03 3.780000000000000000e+03 3.095000000000000000e+03 4.316000000000000000e+03 1.220900000000000000e+04 1.761200000000000000e+04 3.528900000000000000e+04 7.646700000000000000e+04 8.623800000000000000e+04 1.365790000000000000e+05 2.294120000000000000e+05 2.377470000000000000e+05 3.629450000000000000e+05 8.555010000000000000e+05 1.498141000000000000e+06 2.247405000000000000e+06 1.142287900000000000e+07 2.229723300000000000e+07
6.502000000000000000e+03 2.677000000000000000e+03 4.371000000000000000e+03 4.103000000000000000e+03 5.306000000000000000e+03 1.431500000000000000e+04 2.218100000000000000e+04 3.642800000000000000e+04 7.569100000000000000e+04 9.431400000000000000e+04 1.496650000000000000e+05 3.153730000000000000e+05 3.004980000000000000e+05 4.195610000000000000e+05 1.418781000000000000e+06 2.664882000000000000e+06 4.136362000000000000e+06 1.121565700000000000e+07 1.352012300000000000e+07
1.388000000000000000e+03 9.470000000000000000e+02 1.932000000000000000e+03 2.266000000000000000e+03 3.372000000000000000e+03 7.104000000000000000e+03 9.794000000000000000e+03 1.740100000000000000e+04 3.875500000000000000e+04 4.370400000000000000e+04 6.133200000000000000e+04 1.240680000000000000e+05 1.272960000000000000e+05 2.144850000000000000e+05 7.541690000000000000e+05 1.156297000000000000e+06 2.134220000000000000e+06 7.139909000000000000e+06 1.261453500000000000e+07
1.947000000000000000e+03 1.298000000000000000e+03 2.074000000000000000e+03 2.599000000000000000e+03 4.070000000000000000e+03 1.010200000000000000e+04 1.407000000000000000e+04 2.235500000000000000e+04 5.059300000000000000e+04 5.725100000000000000e+04 7.618000000000000000e+04 1.455580000000000000e+05 1.411080000000000000e+05 2.779790000000000000e+05 5.992980000000000000e+05 9.481960000000000000e+05 1.685290000000000000e+06 5.098498000000000000e+06 7.322425000000000000e+06
1.488900000000000000e+04 1.907000000000000000e+03 3.095000000000000000e+03 2.561000000000000000e+03 3.170000000000000000e+03 9.531000000000000000e+03 1.483700000000000000e+04 2.506700000000000000e+04 5.587800000000000000e+04 5.900600000000000000e+04 6.878800000000000000e+04 1.210970000000000000e+05 1.446860000000000000e+05 2.500830000000000000e+05 7.480720000000000000e+05 1.102880000000000000e+06 1.954593000000000000e+06 4.690691000000000000e+06 9.550171000000000000e+06
3.517000000000000000e+03 1.342000000000000000e+03 1.941000000000000000e+03 1.966000000000000000e+03 2.530000000000000000e+03 7.674000000000000000e+03 1.098600000000000000e+04 2.125000000000000000e+04 4.158300000000000000e+04 4.300900000000000000e+04 6.216500000000000000e+04 1.408140000000000000e+05 1.730980000000000000e+05 2.675870000000000000e+05 6.069960000000000000e+05 1.165438000000000000e+06 2.312079000000000000e+06 6.745379000000000000e+06 1.127824700000000000e+07
2.740000000000000000e+02 2.910000000000000000e+02 7.460000000000000000e+02 1.206000000000000000e+03 1.953000000000000000e+03 4.831000000000000000e+03 7.532000000000000000e+03 1.315800000000000000e+04 3.036200000000000000e+04 3.917200000000000000e+04 5.882200000000000000e+04 1.218260000000000000e+05 1.316470000000000000e+05 1.831490000000000000e+05 4.632540000000000000e+05 8.886660000000000000e+05 1.602881000000000000e+06 6.195753000000000000e+06 1.111107800000000000e+07
9.120000000000000000e+02 7.790000000000000000e+02 1.399000000000000000e+03 1.870000000000000000e+03 2.750000000000000000e+03 6.286000000000000000e+03 9.739000000000000000e+03 1.796700000000000000e+04 4.435900000000000000e+04 5.478900000000000000e+04 6.995500000000000000e+04 1.465930000000000000e+05 1.357750000000000000e+05 2.503560000000000000e+05 7.439470000000000000e+05 1.087759000000000000e+06 2.596742000000000000e+06 5.279479000000000000e+06 7.573823000000000000e+06
3.334000000000000000e+03 1.579000000000000000e+03 2.081000000000000000e+03 2.050000000000000000e+03 2.830000000000000000e+03 7.099000000000000000e+03 1.166500000000000000e+04 1.881400000000000000e+04 4.567300000000000000e+04 5.951900000000000000e+04 8.754100000000000000e+04 1.686950000000000000e+05 1.666740000000000000e+05 1.866720000000000000e+05 4.752660000000000000e+05 7.879260000000000000e+05 1.395130000000000000e+06 4.235573000000000000e+06 5.406624000000000000e+06
4.559000000000000000e+03 1.333000000000000000e+03 1.579000000000000000e+03 1.509000000000000000e+03 1.968000000000000000e+03 7.120000000000000000e+03 9.577000000000000000e+03 1.505400000000000000e+04 3.513300000000000000e+04 3.304800000000000000e+04 4.286100000000000000e+04 9.205500000000000000e+04 1.025500000000000000e+05 1.730970000000000000e+05 3.959150000000000000e+05 8.094470000000000000e+05 1.389786000000000000e+06 4.394990000000000000e+06 8.440736000000000000e+06
4.968000000000000000e+03 2.348000000000000000e+03 3.349000000000000000e+03 2.917000000000000000e+03 3.439000000000000000e+03 1.059200000000000000e+04 1.716100000000000000e+04 2.891800000000000000e+04 5.590000000000000000e+04 5.745400000000000000e+04 1.062380000000000000e+05 1.921800000000000000e+05 1.879410000000000000e+05 3.869440000000000000e+05 9.763840000000000000e+05 1.354420000000000000e+06 2.759539000000000000e+06 7.031070000000000000e+06 1.340350400000000000e+07
3.154000000000000000e+03 2.216000000000000000e+03 3.298000000000000000e+03 2.783000000000000000e+03 3.433000000000000000e+03 8.617000000000000000e+03 1.451800000000000000e+04 2.395200000000000000e+04 5.442300000000000000e+04 5.794200000000000000e+04 7.062100000000000000e+04 1.347410000000000000e+05 1.530340000000000000e+05 2.779520000000000000e+05 9.618690000000000000e+05 1.421977000000000000e+06 2.429880000000000000e+06 8.499485000000000000e+06 1.598622300000000000e+07
7.550000000000000000e+02 6.790000000000000000e+02 1.462000000000000000e+03 1.849000000000000000e+03 2.486000000000000000e+03 6.154000000000000000e+03 8.915000000000000000e+03 1.537100000000000000e+04 3.493600000000000000e+04 4.308600000000000000e+04 7.175000000000000000e+04 1.402940000000000000e+05 1.733270000000000000e+05 2.736110000000000000e+05 5.312720000000000000e+05 9.869350000000000000e+05 1.955515000000000000e+06 5.361988000000000000e+06 5.691619000000000000e+06
5.814000000000000000e+03 1.754000000000000000e+03 2.764000000000000000e+03 2.381000000000000000e+03 2.748000000000000000e+03 6.452000000000000000e+03 1.379300000000000000e+04 1.963600000000000000e+04 4.729800000000000000e+04 5.968000000000000000e+04 9.351300000000000000e+04 1.814470000000000000e+05 1.416130000000000000e+05 2.127060000000000000e+05 5.411920000000000000e+05 8.443420000000000000e+05 1.833862000000000000e+06 4.903900000000000000e+06 8.701917000000000000e+06
2.461000000000000000e+03 1.424000000000000000e+03 2.186000000000000000e+03 2.028000000000000000e+03 2.859000000000000000e+03 7.057000000000000000e+03 1.251200000000000000e+04 2.137900000000000000e+04 4.227600000000000000e+04 5.189000000000000000e+04 7.157600000000000000e+04 1.080740000000000000e+05 1.240400000000000000e+05 2.185530000000000000e+05 5.756520000000000000e+05 8.156020000000000000e+05 1.989288000000000000e+06 4.969305000000000000e+06 9.945984000000000000e+06
1.401000000000000000e+03 9.460000000000000000e+02 1.682000000000000000e+03 2.006000000000000000e+03 3.434000000000000000e+03 8.481000000000000000e+03 1.222600000000000000e+04 1.973400000000000000e+04 4.201900000000000000e+04 4.136400000000000000e+04 5.243300000000000000e+04 9.745000000000000000e+04 1.371200000000000000e+05 2.426080000000000000e+05 6.348680000000000000e+05 7.712480000000000000e+05 1.871309000000000000e+06 5.122368000000000000e+06 7.836744000000000000e+06
1.449000000000000000e+03 9.030000000000000000e+02 1.864000000000000000e+03 2.189000000000000000e+03 3.301000000000000000e+03 9.454000000000000000e+03 1.421100000000000000e+04 2.675100000000000000e+04 5.900000000000000000e+04 7.736400000000000000e+04 9.168200000000000000e+04 1.543030000000000000e+05 1.898220000000000000e+05 3.027140000000000000e+05 7.607450000000000000e+05 1.279191000000000000e+06 2.951229000000000000e+06 9.750071000000000000e+06 1.836918000000000000e+07
1.561000000000000000e+03 7.830000000000000000e+02 1.952000000000000000e+03 2.597000000000000000e+03 4.251000000000000000e+03 9.928000000000000000e+03 1.460700000000000000e+04 2.654800000000000000e+04 6.085700000000000000e+04 7.290500000000000000e+04 1.126790000000000000e+05 2.378620000000000000e+05 1.864100000000000000e+05 2.801850000000000000e+05 7.317840000000000000e+05 1.473734000000000000e+06 2.821998000000000000e+06 9.162528000000000000e+06 1.742475000000000000e+07
1.959000000000000000e+03 1.273000000000000000e+03 1.946000000000000000e+03 1.882000000000000000e+03 2.547000000000000000e+03 5.863000000000000000e+03 9.600000000000000000e+03 1.651100000000000000e+04 3.608600000000000000e+04 4.196600000000000000e+04 5.960100000000000000e+04 1.171840000000000000e+05 1.515270000000000000e+05 2.479900000000000000e+05 5.607590000000000000e+05 1.055184000000000000e+06 2.030879000000000000e+06 6.129309000000000000e+06 1.045048500000000000e+07
9.420000000000000000e+02 7.650000000000000000e+02 1.361000000000000000e+03 1.859000000000000000e+03 3.226000000000000000e+03 7.715000000000000000e+03 1.080800000000000000e+04 1.901400000000000000e+04 4.560300000000000000e+04 5.212900000000000000e+04 6.568700000000000000e+04 1.521670000000000000e+05 1.640310000000000000e+05 2.636510000000000000e+05 6.573220000000000000e+05 1.156594000000000000e+06 2.261357000000000000e+06 6.603141000000000000e+06 1.116354000000000000e+07
9.426000000000000000e+03 1.610000000000000000e+03 2.853000000000000000e+03 2.648000000000000000e+03 3.624000000000000000e+03 9.428000000000000000e+03 1.492700000000000000e+04 2.957600000000000000e+04 5.214000000000000000e+04 6.208600000000000000e+04 9.664700000000000000e+04 2.507100000000000000e+05 3.499700000000000000e+05 6.161490000000000000e+05 1.031753000000000000e+06 1.753593000000000000e+06 3.915862000000000000e+06 6.772721000000000000e+06 4.911683000000000000e+06
7.982000000000000000e+03 3.209000000000000000e+03 3.612000000000000000e+03 2.904000000000000000e+03 3.618000000000000000e+03 1.116000000000000000e+04 1.573400000000000000e+04 2.859400000000000000e+04 6.111800000000000000e+04 6.154600000000000000e+04 7.352100000000000000e+04 1.331580000000000000e+05 1.660770000000000000e+05 2.250060000000000000e+05 7.313130000000000000e+05 1.497752000000000000e+06 2.314810000000000000e+06 5.774331000000000000e+06 1.272994200000000000e+07
4.156000000000000000e+03 1.778000000000000000e+03 3.007000000000000000e+03 3.109000000000000000e+03 4.336000000000000000e+03 9.089000000000000000e+03 1.549100000000000000e+04 2.585800000000000000e+04 5.549000000000000000e+04 6.360300000000000000e+04 9.966900000000000000e+04 1.810250000000000000e+05 1.985680000000000000e+05 2.557760000000000000e+05 9.229790000000000000e+05 1.476601000000000000e+06 2.924446000000000000e+06 1.021681100000000000e+07 1.762120700000000000e+07
4.989000000000000000e+03 2.840000000000000000e+03 4.195000000000000000e+03 3.299000000000000000e+03 4.875000000000000000e+03 1.151100000000000000e+04 1.718400000000000000e+04 2.888500000000000000e+04 6.035200000000000000e+04 6.772200000000000000e+04 1.058450000000000000e+05 2.140780000000000000e+05 1.826290000000000000e+05 3.134600000000000000e+05 7.909170000000000000e+05 1.477179000000000000e+06 3.092116000000000000e+06 1.056083100000000000e+07 2.038194300000000000e+07
7.035000000000000000e+03 2.853000000000000000e+03 3.719000000000000000e+03 3.560000000000000000e+03 4.052000000000000000e+03 1.185100000000000000e+04 1.489600000000000000e+04 2.561200000000000000e+04 6.946800000000000000e+04 7.657500000000000000e+04 1.095590000000000000e+05 2.156000000000000000e+05 2.183420000000000000e+05 4.221380000000000000e+05 9.352260000000000000e+05 1.629591000000000000e+06 3.025748000000000000e+06 7.144796000000000000e+06 8.421973000000000000e+06
2.351000000000000000e+03 1.095000000000000000e+03 1.982000000000000000e+03 2.201000000000000000e+03 3.184000000000000000e+03 8.781000000000000000e+03 1.196600000000000000e+04 1.945000000000000000e+04 4.462700000000000000e+04 4.414300000000000000e+04 5.162200000000000000e+04 1.057880000000000000e+05 1.358670000000000000e+05 1.581560000000000000e+05 5.112130000000000000e+05 9.120270000000000000e+05 1.756605000000000000e+06 5.139134000000000000e+06 7.878192000000000000e+06
2.432000000000000000e+03 1.502000000000000000e+03 2.577000000000000000e+03 1.697000000000000000e+03 2.768000000000000000e+03 6.583000000000000000e+03 9.440000000000000000e+03 1.657200000000000000e+04 3.834900000000000000e+04 4.650300000000000000e+04 5.551400000000000000e+04 1.071370000000000000e+05 1.234390000000000000e+05 2.384980000000000000e+05 6.398790000000000000e+05 8.060690000000000000e+05 1.416002000000000000e+06 3.599347000000000000e+06 1.051496100000000000e+07
2.389000000000000000e+03 1.696000000000000000e+03 3.053000000000000000e+03 3.247000000000000000e+03 4.604000000000000000e+03 1.013000000000000000e+04 1.696000000000000000e+04 2.844800000000000000e+04 5.996900000000000000e+04 6.290000000000000000e+04 1.084280000000000000e+05 2.032610000000000000e+05 2.276100000000000000e+05 3.777970000000000000e+05 1.065780000000000000e+06 1.948340000000000000e+06 3.894148000000000000e+06 1.061158300000000000e+07 1.564759600000000000e+07
4.232000000000000000e+03 2.045000000000000000e+03 3.901000000000000000e+03 4.065000000000000000e+03 5.228000000000000000e+03 1.115900000000000000e+04 1.560500000000000000e+04 2.845200000000000000e+04 6.146000000000000000e+04 7.318700000000000000e+04 1.078190000000000000e+05 2.156240000000000000e+05 1.929780000000000000e+05 2.956440000000000000e+05 9.644770000000000000e+05 1.213877000000000000e+06 2.259071000000000000e+06 5.282166000000000000e+06 7.643787000000000000e+06
8.839000000000000000e+03 2.351000000000000000e+03 3.455000000000000000e+03 4.036000000000000000e+03 6.052000000000000000e+03 1.688900000000000000e+04 2.203200000000000000e+04 3.263400000000000000e+04 7.125500000000000000e+04 7.947600000000000000e+04 1.239750000000000000e+05 2.967350000000000000e+05 3.569970000000000000e+05 6.408930000000000000e+05 1.819888000000000000e+06 2.131216000000000000e+06 3.396018000000000000e+06 1.395014500000000000e+07 2.023394700000000000e+07
3.479000000000000000e+03 1.328000000000000000e+03 2.708000000000000000e+03 3.061000000000000000e+03 4.045000000000000000e+03 9.586000000000000000e+03 1.287200000000000000e+04 2.166700000000000000e+04 4.253300000000000000e+04 4.979800000000000000e+04 6.318100000000000000e+04 1.574810000000000000e+05 1.620170000000000000e+05 2.560850000000000000e+05 5.665000000000000000e+05 1.087924000000000000e+06 2.342661000000000000e+06 7.035849000000000000e+06 1.507048200000000000e+07
1.393600000000000000e+04 1.910000000000000000e+03 3.651000000000000000e+03 3.316000000000000000e+03 4.568000000000000000e+03 1.111000000000000000e+04 2.430000000000000000e+04 3.220600000000000000e+04 8.582300000000000000e+04 1.076460000000000000e+05 1.402360000000000000e+05 2.080040000000000000e+05 2.363010000000000000e+05 3.814360000000000000e+05 9.244030000000000000e+05 1.597736000000000000e+06 3.283970000000000000e+06 1.047834800000000000e+07 1.825199300000000000e+07
1.773000000000000000e+03 1.142000000000000000e+03 2.068000000000000000e+03 2.311000000000000000e+03 3.245000000000000000e+03 7.590000000000000000e+03 1.193400000000000000e+04 1.948800000000000000e+04 4.614500000000000000e+04 5.538100000000000000e+04 8.008000000000000000e+04 1.602130000000000000e+05 2.306080000000000000e+05 3.183310000000000000e+05 8.950540000000000000e+05 1.598695000000000000e+06 2.568256000000000000e+06 7.460943000000000000e+06 1.353155900000000000e+07
3.295000000000000000e+03 2.203000000000000000e+03 3.281000000000000000e+03 3.322000000000000000e+03 4.714000000000000000e+03 9.430000000000000000e+03 1.571700000000000000e+04 2.460300000000000000e+04 5.134100000000000000e+04 5.901900000000000000e+04 7.759500000000000000e+04 1.698310000000000000e+05 2.193960000000000000e+05 2.958910000000000000e+05 7.244680000000000000e+05 1.360426000000000000e+06 2.390292000000000000e+06 7.031926000000000000e+06 1.286150700000000000e+07
8.280000000000000000e+02 4.250000000000000000e+02 8.480000000000000000e+02 7.570000000000000000e+02 1.291000000000000000e+03 3.006000000000000000e+03 4.622000000000000000e+03 7.310000000000000000e+03 1.650300000000000000e+04 1.532300000000000000e+04 2.054000000000000000e+04 3.525200000000000000e+04 5.125100000000000000e+04 9.910200000000000000e+04 2.088100000000000000e+05 4.126410000000000000e+05 8.420030000000000000e+05 1.791259000000000000e+06 1.427845000000000000e+06
8.900000000000000000e+02 9.440000000000000000e+02 2.411000000000000000e+03 3.507000000000000000e+03 5.824000000000000000e+03 1.433500000000000000e+04 1.689400000000000000e+04 2.503900000000000000e+04 5.645100000000000000e+04 5.290400000000000000e+04 7.833600000000000000e+04 1.678370000000000000e+05 1.971230000000000000e+05 2.660030000000000000e+05 7.849030000000000000e+05 1.305199000000000000e+06 2.746506000000000000e+06 7.286367000000000000e+06 1.132496200000000000e+07
2.626000000000000000e+03 1.140000000000000000e+03 1.783000000000000000e+03 1.882000000000000000e+03 3.108000000000000000e+03 7.806000000000000000e+03 1.125800000000000000e+04 1.957100000000000000e+04 3.683300000000000000e+04 3.949600000000000000e+04 5.412100000000000000e+04 1.138600000000000000e+05 1.638900000000000000e+05 2.440420000000000000e+05 5.608400000000000000e+05 1.005147000000000000e+06 1.985820000000000000e+06 5.792237000000000000e+06 1.202062700000000000e+07
5.838000000000000000e+03 1.886000000000000000e+03 2.922000000000000000e+03 3.267000000000000000e+03 3.556000000000000000e+03 9.663000000000000000e+03 1.286600000000000000e+04 2.396600000000000000e+04 4.971600000000000000e+04 5.620500000000000000e+04 8.412800000000000000e+04 1.386310000000000000e+05 2.090230000000000000e+05 2.655750000000000000e+05 7.858840000000000000e+05 1.373049000000000000e+06 2.323008000000000000e+06 7.565414000000000000e+06 1.092741700000000000e+07
1.441000000000000000e+03 9.880000000000000000e+02 1.494000000000000000e+03 1.553000000000000000e+03 2.178000000000000000e+03 5.122000000000000000e+03 6.983000000000000000e+03 1.309000000000000000e+04 2.939100000000000000e+04 4.037200000000000000e+04 6.125400000000000000e+04 1.001140000000000000e+05 1.059940000000000000e+05 1.754900000000000000e+05 4.201760000000000000e+05 5.495620000000000000e+05 1.146126000000000000e+06 2.783614000000000000e+06 3.312655000000000000e+06
5.403000000000000000e+03 2.333000000000000000e+03 3.210000000000000000e+03 2.557000000000000000e+03 3.498000000000000000e+03 1.135300000000000000e+04 1.367700000000000000e+04 2.853300000000000000e+04 4.556600000000000000e+04 4.568300000000000000e+04 7.245600000000000000e+04 1.412200000000000000e+05 1.635710000000000000e+05 3.145840000000000000e+05 7.779490000000000000e+05 1.064081000000000000e+06 2.001529000000000000e+06 5.325754000000000000e+06 7.122559000000000000e+06
2.455000000000000000e+03 1.045000000000000000e+03 1.429000000000000000e+03 1.096000000000000000e+03 1.757000000000000000e+03 5.057000000000000000e+03 9.309000000000000000e+03 1.459600000000000000e+04 2.811800000000000000e+04 3.668000000000000000e+04 3.948200000000000000e+04 7.118900000000000000e+04 8.954800000000000000e+04 1.024210000000000000e+05 3.793130000000000000e+05 5.485880000000000000e+05 1.495894000000000000e+06 4.226334000000000000e+06 7.283011000000000000e+06
1.509000000000000000e+03 1.334000000000000000e+03 2.765000000000000000e+03 2.831000000000000000e+03 3.710000000000000000e+03 7.930000000000000000e+03 1.128900000000000000e+04 2.090100000000000000e+04 4.391200000000000000e+04 5.584900000000000000e+04 7.383400000000000000e+04 1.638440000000000000e+05 1.999930000000000000e+05 4.257180000000000000e+05 1.003652000000000000e+06 1.662079000000000000e+06 3.061702000000000000e+06 8.874624000000000000e+06 2.020903700000000000e+07
2.463000000000000000e+03 1.135000000000000000e+03 2.293000000000000000e+03 2.468000000000000000e+03 4.462000000000000000e+03 1.008500000000000000e+04 1.548200000000000000e+04 2.910600000000000000e+04 7.080900000000000000e+04 8.509100000000000000e+04 1.276990000000000000e+05 2.566130000000000000e+05 3.084570000000000000e+05 5.202710000000000000e+05 1.379560000000000000e+06 2.047828000000000000e+06 4.488351000000000000e+06 1.188816200000000000e+07 2.003895900000000000e+07
8.210000000000000000e+02 6.450000000000000000e+02 1.237000000000000000e+03 1.364000000000000000e+03 1.876000000000000000e+03 4.364000000000000000e+03 7.021000000000000000e+03 1.156500000000000000e+04 2.491500000000000000e+04 2.646600000000000000e+04 3.114700000000000000e+04 7.125400000000000000e+04 9.525600000000000000e+04 1.406570000000000000e+05 4.331290000000000000e+05 5.991610000000000000e+05 1.035105000000000000e+06 3.712690000000000000e+06 7.147021000000000000e+06
2.051000000000000000e+03 1.266000000000000000e+03 1.883000000000000000e+03 1.316000000000000000e+03 1.642000000000000000e+03 4.591000000000000000e+03 7.860000000000000000e+03 1.219800000000000000e+04 2.311200000000000000e+04 3.094400000000000000e+04 4.197600000000000000e+04 8.163100000000000000e+04 8.926600000000000000e+04 1.291940000000000000e+05 3.761120000000000000e+05 7.082100000000000000e+05 1.251965000000000000e+06 2.960220000000000000e+06 2.930180000000000000e+06
3.020000000000000000e+02 3.880000000000000000e+02 9.730000000000000000e+02 1.239000000000000000e+03 1.801000000000000000e+03 4.390000000000000000e+03 6.353000000000000000e+03 1.040500000000000000e+04 2.165400000000000000e+04 2.522000000000000000e+04 3.354800000000000000e+04 6.550500000000000000e+04 6.793800000000000000e+04 9.721300000000000000e+04 2.904240000000000000e+05 4.720950000000000000e+05 9.786880000000000000e+05 2.664223000000000000e+06 4.414116000000000000e+06
1.865000000000000000e+03 6.210000000000000000e+02 1.228000000000000000e+03 1.510000000000000000e+03 2.115000000000000000e+03 5.883000000000000000e+03 8.282000000000000000e+03 1.379500000000000000e+04 2.684600000000000000e+04 3.143000000000000000e+04 3.558400000000000000e+04 7.349900000000000000e+04 8.876400000000000000e+04 1.883950000000000000e+05 4.043860000000000000e+05 6.079190000000000000e+05 1.192154000000000000e+06 4.078690000000000000e+06 7.618930000000000000e+06
3.773000000000000000e+03 1.967000000000000000e+03 1.964000000000000000e+03 1.542000000000000000e+03 2.348000000000000000e+03 5.897000000000000000e+03 1.051500000000000000e+04 2.162100000000000000e+04 4.600000000000000000e+04 4.933800000000000000e+04 6.764000000000000000e+04 1.261200000000000000e+05 1.409120000000000000e+05 2.323720000000000000e+05 7.149970000000000000e+05 9.344470000000000000e+05 1.895363000000000000e+06 5.679755000000000000e+06 9.015410000000000000e+06
6.885000000000000000e+03 2.197000000000000000e+03 3.316000000000000000e+03 3.302000000000000000e+03 4.159000000000000000e+03 1.188500000000000000e+04 1.637200000000000000e+04 3.147600000000000000e+04 5.981700000000000000e+04 7.164500000000000000e+04 1.014950000000000000e+05 2.145520000000000000e+05 2.859280000000000000e+05 4.428770000000000000e+05 1.432462000000000000e+06 2.069471000000000000e+06 3.439117000000000000e+06 8.965788000000000000e+06 8.334078000000000000e+06
5.205000000000000000e+03 1.912000000000000000e+03 2.753000000000000000e+03 2.577000000000000000e+03 3.592000000000000000e+03 8.944000000000000000e+03 1.351700000000000000e+04 2.502600000000000000e+04 5.544800000000000000e+04 6.451200000000000000e+04 1.059680000000000000e+05 2.029150000000000000e+05 2.120780000000000000e+05 5.086550000000000000e+05 1.284179000000000000e+06 1.471001000000000000e+06 2.277482000000000000e+06 7.628733000000000000e+06 1.262982000000000000e+07
4.425000000000000000e+03 1.677000000000000000e+03 1.774000000000000000e+03 1.636000000000000000e+03 2.341000000000000000e+03 6.885000000000000000e+03 1.133600000000000000e+04 1.821000000000000000e+04 3.528700000000000000e+04 3.772300000000000000e+04 4.972200000000000000e+04 1.285180000000000000e+05 1.601180000000000000e+05 2.794330000000000000e+05 7.217750000000000000e+05 8.814970000000000000e+05 2.023901000000000000e+06 3.899450000000000000e+06 8.034259000000000000e+06
2.944000000000000000e+03 1.702000000000000000e+03 2.725000000000000000e+03 2.471000000000000000e+03 2.910000000000000000e+03 7.024000000000000000e+03 1.218800000000000000e+04 1.991600000000000000e+04 4.167200000000000000e+04 5.032100000000000000e+04 7.158500000000000000e+04 1.232850000000000000e+05 1.155920000000000000e+05 2.385740000000000000e+05 9.622060000000000000e+05 1.284452000000000000e+06 2.464308000000000000e+06 8.186554000000000000e+06 1.254632500000000000e+07
6.962000000000000000e+03 2.220000000000000000e+03 3.711000000000000000e+03 3.532000000000000000e+03 4.934000000000000000e+03 1.123300000000000000e+04 1.798200000000000000e+04 3.305800000000000000e+04 6.415300000000000000e+04 8.810600000000000000e+04 1.241640000000000000e+05 2.596390000000000000e+05 2.675140000000000000e+05 4.923830000000000000e+05 1.133592000000000000e+06 1.689125000000000000e+06 3.490444000000000000e+06 8.897861000000000000e+06 1.732910200000000000e+07
2.119000000000000000e+03 1.271000000000000000e+03 2.390000000000000000e+03 2.192000000000000000e+03 3.488000000000000000e+03 8.604000000000000000e+03 1.292200000000000000e+04 1.932400000000000000e+04 4.733700000000000000e+04 5.973100000000000000e+04 7.564700000000000000e+04 1.526820000000000000e+05 2.190220000000000000e+05 3.707320000000000000e+05 1.025414000000000000e+06 1.401626000000000000e+06 2.334333000000000000e+06 8.187930000000000000e+06 1.512071900000000000e+07
3.971000000000000000e+03 1.155000000000000000e+03 1.829000000000000000e+03 2.236000000000000000e+03 3.465000000000000000e+03 9.652000000000000000e+03 1.351800000000000000e+04 2.166300000000000000e+04 4.837100000000000000e+04 5.851200000000000000e+04 8.116900000000000000e+04 1.249510000000000000e+05 1.416940000000000000e+05 2.458930000000000000e+05 6.713020000000000000e+05 1.093910000000000000e+06 2.209945000000000000e+06 5.802054000000000000e+06 1.027543600000000000e+07
6.080000000000000000e+02 6.040000000000000000e+02 1.514000000000000000e+03 2.214000000000000000e+03 3.650000000000000000e+03 9.739000000000000000e+03 1.314700000000000000e+04 2.419900000000000000e+04 5.189700000000000000e+04 5.892600000000000000e+04 8.972400000000000000e+04 1.910500000000000000e+05 2.528260000000000000e+05 3.953590000000000000e+05 9.764340000000000000e+05 1.403549000000000000e+06 2.963431000000000000e+06 8.901689000000000000e+06 1.715122200000000000e+07
1.310000000000000000e+03 1.029000000000000000e+03 2.126000000000000000e+03 2.291000000000000000e+03 3.281000000000000000e+03 8.338000000000000000e+03 1.179900000000000000e+04 2.096700000000000000e+04 4.625700000000000000e+04 5.435200000000000000e+04 7.810500000000000000e+04 1.519280000000000000e+05 1.708620000000000000e+05 3.000660000000000000e+05 8.374100000000000000e+05 1.584719000000000000e+06 3.180900000000000000e+06 9.844385000000000000e+06 1.654270500000000000e+07
2.667000000000000000e+03 1.317000000000000000e+03 2.970000000000000000e+03 2.936000000000000000e+03 4.409000000000000000e+03 1.132800000000000000e+04 1.689500000000000000e+04 2.668900000000000000e+04 5.369000000000000000e+04 5.462500000000000000e+04 9.482600000000000000e+04 1.722220000000000000e+05 2.119230000000000000e+05 4.161350000000000000e+05 9.996740000000000000e+05 1.359065000000000000e+06 2.720893000000000000e+06 6.528064000000000000e+06 7.378268000000000000e+06
1.758000000000000000e+03 1.297000000000000000e+03 1.397000000000000000e+03 1.289000000000000000e+03 2.031000000000000000e+03 5.152000000000000000e+03 7.471000000000000000e+03 1.377700000000000000e+04 3.093400000000000000e+04 4.095800000000000000e+04 5.900800000000000000e+04 9.819800000000000000e+04 1.098240000000000000e+05 1.849350000000000000e+05 4.300580000000000000e+05 6.349510000000000000e+05 1.283534000000000000e+06 4.244277000000000000e+06 8.010249000000000000e+06
2.955000000000000000e+03 1.465000000000000000e+03 1.618000000000000000e+03 1.593000000000000000e+03 2.338000000000000000e+03 5.564000000000000000e+03 8.689000000000000000e+03 1.582200000000000000e+04 3.598400000000000000e+04 3.897400000000000000e+04 4.672300000000000000e+04 9.944200000000000000e+04 1.070000000000000000e+05 2.182070000000000000e+05 5.939490000000000000e+05 7.791160000000000000e+05 1.797190000000000000e+06 4.590278000000000000e+06 8.382766000000000000e+06
3.384000000000000000e+03 1.635000000000000000e+03 1.671000000000000000e+03 1.526000000000000000e+03 2.269000000000000000e+03 6.338000000000000000e+03 9.987000000000000000e+03 1.740900000000000000e+04 3.585500000000000000e+04 4.696200000000000000e+04 5.456400000000000000e+04 7.841800000000000000e+04 1.095150000000000000e+05 1.283640000000000000e+05 4.884730000000000000e+05 8.572590000000000000e+05 1.738180000000000000e+06 6.050182000000000000e+06 8.708656000000000000e+06
8.178000000000000000e+03 1.280000000000000000e+03 1.580000000000000000e+03 1.506000000000000000e+03 1.977000000000000000e+03 9.875000000000000000e+03 7.223000000000000000e+03 1.752800000000000000e+04 5.853300000000000000e+04 5.955400000000000000e+04 6.668300000000000000e+04 1.035590000000000000e+05 1.434630000000000000e+05 1.264090000000000000e+05 4.310220000000000000e+05 1.075654000000000000e+06 1.320561000000000000e+06 1.791702000000000000e+06 2.644476000000000000e+06
1.992000000000000000e+03 8.350000000000000000e+02 1.160000000000000000e+03 1.774000000000000000e+03 2.294000000000000000e+03 5.330000000000000000e+03 8.259000000000000000e+03 1.382700000000000000e+04 3.008900000000000000e+04 3.753800000000000000e+04 6.069000000000000000e+04 1.268110000000000000e+05 1.713070000000000000e+05 1.813420000000000000e+05 3.952700000000000000e+05 7.025210000000000000e+05 1.054294000000000000e+06 2.878561000000000000e+06 3.628587000000000000e+06
1.490000000000000000e+02 2.600000000000000000e+02 9.650000000000000000e+02 1.648000000000000000e+03 3.452000000000000000e+03 9.261000000000000000e+03 1.327800000000000000e+04 2.355900000000000000e+04 5.806000000000000000e+04 7.538300000000000000e+04 1.256990000000000000e+05 2.393920000000000000e+05 2.583050000000000000e+05 4.951150000000000000e+05 1.117739000000000000e+06 1.479637000000000000e+06 3.260662000000000000e+06 7.157411000000000000e+06 1.383349300000000000e+07
8.360000000000000000e+02 6.920000000000000000e+02 1.761000000000000000e+03 2.178000000000000000e+03 3.678000000000000000e+03 1.027900000000000000e+04 1.560400000000000000e+04 2.362300000000000000e+04 4.981700000000000000e+04 4.755500000000000000e+04 5.715400000000000000e+04 1.081850000000000000e+05 1.101620000000000000e+05 2.468950000000000000e+05 3.809640000000000000e+05 6.499590000000000000e+05 1.223309000000000000e+06 2.840660000000000000e+06 2.633016000000000000e+06
7.720000000000000000e+03 2.934000000000000000e+03 4.605000000000000000e+03 3.257000000000000000e+03 3.933000000000000000e+03 9.918000000000000000e+03 1.763300000000000000e+04 3.215200000000000000e+04 5.232400000000000000e+04 8.179900000000000000e+04 1.187620000000000000e+05 2.400770000000000000e+05 3.299310000000000000e+05 5.367330000000000000e+05 1.287187000000000000e+06 1.347057000000000000e+06 1.691652000000000000e+06 6.448081000000000000e+06 1.014656900000000000e+07
6.694000000000000000e+03 3.114000000000000000e+03 4.021000000000000000e+03 3.084000000000000000e+03 4.101000000000000000e+03 1.094900000000000000e+04 1.784300000000000000e+04 3.149600000000000000e+04 5.760900000000000000e+04 6.509700000000000000e+04 1.055190000000000000e+05 2.279490000000000000e+05 2.625370000000000000e+05 5.054380000000000000e+05 1.258915000000000000e+06 2.438440000000000000e+06 3.912206000000000000e+06 1.100715600000000000e+07 1.912080300000000000e+07
1.828000000000000000e+03 1.247000000000000000e+03 1.938000000000000000e+03 1.643000000000000000e+03 2.348000000000000000e+03 5.342000000000000000e+03 7.151000000000000000e+03 1.365600000000000000e+04 3.171300000000000000e+04 3.840600000000000000e+04 4.818200000000000000e+04 7.370100000000000000e+04 8.653400000000000000e+04 1.590810000000000000e+05 4.971200000000000000e+05 8.393740000000000000e+05 1.516975000000000000e+06 5.268679000000000000e+06 8.448511000000000000e+06
4.369000000000000000e+03 1.803000000000000000e+03 2.494000000000000000e+03 2.507000000000000000e+03 3.176000000000000000e+03 9.038000000000000000e+03 1.308500000000000000e+04 2.046300000000000000e+04 4.199200000000000000e+04 5.101900000000000000e+04 7.260900000000000000e+04 1.451860000000000000e+05 1.495350000000000000e+05 3.055970000000000000e+05 6.397500000000000000e+05 1.424128000000000000e+06 2.610834000000000000e+06 6.429375000000000000e+06 7.702371000000000000e+06
2.500000000000000000e+03 1.678000000000000000e+03 2.550000000000000000e+03 2.907000000000000000e+03 4.284000000000000000e+03 9.989000000000000000e+03 1.389900000000000000e+04 2.339500000000000000e+04 4.729900000000000000e+04 5.268400000000000000e+04 6.838100000000000000e+04 1.194960000000000000e+05 1.863190000000000000e+05 2.776940000000000000e+05 7.798440000000000000e+05 1.073258000000000000e+06 2.202014000000000000e+06 5.574610000000000000e+06 9.390628000000000000e+06
2.910000000000000000e+02 2.530000000000000000e+02 5.870000000000000000e+02 9.630000000000000000e+02 1.613000000000000000e+03 4.002000000000000000e+03 5.847000000000000000e+03 1.149500000000000000e+04 2.812000000000000000e+04 3.566500000000000000e+04 5.607500000000000000e+04 1.122830000000000000e+05 1.410970000000000000e+05 1.516380000000000000e+05 4.777170000000000000e+05 6.369610000000000000e+05 1.173246000000000000e+06 3.177272000000000000e+06 4.814192000000000000e+06
6.986000000000000000e+03 2.610000000000000000e+03 2.861000000000000000e+03 2.173000000000000000e+03 3.427000000000000000e+03 1.088000000000000000e+04 1.688200000000000000e+04 3.084000000000000000e+04 6.987100000000000000e+04 8.638600000000000000e+04 1.389190000000000000e+05 2.395380000000000000e+05 2.209440000000000000e+05 2.838720000000000000e+05 9.848040000000000000e+05 1.813301000000000000e+06 3.259443000000000000e+06 7.616750000000000000e+06 1.016940800000000000e+07
4.263000000000000000e+03 1.521000000000000000e+03 1.749000000000000000e+03 1.670000000000000000e+03 2.380000000000000000e+03 6.898000000000000000e+03 1.030400000000000000e+04 1.822900000000000000e+04 4.568200000000000000e+04 4.574200000000000000e+04 6.663900000000000000e+04 1.167400000000000000e+05 1.350570000000000000e+05 2.357710000000000000e+05 6.780610000000000000e+05 1.245476000000000000e+06 2.248040000000000000e+06 6.077468000000000000e+06 9.613351000000000000e+06
1.489000000000000000e+03 1.091000000000000000e+03 1.586000000000000000e+03 1.346000000000000000e+03 2.166000000000000000e+03 5.417000000000000000e+03 8.954000000000000000e+03 1.373000000000000000e+04 2.772100000000000000e+04 3.231200000000000000e+04 4.080400000000000000e+04 6.946200000000000000e+04 6.962000000000000000e+04 1.576660000000000000e+05 3.930680000000000000e+05 6.237570000000000000e+05 1.293415000000000000e+06 4.190506000000000000e+06 8.069564000000000000e+06
3.503000000000000000e+03 1.408000000000000000e+03 1.969000000000000000e+03 1.746000000000000000e+03 2.278000000000000000e+03 6.639000000000000000e+03 9.822000000000000000e+03 1.650900000000000000e+04 3.761500000000000000e+04 4.331500000000000000e+04 6.011800000000000000e+04 1.053630000000000000e+05 1.381040000000000000e+05 2.133990000000000000e+05 5.428470000000000000e+05 9.290090000000000000e+05 2.005266000000000000e+06 6.223039000000000000e+06 1.068796700000000000e+07
2.120000000000000000e+02 2.240000000000000000e+02 4.830000000000000000e+02 6.310000000000000000e+02 1.232000000000000000e+03 3.080000000000000000e+03 4.701000000000000000e+03 8.422000000000000000e+03 2.057900000000000000e+04 2.213100000000000000e+04 2.798900000000000000e+04 5.937100000000000000e+04 5.114100000000000000e+04 6.041100000000000000e+04 1.930040000000000000e+05 4.368360000000000000e+05 6.891370000000000000e+05 1.688625000000000000e+06 1.748773000000000000e+06
1.430000000000000000e+03 7.790000000000000000e+02 1.820000000000000000e+03 2.328000000000000000e+03 3.814000000000000000e+03 8.581000000000000000e+03 1.406400000000000000e+04 2.499300000000000000e+04 5.174800000000000000e+04 5.792100000000000000e+04 7.452200000000000000e+04 1.416380000000000000e+05 1.499320000000000000e+05 2.406160000000000000e+05 7.012430000000000000e+05 1.352021000000000000e+06 2.517403000000000000e+06 7.032670000000000000e+06 1.268984200000000000e+07
4.450000000000000000e+03 1.345000000000000000e+03 1.908000000000000000e+03 1.551000000000000000e+03 2.361000000000000000e+03 6.994000000000000000e+03 1.026100000000000000e+04 1.965900000000000000e+04 4.163500000000000000e+04 4.515700000000000000e+04 5.506300000000000000e+04 1.127620000000000000e+05 1.195470000000000000e+05 2.101350000000000000e+05 4.841710000000000000e+05 7.040230000000000000e+05 1.611243000000000000e+06 4.107554000000000000e+06 5.702165000000000000e+06
3.174000000000000000e+03 1.749000000000000000e+03 2.700000000000000000e+03 2.367000000000000000e+03 3.083000000000000000e+03 8.109000000000000000e+03 1.226700000000000000e+04 2.127700000000000000e+04 4.481300000000000000e+04 4.893700000000000000e+04 5.873600000000000000e+04 1.356400000000000000e+05 1.871870000000000000e+05 2.995120000000000000e+05 7.417460000000000000e+05 9.623930000000000000e+05 1.738756000000000000e+06 6.198480000000000000e+06 1.195307100000000000e+07
2.670000000000000000e+03 1.478000000000000000e+03 2.210000000000000000e+03 2.019000000000000000e+03 2.626000000000000000e+03 6.769000000000000000e+03 9.857000000000000000e+03 1.791000000000000000e+04 3.931200000000000000e+04 5.118000000000000000e+04 7.464100000000000000e+04 1.430440000000000000e+05 1.507340000000000000e+05 2.021320000000000000e+05 4.532870000000000000e+05 7.482230000000000000e+05 1.736602000000000000e+06 4.063715000000000000e+06 6.250777000000000000e+06
4.342000000000000000e+03 1.628000000000000000e+03 2.230000000000000000e+03 1.850000000000000000e+03 2.523000000000000000e+03 7.194000000000000000e+03 1.132000000000000000e+04 1.897400000000000000e+04 4.039900000000000000e+04 4.250700000000000000e+04 6.197700000000000000e+04 1.083490000000000000e+05 1.277120000000000000e+05 1.884180000000000000e+05 7.051520000000000000e+05 8.937770000000000000e+05 2.136481000000000000e+06 6.467886000000000000e+06 1.207745100000000000e+07
2.884000000000000000e+03 1.805000000000000000e+03 3.068000000000000000e+03 2.889000000000000000e+03 3.713000000000000000e+03 9.459000000000000000e+03 1.548800000000000000e+04 2.497700000000000000e+04 5.928500000000000000e+04 5.957700000000000000e+04 9.699900000000000000e+04 1.780880000000000000e+05 2.666460000000000000e+05 3.170650000000000000e+05 8.685160000000000000e+05 1.520320000000000000e+06 2.900574000000000000e+06 7.990063000000000000e+06 1.366232300000000000e+07
9.030000000000000000e+02 5.250000000000000000e+02 1.206000000000000000e+03 1.804000000000000000e+03 3.097000000000000000e+03 7.690000000000000000e+03 1.175800000000000000e+04 1.925700000000000000e+04 4.153300000000000000e+04 4.865800000000000000e+04 7.214600000000000000e+04 1.323770000000000000e+05 1.563780000000000000e+05 2.470620000000000000e+05 6.816980000000000000e+05 8.726980000000000000e+05 2.063374000000000000e+06 5.669832000000000000e+06 8.397602000000000000e+06
3.002000000000000000e+03 1.176000000000000000e+03 1.855000000000000000e+03 1.967000000000000000e+03 3.009000000000000000e+03 7.287000000000000000e+03 1.215300000000000000e+04 2.086600000000000000e+04 4.344800000000000000e+04 5.199800000000000000e+04 6.856300000000000000e+04 1.193450000000000000e+05 1.337820000000000000e+05 2.400890000000000000e+05 6.668890000000000000e+05 1.104981000000000000e+06 1.998335000000000000e+06 6.015347000000000000e+06 1.021756100000000000e+07
3.342000000000000000e+03 1.246000000000000000e+03 1.555000000000000000e+03 1.419000000000000000e+03 2.456000000000000000e+03 7.001000000000000000e+03 1.002400000000000000e+04 1.575700000000000000e+04 3.085200000000000000e+04 3.487600000000000000e+04 3.571600000000000000e+04 7.781600000000000000e+04 8.914000000000000000e+04 1.648940000000000000e+05 3.827380000000000000e+05 7.815610000000000000e+05 1.527177000000000000e+06 3.660159000000000000e+06 7.251884000000000000e+06
2.719000000000000000e+03 1.355000000000000000e+03 1.899000000000000000e+03 1.778000000000000000e+03 2.478000000000000000e+03 6.352000000000000000e+03 9.482000000000000000e+03 1.395900000000000000e+04 3.313200000000000000e+04 3.959200000000000000e+04 5.891300000000000000e+04 8.971700000000000000e+04 1.578770000000000000e+05 1.775110000000000000e+05 4.247700000000000000e+05 6.145160000000000000e+05 1.054203000000000000e+06 3.323996000000000000e+06 3.597572000000000000e+06
2.988000000000000000e+03 1.605000000000000000e+03 2.457000000000000000e+03 2.154000000000000000e+03 2.969000000000000000e+03 6.594000000000000000e+03 1.294900000000000000e+04 2.169600000000000000e+04 4.336200000000000000e+04 5.054600000000000000e+04 8.208100000000000000e+04 1.954450000000000000e+05 2.006470000000000000e+05 2.904690000000000000e+05 5.504280000000000000e+05 1.041234000000000000e+06 2.126460000000000000e+06 5.428638000000000000e+06 9.770711000000000000e+06
1.119000000000000000e+03 8.830000000000000000e+02 1.750000000000000000e+03 1.628000000000000000e+03 2.418000000000000000e+03 5.478000000000000000e+03 8.511000000000000000e+03 1.418000000000000000e+04 3.522400000000000000e+04 3.989700000000000000e+04 5.135700000000000000e+04 1.014120000000000000e+05 9.349000000000000000e+04 2.305240000000000000e+05 5.074220000000000000e+05 9.565620000000000000e+05 1.463501000000000000e+06 2.827980000000000000e+06 8.466596000000000000e+06
3.781000000000000000e+03 1.438000000000000000e+03 2.552000000000000000e+03 2.063000000000000000e+03 2.938000000000000000e+03 8.271000000000000000e+03 1.219400000000000000e+04 2.190700000000000000e+04 4.967900000000000000e+04 5.726800000000000000e+04 7.974700000000000000e+04 1.657880000000000000e+05 1.747520000000000000e+05 2.266010000000000000e+05 7.602350000000000000e+05 1.261326000000000000e+06 2.777245000000000000e+06 6.658753000000000000e+06 4.681898000000000000e+06
3.159000000000000000e+03 7.390000000000000000e+02 1.005000000000000000e+03 1.123000000000000000e+03 1.655000000000000000e+03 5.824000000000000000e+03 7.762000000000000000e+03 1.223100000000000000e+04 2.861700000000000000e+04 3.454100000000000000e+04 4.933300000000000000e+04 8.030100000000000000e+04 7.083600000000000000e+04 9.997500000000000000e+04 2.779210000000000000e+05 4.653530000000000000e+05 9.786000000000000000e+05 3.060873000000000000e+06 4.932165000000000000e+06
5.560000000000000000e+02 3.150000000000000000e+02 7.480000000000000000e+02 1.056000000000000000e+03 1.816000000000000000e+03 4.833000000000000000e+03 7.225000000000000000e+03 1.231500000000000000e+04 2.534800000000000000e+04 2.762400000000000000e+04 3.271900000000000000e+04 6.708200000000000000e+04 8.060700000000000000e+04 1.420030000000000000e+05 3.910500000000000000e+05 5.993770000000000000e+05 1.279060000000000000e+06 4.023090000000000000e+06 8.423022000000000000e+06
2.355000000000000000e+03 1.414000000000000000e+03 2.223000000000000000e+03 2.159000000000000000e+03 2.906000000000000000e+03 7.239000000000000000e+03 1.140000000000000000e+04 1.938600000000000000e+04 4.420600000000000000e+04 5.437300000000000000e+04 7.767800000000000000e+04 1.662830000000000000e+05 1.530440000000000000e+05 2.281850000000000000e+05 7.298470000000000000e+05 1.221307000000000000e+06 2.396820000000000000e+06 6.881154000000000000e+06 9.109407000000000000e+06
2.524000000000000000e+03 1.094000000000000000e+03 1.624000000000000000e+03 1.765000000000000000e+03 2.485000000000000000e+03 6.110000000000000000e+03 9.040000000000000000e+03 1.477600000000000000e+04 3.501900000000000000e+04 3.908600000000000000e+04 6.623100000000000000e+04 1.210640000000000000e+05 1.366660000000000000e+05 1.636010000000000000e+05 6.206710000000000000e+05 8.970850000000000000e+05 1.582335000000000000e+06 4.171980000000000000e+06 7.378605000000000000e+06
7.180000000000000000e+02 6.040000000000000000e+02 1.236000000000000000e+03 1.247000000000000000e+03 1.744000000000000000e+03 4.478000000000000000e+03 6.334000000000000000e+03 1.163200000000000000e+04 2.583100000000000000e+04 2.905700000000000000e+04 4.678600000000000000e+04 8.235300000000000000e+04 6.768000000000000000e+04 1.258130000000000000e+05 4.275570000000000000e+05 6.605480000000000000e+05 1.171174000000000000e+06 3.873444000000000000e+06 7.818830000000000000e+06
2.802000000000000000e+03 1.322000000000000000e+03 1.972000000000000000e+03 2.347000000000000000e+03 3.571000000000000000e+03 8.769000000000000000e+03 1.288400000000000000e+04 2.259300000000000000e+04 4.927800000000000000e+04 5.161100000000000000e+04 7.805300000000000000e+04 1.608230000000000000e+05 1.689460000000000000e+05 3.051130000000000000e+05 7.973860000000000000e+05 9.784930000000000000e+05 1.634956000000000000e+06 6.286828000000000000e+06 1.046526200000000000e+07
2.847000000000000000e+03 1.183000000000000000e+03 2.436000000000000000e+03 2.593000000000000000e+03 3.681000000000000000e+03 8.754000000000000000e+03 1.376600000000000000e+04 2.337400000000000000e+04 5.225600000000000000e+04 6.575700000000000000e+04 9.240100000000000000e+04 1.860720000000000000e+05 1.971340000000000000e+05 3.396020000000000000e+05 9.216030000000000000e+05 1.310267000000000000e+06 2.870083000000000000e+06 8.872512000000000000e+06 1.458111700000000000e+07
7.550000000000000000e+02 3.910000000000000000e+02 9.580000000000000000e+02 1.321000000000000000e+03 2.221000000000000000e+03 5.843000000000000000e+03 8.146000000000000000e+03 1.536100000000000000e+04 3.238800000000000000e+04 3.757800000000000000e+04 4.880800000000000000e+04 7.856900000000000000e+04 7.366300000000000000e+04 1.748030000000000000e+05 4.005080000000000000e+05 6.188290000000000000e+05 1.240943000000000000e+06 3.856180000000000000e+06 5.927725000000000000e+06
2.183000000000000000e+03 1.100000000000000000e+03 2.032000000000000000e+03 2.272000000000000000e+03 3.045000000000000000e+03 6.640000000000000000e+03 1.249200000000000000e+04 1.829800000000000000e+04 3.628000000000000000e+04 4.122900000000000000e+04 5.356100000000000000e+04 8.672000000000000000e+04 8.585200000000000000e+04 1.268420000000000000e+05 5.203450000000000000e+05 6.818180000000000000e+05 1.551404000000000000e+06 4.348219000000000000e+06 7.828110000000000000e+06
5.595000000000000000e+03 1.208000000000000000e+03 1.762000000000000000e+03 1.785000000000000000e+03 2.477000000000000000e+03 6.737000000000000000e+03 1.055700000000000000e+04 1.979100000000000000e+04 4.676500000000000000e+04 6.469400000000000000e+04 1.098610000000000000e+05 1.711300000000000000e+05 1.123040000000000000e+05 2.342670000000000000e+05 4.627230000000000000e+05 7.712120000000000000e+05 1.397091000000000000e+06 4.453593000000000000e+06 9.401873000000000000e+06
1.172000000000000000e+03 1.168000000000000000e+03 2.766000000000000000e+03 2.869000000000000000e+03 3.461000000000000000e+03 7.553000000000000000e+03 1.164200000000000000e+04 1.952000000000000000e+04 4.567800000000000000e+04 6.221600000000000000e+04 8.607600000000000000e+04 1.558410000000000000e+05 1.794890000000000000e+05 3.183330000000000000e+05 9.527160000000000000e+05 9.870960000000000000e+05 2.464267000000000000e+06 6.626943000000000000e+06 1.443487900000000000e+07
9.739000000000000000e+03 2.731000000000000000e+03 3.858000000000000000e+03 3.321000000000000000e+03 4.472000000000000000e+03 1.406800000000000000e+04 2.214400000000000000e+04 3.635700000000000000e+04 7.200400000000000000e+04 8.131800000000000000e+04 1.205360000000000000e+05 2.538210000000000000e+05 3.118100000000000000e+05 5.677880000000000000e+05 1.390598000000000000e+06 2.123012000000000000e+06 4.742007000000000000e+06 1.076110800000000000e+07 1.496719000000000000e+07
6.105000000000000000e+03 9.550000000000000000e+02 1.473000000000000000e+03 1.690000000000000000e+03 2.676000000000000000e+03 7.424000000000000000e+03 1.055900000000000000e+04 1.825800000000000000e+04 4.009700000000000000e+04 4.144200000000000000e+04 5.990900000000000000e+04 1.054030000000000000e+05 1.214370000000000000e+05 2.274720000000000000e+05 5.813840000000000000e+05 8.429440000000000000e+05 1.835712000000000000e+06 4.424469000000000000e+06 6.039478000000000000e+06
2.478000000000000000e+03 1.339000000000000000e+03 2.224000000000000000e+03 2.074000000000000000e+03 2.818000000000000000e+03 6.012000000000000000e+03 1.061100000000000000e+04 1.623800000000000000e+04 3.751800000000000000e+04 4.688200000000000000e+04 6.788600000000000000e+04 1.408090000000000000e+05 1.758600000000000000e+05 2.288160000000000000e+05 6.281440000000000000e+05 1.328452000000000000e+06 2.240614000000000000e+06 6.504830000000000000e+06 1.033747600000000000e+07
3.756000000000000000e+03 1.170000000000000000e+03 2.069000000000000000e+03 2.545000000000000000e+03 3.516000000000000000e+03 9.190000000000000000e+03 1.574100000000000000e+04 2.452400000000000000e+04 5.268900000000000000e+04 6.317500000000000000e+04 8.610800000000000000e+04 1.537270000000000000e+05 1.773200000000000000e+05 3.399870000000000000e+05 9.089400000000000000e+05 1.374175000000000000e+06 2.769880000000000000e+06 8.445747000000000000e+06 1.304276000000000000e+07
2.641000000000000000e+03 1.371000000000000000e+03 1.864000000000000000e+03 1.947000000000000000e+03 3.001000000000000000e+03 6.873000000000000000e+03 1.028400000000000000e+04 1.655900000000000000e+04 3.477800000000000000e+04 4.185200000000000000e+04 5.419600000000000000e+04 1.095910000000000000e+05 1.336260000000000000e+05 1.910250000000000000e+05 5.865560000000000000e+05 8.403200000000000000e+05 1.777967000000000000e+06 5.065237000000000000e+06 8.857052000000000000e+06
1.892000000000000000e+03 1.243000000000000000e+03 2.248000000000000000e+03 2.608000000000000000e+03 4.251000000000000000e+03 1.052900000000000000e+04 1.503000000000000000e+04 2.543500000000000000e+04 5.237700000000000000e+04 5.529500000000000000e+04 7.875200000000000000e+04 1.484330000000000000e+05 1.837330000000000000e+05 3.029670000000000000e+05 7.777140000000000000e+05 1.240182000000000000e+06 2.341631000000000000e+06 6.810320000000000000e+06 1.147172500000000000e+07
7.700000000000000000e+02 6.030000000000000000e+02 1.071000000000000000e+03 1.149000000000000000e+03 1.857000000000000000e+03 4.703000000000000000e+03 6.952000000000000000e+03 1.098400000000000000e+04 2.304300000000000000e+04 2.598600000000000000e+04 3.616300000000000000e+04 6.222300000000000000e+04 5.595500000000000000e+04 1.026650000000000000e+05 3.015370000000000000e+05 4.183690000000000000e+05 1.079641000000000000e+06 4.126772000000000000e+06 9.940983000000000000e+06
5.767000000000000000e+03 3.102000000000000000e+03 3.484000000000000000e+03 3.503000000000000000e+03 4.761000000000000000e+03 1.334800000000000000e+04 2.188500000000000000e+04 4.010700000000000000e+04 8.710800000000000000e+04 1.051130000000000000e+05 1.551960000000000000e+05 3.017510000000000000e+05 2.687120000000000000e+05 4.827130000000000000e+05 1.365141000000000000e+06 2.257044000000000000e+06 4.537546000000000000e+06 1.324199100000000000e+07 1.852735600000000000e+07
1.398000000000000000e+03 1.137000000000000000e+03 2.008000000000000000e+03 2.068000000000000000e+03 3.334000000000000000e+03 7.366000000000000000e+03 1.079100000000000000e+04 2.000200000000000000e+04 4.548500000000000000e+04 5.450200000000000000e+04 7.303600000000000000e+04 1.474010000000000000e+05 1.487760000000000000e+05 2.125840000000000000e+05 6.590430000000000000e+05 9.503760000000000000e+05 1.752776000000000000e+06 6.414400000000000000e+06 1.233660000000000000e+07
2.830000000000000000e+02 3.180000000000000000e+02 8.870000000000000000e+02 1.379000000000000000e+03 2.569000000000000000e+03 6.043000000000000000e+03 8.833000000000000000e+03 1.616100000000000000e+04 3.750900000000000000e+04 4.471100000000000000e+04 6.526100000000000000e+04 1.405190000000000000e+05 1.521360000000000000e+05 2.031160000000000000e+05 6.228870000000000000e+05 1.021538000000000000e+06 2.137012000000000000e+06 5.322979000000000000e+06 6.388890000000000000e+06
2.550000000000000000e+02 2.870000000000000000e+02 7.640000000000000000e+02 1.191000000000000000e+03 2.409000000000000000e+03 5.948000000000000000e+03 8.410000000000000000e+03 1.462600000000000000e+04 3.624400000000000000e+04 4.718200000000000000e+04 7.115600000000000000e+04 1.120430000000000000e+05 1.079850000000000000e+05 1.823930000000000000e+05 5.390990000000000000e+05 9.496260000000000000e+05 1.816626000000000000e+06 5.481793000000000000e+06 9.757609000000000000e+06
1.079000000000000000e+03 5.700000000000000000e+02 1.111000000000000000e+03 1.307000000000000000e+03 1.754000000000000000e+03 4.142000000000000000e+03 5.661000000000000000e+03 1.097500000000000000e+04 2.026000000000000000e+04 1.698700000000000000e+04 2.722000000000000000e+04 3.217700000000000000e+04 2.499900000000000000e+04 6.347200000000000000e+04 1.709910000000000000e+05 3.085090000000000000e+05 5.727440000000000000e+05 1.570414000000000000e+06 2.220494000000000000e+06
3.546000000000000000e+03 1.498000000000000000e+03 2.064000000000000000e+03 2.169000000000000000e+03 3.085000000000000000e+03 7.745000000000000000e+03 1.260400000000000000e+04 1.940300000000000000e+04 3.796200000000000000e+04 4.066700000000000000e+04 5.679900000000000000e+04 1.197860000000000000e+05 1.006060000000000000e+05 2.116550000000000000e+05 7.062130000000000000e+05 1.173322000000000000e+06 2.153997000000000000e+06 7.319781000000000000e+06 1.116926300000000000e+07
8.760000000000000000e+02 8.580000000000000000e+02 1.766000000000000000e+03 2.297000000000000000e+03 4.178000000000000000e+03 1.049500000000000000e+04 1.562200000000000000e+04 2.803400000000000000e+04 6.878600000000000000e+04 8.630200000000000000e+04 1.134910000000000000e+05 2.146260000000000000e+05 3.065540000000000000e+05 4.158210000000000000e+05 1.115010000000000000e+06 1.784507000000000000e+06 3.597429000000000000e+06 8.807942000000000000e+06 1.569310800000000000e+07
7.730000000000000000e+02 5.700000000000000000e+02 1.074000000000000000e+03 1.245000000000000000e+03 2.177000000000000000e+03 5.828000000000000000e+03 8.431000000000000000e+03 1.330100000000000000e+04 2.925200000000000000e+04 3.097100000000000000e+04 4.396700000000000000e+04 6.981100000000000000e+04 6.892600000000000000e+04 1.456540000000000000e+05 3.473710000000000000e+05 5.685970000000000000e+05 1.254975000000000000e+06 3.713679000000000000e+06 6.011804000000000000e+06
2.288000000000000000e+03 1.496000000000000000e+03 2.338000000000000000e+03 1.823000000000000000e+03 2.761000000000000000e+03 5.700000000000000000e+03 8.248000000000000000e+03 1.738100000000000000e+04 3.599400000000000000e+04 3.918600000000000000e+04 5.294700000000000000e+04 9.144100000000000000e+04 1.178610000000000000e+05 1.467290000000000000e+05 3.807780000000000000e+05 7.722660000000000000e+05 1.308947000000000000e+06 3.901446000000000000e+06 8.168070000000000000e+06
2.191000000000000000e+03 1.399000000000000000e+03 2.263000000000000000e+03 2.177000000000000000e+03 2.563000000000000000e+03 6.812000000000000000e+03 9.955000000000000000e+03 1.645600000000000000e+04 3.674400000000000000e+04 4.619400000000000000e+04 6.281800000000000000e+04 1.390050000000000000e+05 1.613330000000000000e+05 2.468800000000000000e+05 6.143250000000000000e+05 9.688830000000000000e+05 1.257338000000000000e+06 4.058927000000000000e+06 6.454539000000000000e+06
7.130000000000000000e+02 5.070000000000000000e+02 7.930000000000000000e+02 1.131000000000000000e+03 1.990000000000000000e+03 5.223000000000000000e+03 7.704000000000000000e+03 1.438600000000000000e+04 3.425400000000000000e+04 3.594300000000000000e+04 4.582100000000000000e+04 8.360900000000000000e+04 9.604300000000000000e+04 1.671620000000000000e+05 5.007990000000000000e+05 7.685340000000000000e+05 1.481567000000000000e+06 4.098461000000000000e+06 7.073756000000000000e+06
3.820000000000000000e+02 2.770000000000000000e+02 6.310000000000000000e+02 9.010000000000000000e+02 1.625000000000000000e+03 4.041000000000000000e+03 5.698000000000000000e+03 9.676000000000000000e+03 2.168300000000000000e+04 2.550600000000000000e+04 3.338200000000000000e+04 5.163000000000000000e+04 4.705300000000000000e+04 9.211900000000000000e+04 3.325100000000000000e+05 4.506900000000000000e+05 9.687760000000000000e+05 2.604603000000000000e+06 4.182078000000000000e+06
2.519000000000000000e+03 1.698000000000000000e+03 2.791000000000000000e+03 2.764000000000000000e+03 3.829000000000000000e+03 9.591000000000000000e+03 1.479900000000000000e+04 2.676800000000000000e+04 5.106900000000000000e+04 5.239100000000000000e+04 8.056000000000000000e+04 1.584090000000000000e+05 1.860210000000000000e+05 3.323510000000000000e+05 1.114107000000000000e+06 1.811129000000000000e+06 3.383728000000000000e+06 1.073221000000000000e+07 1.855979700000000000e+07
3.422000000000000000e+03 1.409000000000000000e+03 2.413000000000000000e+03 2.424000000000000000e+03 3.587000000000000000e+03 8.197000000000000000e+03 1.446100000000000000e+04 2.430400000000000000e+04 4.681200000000000000e+04 5.779000000000000000e+04 7.557700000000000000e+04 1.599350000000000000e+05 2.085800000000000000e+05 3.550460000000000000e+05 8.602370000000000000e+05 1.590727000000000000e+06 2.452422000000000000e+06 7.685922000000000000e+06 1.508408200000000000e+07
4.029000000000000000e+03 2.118000000000000000e+03 3.461000000000000000e+03 3.274000000000000000e+03 5.098000000000000000e+03 1.327400000000000000e+04 1.950500000000000000e+04 3.226700000000000000e+04 7.131700000000000000e+04 7.833800000000000000e+04 1.004710000000000000e+05 2.019780000000000000e+05 1.638730000000000000e+05 4.135800000000000000e+05 8.858030000000000000e+05 1.266020000000000000e+06 2.626916000000000000e+06 7.463693000000000000e+06 1.171821400000000000e+07
7.350000000000000000e+02 4.770000000000000000e+02 7.720000000000000000e+02 7.890000000000000000e+02 1.399000000000000000e+03 3.834000000000000000e+03 5.518000000000000000e+03 8.822000000000000000e+03 1.923900000000000000e+04 2.077700000000000000e+04 3.300800000000000000e+04 4.611800000000000000e+04 5.797500000000000000e+04 6.112400000000000000e+04 2.088110000000000000e+05 2.523500000000000000e+05 6.062590000000000000e+05 1.817211000000000000e+06 2.890129000000000000e+06
1.505000000000000000e+03 1.098000000000000000e+03 1.864000000000000000e+03 1.825000000000000000e+03 2.976000000000000000e+03 7.322000000000000000e+03 1.063800000000000000e+04 1.536500000000000000e+04 3.410200000000000000e+04 4.331700000000000000e+04 6.252900000000000000e+04 1.181680000000000000e+05 1.327440000000000000e+05 1.637900000000000000e+05 4.449820000000000000e+05 7.019470000000000000e+05 1.255717000000000000e+06 3.419928000000000000e+06 5.882247000000000000e+06
4.760000000000000000e+02 3.230000000000000000e+02 7.640000000000000000e+02 9.350000000000000000e+02 1.486000000000000000e+03 3.498000000000000000e+03 5.238000000000000000e+03 7.797000000000000000e+03 1.664700000000000000e+04 1.922300000000000000e+04 2.873800000000000000e+04 5.484900000000000000e+04 7.081100000000000000e+04 9.459200000000000000e+04 2.874220000000000000e+05 3.799210000000000000e+05 6.242500000000000000e+05 1.471920000000000000e+06 2.691485000000000000e+06
1.299000000000000000e+03 7.480000000000000000e+02 1.209000000000000000e+03 1.496000000000000000e+03 2.322000000000000000e+03 5.143000000000000000e+03 7.576000000000000000e+03 1.416100000000000000e+04 2.713600000000000000e+04 2.740600000000000000e+04 3.575700000000000000e+04 6.954500000000000000e+04 7.618700000000000000e+04 1.390570000000000000e+05 2.881860000000000000e+05 5.491740000000000000e+05 1.121749000000000000e+06 3.702174000000000000e+06 6.467679000000000000e+06
3.896000000000000000e+03 1.322000000000000000e+03 2.019000000000000000e+03 1.870000000000000000e+03 2.511000000000000000e+03 5.627000000000000000e+03 9.882000000000000000e+03 1.712100000000000000e+04 3.257800000000000000e+04 4.279700000000000000e+04 5.986100000000000000e+04 6.716100000000000000e+04 7.845000000000000000e+04 1.869550000000000000e+05 4.628550000000000000e+05 6.401500000000000000e+05 1.228381000000000000e+06 3.119925000000000000e+06 4.039633000000000000e+06
1.804000000000000000e+03 9.950000000000000000e+02 1.373000000000000000e+03 1.328000000000000000e+03 1.924000000000000000e+03 5.219000000000000000e+03 7.800000000000000000e+03 1.366400000000000000e+04 2.821800000000000000e+04 3.323400000000000000e+04 4.377100000000000000e+04 7.906400000000000000e+04 7.109600000000000000e+04 1.253070000000000000e+05 4.233260000000000000e+05 6.303230000000000000e+05 1.437482000000000000e+06 4.226332000000000000e+06 7.024894000000000000e+06
7.380000000000000000e+02 5.890000000000000000e+02 1.167000000000000000e+03 1.577000000000000000e+03 2.515000000000000000e+03 6.195000000000000000e+03 9.058000000000000000e+03 1.575600000000000000e+04 3.342900000000000000e+04 4.088300000000000000e+04 6.137600000000000000e+04 1.101880000000000000e+05 1.262200000000000000e+05 1.557660000000000000e+05 3.686720000000000000e+05 6.837800000000000000e+05 1.432550000000000000e+06 3.994594000000000000e+06 6.195193000000000000e+06
4.689000000000000000e+03 2.709000000000000000e+03 3.725000000000000000e+03 3.361000000000000000e+03 4.532000000000000000e+03 1.118200000000000000e+04 1.576700000000000000e+04 2.779800000000000000e+04 5.912000000000000000e+04 7.291100000000000000e+04 9.903500000000000000e+04 2.060830000000000000e+05 2.195410000000000000e+05 2.990880000000000000e+05 7.614400000000000000e+05 1.294462000000000000e+06 2.752148000000000000e+06 6.959403000000000000e+06 1.513378900000000000e+07
1.699000000000000000e+03 1.003000000000000000e+03 1.897000000000000000e+03 2.340000000000000000e+03 3.506000000000000000e+03 9.031000000000000000e+03 1.375600000000000000e+04 2.424900000000000000e+04 5.625200000000000000e+04 6.078300000000000000e+04 7.365500000000000000e+04 1.667170000000000000e+05 1.399350000000000000e+05 1.743510000000000000e+05 7.176970000000000000e+05 1.067293000000000000e+06 2.261222000000000000e+06 6.817052000000000000e+06 1.019649300000000000e+07
7.640000000000000000e+02 5.670000000000000000e+02 8.770000000000000000e+02 9.210000000000000000e+02 1.657000000000000000e+03 4.480000000000000000e+03 6.070000000000000000e+03 1.114600000000000000e+04 2.227700000000000000e+04 2.423600000000000000e+04 2.814400000000000000e+04 6.441100000000000000e+04 7.057700000000000000e+04 9.281000000000000000e+04 2.727010000000000000e+05 4.802400000000000000e+05 9.856350000000000000e+05 2.854325000000000000e+06 3.816845000000000000e+06
6.910000000000000000e+02 3.140000000000000000e+02 7.580000000000000000e+02 1.010000000000000000e+03 1.633000000000000000e+03 4.475000000000000000e+03 7.172000000000000000e+03 1.224100000000000000e+04 2.777600000000000000e+04 3.542000000000000000e+04 4.305400000000000000e+04 6.387800000000000000e+04 7.732500000000000000e+04 1.098180000000000000e+05 3.695780000000000000e+05 5.251410000000000000e+05 7.687060000000000000e+05 2.214389000000000000e+06 4.149106000000000000e+06
