2.052300000000000000e+04 9.960000000000000000e+02 1.946000000000000000e+03 2.133000000000000000e+03 3.741000000000000000e+03 9.985000000000000000e+03 1.420600000000000000e+04 2.491600000000000000e+04 5.583600000000000000e+04 6.264100000000000000e+04 9.095200000000000000e+04 1.762900000000000000e+05 1.966560000000000000e+05 3.773130000000000000e+05 1.214745000000000000e+06 1.935578000000000000e+06 3.827237000000000000e+06 1.217677300000000000e+07 2.248262500000000000e+07
7.940000000000000000e+02 6.810000000000000000e+02 1.712000000000000000e+03 2.210000000000000000e+03 3.557000000000000000e+03 8.933000000000000000e+03 1.203000000000000000e+04 2.006700000000000000e+04 4.259700000000000000e+04 4.636500000000000000e+04 6.153700000000000000e+04 1.326810000000000000e+05 1.657610000000000000e+05 3.309720000000000000e+05 9.972650000000000000e+05 1.753267000000000000e+06 3.485737000000000000e+06 1.130134400000000000e+07 2.223056000000000000e+07
3.966000000000000000e+03 2.405000000000000000e+03 3.927000000000000000e+03 4.166000000000000000e+03 5.700000000000000000e+03 1.333500000000000000e+04 2.226600000000000000e+04 3.403100000000000000e+04 7.154800000000000000e+04 9.111200000000000000e+04 1.241470000000000000e+05 2.624430000000000000e+05 3.289040000000000000e+05 5.426950000000000000e+05 1.914454000000000000e+06 2.840554000000000000e+06 5.463212000000000000e+06 1.561171600000000000e+07 2.748418000000000000e+07
3.678000000000000000e+03 2.497000000000000000e+03 4.604000000000000000e+03 4.568000000000000000e+03 6.284000000000000000e+03 1.578800000000000000e+04 2.352100000000000000e+04 3.946800000000000000e+04 9.278300000000000000e+04 1.003810000000000000e+05 1.323330000000000000e+05 2.739890000000000000e+05 3.619900000000000000e+05 7.123720000000000000e+05 2.128915000000000000e+06 3.653206000000000000e+06 6.964278000000000000e+06 2.212287400000000000e+07 3.963074200000000000e+07
2.689000000000000000e+03 2.069000000000000000e+03 4.009000000000000000e+03 4.206000000000000000e+03 5.686000000000000000e+03 1.293300000000000000e+04 1.950900000000000000e+04 3.291300000000000000e+04 7.780800000000000000e+04 9.090000000000000000e+04 1.093140000000000000e+05 2.467530000000000000e+05 2.930900000000000000e+05 6.304620000000000000e+05 1.632354000000000000e+06 2.961241000000000000e+06 5.581791000000000000e+06 1.939035300000000000e+07 3.824238600000000000e+07
4.277000000000000000e+03 3.203000000000000000e+03 5.508000000000000000e+03 5.604000000000000000e+03 8.109000000000000000e+03 1.898200000000000000e+04 2.572000000000000000e+04 4.218900000000000000e+04 9.327400000000000000e+04 1.059640000000000000e+05 1.673750000000000000e+05 3.236440000000000000e+05 4.036640000000000000e+05 7.799180000000000000e+05 2.178743000000000000e+06 3.558222000000000000e+06 6.820646000000000000e+06 1.817699800000000000e+07 2.218573100000000000e+07
5.045000000000000000e+03 1.953000000000000000e+03 3.302000000000000000e+03 3.165000000000000000e+03 4.515000000000000000e+03 1.224500000000000000e+04 1.950300000000000000e+04 2.765700000000000000e+04 5.324700000000000000e+04 6.046300000000000000e+04 9.094700000000000000e+04 1.678070000000000000e+05 2.573200000000000000e+05 4.105700000000000000e+05 1.184545000000000000e+06 1.687807000000000000e+06 3.334661000000000000e+06 1.047536500000000000e+07 2.081714400000000000e+07
6.000000000000000000e+03 3.363000000000000000e+03 4.852000000000000000e+03 4.664000000000000000e+03 6.880000000000000000e+03 1.630000000000000000e+04 2.537200000000000000e+04 4.414300000000000000e+04 9.116300000000000000e+04 1.006420000000000000e+05 1.721510000000000000e+05 3.229620000000000000e+05 4.098050000000000000e+05 7.600210000000000000e+05 2.152517000000000000e+06 3.548820000000000000e+06 7.354144000000000000e+06 2.588849500000000000e+07 5.358924200000000000e+07
1.172900000000000000e+04 4.948000000000000000e+03 6.894000000000000000e+03 5.143000000000000000e+03 6.900000000000000000e+03 1.959100000000000000e+04 3.153500000000000000e+04 5.237100000000000000e+04 1.019640000000000000e+05 1.214090000000000000e+05 1.813510000000000000e+05 4.433260000000000000e+05 5.572180000000000000e+05 8.023060000000000000e+05 2.118481000000000000e+06 4.463523000000000000e+06 7.797568000000000000e+06 2.173207000000000000e+07 2.700302400000000000e+07
5.016000000000000000e+03 3.067000000000000000e+03 4.887000000000000000e+03 4.165000000000000000e+03 5.459000000000000000e+03 1.367900000000000000e+04 1.983100000000000000e+04 3.687400000000000000e+04 7.545100000000000000e+04 9.000400000000000000e+04 1.364660000000000000e+05 3.059980000000000000e+05 3.692050000000000000e+05 6.161150000000000000e+05 1.865228000000000000e+06 3.174356000000000000e+06 6.002094000000000000e+06 1.987389200000000000e+07 3.551094600000000000e+07
1.783000000000000000e+03 1.436000000000000000e+03 2.391000000000000000e+03 3.230000000000000000e+03 4.969000000000000000e+03 1.284200000000000000e+04 1.881800000000000000e+04 3.117800000000000000e+04 6.702200000000000000e+04 7.835800000000000000e+04 9.594400000000000000e+04 2.159010000000000000e+05 2.672330000000000000e+05 5.134630000000000000e+05 1.383195000000000000e+06 2.310310000000000000e+06 4.475546000000000000e+06 1.174671500000000000e+07 1.839837200000000000e+07
1.086200000000000000e+04 2.426000000000000000e+03 4.291000000000000000e+03 5.266000000000000000e+03 7.310000000000000000e+03 2.056800000000000000e+04 2.852900000000000000e+04 4.432500000000000000e+04 1.041260000000000000e+05 9.932700000000000000e+04 1.439180000000000000e+05 2.841200000000000000e+05 3.687480000000000000e+05 7.330720000000000000e+05 2.018170000000000000e+06 3.250204000000000000e+06 6.070826000000000000e+06 1.656774800000000000e+07 3.587815600000000000e+07
5.224000000000000000e+03 1.500000000000000000e+03 2.775000000000000000e+03 3.202000000000000000e+03 5.017000000000000000e+03 1.367300000000000000e+04 2.016500000000000000e+04 3.419500000000000000e+04 7.207800000000000000e+04 8.347200000000000000e+04 1.054360000000000000e+05 2.807870000000000000e+05 3.870840000000000000e+05 6.693280000000000000e+05 1.833796000000000000e+06 3.142981000000000000e+06 6.325512000000000000e+06 1.957928500000000000e+07 3.881696800000000000e+07
1.050000000000000000e+03 7.980000000000000000e+02 2.022000000000000000e+03 3.009000000000000000e+03 5.478000000000000000e+03 1.402000000000000000e+04 2.032800000000000000e+04 3.802100000000000000e+04 9.534600000000000000e+04 1.264210000000000000e+05 1.963680000000000000e+05 3.741890000000000000e+05 5.140770000000000000e+05 9.907090000000000000e+05 2.640908000000000000e+06 4.289855000000000000e+06 9.075541000000000000e+06 3.024491900000000000e+07 5.171643700000000000e+07
2.518000000000000000e+03 1.668000000000000000e+03 2.683000000000000000e+03 3.145000000000000000e+03 4.949000000000000000e+03 1.296500000000000000e+04 1.909400000000000000e+04 3.450500000000000000e+04 8.085100000000000000e+04 9.198900000000000000e+04 1.400860000000000000e+05 3.243610000000000000e+05 4.307420000000000000e+05 8.633820000000000000e+05 2.292523000000000000e+06 3.354074000000000000e+06 7.440747000000000000e+06 1.854011200000000000e+07 3.295294800000000000e+07
6.297000000000000000e+03 2.909000000000000000e+03 3.686000000000000000e+03 3.769000000000000000e+03 5.738000000000000000e+03 1.341300000000000000e+04 2.035000000000000000e+04 3.254200000000000000e+04 7.675200000000000000e+04 9.033600000000000000e+04 1.163660000000000000e+05 2.981990000000000000e+05 4.435050000000000000e+05 6.260500000000000000e+05 1.390382000000000000e+06 2.727011000000000000e+06 4.950005000000000000e+06 1.352186100000000000e+07 1.550432400000000000e+07
8.302000000000000000e+03 2.946000000000000000e+03 4.320000000000000000e+03 4.061000000000000000e+03 5.984000000000000000e+03 1.728400000000000000e+04 2.259800000000000000e+04 3.528200000000000000e+04 8.661600000000000000e+04 9.172900000000000000e+04 1.243640000000000000e+05 2.836670000000000000e+05 4.003410000000000000e+05 6.950400000000000000e+05 2.004232000000000000e+06 3.581984000000000000e+06 6.939543000000000000e+06 1.828789000000000000e+07 3.498023400000000000e+07
7.260000000000000000e+03 3.375000000000000000e+03 4.493000000000000000e+03 4.337000000000000000e+03 5.924000000000000000e+03 1.760800000000000000e+04 2.658700000000000000e+04 4.293400000000000000e+04 8.716800000000000000e+04 1.034930000000000000e+05 1.638980000000000000e+05 3.438320000000000000e+05 4.501630000000000000e+05 8.659780000000000000e+05 2.312967000000000000e+06 3.683872000000000000e+06 7.400315000000000000e+06 2.144648000000000000e+07 4.038881700000000000e+07
4.111000000000000000e+03 2.646000000000000000e+03 4.924000000000000000e+03 4.679000000000000000e+03 6.629000000000000000e+03 1.570800000000000000e+04 2.496000000000000000e+04 4.242500000000000000e+04 8.719800000000000000e+04 9.405900000000000000e+04 1.293340000000000000e+05 3.166120000000000000e+05 3.906980000000000000e+05 7.965310000000000000e+05 2.374634000000000000e+06 3.875166000000000000e+06 7.218117000000000000e+06 2.376664200000000000e+07 4.290331800000000000e+07
3.730000000000000000e+03 2.430000000000000000e+03 4.716000000000000000e+03 4.557000000000000000e+03 5.545000000000000000e+03 1.427100000000000000e+04 2.093300000000000000e+04 3.829200000000000000e+04 8.005100000000000000e+04 9.394400000000000000e+04 1.320510000000000000e+05 3.074650000000000000e+05 4.169400000000000000e+05 6.852890000000000000e+05 2.231018000000000000e+06 3.643275000000000000e+06 6.893837000000000000e+06 2.128813000000000000e+07 3.832125800000000000e+07
1.256500000000000000e+04 5.196000000000000000e+03 6.222000000000000000e+03 5.252000000000000000e+03 7.208000000000000000e+03 2.029300000000000000e+04 2.896300000000000000e+04 5.560400000000000000e+04 1.186750000000000000e+05 1.435290000000000000e+05 2.075950000000000000e+05 4.741710000000000000e+05 6.218990000000000000e+05 9.785230000000000000e+05 3.106350000000000000e+06 5.127876000000000000e+06 9.429703000000000000e+06 2.690937500000000000e+07 4.324361700000000000e+07
4.584000000000000000e+03 2.586000000000000000e+03 4.080000000000000000e+03 4.340000000000000000e+03 6.392000000000000000e+03 1.611100000000000000e+04 2.363000000000000000e+04 3.911000000000000000e+04 8.386800000000000000e+04 1.009750000000000000e+05 1.453010000000000000e+05 2.987660000000000000e+05 4.051950000000000000e+05 7.295980000000000000e+05 2.236250000000000000e+06 3.347846000000000000e+06 6.988275000000000000e+06 2.154612100000000000e+07 4.034195500000000000e+07
9.031000000000000000e+03 3.184000000000000000e+03 4.764000000000000000e+03 5.102000000000000000e+03 7.830000000000000000e+03 2.026600000000000000e+04 2.814900000000000000e+04 4.585400000000000000e+04 8.727800000000000000e+04 9.535900000000000000e+04 1.317690000000000000e+05 2.854710000000000000e+05 3.154400000000000000e+05 6.806410000000000000e+05 1.988683000000000000e+06 3.176537000000000000e+06 6.437733000000000000e+06 1.817438600000000000e+07 2.671143400000000000e+07
1.664000000000000000e+03 1.096000000000000000e+03 2.660000000000000000e+03 3.136000000000000000e+03 4.801000000000000000e+03 1.240400000000000000e+04 1.908600000000000000e+04 3.376300000000000000e+04 7.952900000000000000e+04 9.473400000000000000e+04 1.362470000000000000e+05 2.753670000000000000e+05 3.396760000000000000e+05 5.838640000000000000e+05 1.839160000000000000e+06 2.877993000000000000e+06 6.170819000000000000e+06 1.911292200000000000e+07 3.742736400000000000e+07
4.089000000000000000e+03 1.489000000000000000e+03 2.785000000000000000e+03 3.719000000000000000e+03 5.917000000000000000e+03 1.480500000000000000e+04 2.117600000000000000e+04 3.741600000000000000e+04 8.642900000000000000e+04 1.050530000000000000e+05 1.455450000000000000e+05 3.031560000000000000e+05 3.446360000000000000e+05 6.076400000000000000e+05 2.000215000000000000e+06 3.336299000000000000e+06 6.908359000000000000e+06 2.132116200000000000e+07 4.203958900000000000e+07
5.908000000000000000e+03 2.488000000000000000e+03 3.879000000000000000e+03 4.275000000000000000e+03 6.087000000000000000e+03 1.358600000000000000e+04 2.319500000000000000e+04 3.418000000000000000e+04 7.806600000000000000e+04 8.653200000000000000e+04 1.269200000000000000e+05 3.149270000000000000e+05 4.777690000000000000e+05 7.476360000000000000e+05 2.138292000000000000e+06 3.330925000000000000e+06 6.060616000000000000e+06 1.951567700000000000e+07 3.232740900000000000e+07
1.144000000000000000e+03 1.053000000000000000e+03 2.375000000000000000e+03 3.310000000000000000e+03 5.527000000000000000e+03 1.304300000000000000e+04 1.942800000000000000e+04 3.459400000000000000e+04 8.019700000000000000e+04 9.631400000000000000e+04 1.312700000000000000e+05 2.748910000000000000e+05 3.809540000000000000e+05 7.042740000000000000e+05 1.968356000000000000e+06 3.363221000000000000e+06 6.917251000000000000e+06 2.008509100000000000e+07 3.423790200000000000e+07
7.517000000000000000e+03 2.638000000000000000e+03 4.204000000000000000e+03 4.318000000000000000e+03 6.071000000000000000e+03 1.538500000000000000e+04 2.595000000000000000e+04 3.875700000000000000e+04 9.258900000000000000e+04 1.117290000000000000e+05 1.720970000000000000e+05 4.138060000000000000e+05 5.512740000000000000e+05 1.126919000000000000e+06 2.880706000000000000e+06 4.596354000000000000e+06 8.448764000000000000e+06 1.448960800000000000e+07 1.013374800000000000e+07
1.084600000000000000e+04 5.288000000000000000e+03 6.961000000000000000e+03 5.640000000000000000e+03 7.276000000000000000e+03 2.061900000000000000e+04 3.128700000000000000e+04 5.708900000000000000e+04 1.230530000000000000e+05 1.526670000000000000e+05 2.243710000000000000e+05 4.923400000000000000e+05 5.592710000000000000e+05 1.062229000000000000e+06 3.387030000000000000e+06 4.648687000000000000e+06 9.003053000000000000e+06 2.589021400000000000e+07 4.526076500000000000e+07
1.128800000000000000e+04 4.249000000000000000e+03 6.530000000000000000e+03 5.280000000000000000e+03 7.407000000000000000e+03 1.844300000000000000e+04 3.238600000000000000e+04 5.237400000000000000e+04 1.152780000000000000e+05 1.382260000000000000e+05 1.977470000000000000e+05 3.242430000000000000e+05 4.194180000000000000e+05 7.065110000000000000e+05 2.277131000000000000e+06 3.763847000000000000e+06 7.748380000000000000e+06 2.535758700000000000e+07 4.579824700000000000e+07
4.204000000000000000e+03 2.946000000000000000e+03 4.648000000000000000e+03 4.416000000000000000e+03 6.339000000000000000e+03 1.564800000000000000e+04 2.267100000000000000e+04 3.833100000000000000e+04 7.582000000000000000e+04 8.640500000000000000e+04 1.258280000000000000e+05 2.692380000000000000e+05 3.283410000000000000e+05 6.500550000000000000e+05 2.086749000000000000e+06 3.272993000000000000e+06 7.146509000000000000e+06 2.264636300000000000e+07 4.558649500000000000e+07
1.388600000000000000e+04 5.262000000000000000e+03 6.930000000000000000e+03 5.906000000000000000e+03 8.610000000000000000e+03 2.320200000000000000e+04 3.218900000000000000e+04 6.333200000000000000e+04 1.280240000000000000e+05 1.340070000000000000e+05 2.319580000000000000e+05 5.620080000000000000e+05 7.133570000000000000e+05 1.319958000000000000e+06 3.269847000000000000e+06 5.310415000000000000e+06 9.237189000000000000e+06 2.484128200000000000e+07 3.180784800000000000e+07
5.080000000000000000e+03 1.933000000000000000e+03 3.119000000000000000e+03 3.116000000000000000e+03 5.011000000000000000e+03 1.215100000000000000e+04 1.708400000000000000e+04 3.158600000000000000e+04 6.097800000000000000e+04 6.688500000000000000e+04 8.650800000000000000e+04 1.817220000000000000e+05 2.535500000000000000e+05 4.638340000000000000e+05 1.236770000000000000e+06 1.987655000000000000e+06 4.037045000000000000e+06 1.143636600000000000e+07 1.649335200000000000e+07
1.352000000000000000e+03 1.082000000000000000e+03 2.645000000000000000e+03 3.038000000000000000e+03 4.815000000000000000e+03 1.196500000000000000e+04 1.763400000000000000e+04 2.772100000000000000e+04 6.316900000000000000e+04 7.984800000000000000e+04 1.098680000000000000e+05 1.951110000000000000e+05 2.601450000000000000e+05 4.614870000000000000e+05 1.396291000000000000e+06 2.200800000000000000e+06 3.934759000000000000e+06 1.208218400000000000e+07 2.879983800000000000e+07
2.261000000000000000e+03 1.776000000000000000e+03 3.553000000000000000e+03 3.312000000000000000e+03 5.274000000000000000e+03 1.167000000000000000e+04 1.810800000000000000e+04 3.145400000000000000e+04 7.303300000000000000e+04 8.481800000000000000e+04 1.312450000000000000e+05 2.754280000000000000e+05 3.679390000000000000e+05 6.229650000000000000e+05 1.547468000000000000e+06 3.164982000000000000e+06 6.199555000000000000e+06 1.942977000000000000e+07 2.841510400000000000e+07
1.219800000000000000e+04 5.603000000000000000e+03 4.604000000000000000e+03 4.717000000000000000e+03 7.472000000000000000e+03 1.791500000000000000e+04 2.629300000000000000e+04 4.301200000000000000e+04 9.778000000000000000e+04 1.161590000000000000e+05 1.796820000000000000e+05 3.468000000000000000e+05 4.419260000000000000e+05 8.700710000000000000e+05 2.223508000000000000e+06 3.793229000000000000e+06 6.136258000000000000e+06 1.283525800000000000e+07 1.770217100000000000e+07
1.674900000000000000e+04 3.365000000000000000e+03 5.121000000000000000e+03 5.159000000000000000e+03 7.214000000000000000e+03 1.793800000000000000e+04 2.568700000000000000e+04 4.396100000000000000e+04 9.318600000000000000e+04 1.014320000000000000e+05 1.633290000000000000e+05 3.970700000000000000e+05 5.089350000000000000e+05 8.672840000000000000e+05 2.578115000000000000e+06 4.340126000000000000e+06 8.298524000000000000e+06 2.801226700000000000e+07 5.221467800000000000e+07
9.483000000000000000e+03 6.263000000000000000e+03 8.529000000000000000e+03 6.560000000000000000e+03 8.971000000000000000e+03 2.146400000000000000e+04 2.944500000000000000e+04 4.750200000000000000e+04 1.152080000000000000e+05 1.262530000000000000e+05 1.693850000000000000e+05 3.368190000000000000e+05 4.591250000000000000e+05 9.072750000000000000e+05 2.656619000000000000e+06 4.559632000000000000e+06 9.301928000000000000e+06 2.807578200000000000e+07 4.990987700000000000e+07
6.918000000000000000e+03 3.486000000000000000e+03 5.061000000000000000e+03 5.416000000000000000e+03 7.562000000000000000e+03 1.816000000000000000e+04 2.627000000000000000e+04 4.292800000000000000e+04 9.542600000000000000e+04 1.138810000000000000e+05 1.587670000000000000e+05 3.335280000000000000e+05 4.358780000000000000e+05 6.812780000000000000e+05 2.258743000000000000e+06 3.973307000000000000e+06 7.604757000000000000e+06 2.344329900000000000e+07 4.635059800000000000e+07
6.277000000000000000e+03 4.128000000000000000e+03 5.796000000000000000e+03 5.550000000000000000e+03 8.018000000000000000e+03 1.895000000000000000e+04 2.733000000000000000e+04 4.738900000000000000e+04 1.019060000000000000e+05 1.204660000000000000e+05 1.719660000000000000e+05 4.193530000000000000e+05 5.516220000000000000e+05 9.993530000000000000e+05 2.727672000000000000e+06 4.907837000000000000e+06 9.294316000000000000e+06 2.930322600000000000e+07 4.663076900000000000e+07
6.289000000000000000e+03 2.787000000000000000e+03 5.490000000000000000e+03 5.638000000000000000e+03 8.089000000000000000e+03 1.842300000000000000e+04 2.884100000000000000e+04 4.793500000000000000e+04 9.624200000000000000e+04 1.089310000000000000e+05 1.694650000000000000e+05 3.587800000000000000e+05 5.133180000000000000e+05 8.078270000000000000e+05 2.214913000000000000e+06 3.804266000000000000e+06 7.262080000000000000e+06 2.105864100000000000e+07 3.877324900000000000e+07
8.427000000000000000e+03 3.088000000000000000e+03 4.287000000000000000e+03 4.553000000000000000e+03 6.620000000000000000e+03 1.920400000000000000e+04 2.798000000000000000e+04 4.767100000000000000e+04 9.166700000000000000e+04 1.039830000000000000e+05 1.465560000000000000e+05 3.274240000000000000e+05 3.592410000000000000e+05 7.325130000000000000e+05 1.979998000000000000e+06 3.592126000000000000e+06 7.256880000000000000e+06 2.262370400000000000e+07 3.951636000000000000e+07
9.640000000000000000e+02 8.450000000000000000e+02 2.112000000000000000e+03 3.055000000000000000e+03 4.817000000000000000e+03 1.168700000000000000e+04 1.746600000000000000e+04 2.869900000000000000e+04 6.240200000000000000e+04 6.970400000000000000e+04 1.006240000000000000e+05 2.185480000000000000e+05 2.782030000000000000e+05 4.920900000000000000e+05 1.461348000000000000e+06 2.425397000000000000e+06 4.645629000000000000e+06 1.385937400000000000e+07 1.966462000000000000e+07
3.751000000000000000e+03 1.868000000000000000e+03 3.509000000000000000e+03 3.989000000000000000e+03 5.573000000000000000e+03 1.360200000000000000e+04 2.117700000000000000e+04 3.470300000000000000e+04 7.560000000000000000e+04 8.430800000000000000e+04 1.255800000000000000e+05 2.836960000000000000e+05 3.325770000000000000e+05 6.005830000000000000e+05 1.754816000000000000e+06 2.821897000000000000e+06 5.621488000000000000e+06 1.618975700000000000e+07 3.546292500000000000e+07
4.997000000000000000e+03 2.554000000000000000e+03 3.859000000000000000e+03 3.886000000000000000e+03 5.233000000000000000e+03 1.321100000000000000e+04 2.042300000000000000e+04 3.289400000000000000e+04 6.758300000000000000e+04 7.373300000000000000e+04 9.527400000000000000e+04 2.202020000000000000e+05 2.856060000000000000e+05 5.763320000000000000e+05 1.551605000000000000e+06 2.778472000000000000e+06 5.510097000000000000e+06 1.555164300000000000e+07 2.531464300000000000e+07
4.032000000000000000e+03 2.484000000000000000e+03 3.988000000000000000e+03 3.693000000000000000e+03 5.278000000000000000e+03 1.241600000000000000e+04 1.732200000000000000e+04 3.068500000000000000e+04 6.511700000000000000e+04 7.889800000000000000e+04 1.422310000000000000e+05 3.254510000000000000e+05 4.327210000000000000e+05 6.951370000000000000e+05 1.955682000000000000e+06 2.587089000000000000e+06 3.649216000000000000e+06 9.398600000000000000e+06 1.260286500000000000e+07
4.835000000000000000e+03 2.729000000000000000e+03 4.042000000000000000e+03 4.421000000000000000e+03 5.942000000000000000e+03 1.533300000000000000e+04 2.210500000000000000e+04 3.739400000000000000e+04 7.673700000000000000e+04 8.907700000000000000e+04 1.276340000000000000e+05 2.804180000000000000e+05 3.654960000000000000e+05 7.439660000000000000e+05 2.051177000000000000e+06 2.993521000000000000e+06 6.183336000000000000e+06 1.489181000000000000e+07 1.929763500000000000e+07
3.895000000000000000e+03 2.236000000000000000e+03 4.008000000000000000e+03 4.232000000000000000e+03 6.203000000000000000e+03 1.538800000000000000e+04 2.344900000000000000e+04 3.604100000000000000e+04 7.777700000000000000e+04 9.981700000000000000e+04 1.432520000000000000e+05 2.787660000000000000e+05 4.033280000000000000e+05 7.145630000000000000e+05 1.781704000000000000e+06 3.091166000000000000e+06 6.553429000000000000e+06 2.021701200000000000e+07 4.404607300000000000e+07
6.389000000000000000e+03 2.730000000000000000e+03 4.766000000000000000e+03 4.878000000000000000e+03 7.044000000000000000e+03 1.681400000000000000e+04 2.638900000000000000e+04 4.094000000000000000e+04 9.355300000000000000e+04 1.062420000000000000e+05 1.817890000000000000e+05 4.128820000000000000e+05 5.272460000000000000e+05 8.861320000000000000e+05 2.894469000000000000e+06 4.555704000000000000e+06 8.299784000000000000e+06 2.829372900000000000e+07 4.969150700000000000e+07
2.209000000000000000e+03 1.982000000000000000e+03 4.712000000000000000e+03 5.152000000000000000e+03 7.828000000000000000e+03 1.807700000000000000e+04 2.590300000000000000e+04 4.746200000000000000e+04 1.069330000000000000e+05 1.269020000000000000e+05 1.981030000000000000e+05 4.302050000000000000e+05 5.951150000000000000e+05 1.031115000000000000e+06 2.788060000000000000e+06 5.099136000000000000e+06 1.050260000000000000e+07 3.004034700000000000e+07 5.473762700000000000e+07
6.450000000000000000e+03 3.429000000000000000e+03 4.947000000000000000e+03 3.980000000000000000e+03 5.270000000000000000e+03 1.319500000000000000e+04 1.968600000000000000e+04 3.303600000000000000e+04 7.493200000000000000e+04 8.151600000000000000e+04 1.169330000000000000e+05 2.913240000000000000e+05 4.543560000000000000e+05 7.387410000000000000e+05 1.976646000000000000e+06 2.782427000000000000e+06 4.718077000000000000e+06 1.324302100000000000e+07 2.463421300000000000e+07
6.923000000000000000e+03 3.555000000000000000e+03 5.153000000000000000e+03 4.290000000000000000e+03 6.542000000000000000e+03 1.583200000000000000e+04 2.247500000000000000e+04 3.762900000000000000e+04 7.140500000000000000e+04 8.589200000000000000e+04 1.313440000000000000e+05 2.954020000000000000e+05 3.776180000000000000e+05 7.171600000000000000e+05 2.059494000000000000e+06 3.216733000000000000e+06 6.337697000000000000e+06 1.913550100000000000e+07 3.304156800000000000e+07
1.822000000000000000e+03 9.830000000000000000e+02 1.830000000000000000e+03 2.049000000000000000e+03 2.961000000000000000e+03 7.846000000000000000e+03 1.167300000000000000e+04 1.950900000000000000e+04 4.077200000000000000e+04 5.280500000000000000e+04 7.527700000000000000e+04 1.469310000000000000e+05 2.064240000000000000e+05 3.686300000000000000e+05 9.396010000000000000e+05 1.537646000000000000e+06 3.204449000000000000e+06 9.260436000000000000e+06 1.451587000000000000e+07
3.459000000000000000e+03 1.460000000000000000e+03 2.913000000000000000e+03 3.261000000000000000e+03 5.098000000000000000e+03 1.454100000000000000e+04 1.947700000000000000e+04 2.845300000000000000e+04 7.105200000000000000e+04 7.735700000000000000e+04 1.104270000000000000e+05 2.414880000000000000e+05 2.851760000000000000e+05 5.746670000000000000e+05 1.565039000000000000e+06 2.479857000000000000e+06 4.935812000000000000e+06 1.610970800000000000e+07 2.990301400000000000e+07
2.275800000000000000e+04 1.572100000000000000e+04 2.312500000000000000e+04 1.245400000000000000e+04 1.372800000000000000e+04 2.708300000000000000e+04 3.899300000000000000e+04 6.425500000000000000e+04 1.515340000000000000e+05 1.972350000000000000e+05 2.357300000000000000e+05 5.863510000000000000e+05 8.267140000000000000e+05 1.643475000000000000e+06 4.988674000000000000e+06 6.587755000000000000e+06 1.092541100000000000e+07 2.590942400000000000e+07 4.428845700000000000e+07
7.295000000000000000e+03 3.550000000000000000e+03 6.187000000000000000e+03 5.860000000000000000e+03 7.691000000000000000e+03 1.740800000000000000e+04 2.562300000000000000e+04 4.623200000000000000e+04 9.667800000000000000e+04 1.147000000000000000e+05 1.628950000000000000e+05 3.730280000000000000e+05 4.313840000000000000e+05 8.839800000000000000e+05 2.506964000000000000e+06 4.253459000000000000e+06 6.705786000000000000e+06 1.833026000000000000e+07 2.023256300000000000e+07
9.395000000000000000e+03 4.049000000000000000e+03 6.050000000000000000e+03 4.547000000000000000e+03 5.862000000000000000e+03 1.654100000000000000e+04 2.554100000000000000e+04 4.466600000000000000e+04 9.071200000000000000e+04 1.280500000000000000e+05 2.051900000000000000e+05 4.755190000000000000e+05 6.701620000000000000e+05 1.024220000000000000e+06 2.174471000000000000e+06 3.632412000000000000e+06 9.857587000000000000e+06 2.718220300000000000e+07 4.617865900000000000e+07
1.199700000000000000e+04 4.895000000000000000e+03 6.345000000000000000e+03 5.810000000000000000e+03 7.056000000000000000e+03 1.686400000000000000e+04 2.974500000000000000e+04 4.916300000000000000e+04 1.058700000000000000e+05 1.179370000000000000e+05 1.806760000000000000e+05 4.330290000000000000e+05 6.279390000000000000e+05 1.175813000000000000e+06 3.444412000000000000e+06 4.758364000000000000e+06 8.605479000000000000e+06 2.305739100000000000e+07 4.363932900000000000e+07
6.592000000000000000e+03 1.829000000000000000e+03 3.667000000000000000e+03 3.721000000000000000e+03 5.335000000000000000e+03 1.231700000000000000e+04 2.146000000000000000e+04 3.288300000000000000e+04 6.902800000000000000e+04 8.016700000000000000e+04 1.221460000000000000e+05 2.481150000000000000e+05 3.093160000000000000e+05 5.422660000000000000e+05 1.887611000000000000e+06 3.229337000000000000e+06 6.225545000000000000e+06 2.006778000000000000e+07 3.350319700000000000e+07
6.979000000000000000e+03 2.214000000000000000e+03 4.406000000000000000e+03 4.500000000000000000e+03 6.478000000000000000e+03 1.568500000000000000e+04 2.313800000000000000e+04 3.990000000000000000e+04 7.873200000000000000e+04 1.011280000000000000e+05 1.629470000000000000e+05 3.676010000000000000e+05 4.420000000000000000e+05 8.404690000000000000e+05 2.565841000000000000e+06 3.785456000000000000e+06 7.139069000000000000e+06 1.879442100000000000e+07 3.536066900000000000e+07
5.895000000000000000e+03 2.651000000000000000e+03 3.785000000000000000e+03 3.330000000000000000e+03 4.715000000000000000e+03 1.319100000000000000e+04 2.076300000000000000e+04 3.589500000000000000e+04 8.325100000000000000e+04 1.046790000000000000e+05 1.512710000000000000e+05 3.205210000000000000e+05 3.543300000000000000e+05 7.073900000000000000e+05 1.877670000000000000e+06 2.694035000000000000e+06 5.088662000000000000e+06 1.768530200000000000e+07 2.977374300000000000e+07
2.749000000000000000e+03 2.145000000000000000e+03 3.785000000000000000e+03 3.969000000000000000e+03 5.504000000000000000e+03 1.369200000000000000e+04 2.003500000000000000e+04 3.581200000000000000e+04 7.931300000000000000e+04 9.851600000000000000e+04 1.328390000000000000e+05 2.525750000000000000e+05 3.131050000000000000e+05 6.129030000000000000e+05 1.729431000000000000e+06 2.904611000000000000e+06 5.652479000000000000e+06 1.519807700000000000e+07 2.489728300000000000e+07
1.411000000000000000e+03 1.069000000000000000e+03 2.314000000000000000e+03 3.342000000000000000e+03 5.867000000000000000e+03 1.529600000000000000e+04 2.214900000000000000e+04 3.961500000000000000e+04 9.605900000000000000e+04 1.236260000000000000e+05 1.919310000000000000e+05 4.068530000000000000e+05 5.115480000000000000e+05 8.539600000000000000e+05 2.306150000000000000e+06 3.619856000000000000e+06 7.437154000000000000e+06 2.260617700000000000e+07 3.919461900000000000e+07
2.276000000000000000e+03 1.359000000000000000e+03 2.784000000000000000e+03 3.236000000000000000e+03 4.888000000000000000e+03 1.204000000000000000e+04 1.825100000000000000e+04 2.992200000000000000e+04 7.023200000000000000e+04 8.595300000000000000e+04 1.167330000000000000e+05 2.517130000000000000e+05 3.248380000000000000e+05 5.977130000000000000e+05 1.819226000000000000e+06 3.185989000000000000e+06 6.292779000000000000e+06 1.937989200000000000e+07 3.715885200000000000e+07
5.258000000000000000e+03 2.670000000000000000e+03 4.744000000000000000e+03 4.766000000000000000e+03 7.021000000000000000e+03 1.698200000000000000e+04 2.584000000000000000e+04 4.084300000000000000e+04 9.135500000000000000e+04 9.670100000000000000e+04 1.488750000000000000e+05 3.492930000000000000e+05 4.539530000000000000e+05 8.423050000000000000e+05 2.702084000000000000e+06 3.926394000000000000e+06 7.527685000000000000e+06 1.979131700000000000e+07 2.322191600000000000e+07
1.127000000000000000e+03 8.500000000000000000e+02 1.596000000000000000e+03 1.647000000000000000e+03 2.601000000000000000e+03 5.549000000000000000e+03 8.019000000000000000e+03 1.374400000000000000e+04 2.964200000000000000e+04 3.367100000000000000e+04 4.464200000000000000e+04 1.055920000000000000e+05 1.326180000000000000e+05 2.461490000000000000e+05 6.377910000000000000e+05 1.154286000000000000e+06 2.065275000000000000e+06 7.549656000000000000e+06 1.746777700000000000e+07
7.197000000000000000e+03 1.896000000000000000e+03 3.831000000000000000e+03 4.086000000000000000e+03 5.320000000000000000e+03 1.300500000000000000e+04 1.907200000000000000e+04 3.064400000000000000e+04 7.160100000000000000e+04 8.141400000000000000e+04 1.191640000000000000e+05 2.548990000000000000e+05 3.669760000000000000e+05 7.043690000000000000e+05 2.085763000000000000e+06 3.194398000000000000e+06 6.591019000000000000e+06 1.842569000000000000e+07 2.915507100000000000e+07
7.051000000000000000e+03 4.566000000000000000e+03 5.240000000000000000e+03 4.851000000000000000e+03 6.927000000000000000e+03 1.671300000000000000e+04 2.613100000000000000e+04 4.836200000000000000e+04 1.050420000000000000e+05 1.272200000000000000e+05 1.746060000000000000e+05 2.889340000000000000e+05 4.650550000000000000e+05 8.071660000000000000e+05 2.729845000000000000e+06 3.983800000000000000e+06 8.036627000000000000e+06 2.848874900000000000e+07 4.605522100000000000e+07
1.123600000000000000e+04 2.385000000000000000e+03 3.587000000000000000e+03 3.274000000000000000e+03 4.596000000000000000e+03 1.561000000000000000e+04 1.909200000000000000e+04 3.659200000000000000e+04 9.595500000000000000e+04 1.063430000000000000e+05 1.311200000000000000e+05 2.638660000000000000e+05 3.579520000000000000e+05 6.608440000000000000e+05 2.155041000000000000e+06 3.550220000000000000e+06 6.166606000000000000e+06 1.371763900000000000e+07 2.758501600000000000e+07
1.247100000000000000e+04 2.352000000000000000e+03 3.672000000000000000e+03 3.981000000000000000e+03 5.885000000000000000e+03 1.658300000000000000e+04 2.289300000000000000e+04 3.945400000000000000e+04 8.643300000000000000e+04 9.115100000000000000e+04 1.362180000000000000e+05 2.620270000000000000e+05 3.253840000000000000e+05 6.214660000000000000e+05 1.757871000000000000e+06 2.662484000000000000e+06 5.013980000000000000e+06 1.435843500000000000e+07 1.717929500000000000e+07
5.990000000000000000e+02 6.800000000000000000e+02 2.055000000000000000e+03 3.730000000000000000e+03 7.576000000000000000e+03 2.041200000000000000e+04 2.976200000000000000e+04 5.390100000000000000e+04 1.280610000000000000e+05 1.724830000000000000e+05 2.622520000000000000e+05 5.670620000000000000e+05 7.950220000000000000e+05 1.400820000000000000e+06 4.078636000000000000e+06 6.679925000000000000e+06 1.282013000000000000e+07 3.381658500000000000e+07 6.618312000000000000e+07
7.207000000000000000e+03 2.568000000000000000e+03 4.971000000000000000e+03 4.205000000000000000e+03 6.054000000000000000e+03 1.695700000000000000e+04 2.467500000000000000e+04 4.271500000000000000e+04 9.723900000000000000e+04 1.185870000000000000e+05 1.741200000000000000e+05 3.232000000000000000e+05 4.187210000000000000e+05 8.128670000000000000e+05 2.477887000000000000e+06 3.861643000000000000e+06 6.311359000000000000e+06 1.454960300000000000e+07 2.511055200000000000e+07
1.275600000000000000e+04 4.931000000000000000e+03 7.169000000000000000e+03 5.725000000000000000e+03 7.706000000000000000e+03 1.904200000000000000e+04 2.979500000000000000e+04 5.754100000000000000e+04 1.195370000000000000e+05 1.546340000000000000e+05 2.130430000000000000e+05 4.721730000000000000e+05 7.321070000000000000e+05 1.250063000000000000e+06 3.719221000000000000e+06 4.766761000000000000e+06 8.358811000000000000e+06 2.734279200000000000e+07 4.019067600000000000e+07
1.175000000000000000e+04 4.626000000000000000e+03 6.467000000000000000e+03 5.319000000000000000e+03 7.946000000000000000e+03 1.988200000000000000e+04 3.210400000000000000e+04 4.924500000000000000e+04 1.016930000000000000e+05 1.200990000000000000e+05 1.773930000000000000e+05 4.231890000000000000e+05 5.995860000000000000e+05 1.144677000000000000e+06 2.906939000000000000e+06 5.364902000000000000e+06 1.015578900000000000e+07 3.075278600000000000e+07 5.074698500000000000e+07
5.812000000000000000e+03 2.619000000000000000e+03 4.084000000000000000e+03 3.414000000000000000e+03 4.190000000000000000e+03 1.159900000000000000e+04 1.628200000000000000e+04 2.679500000000000000e+04 6.075900000000000000e+04 7.119100000000000000e+04 1.144450000000000000e+05 2.515440000000000000e+05 3.011020000000000000e+05 5.506260000000000000e+05 1.668746000000000000e+06 2.804717000000000000e+06 5.261944000000000000e+06 1.781357200000000000e+07 3.261703700000000000e+07
1.605600000000000000e+04 4.200000000000000000e+03 6.077000000000000000e+03 6.390000000000000000e+03 8.581000000000000000e+03 2.150300000000000000e+04 3.190100000000000000e+04 5.391500000000000000e+04 1.069070000000000000e+05 1.254970000000000000e+05 1.737150000000000000e+05 4.399990000000000000e+05 5.218970000000000000e+05 1.086137000000000000e+06 3.120582000000000000e+06 5.265178000000000000e+06 9.947690000000000000e+06 2.374004600000000000e+07 3.472542300000000000e+07
5.012000000000000000e+03 3.029000000000000000e+03 5.759000000000000000e+03 5.700000000000000000e+03 7.993000000000000000e+03 1.949300000000000000e+04 2.902100000000000000e+04 5.011500000000000000e+04 1.080260000000000000e+05 1.249310000000000000e+05 1.677300000000000000e+05 3.450950000000000000e+05 4.467440000000000000e+05 7.591620000000000000e+05 2.511098000000000000e+06 4.193095000000000000e+06 8.079083000000000000e+06 2.295017300000000000e+07 3.758945300000000000e+07
1.180000000000000000e+03 7.070000000000000000e+02 1.648000000000000000e+03 2.889000000000000000e+03 5.240000000000000000e+03 1.363800000000000000e+04 2.063000000000000000e+04 3.819700000000000000e+04 9.037200000000000000e+04 1.143850000000000000e+05 1.791400000000000000e+05 3.682650000000000000e+05 4.908540000000000000e+05 8.980820000000000000e+05 2.417709000000000000e+06 3.847007000000000000e+06 7.309831000000000000e+06 2.297989700000000000e+07 4.470354100000000000e+07
8.022000000000000000e+03 2.383000000000000000e+03 3.398000000000000000e+03 3.863000000000000000e+03 5.642000000000000000e+03 1.772500000000000000e+04 2.515400000000000000e+04 4.340800000000000000e+04 9.621800000000000000e+04 1.005930000000000000e+05 1.532220000000000000e+05 3.149450000000000000e+05 3.704060000000000000e+05 7.112260000000000000e+05 2.257088000000000000e+06 3.384930000000000000e+06 6.707599000000000000e+06 1.883295000000000000e+07 2.585127800000000000e+07
4.998000000000000000e+03 2.299000000000000000e+03 3.362000000000000000e+03 3.611000000000000000e+03 4.804000000000000000e+03 1.331400000000000000e+04 1.876600000000000000e+04 3.162300000000000000e+04 6.799700000000000000e+04 8.920500000000000000e+04 1.303020000000000000e+05 2.345470000000000000e+05 2.966550000000000000e+05 5.185170000000000000e+05 1.791907000000000000e+06 2.688187000000000000e+06 4.937762000000000000e+06 1.519422100000000000e+07 2.571379900000000000e+07
5.486000000000000000e+03 1.901000000000000000e+03 2.978000000000000000e+03 3.089000000000000000e+03 4.738000000000000000e+03 1.155900000000000000e+04 1.757800000000000000e+04 2.845200000000000000e+04 5.928800000000000000e+04 7.225300000000000000e+04 1.063990000000000000e+05 2.172580000000000000e+05 2.505660000000000000e+05 4.845910000000000000e+05 1.581509000000000000e+06 2.666303000000000000e+06 5.503517000000000000e+06 1.641155000000000000e+07 2.868005700000000000e+07
5.512000000000000000e+03 2.639000000000000000e+03 3.496000000000000000e+03 3.417000000000000000e+03 4.459000000000000000e+03 1.223300000000000000e+04 2.129000000000000000e+04 3.395500000000000000e+04 6.869500000000000000e+04 7.702500000000000000e+04 1.174200000000000000e+05 2.432120000000000000e+05 2.947290000000000000e+05 4.767850000000000000e+05 1.653585000000000000e+06 2.421587000000000000e+06 4.683728000000000000e+06 1.585916400000000000e+07 3.008257000000000000e+07
3.047000000000000000e+03 1.345000000000000000e+03 1.836000000000000000e+03 1.940000000000000000e+03 3.391000000000000000e+03 8.441000000000000000e+03 1.389500000000000000e+04 2.167000000000000000e+04 5.349700000000000000e+04 5.741800000000000000e+04 7.806100000000000000e+04 1.739430000000000000e+05 2.147530000000000000e+05 3.258420000000000000e+05 9.123820000000000000e+05 1.599252000000000000e+06 3.296553000000000000e+06 8.902890000000000000e+06 1.150992700000000000e+07
7.230000000000000000e+02 7.660000000000000000e+02 1.850000000000000000e+03 2.523000000000000000e+03 4.401000000000000000e+03 1.016800000000000000e+04 1.605500000000000000e+04 2.957300000000000000e+04 6.586600000000000000e+04 7.423000000000000000e+04 1.040020000000000000e+05 1.967240000000000000e+05 2.647080000000000000e+05 4.733060000000000000e+05 1.400230000000000000e+06 2.407039000000000000e+06 4.999525000000000000e+06 1.611214100000000000e+07 3.065607200000000000e+07
3.116000000000000000e+03 1.812000000000000000e+03 3.418000000000000000e+03 3.260000000000000000e+03 5.029000000000000000e+03 1.253300000000000000e+04 1.839500000000000000e+04 3.182600000000000000e+04 6.888500000000000000e+04 8.351800000000000000e+04 1.223390000000000000e+05 2.755700000000000000e+05 3.544690000000000000e+05 6.072930000000000000e+05 1.775427000000000000e+06 2.283830000000000000e+06 4.336804000000000000e+06 1.301975500000000000e+07 1.690072700000000000e+07
9.982000000000000000e+03 3.826000000000000000e+03 4.440000000000000000e+03 4.313000000000000000e+03 6.587000000000000000e+03 1.970100000000000000e+04 2.861100000000000000e+04 4.962700000000000000e+04 1.130500000000000000e+05 1.205050000000000000e+05 1.651010000000000000e+05 3.287770000000000000e+05 5.144400000000000000e+05 1.008680000000000000e+06 3.019317000000000000e+06 4.025329000000000000e+06 6.366399000000000000e+06 2.106953100000000000e+07 4.311750300000000000e+07
2.409000000000000000e+03 1.586000000000000000e+03 2.902000000000000000e+03 3.547000000000000000e+03 5.076000000000000000e+03 1.249500000000000000e+04 1.962400000000000000e+04 3.316200000000000000e+04 7.209700000000000000e+04 8.439200000000000000e+04 1.158810000000000000e+05 2.354470000000000000e+05 3.458660000000000000e+05 6.371410000000000000e+05 1.806656000000000000e+06 3.261132000000000000e+06 6.270262000000000000e+06 1.726842200000000000e+07 2.865900400000000000e+07
5.329000000000000000e+03 2.061000000000000000e+03 3.137000000000000000e+03 3.240000000000000000e+03 4.500000000000000000e+03 1.151300000000000000e+04 1.816000000000000000e+04 3.106300000000000000e+04 6.552700000000000000e+04 6.980500000000000000e+04 1.073370000000000000e+05 2.268010000000000000e+05 2.734510000000000000e+05 5.066370000000000000e+05 1.444199000000000000e+06 2.417661000000000000e+06 5.090823000000000000e+06 1.576934700000000000e+07 3.261524800000000000e+07
2.571000000000000000e+03 1.970000000000000000e+03 3.762000000000000000e+03 4.432000000000000000e+03 6.361000000000000000e+03 1.562400000000000000e+04 2.269800000000000000e+04 4.087500000000000000e+04 8.959600000000000000e+04 9.730600000000000000e+04 1.488230000000000000e+05 3.517510000000000000e+05 5.143870000000000000e+05 9.004430000000000000e+05 2.326318000000000000e+06 3.561758000000000000e+06 7.141432000000000000e+06 2.070259400000000000e+07 3.110759700000000000e+07
2.346000000000000000e+03 1.301000000000000000e+03 2.424000000000000000e+03 3.087000000000000000e+03 5.564000000000000000e+03 1.399700000000000000e+04 1.977800000000000000e+04 3.027800000000000000e+04 6.818100000000000000e+04 7.641700000000000000e+04 1.111990000000000000e+05 2.022360000000000000e+05 2.586330000000000000e+05 4.883000000000000000e+05 1.451947000000000000e+06 2.423619000000000000e+06 4.785883000000000000e+06 1.426206900000000000e+07 2.209172000000000000e+07
4.258000000000000000e+03 2.261000000000000000e+03 3.971000000000000000e+03 3.627000000000000000e+03 5.032000000000000000e+03 1.300300000000000000e+04 2.009100000000000000e+04 3.373500000000000000e+04 7.506900000000000000e+04 8.996100000000000000e+04 1.285220000000000000e+05 2.285260000000000000e+05 2.738100000000000000e+05 6.200750000000000000e+05 1.749728000000000000e+06 2.970601000000000000e+06 5.429206000000000000e+06 1.648989600000000000e+07 3.059433100000000000e+07
6.230000000000000000e+03 3.489000000000000000e+03 4.618000000000000000e+03 4.319000000000000000e+03 6.371000000000000000e+03 1.628700000000000000e+04 2.488300000000000000e+04 4.248400000000000000e+04 9.003900000000000000e+04 9.749500000000000000e+04 1.406550000000000000e+05 3.041770000000000000e+05 4.030440000000000000e+05 6.726450000000000000e+05 2.131170000000000000e+06 3.446922000000000000e+06 7.011338000000000000e+06 2.049131500000000000e+07 3.779311100000000000e+07
8.898000000000000000e+03 2.939000000000000000e+03 4.016000000000000000e+03 3.945000000000000000e+03 5.765000000000000000e+03 1.618000000000000000e+04 2.198400000000000000e+04 3.370300000000000000e+04 7.353500000000000000e+04 8.461700000000000000e+04 1.253900000000000000e+05 3.158390000000000000e+05 4.506930000000000000e+05 6.611300000000000000e+05 2.061372000000000000e+06 2.989057000000000000e+06 5.006192000000000000e+06 1.327817100000000000e+07 1.474678300000000000e+07
3.721000000000000000e+03 2.490000000000000000e+03 3.883000000000000000e+03 3.259000000000000000e+03 4.340000000000000000e+03 1.212600000000000000e+04 1.812600000000000000e+04 3.278600000000000000e+04 7.208600000000000000e+04 8.250400000000000000e+04 1.180490000000000000e+05 2.743280000000000000e+05 3.278580000000000000e+05 5.961270000000000000e+05 1.663441000000000000e+06 2.878415000000000000e+06 4.888366000000000000e+06 1.457878700000000000e+07 3.076892800000000000e+07
2.698000000000000000e+03 2.044000000000000000e+03 4.122000000000000000e+03 4.422000000000000000e+03 7.109000000000000000e+03 1.664200000000000000e+04 2.438900000000000000e+04 4.198000000000000000e+04 9.847700000000000000e+04 1.168550000000000000e+05 1.794120000000000000e+05 3.701900000000000000e+05 5.060540000000000000e+05 9.801920000000000000e+05 2.808474000000000000e+06 4.672343000000000000e+06 9.040534000000000000e+06 2.688887200000000000e+07 5.001358000000000000e+07
6.052000000000000000e+03 2.430000000000000000e+03 4.097000000000000000e+03 4.305000000000000000e+03 6.510000000000000000e+03 1.600300000000000000e+04 2.403200000000000000e+04 4.267000000000000000e+04 9.399900000000000000e+04 1.095670000000000000e+05 1.687420000000000000e+05 3.525950000000000000e+05 4.385270000000000000e+05 6.370160000000000000e+05 2.338131000000000000e+06 3.709927000000000000e+06 8.168450000000000000e+06 2.323806800000000000e+07 3.586039200000000000e+07
4.038000000000000000e+03 1.259000000000000000e+03 2.525000000000000000e+03 3.105000000000000000e+03 5.168000000000000000e+03 1.448100000000000000e+04 1.902700000000000000e+04 3.133800000000000000e+04 7.045800000000000000e+04 7.738400000000000000e+04 1.127600000000000000e+05 2.314080000000000000e+05 2.625030000000000000e+05 5.230340000000000000e+05 1.459319000000000000e+06 2.397832000000000000e+06 4.912663000000000000e+06 1.441885400000000000e+07 2.274593000000000000e+07
2.827000000000000000e+03 1.769000000000000000e+03 2.978000000000000000e+03 3.167000000000000000e+03 4.354000000000000000e+03 1.038300000000000000e+04 1.430600000000000000e+04 2.644400000000000000e+04 4.953300000000000000e+04 5.443000000000000000e+04 8.191900000000000000e+04 1.463360000000000000e+05 2.167450000000000000e+05 3.956280000000000000e+05 1.173684000000000000e+06 1.979152000000000000e+06 4.120527000000000000e+06 1.262139700000000000e+07 2.550545300000000000e+07
5.470000000000000000e+03 2.119000000000000000e+03 3.616000000000000000e+03 3.813000000000000000e+03 5.502000000000000000e+03 1.339900000000000000e+04 2.128300000000000000e+04 3.577600000000000000e+04 7.818100000000000000e+04 9.225000000000000000e+04 1.311620000000000000e+05 2.818370000000000000e+05 3.590740000000000000e+05 6.029180000000000000e+05 1.762087000000000000e+06 2.737043000000000000e+06 4.974392000000000000e+06 1.463466200000000000e+07 1.885037000000000000e+07
5.625000000000000000e+03 2.391000000000000000e+03 4.077000000000000000e+03 3.592000000000000000e+03 5.141000000000000000e+03 1.403000000000000000e+04 2.088500000000000000e+04 3.494300000000000000e+04 6.900500000000000000e+04 8.504900000000000000e+04 1.268610000000000000e+05 2.801080000000000000e+05 4.033640000000000000e+05 6.780600000000000000e+05 1.905658000000000000e+06 3.355341000000000000e+06 5.736625000000000000e+06 1.639459600000000000e+07 2.600787600000000000e+07
4.342000000000000000e+03 2.110000000000000000e+03 4.066000000000000000e+03 4.178000000000000000e+03 5.803000000000000000e+03 1.363600000000000000e+04 1.872000000000000000e+04 3.238300000000000000e+04 7.201200000000000000e+04 8.466300000000000000e+04 1.317630000000000000e+05 3.247480000000000000e+05 4.176780000000000000e+05 7.917890000000000000e+05 2.260513000000000000e+06 3.056784000000000000e+06 5.927520000000000000e+06 1.563950600000000000e+07 2.810711100000000000e+07
4.689000000000000000e+03 2.379000000000000000e+03 3.902000000000000000e+03 3.712000000000000000e+03 5.557000000000000000e+03 1.304400000000000000e+04 1.971600000000000000e+04 3.325300000000000000e+04 7.390500000000000000e+04 7.857600000000000000e+04 1.312780000000000000e+05 2.430050000000000000e+05 4.057500000000000000e+05 6.894840000000000000e+05 1.711967000000000000e+06 2.886387000000000000e+06 5.019817000000000000e+06 1.666811600000000000e+07 2.550178300000000000e+07
2.905000000000000000e+03 1.234000000000000000e+03 2.688000000000000000e+03 3.065000000000000000e+03 4.340000000000000000e+03 1.027200000000000000e+04 1.667900000000000000e+04 2.847600000000000000e+04 6.237300000000000000e+04 7.167200000000000000e+04 1.063500000000000000e+05 2.387220000000000000e+05 2.325510000000000000e+05 4.929530000000000000e+05 1.389509000000000000e+06 2.272292000000000000e+06 4.374761000000000000e+06 1.433488500000000000e+07 2.499855900000000000e+07
1.779000000000000000e+03 1.017000000000000000e+03 2.039000000000000000e+03 2.725000000000000000e+03 4.400000000000000000e+03 1.112600000000000000e+04 1.610300000000000000e+04 2.653600000000000000e+04 6.013800000000000000e+04 6.266000000000000000e+04 8.813900000000000000e+04 1.581080000000000000e+05 2.306840000000000000e+05 4.530210000000000000e+05 1.332587000000000000e+06 2.077279000000000000e+06 4.011285000000000000e+06 1.221596900000000000e+07 1.934992200000000000e+07
3.998000000000000000e+03 2.011000000000000000e+03 2.887000000000000000e+03 2.766000000000000000e+03 4.115000000000000000e+03 1.076200000000000000e+04 1.769300000000000000e+04 2.753200000000000000e+04 5.821500000000000000e+04 6.514800000000000000e+04 8.744400000000000000e+04 1.640370000000000000e+05 2.111420000000000000e+05 3.617780000000000000e+05 1.263949000000000000e+06 1.977695000000000000e+06 4.391086000000000000e+06 1.321934800000000000e+07 2.669586500000000000e+07
4.178000000000000000e+03 1.896000000000000000e+03 3.467000000000000000e+03 3.346000000000000000e+03 5.047000000000000000e+03 1.232000000000000000e+04 1.764800000000000000e+04 3.200700000000000000e+04 6.779700000000000000e+04 8.517000000000000000e+04 1.402300000000000000e+05 2.834600000000000000e+05 3.543930000000000000e+05 6.887800000000000000e+05 1.928646000000000000e+06 3.658180000000000000e+06 5.973052000000000000e+06 1.973175200000000000e+07 4.311552400000000000e+07
6.662000000000000000e+03 3.284000000000000000e+03 4.685000000000000000e+03 5.176000000000000000e+03 6.867000000000000000e+03 1.870700000000000000e+04 2.586000000000000000e+04 4.084000000000000000e+04 1.032850000000000000e+05 1.149710000000000000e+05 1.682910000000000000e+05 3.564480000000000000e+05 4.324900000000000000e+05 8.800650000000000000e+05 2.644876000000000000e+06 4.101713000000000000e+06 7.947002000000000000e+06 2.380164300000000000e+07 3.820005300000000000e+07
4.880000000000000000e+03 2.945000000000000000e+03 4.437000000000000000e+03 3.895000000000000000e+03 6.128000000000000000e+03 1.609900000000000000e+04 2.383900000000000000e+04 4.173400000000000000e+04 8.622400000000000000e+04 1.112510000000000000e+05 1.709250000000000000e+05 3.009390000000000000e+05 4.572850000000000000e+05 7.742510000000000000e+05 2.570543000000000000e+06 4.289247000000000000e+06 8.027418000000000000e+06 2.478649800000000000e+07 3.420339000000000000e+07
3.658400000000000000e+04 2.569000000000000000e+03 3.277000000000000000e+03 3.722000000000000000e+03 6.058000000000000000e+03 1.621300000000000000e+04 2.363900000000000000e+04 4.180900000000000000e+04 9.042900000000000000e+04 9.065100000000000000e+04 1.392270000000000000e+05 2.671550000000000000e+05 3.333480000000000000e+05 5.779050000000000000e+05 1.572950000000000000e+06 2.709954000000000000e+06 5.198421000000000000e+06 1.535709100000000000e+07 2.377338300000000000e+07
4.710000000000000000e+03 2.575000000000000000e+03 3.687000000000000000e+03 3.724000000000000000e+03 5.602000000000000000e+03 1.303500000000000000e+04 1.973100000000000000e+04 3.383400000000000000e+04 7.144100000000000000e+04 8.917400000000000000e+04 1.361910000000000000e+05 2.908520000000000000e+05 3.772560000000000000e+05 6.293280000000000000e+05 1.843277000000000000e+06 3.296757000000000000e+06 5.977075000000000000e+06 2.126253600000000000e+07 3.435200700000000000e+07
7.174000000000000000e+03 2.728000000000000000e+03 4.094000000000000000e+03 4.180000000000000000e+03 6.095000000000000000e+03 1.646300000000000000e+04 2.566800000000000000e+04 4.154600000000000000e+04 8.680100000000000000e+04 1.020530000000000000e+05 1.495990000000000000e+05 3.415180000000000000e+05 4.429920000000000000e+05 9.112980000000000000e+05 2.287902000000000000e+06 3.694847000000000000e+06 7.527413000000000000e+06 2.195489800000000000e+07 3.729767000000000000e+07
4.157000000000000000e+03 2.642000000000000000e+03 4.788000000000000000e+03 5.066000000000000000e+03 6.962000000000000000e+03 1.496000000000000000e+04 2.362700000000000000e+04 3.654400000000000000e+04 7.709400000000000000e+04 9.644100000000000000e+04 1.392650000000000000e+05 3.027960000000000000e+05 3.975740000000000000e+05 6.311070000000000000e+05 1.860215000000000000e+06 3.445174000000000000e+06 6.494779000000000000e+06 2.133602400000000000e+07 3.541626700000000000e+07
4.523000000000000000e+03 2.883000000000000000e+03 4.994000000000000000e+03 4.761000000000000000e+03 7.239000000000000000e+03 1.817300000000000000e+04 2.791000000000000000e+04 4.171300000000000000e+04 9.902500000000000000e+04 9.355100000000000000e+04 1.370590000000000000e+05 2.920320000000000000e+05 3.264540000000000000e+05 6.829750000000000000e+05 1.751028000000000000e+06 3.013784000000000000e+06 5.495615000000000000e+06 1.532609000000000000e+07 2.548069000000000000e+07
2.007000000000000000e+03 1.338000000000000000e+03 2.560000000000000000e+03 2.800000000000000000e+03 4.255000000000000000e+03 1.080000000000000000e+04 1.536800000000000000e+04 2.319800000000000000e+04 5.323400000000000000e+04 5.434300000000000000e+04 9.278200000000000000e+04 1.872770000000000000e+05 1.992900000000000000e+05 3.706610000000000000e+05 1.131678000000000000e+06 1.711114000000000000e+06 3.747051000000000000e+06 1.234672300000000000e+07 2.667450200000000000e+07
4.278000000000000000e+03 2.801000000000000000e+03 3.987000000000000000e+03 4.296000000000000000e+03 7.088000000000000000e+03 1.527800000000000000e+04 2.410800000000000000e+04 4.054700000000000000e+04 9.245600000000000000e+04 1.082270000000000000e+05 1.490980000000000000e+05 2.992030000000000000e+05 4.086290000000000000e+05 7.465870000000000000e+05 1.935192000000000000e+06 3.427952000000000000e+06 6.701095000000000000e+06 2.124952300000000000e+07 3.479289100000000000e+07
1.627000000000000000e+03 1.247000000000000000e+03 2.276000000000000000e+03 2.454000000000000000e+03 3.984000000000000000e+03 1.030600000000000000e+04 1.464100000000000000e+04 2.531400000000000000e+04 5.906500000000000000e+04 6.752500000000000000e+04 1.028310000000000000e+05 2.078170000000000000e+05 2.637340000000000000e+05 5.240380000000000000e+05 1.386405000000000000e+06 2.353401000000000000e+06 4.514973000000000000e+06 1.537401400000000000e+07 2.648395800000000000e+07
2.043000000000000000e+03 1.201000000000000000e+03 1.889000000000000000e+03 2.696000000000000000e+03 4.849000000000000000e+03 1.231400000000000000e+04 1.809100000000000000e+04 3.066400000000000000e+04 6.574400000000000000e+04 8.020600000000000000e+04 1.036060000000000000e+05 2.119730000000000000e+05 3.177770000000000000e+05 5.050510000000000000e+05 1.452233000000000000e+06 2.376256000000000000e+06 4.541111000000000000e+06 1.303605400000000000e+07 1.945594400000000000e+07
2.110000000000000000e+02 3.700000000000000000e+02 1.327000000000000000e+03 2.136000000000000000e+03 4.325000000000000000e+03 1.067800000000000000e+04 1.544500000000000000e+04 2.826200000000000000e+04 6.900500000000000000e+04 8.834300000000000000e+04 1.212780000000000000e+05 2.304380000000000000e+05 2.743340000000000000e+05 5.396320000000000000e+05 1.609411000000000000e+06 2.363904000000000000e+06 4.758273000000000000e+06 1.504561100000000000e+07 2.665073400000000000e+07
1.492000000000000000e+03 9.400000000000000000e+02 2.145000000000000000e+03 2.377000000000000000e+03 3.684000000000000000e+03 9.338000000000000000e+03 1.233500000000000000e+04 2.077600000000000000e+04 4.506600000000000000e+04 5.222800000000000000e+04 7.451900000000000000e+04 8.834800000000000000e+04 1.147090000000000000e+05 1.877230000000000000e+05 5.679980000000000000e+05 8.503770000000000000e+05 1.325611000000000000e+06 4.033416000000000000e+06 5.954954000000000000e+06
6.433000000000000000e+03 2.009000000000000000e+03 3.329000000000000000e+03 3.649000000000000000e+03 6.060000000000000000e+03 1.494200000000000000e+04 2.349100000000000000e+04 3.858400000000000000e+04 8.447500000000000000e+04 9.109600000000000000e+04 1.232760000000000000e+05 2.484300000000000000e+05 3.450580000000000000e+05 6.721330000000000000e+05 1.639005000000000000e+06 2.840777000000000000e+06 5.220517000000000000e+06 1.678582100000000000e+07 3.115553900000000000e+07
1.239000000000000000e+03 8.160000000000000000e+02 1.587000000000000000e+03 2.943000000000000000e+03 5.762000000000000000e+03 1.567900000000000000e+04 2.312200000000000000e+04 4.034900000000000000e+04 9.367100000000000000e+04 1.153570000000000000e+05 1.656530000000000000e+05 3.816710000000000000e+05 4.905740000000000000e+05 8.551790000000000000e+05 2.477962000000000000e+06 3.943623000000000000e+06 7.434549000000000000e+06 2.217513200000000000e+07 3.516865700000000000e+07
1.902000000000000000e+03 1.162000000000000000e+03 1.846000000000000000e+03 1.871000000000000000e+03 2.825000000000000000e+03 7.858000000000000000e+03 1.254300000000000000e+04 2.062200000000000000e+04 4.181800000000000000e+04 4.664100000000000000e+04 6.910500000000000000e+04 1.308380000000000000e+05 1.515070000000000000e+05 3.101020000000000000e+05 7.584940000000000000e+05 1.290482000000000000e+06 2.711813000000000000e+06 8.140357000000000000e+06 1.259076100000000000e+07
2.313000000000000000e+03 1.440000000000000000e+03 2.423000000000000000e+03 2.204000000000000000e+03 3.443000000000000000e+03 7.236000000000000000e+03 1.036300000000000000e+04 1.842100000000000000e+04 4.108900000000000000e+04 4.621300000000000000e+04 5.611000000000000000e+04 1.226640000000000000e+05 1.583470000000000000e+05 2.438460000000000000e+05 7.604090000000000000e+05 1.382916000000000000e+06 2.749049000000000000e+06 8.041216000000000000e+06 1.536652000000000000e+07
6.565000000000000000e+03 1.614000000000000000e+03 3.185000000000000000e+03 3.286000000000000000e+03 4.446000000000000000e+03 1.061300000000000000e+04 1.393600000000000000e+04 2.486500000000000000e+04 4.871700000000000000e+04 6.106900000000000000e+04 9.026900000000000000e+04 1.808360000000000000e+05 2.024110000000000000e+05 4.222050000000000000e+05 1.190522000000000000e+06 1.775439000000000000e+06 3.191406000000000000e+06 1.018216600000000000e+07 1.817100000000000000e+07
2.294000000000000000e+03 1.167000000000000000e+03 1.965000000000000000e+03 2.246000000000000000e+03 3.703000000000000000e+03 9.351000000000000000e+03 1.491300000000000000e+04 2.763600000000000000e+04 5.565900000000000000e+04 5.813100000000000000e+04 7.763600000000000000e+04 1.706850000000000000e+05 1.967050000000000000e+05 4.410460000000000000e+05 1.191622000000000000e+06 1.906445000000000000e+06 3.796553000000000000e+06 9.806739000000000000e+06 1.547516300000000000e+07
1.137000000000000000e+03 5.690000000000000000e+02 1.388000000000000000e+03 1.838000000000000000e+03 3.354000000000000000e+03 8.457000000000000000e+03 1.179600000000000000e+04 1.873200000000000000e+04 4.090200000000000000e+04 4.382000000000000000e+04 6.019100000000000000e+04 1.096690000000000000e+05 1.394540000000000000e+05 2.509350000000000000e+05 8.025450000000000000e+05 1.260632000000000000e+06 2.428099000000000000e+06 7.089676000000000000e+06 1.117929100000000000e+07
8.680000000000000000e+03 2.815000000000000000e+03 4.040000000000000000e+03 3.923000000000000000e+03 5.291000000000000000e+03 1.478700000000000000e+04 2.259000000000000000e+04 3.887000000000000000e+04 7.890500000000000000e+04 9.023800000000000000e+04 1.453370000000000000e+05 2.850520000000000000e+05 3.444410000000000000e+05 6.546000000000000000e+05 1.899600000000000000e+06 3.487836000000000000e+06 7.106963000000000000e+06 2.347387100000000000e+07 4.174912500000000000e+07
4.702000000000000000e+03 3.082000000000000000e+03 5.397000000000000000e+03 5.865000000000000000e+03 8.150000000000000000e+03 1.883100000000000000e+04 2.951100000000000000e+04 4.750400000000000000e+04 1.040940000000000000e+05 1.207820000000000000e+05 1.821780000000000000e+05 3.604190000000000000e+05 4.253970000000000000e+05 9.327590000000000000e+05 2.715569000000000000e+06 4.511100000000000000e+06 7.975393000000000000e+06 2.255641700000000000e+07 4.063270100000000000e+07
4.782000000000000000e+03 2.400000000000000000e+03 4.498000000000000000e+03 5.194000000000000000e+03 7.479000000000000000e+03 1.874400000000000000e+04 2.856900000000000000e+04 5.012400000000000000e+04 1.104100000000000000e+05 1.259640000000000000e+05 1.724970000000000000e+05 3.576190000000000000e+05 3.189430000000000000e+05 7.077420000000000000e+05 2.127527000000000000e+06 3.238988000000000000e+06 6.355971000000000000e+06 1.812790900000000000e+07 2.996231300000000000e+07
1.271000000000000000e+03 8.750000000000000000e+02 1.676000000000000000e+03 1.971000000000000000e+03 3.056000000000000000e+03 7.487000000000000000e+03 1.118200000000000000e+04 1.770800000000000000e+04 4.010900000000000000e+04 4.759000000000000000e+04 6.897900000000000000e+04 1.271780000000000000e+05 1.497380000000000000e+05 2.030090000000000000e+05 5.612640000000000000e+05 9.316530000000000000e+05 1.819039000000000000e+06 5.485030000000000000e+06 9.221255000000000000e+06
1.596000000000000000e+03 1.119000000000000000e+03 2.347000000000000000e+03 2.673000000000000000e+03 4.238000000000000000e+03 7.972000000000000000e+03 1.209200000000000000e+04 1.902100000000000000e+04 3.940700000000000000e+04 4.529700000000000000e+04 7.149400000000000000e+04 1.243230000000000000e+05 1.518160000000000000e+05 2.986230000000000000e+05 9.354610000000000000e+05 1.364946000000000000e+06 2.520237000000000000e+06 7.556534000000000000e+06 1.157949800000000000e+07
8.440000000000000000e+02 3.910000000000000000e+02 9.690000000000000000e+02 1.151000000000000000e+03 1.865000000000000000e+03 4.574000000000000000e+03 6.275000000000000000e+03 9.765000000000000000e+03 2.169700000000000000e+04 2.350300000000000000e+04 3.785900000000000000e+04 7.602300000000000000e+04 1.003880000000000000e+05 1.624270000000000000e+05 4.793290000000000000e+05 6.791940000000000000e+05 1.194014000000000000e+06 3.478926000000000000e+06 5.098383000000000000e+06
2.319000000000000000e+03 1.434000000000000000e+03 2.208000000000000000e+03 2.492000000000000000e+03 3.923000000000000000e+03 8.932000000000000000e+03 1.373100000000000000e+04 2.525800000000000000e+04 4.520000000000000000e+04 4.907500000000000000e+04 6.425800000000000000e+04 1.240150000000000000e+05 1.679060000000000000e+05 3.454360000000000000e+05 9.086600000000000000e+05 1.479533000000000000e+06 3.309515000000000000e+06 1.067069400000000000e+07 1.936546800000000000e+07
5.937000000000000000e+03 2.078000000000000000e+03 3.354000000000000000e+03 3.308000000000000000e+03 4.686000000000000000e+03 1.222200000000000000e+04 1.806000000000000000e+04 3.255100000000000000e+04 7.083700000000000000e+04 8.352900000000000000e+04 1.182330000000000000e+05 2.127510000000000000e+05 2.670880000000000000e+05 5.288230000000000000e+05 1.258053000000000000e+06 2.093767000000000000e+06 3.938276000000000000e+06 1.016332200000000000e+07 1.283713300000000000e+07
2.098000000000000000e+03 1.260000000000000000e+03 2.338000000000000000e+03 2.386000000000000000e+03 3.298000000000000000e+03 8.214000000000000000e+03 1.206400000000000000e+04 2.111300000000000000e+04 5.093400000000000000e+04 5.987700000000000000e+04 9.308300000000000000e+04 1.866890000000000000e+05 2.528550000000000000e+05 4.844900000000000000e+05 1.209992000000000000e+06 1.873149000000000000e+06 3.787171000000000000e+06 1.040421100000000000e+07 1.600284400000000000e+07
8.740000000000000000e+02 7.180000000000000000e+02 1.863000000000000000e+03 2.341000000000000000e+03 3.923000000000000000e+03 9.922000000000000000e+03 1.467300000000000000e+04 2.514500000000000000e+04 5.474200000000000000e+04 5.763000000000000000e+04 8.067800000000000000e+04 1.669840000000000000e+05 2.298270000000000000e+05 3.973210000000000000e+05 1.190344000000000000e+06 1.858246000000000000e+06 3.653658000000000000e+06 1.049527800000000000e+07 1.701623500000000000e+07
3.528000000000000000e+03 2.547000000000000000e+03 4.867000000000000000e+03 5.053000000000000000e+03 7.446000000000000000e+03 1.823500000000000000e+04 2.470200000000000000e+04 3.847600000000000000e+04 8.179000000000000000e+04 8.824400000000000000e+04 1.315050000000000000e+05 3.122490000000000000e+05 3.966850000000000000e+05 6.489030000000000000e+05 2.249606000000000000e+06 3.289422000000000000e+06 6.729287000000000000e+06 1.975101700000000000e+07 3.770990600000000000e+07
2.985000000000000000e+03 1.228000000000000000e+03 2.623000000000000000e+03 3.450000000000000000e+03 4.858000000000000000e+03 1.166100000000000000e+04 1.799600000000000000e+04 2.888400000000000000e+04 6.142700000000000000e+04 7.764300000000000000e+04 1.102250000000000000e+05 2.347840000000000000e+05 2.442620000000000000e+05 3.892870000000000000e+05 1.353413000000000000e+06 2.138585000000000000e+06 4.278307000000000000e+06 1.256312900000000000e+07 1.857263000000000000e+07
1.705000000000000000e+03 1.147000000000000000e+03 1.540000000000000000e+03 1.522000000000000000e+03 2.357000000000000000e+03 6.367000000000000000e+03 9.392000000000000000e+03 1.687100000000000000e+04 3.435100000000000000e+04 3.959800000000000000e+04 5.509700000000000000e+04 1.041920000000000000e+05 1.474030000000000000e+05 2.253380000000000000e+05 6.006410000000000000e+05 1.124110000000000000e+06 2.238239000000000000e+06 7.684580000000000000e+06 1.396404300000000000e+07
2.163000000000000000e+03 1.253000000000000000e+03 2.371000000000000000e+03 2.886000000000000000e+03 4.299000000000000000e+03 1.014800000000000000e+04 1.682900000000000000e+04 2.816800000000000000e+04 6.252300000000000000e+04 7.244400000000000000e+04 1.024220000000000000e+05 1.838570000000000000e+05 2.885960000000000000e+05 5.429320000000000000e+05 1.402344000000000000e+06 2.274564000000000000e+06 3.745779000000000000e+06 1.084005800000000000e+07 1.867516500000000000e+07
