1.660000000000000000e+02 5.800000000000000000e+01 1.880000000000000000e+02 3.640000000000000000e+02 5.070000000000000000e+02 1.165000000000000000e+03 1.521000000000000000e+03 2.568000000000000000e+03 5.454000000000000000e+03 6.414000000000000000e+03 8.018000000000000000e+03 1.465100000000000000e+04 1.500700000000000000e+04 3.003700000000000000e+04 8.488000000000000000e+04 1.163410000000000000e+05 1.597500000000000000e+05 5.872980000000000000e+05 1.183058000000000000e+06
1.620000000000000000e+02 1.670000000000000000e+02 3.540000000000000000e+02 4.900000000000000000e+02 7.740000000000000000e+02 2.178000000000000000e+03 2.558000000000000000e+03 3.018000000000000000e+03 5.632000000000000000e+03 7.245000000000000000e+03 8.342000000000000000e+03 1.322600000000000000e+04 1.605100000000000000e+04 2.453200000000000000e+04 5.852700000000000000e+04 9.124900000000000000e+04 2.580560000000000000e+05 6.722190000000000000e+05 1.211502000000000000e+06
1.850000000000000000e+02 1.560000000000000000e+02 3.740000000000000000e+02 4.500000000000000000e+02 5.650000000000000000e+02 1.321000000000000000e+03 1.864000000000000000e+03 3.815000000000000000e+03 7.874000000000000000e+03 9.403000000000000000e+03 1.415700000000000000e+04 1.723900000000000000e+04 1.778900000000000000e+04 3.131000000000000000e+04 9.877500000000000000e+04 1.209320000000000000e+05 2.526940000000000000e+05 8.732060000000000000e+05 1.444679000000000000e+06
3.810000000000000000e+02 2.790000000000000000e+02 5.130000000000000000e+02 5.120000000000000000e+02 6.280000000000000000e+02 1.354000000000000000e+03 2.018000000000000000e+03 3.269000000000000000e+03 7.675000000000000000e+03 6.921000000000000000e+03 8.065000000000000000e+03 1.866000000000000000e+04 2.330200000000000000e+04 4.824100000000000000e+04 1.011860000000000000e+05 1.616670000000000000e+05 2.905280000000000000e+05 9.233870000000000000e+05 1.720351000000000000e+06
1.280000000000000000e+02 9.600000000000000000e+01 2.590000000000000000e+02 3.180000000000000000e+02 5.550000000000000000e+02 1.213000000000000000e+03 1.685000000000000000e+03 2.928000000000000000e+03 5.998000000000000000e+03 6.201000000000000000e+03 8.146000000000000000e+03 1.647500000000000000e+04 2.183700000000000000e+04 2.640600000000000000e+04 6.628900000000000000e+04 1.276030000000000000e+05 2.647200000000000000e+05 8.288270000000000000e+05 1.830206000000000000e+06
3.430000000000000000e+02 2.660000000000000000e+02 6.030000000000000000e+02 5.750000000000000000e+02 6.640000000000000000e+02 1.799000000000000000e+03 2.144000000000000000e+03 3.988000000000000000e+03 9.334000000000000000e+03 9.189000000000000000e+03 1.328500000000000000e+04 1.817100000000000000e+04 3.164200000000000000e+04 4.401800000000000000e+04 1.073880000000000000e+05 1.313740000000000000e+05 2.364780000000000000e+05 7.470400000000000000e+05 7.206210000000000000e+05
1.370000000000000000e+02 1.190000000000000000e+02 1.830000000000000000e+02 1.760000000000000000e+02 2.790000000000000000e+02 6.600000000000000000e+02 8.630000000000000000e+02 1.329000000000000000e+03 2.884000000000000000e+03 3.148000000000000000e+03 4.349000000000000000e+03 6.702000000000000000e+03 9.400000000000000000e+03 1.658800000000000000e+04 4.312700000000000000e+04 6.273100000000000000e+04 1.434590000000000000e+05 3.579760000000000000e+05 7.569900000000000000e+05
7.600000000000000000e+02 2.600000000000000000e+02 5.610000000000000000e+02 6.020000000000000000e+02 9.760000000000000000e+02 1.938000000000000000e+03 3.231000000000000000e+03 5.002000000000000000e+03 9.362000000000000000e+03 9.777000000000000000e+03 1.500400000000000000e+04 2.420900000000000000e+04 2.205800000000000000e+04 4.077500000000000000e+04 1.028720000000000000e+05 1.606860000000000000e+05 3.540660000000000000e+05 1.255444000000000000e+06 2.574536000000000000e+06
2.710000000000000000e+02 1.610000000000000000e+02 5.030000000000000000e+02 5.450000000000000000e+02 8.960000000000000000e+02 2.342000000000000000e+03 3.363000000000000000e+03 4.546000000000000000e+03 9.395000000000000000e+03 8.475000000000000000e+03 1.283700000000000000e+04 1.865600000000000000e+04 2.420900000000000000e+04 4.438300000000000000e+04 1.190310000000000000e+05 1.932830000000000000e+05 3.938740000000000000e+05 1.119752000000000000e+06 1.430682000000000000e+06
1.350000000000000000e+02 9.600000000000000000e+01 2.450000000000000000e+02 3.030000000000000000e+02 3.920000000000000000e+02 1.048000000000000000e+03 1.514000000000000000e+03 2.610000000000000000e+03 5.711000000000000000e+03 6.284000000000000000e+03 6.598000000000000000e+03 1.199500000000000000e+04 1.514000000000000000e+04 2.587600000000000000e+04 7.936400000000000000e+04 1.304120000000000000e+05 2.676660000000000000e+05 8.709750000000000000e+05 1.639686000000000000e+06
3.420000000000000000e+02 2.400000000000000000e+02 3.210000000000000000e+02 2.780000000000000000e+02 5.240000000000000000e+02 1.643000000000000000e+03 1.763000000000000000e+03 2.841000000000000000e+03 5.145000000000000000e+03 6.266000000000000000e+03 6.585000000000000000e+03 1.383700000000000000e+04 1.591200000000000000e+04 3.006900000000000000e+04 5.812100000000000000e+04 1.162610000000000000e+05 2.165350000000000000e+05 5.171360000000000000e+05 6.544180000000000000e+05
2.590000000000000000e+02 1.430000000000000000e+02 3.410000000000000000e+02 2.920000000000000000e+02 5.110000000000000000e+02 1.173000000000000000e+03 1.590000000000000000e+03 2.307000000000000000e+03 3.995000000000000000e+03 4.420000000000000000e+03 5.827000000000000000e+03 1.231100000000000000e+04 1.168000000000000000e+04 1.958100000000000000e+04 6.022500000000000000e+04 1.066890000000000000e+05 2.136890000000000000e+05 5.263420000000000000e+05 9.734240000000000000e+05
5.300000000000000000e+01 5.400000000000000000e+01 1.140000000000000000e+02 1.460000000000000000e+02 3.090000000000000000e+02 7.450000000000000000e+02 8.340000000000000000e+02 1.350000000000000000e+03 3.356000000000000000e+03 4.170000000000000000e+03 5.212000000000000000e+03 8.847000000000000000e+03 1.110100000000000000e+04 1.836000000000000000e+04 5.409400000000000000e+04 7.106800000000000000e+04 1.397170000000000000e+05 4.452550000000000000e+05 9.221060000000000000e+05
1.030000000000000000e+02 6.200000000000000000e+01 9.000000000000000000e+01 2.290000000000000000e+02 2.590000000000000000e+02 6.990000000000000000e+02 9.910000000000000000e+02 1.705000000000000000e+03 4.508000000000000000e+03 5.430000000000000000e+03 7.293000000000000000e+03 9.845000000000000000e+03 1.427500000000000000e+04 3.150800000000000000e+04 5.944500000000000000e+04 1.123230000000000000e+05 2.393940000000000000e+05 7.776220000000000000e+05 1.467119000000000000e+06
6.200000000000000000e+01 5.300000000000000000e+01 1.150000000000000000e+02 2.370000000000000000e+02 3.770000000000000000e+02 8.920000000000000000e+02 1.429000000000000000e+03 2.271000000000000000e+03 4.768000000000000000e+03 5.725000000000000000e+03 7.659000000000000000e+03 1.720800000000000000e+04 2.194300000000000000e+04 3.552500000000000000e+04 7.635700000000000000e+04 1.285170000000000000e+05 2.437840000000000000e+05 7.813170000000000000e+05 1.034467000000000000e+06
2.290000000000000000e+02 1.040000000000000000e+02 1.900000000000000000e+02 2.050000000000000000e+02 2.830000000000000000e+02 7.510000000000000000e+02 1.143000000000000000e+03 1.905000000000000000e+03 3.646000000000000000e+03 3.804000000000000000e+03 6.756000000000000000e+03 1.258200000000000000e+04 1.289800000000000000e+04 2.078000000000000000e+04 5.070400000000000000e+04 1.005750000000000000e+05 1.211560000000000000e+05 1.269150000000000000e+05 3.259190000000000000e+05
1.583000000000000000e+03 6.070000000000000000e+02 2.540000000000000000e+02 3.110000000000000000e+02 3.150000000000000000e+02 1.292000000000000000e+03 1.506000000000000000e+03 1.893000000000000000e+03 5.446000000000000000e+03 6.008000000000000000e+03 5.894000000000000000e+03 1.309100000000000000e+04 1.692600000000000000e+04 3.284500000000000000e+04 7.135400000000000000e+04 1.363270000000000000e+05 2.356310000000000000e+05 7.058930000000000000e+05 1.230488000000000000e+06
8.850000000000000000e+02 5.660000000000000000e+02 7.340000000000000000e+02 7.330000000000000000e+02 8.740000000000000000e+02 2.180000000000000000e+03 3.837000000000000000e+03 5.197000000000000000e+03 1.160600000000000000e+04 1.204900000000000000e+04 1.901800000000000000e+04 3.499800000000000000e+04 4.204300000000000000e+04 6.212400000000000000e+04 1.509480000000000000e+05 2.487700000000000000e+05 5.294410000000000000e+05 1.122481000000000000e+06 2.744043000000000000e+06
1.410000000000000000e+02 1.660000000000000000e+02 4.430000000000000000e+02 4.690000000000000000e+02 6.410000000000000000e+02 1.352000000000000000e+03 1.930000000000000000e+03 2.983000000000000000e+03 5.764000000000000000e+03 7.300000000000000000e+03 1.033200000000000000e+04 1.831500000000000000e+04 1.957400000000000000e+04 4.644700000000000000e+04 1.074280000000000000e+05 1.736090000000000000e+05 3.822650000000000000e+05 1.069776000000000000e+06 1.871199000000000000e+06
2.910000000000000000e+02 2.440000000000000000e+02 6.220000000000000000e+02 5.990000000000000000e+02 6.500000000000000000e+02 1.520000000000000000e+03 1.660000000000000000e+03 3.234000000000000000e+03 6.865000000000000000e+03 8.746000000000000000e+03 9.633000000000000000e+03 1.853900000000000000e+04 2.645500000000000000e+04 4.097000000000000000e+04 1.136430000000000000e+05 1.469120000000000000e+05 3.009360000000000000e+05 8.089550000000000000e+05 1.442828000000000000e+06
2.693000000000000000e+03 6.680000000000000000e+02 8.450000000000000000e+02 8.450000000000000000e+02 8.070000000000000000e+02 1.616000000000000000e+03 4.799000000000000000e+03 6.102000000000000000e+03 1.096500000000000000e+04 1.007300000000000000e+04 3.056100000000000000e+04 4.108900000000000000e+04 4.489100000000000000e+04 5.545400000000000000e+04 9.701100000000000000e+04 1.613190000000000000e+05 3.496480000000000000e+05 1.078771000000000000e+06 1.753313000000000000e+06
1.260000000000000000e+02 1.020000000000000000e+02 2.600000000000000000e+02 3.530000000000000000e+02 6.400000000000000000e+02 1.580000000000000000e+03 2.083000000000000000e+03 3.686000000000000000e+03 8.311000000000000000e+03 1.114600000000000000e+04 1.604600000000000000e+04 2.307900000000000000e+04 2.539700000000000000e+04 5.029600000000000000e+04 1.233590000000000000e+05 2.209660000000000000e+05 3.642610000000000000e+05 7.543520000000000000e+05 1.546267000000000000e+06
3.070000000000000000e+02 2.880000000000000000e+02 6.850000000000000000e+02 7.740000000000000000e+02 1.259000000000000000e+03 2.823000000000000000e+03 4.029000000000000000e+03 6.092000000000000000e+03 1.308900000000000000e+04 1.262500000000000000e+04 1.790100000000000000e+04 4.021500000000000000e+04 4.177200000000000000e+04 6.320100000000000000e+04 1.064830000000000000e+05 1.508920000000000000e+05 3.258800000000000000e+05 1.031282000000000000e+06 1.473897000000000000e+06
3.370000000000000000e+02 1.940000000000000000e+02 4.960000000000000000e+02 5.600000000000000000e+02 8.120000000000000000e+02 2.409000000000000000e+03 3.365000000000000000e+03 5.301000000000000000e+03 1.020700000000000000e+04 1.363700000000000000e+04 1.624500000000000000e+04 2.927300000000000000e+04 2.973900000000000000e+04 3.447200000000000000e+04 1.124940000000000000e+05 1.401170000000000000e+05 2.776590000000000000e+05 9.078320000000000000e+05 1.590213000000000000e+06
6.500000000000000000e+01 8.100000000000000000e+01 2.320000000000000000e+02 3.120000000000000000e+02 5.910000000000000000e+02 1.269000000000000000e+03 2.011000000000000000e+03 3.023000000000000000e+03 5.961000000000000000e+03 6.579000000000000000e+03 7.988000000000000000e+03 1.621100000000000000e+04 1.622700000000000000e+04 2.664200000000000000e+04 7.999900000000000000e+04 1.234820000000000000e+05 2.640520000000000000e+05 7.386530000000000000e+05 1.725325000000000000e+06
4.270000000000000000e+02 2.050000000000000000e+02 3.420000000000000000e+02 3.860000000000000000e+02 5.590000000000000000e+02 1.129000000000000000e+03 1.836000000000000000e+03 2.989000000000000000e+03 5.705000000000000000e+03 6.977000000000000000e+03 1.150200000000000000e+04 2.254700000000000000e+04 2.643100000000000000e+04 3.329100000000000000e+04 8.890100000000000000e+04 1.272470000000000000e+05 1.568990000000000000e+05 5.557790000000000000e+05 8.271420000000000000e+05
1.230000000000000000e+02 3.900000000000000000e+01 1.120000000000000000e+02 1.790000000000000000e+02 3.440000000000000000e+02 8.440000000000000000e+02 1.298000000000000000e+03 1.995000000000000000e+03 4.328000000000000000e+03 5.730000000000000000e+03 7.454000000000000000e+03 1.329500000000000000e+04 1.380600000000000000e+04 2.160100000000000000e+04 6.583100000000000000e+04 1.041560000000000000e+05 2.089610000000000000e+05 6.230110000000000000e+05 1.201196000000000000e+06
4.410000000000000000e+02 3.340000000000000000e+02 6.000000000000000000e+02 7.940000000000000000e+02 1.094000000000000000e+03 2.666000000000000000e+03 3.762000000000000000e+03 5.878000000000000000e+03 1.158600000000000000e+04 1.010800000000000000e+04 1.419700000000000000e+04 3.492900000000000000e+04 3.799100000000000000e+04 6.664500000000000000e+04 1.735290000000000000e+05 2.750930000000000000e+05 5.597200000000000000e+05 9.388810000000000000e+05 5.447750000000000000e+05
1.921000000000000000e+03 9.580000000000000000e+02 1.454000000000000000e+03 1.093000000000000000e+03 1.385000000000000000e+03 3.976000000000000000e+03 4.548000000000000000e+03 7.689000000000000000e+03 1.798100000000000000e+04 1.457400000000000000e+04 1.679300000000000000e+04 2.396800000000000000e+04 2.719600000000000000e+04 6.192800000000000000e+04 1.547280000000000000e+05 2.311650000000000000e+05 4.484820000000000000e+05 1.104729000000000000e+06 1.875273000000000000e+06
7.050000000000000000e+02 4.050000000000000000e+02 5.740000000000000000e+02 4.690000000000000000e+02 6.180000000000000000e+02 1.211000000000000000e+03 2.061000000000000000e+03 3.614000000000000000e+03 6.290000000000000000e+03 6.429000000000000000e+03 8.035000000000000000e+03 1.447700000000000000e+04 1.611900000000000000e+04 2.670000000000000000e+04 8.714900000000000000e+04 1.236520000000000000e+05 2.522320000000000000e+05 8.468340000000000000e+05 1.536383000000000000e+06
1.790000000000000000e+02 1.540000000000000000e+02 2.930000000000000000e+02 3.160000000000000000e+02 3.940000000000000000e+02 1.095000000000000000e+03 1.685000000000000000e+03 2.289000000000000000e+03 4.865000000000000000e+03 4.059000000000000000e+03 5.799000000000000000e+03 1.066800000000000000e+04 9.827000000000000000e+03 1.510300000000000000e+04 5.562800000000000000e+04 8.267700000000000000e+04 1.602010000000000000e+05 5.165610000000000000e+05 1.019495000000000000e+06
2.130000000000000000e+02 1.900000000000000000e+02 2.340000000000000000e+02 2.540000000000000000e+02 4.260000000000000000e+02 7.800000000000000000e+02 1.207000000000000000e+03 2.099000000000000000e+03 3.817000000000000000e+03 3.071000000000000000e+03 3.873000000000000000e+03 1.253800000000000000e+04 1.547600000000000000e+04 2.963700000000000000e+04 6.086900000000000000e+04 9.824200000000000000e+04 1.942660000000000000e+05 4.361470000000000000e+05 5.671800000000000000e+05
7.500000000000000000e+01 9.500000000000000000e+01 2.380000000000000000e+02 2.080000000000000000e+02 2.880000000000000000e+02 8.180000000000000000e+02 9.440000000000000000e+02 1.894000000000000000e+03 3.384000000000000000e+03 3.068000000000000000e+03 3.684000000000000000e+03 6.946000000000000000e+03 8.177000000000000000e+03 1.483400000000000000e+04 3.405800000000000000e+04 6.001600000000000000e+04 1.123800000000000000e+05 3.426880000000000000e+05 5.393590000000000000e+05
4.800000000000000000e+01 5.800000000000000000e+01 2.160000000000000000e+02 2.980000000000000000e+02 5.460000000000000000e+02 1.503000000000000000e+03 2.117000000000000000e+03 2.978000000000000000e+03 5.997000000000000000e+03 6.374000000000000000e+03 9.391000000000000000e+03 1.540300000000000000e+04 1.538600000000000000e+04 3.279100000000000000e+04 6.722700000000000000e+04 1.116780000000000000e+05 1.982320000000000000e+05 6.344640000000000000e+05 1.309874000000000000e+06
5.900000000000000000e+01 4.700000000000000000e+01 1.350000000000000000e+02 1.670000000000000000e+02 2.430000000000000000e+02 6.080000000000000000e+02 7.560000000000000000e+02 1.372000000000000000e+03 2.471000000000000000e+03 2.771000000000000000e+03 5.528000000000000000e+03 1.139300000000000000e+04 1.344000000000000000e+04 1.764400000000000000e+04 2.912100000000000000e+04 4.153700000000000000e+04 8.357500000000000000e+04 2.980070000000000000e+05 3.981050000000000000e+05
4.000000000000000000e+01 4.700000000000000000e+01 1.620000000000000000e+02 1.530000000000000000e+02 2.970000000000000000e+02 5.270000000000000000e+02 8.440000000000000000e+02 1.453000000000000000e+03 3.569000000000000000e+03 3.997000000000000000e+03 4.719000000000000000e+03 1.190700000000000000e+04 1.156600000000000000e+04 1.804100000000000000e+04 6.226800000000000000e+04 9.185300000000000000e+04 1.119510000000000000e+05 1.885700000000000000e+05 3.325660000000000000e+05
3.340000000000000000e+02 3.220000000000000000e+02 6.930000000000000000e+02 8.920000000000000000e+02 1.277000000000000000e+03 3.103000000000000000e+03 4.205000000000000000e+03 6.586000000000000000e+03 1.424400000000000000e+04 1.771600000000000000e+04 2.085400000000000000e+04 3.339700000000000000e+04 4.148400000000000000e+04 7.945200000000000000e+04 2.420360000000000000e+05 3.628970000000000000e+05 5.292480000000000000e+05 1.712925000000000000e+06 3.696094000000000000e+06
3.540000000000000000e+02 3.160000000000000000e+02 8.110000000000000000e+02 1.287000000000000000e+03 2.106000000000000000e+03 5.014000000000000000e+03 6.434000000000000000e+03 1.099900000000000000e+04 1.996600000000000000e+04 2.198000000000000000e+04 3.450600000000000000e+04 4.968900000000000000e+04 5.983100000000000000e+04 6.709000000000000000e+04 1.243010000000000000e+05 1.689400000000000000e+05 4.730430000000000000e+05 1.243802000000000000e+06 1.994385000000000000e+06
5.650000000000000000e+02 3.360000000000000000e+02 6.770000000000000000e+02 6.620000000000000000e+02 9.110000000000000000e+02 2.630000000000000000e+03 3.662000000000000000e+03 5.886000000000000000e+03 9.050000000000000000e+03 1.133900000000000000e+04 1.315300000000000000e+04 2.002200000000000000e+04 2.181500000000000000e+04 3.336500000000000000e+04 1.041550000000000000e+05 1.574050000000000000e+05 3.293090000000000000e+05 9.426630000000000000e+05 1.470465000000000000e+06
5.900000000000000000e+01 9.100000000000000000e+01 2.950000000000000000e+02 4.410000000000000000e+02 7.270000000000000000e+02 1.376000000000000000e+03 8.470000000000000000e+02 1.185000000000000000e+03 4.732000000000000000e+03 3.845000000000000000e+03 4.229000000000000000e+03 7.613000000000000000e+03 1.126100000000000000e+04 1.460000000000000000e+04 3.124700000000000000e+04 4.277600000000000000e+04 9.005100000000000000e+04 2.676330000000000000e+05 3.830660000000000000e+05
2.260000000000000000e+02 1.780000000000000000e+02 3.120000000000000000e+02 2.670000000000000000e+02 3.360000000000000000e+02 7.760000000000000000e+02 1.229000000000000000e+03 2.146000000000000000e+03 2.577000000000000000e+03 3.764000000000000000e+03 5.239000000000000000e+03 7.099000000000000000e+03 6.979000000000000000e+03 1.880700000000000000e+04 3.096200000000000000e+04 7.299000000000000000e+04 1.442890000000000000e+05 3.523870000000000000e+05 5.551800000000000000e+05
1.329000000000000000e+03 3.640000000000000000e+02 8.510000000000000000e+02 6.390000000000000000e+02 9.340000000000000000e+02 3.137000000000000000e+03 3.989000000000000000e+03 7.014000000000000000e+03 1.624700000000000000e+04 1.112200000000000000e+04 1.511600000000000000e+04 2.063600000000000000e+04 2.307500000000000000e+04 5.927000000000000000e+04 1.149210000000000000e+05 1.988750000000000000e+05 3.777460000000000000e+05 1.319504000000000000e+06 2.240486000000000000e+06
1.780000000000000000e+02 2.090000000000000000e+02 5.210000000000000000e+02 7.210000000000000000e+02 1.353000000000000000e+03 2.663000000000000000e+03 3.509000000000000000e+03 6.439000000000000000e+03 1.329800000000000000e+04 1.259400000000000000e+04 1.368300000000000000e+04 2.737200000000000000e+04 2.914900000000000000e+04 3.889300000000000000e+04 1.042660000000000000e+05 1.758870000000000000e+05 3.468320000000000000e+05 9.196940000000000000e+05 1.284714000000000000e+06
7.600000000000000000e+01 1.050000000000000000e+02 1.910000000000000000e+02 3.370000000000000000e+02 5.230000000000000000e+02 1.070000000000000000e+03 1.215000000000000000e+03 2.268000000000000000e+03 5.071000000000000000e+03 4.503000000000000000e+03 4.537000000000000000e+03 1.176000000000000000e+04 1.415800000000000000e+04 1.684500000000000000e+04 4.618600000000000000e+04 9.920700000000000000e+04 1.747720000000000000e+05 4.781170000000000000e+05 9.788270000000000000e+05
1.760000000000000000e+02 1.250000000000000000e+02 2.820000000000000000e+02 2.260000000000000000e+02 3.240000000000000000e+02 8.950000000000000000e+02 1.447000000000000000e+03 1.811000000000000000e+03 4.204000000000000000e+03 4.600000000000000000e+03 5.685000000000000000e+03 9.412000000000000000e+03 1.011700000000000000e+04 1.796600000000000000e+04 5.456600000000000000e+04 9.093900000000000000e+04 1.540710000000000000e+05 4.175860000000000000e+05 9.031240000000000000e+05
2.010000000000000000e+02 2.290000000000000000e+02 5.200000000000000000e+02 6.040000000000000000e+02 7.600000000000000000e+02 1.833000000000000000e+03 3.179000000000000000e+03 4.987000000000000000e+03 1.227300000000000000e+04 1.803400000000000000e+04 2.410600000000000000e+04 4.456600000000000000e+04 1.548800000000000000e+04 1.808100000000000000e+04 5.134800000000000000e+04 9.717300000000000000e+04 1.886390000000000000e+05 5.783670000000000000e+05 5.225870000000000000e+05
1.700000000000000000e+02 7.500000000000000000e+01 1.980000000000000000e+02 2.230000000000000000e+02 4.110000000000000000e+02 1.063000000000000000e+03 1.417000000000000000e+03 1.723000000000000000e+03 3.020000000000000000e+03 3.452000000000000000e+03 4.106000000000000000e+03 7.848000000000000000e+03 1.035000000000000000e+04 1.767700000000000000e+04 4.148300000000000000e+04 7.951500000000000000e+04 1.516160000000000000e+05 3.888660000000000000e+05 5.055930000000000000e+05
1.990000000000000000e+02 1.460000000000000000e+02 2.810000000000000000e+02 2.990000000000000000e+02 4.310000000000000000e+02 1.047000000000000000e+03 1.359000000000000000e+03 2.157000000000000000e+03 5.902000000000000000e+03 5.940000000000000000e+03 7.818000000000000000e+03 1.615300000000000000e+04 1.882100000000000000e+04 3.092200000000000000e+04 8.046500000000000000e+04 1.238370000000000000e+05 2.089430000000000000e+05 7.181590000000000000e+05 1.678765000000000000e+06
2.390000000000000000e+02 1.910000000000000000e+02 3.500000000000000000e+02 3.320000000000000000e+02 3.720000000000000000e+02 7.770000000000000000e+02 1.464000000000000000e+03 2.123000000000000000e+03 4.952000000000000000e+03 6.091000000000000000e+03 9.051000000000000000e+03 1.884500000000000000e+04 2.287500000000000000e+04 4.521100000000000000e+04 9.608300000000000000e+04 2.005880000000000000e+05 3.492570000000000000e+05 1.028050000000000000e+06 1.378403000000000000e+06
1.226000000000000000e+03 1.140000000000000000e+02 2.590000000000000000e+02 2.660000000000000000e+02 5.010000000000000000e+02 1.227000000000000000e+03 1.804000000000000000e+03 3.132000000000000000e+03 6.229000000000000000e+03 5.809000000000000000e+03 9.698000000000000000e+03 1.434500000000000000e+04 1.426200000000000000e+04 1.973700000000000000e+04 6.035500000000000000e+04 8.647700000000000000e+04 1.899910000000000000e+05 6.178440000000000000e+05 1.333169000000000000e+06
3.030000000000000000e+02 2.140000000000000000e+02 4.600000000000000000e+02 5.330000000000000000e+02 5.450000000000000000e+02 1.450000000000000000e+03 2.062000000000000000e+03 3.569000000000000000e+03 7.185000000000000000e+03 8.203000000000000000e+03 1.389900000000000000e+04 3.941100000000000000e+04 4.117400000000000000e+04 4.265100000000000000e+04 1.361520000000000000e+05 1.704880000000000000e+05 2.677810000000000000e+05 9.883490000000000000e+05 1.772439000000000000e+06
7.590000000000000000e+02 1.710000000000000000e+02 5.120000000000000000e+02 5.710000000000000000e+02 9.600000000000000000e+02 2.232000000000000000e+03 2.726000000000000000e+03 5.226000000000000000e+03 1.071600000000000000e+04 1.086400000000000000e+04 9.677000000000000000e+03 2.341500000000000000e+04 3.035200000000000000e+04 5.591600000000000000e+04 1.132410000000000000e+05 1.581460000000000000e+05 4.463420000000000000e+05 1.365443000000000000e+06 2.569704000000000000e+06
2.200000000000000000e+02 2.720000000000000000e+02 6.850000000000000000e+02 7.100000000000000000e+02 9.340000000000000000e+02 2.102000000000000000e+03 3.298000000000000000e+03 5.445000000000000000e+03 1.248700000000000000e+04 1.428100000000000000e+04 1.784100000000000000e+04 3.721800000000000000e+04 6.689900000000000000e+04 8.754900000000000000e+04 1.508200000000000000e+05 1.533810000000000000e+05 3.242610000000000000e+05 9.604120000000000000e+05 1.295328000000000000e+06
5.800000000000000000e+01 2.700000000000000000e+01 1.230000000000000000e+02 2.270000000000000000e+02 3.640000000000000000e+02 9.690000000000000000e+02 1.362000000000000000e+03 2.016000000000000000e+03 4.069000000000000000e+03 4.520000000000000000e+03 6.334000000000000000e+03 1.011900000000000000e+04 1.345300000000000000e+04 2.621500000000000000e+04 8.307000000000000000e+04 1.305890000000000000e+05 2.373550000000000000e+05 8.123570000000000000e+05 1.353056000000000000e+06
5.853000000000000000e+03 2.724000000000000000e+03 2.983000000000000000e+03 2.915000000000000000e+03 4.978000000000000000e+03 1.248500000000000000e+04 1.749400000000000000e+04 3.546800000000000000e+04 7.017900000000000000e+04 8.037000000000000000e+04 1.132430000000000000e+05 2.564830000000000000e+05 4.127940000000000000e+05 5.706650000000000000e+05 1.866539000000000000e+06 2.855467000000000000e+06 5.215447000000000000e+06 1.151750600000000000e+07 9.508867000000000000e+06
4.540000000000000000e+03 1.759000000000000000e+03 3.358000000000000000e+03 2.895000000000000000e+03 4.159000000000000000e+03 1.070800000000000000e+04 1.211400000000000000e+04 2.432600000000000000e+04 4.912600000000000000e+04 6.408200000000000000e+04 8.546100000000000000e+04 2.246850000000000000e+05 2.883990000000000000e+05 5.222920000000000000e+05 1.646196000000000000e+06 2.436526000000000000e+06 2.823804000000000000e+06 2.278084000000000000e+06 2.244497000000000000e+06
8.690000000000000000e+02 5.320000000000000000e+02 7.040000000000000000e+02 5.100000000000000000e+02 6.580000000000000000e+02 2.047000000000000000e+03 3.090000000000000000e+03 5.342000000000000000e+03 9.728000000000000000e+03 1.240100000000000000e+04 1.918800000000000000e+04 3.101200000000000000e+04 4.157100000000000000e+04 6.865300000000000000e+04 1.452300000000000000e+05 2.234710000000000000e+05 5.456980000000000000e+05 1.547847000000000000e+06 2.155474000000000000e+06
8.250000000000000000e+02 4.300000000000000000e+02 2.710000000000000000e+02 2.850000000000000000e+02 4.410000000000000000e+02 1.030000000000000000e+03 2.166000000000000000e+03 4.254000000000000000e+03 7.533000000000000000e+03 4.900000000000000000e+03 4.169000000000000000e+03 1.029200000000000000e+04 1.958000000000000000e+04 2.703300000000000000e+04 7.351400000000000000e+04 1.077100000000000000e+05 2.581610000000000000e+05 7.471130000000000000e+05 1.196429000000000000e+06
8.300000000000000000e+01 1.150000000000000000e+02 2.820000000000000000e+02 3.450000000000000000e+02 5.690000000000000000e+02 1.285000000000000000e+03 1.683000000000000000e+03 2.965000000000000000e+03 6.660000000000000000e+03 6.794000000000000000e+03 8.807000000000000000e+03 1.786300000000000000e+04 1.724600000000000000e+04 2.705200000000000000e+04 1.042700000000000000e+05 1.179700000000000000e+05 2.993510000000000000e+05 5.047490000000000000e+05 7.465290000000000000e+05
2.530000000000000000e+02 1.510000000000000000e+02 3.090000000000000000e+02 3.590000000000000000e+02 4.410000000000000000e+02 1.002000000000000000e+03 1.187000000000000000e+03 2.299000000000000000e+03 4.927000000000000000e+03 6.460000000000000000e+03 9.165000000000000000e+03 2.070400000000000000e+04 2.077200000000000000e+04 2.198700000000000000e+04 3.834200000000000000e+04 6.334000000000000000e+04 1.277690000000000000e+05 4.307300000000000000e+05 8.790370000000000000e+05
1.530000000000000000e+02 1.090000000000000000e+02 2.350000000000000000e+02 2.250000000000000000e+02 4.260000000000000000e+02 1.112000000000000000e+03 1.211000000000000000e+03 1.944000000000000000e+03 4.328000000000000000e+03 5.058000000000000000e+03 6.951000000000000000e+03 1.889800000000000000e+04 2.332800000000000000e+04 3.751300000000000000e+04 6.920800000000000000e+04 8.041700000000000000e+04 2.232260000000000000e+05 6.494360000000000000e+05 1.044502000000000000e+06
1.420000000000000000e+02 1.440000000000000000e+02 2.780000000000000000e+02 3.610000000000000000e+02 5.880000000000000000e+02 1.510000000000000000e+03 1.862000000000000000e+03 3.203000000000000000e+03 5.743000000000000000e+03 8.272000000000000000e+03 1.161300000000000000e+04 1.704300000000000000e+04 1.876000000000000000e+04 3.407800000000000000e+04 7.964300000000000000e+04 1.281920000000000000e+05 2.791690000000000000e+05 7.367370000000000000e+05 1.131371000000000000e+06
8.000000000000000000e+00 2.700000000000000000e+01 1.180000000000000000e+02 2.320000000000000000e+02 4.280000000000000000e+02 1.166000000000000000e+03 1.612000000000000000e+03 3.128000000000000000e+03 6.497000000000000000e+03 7.551000000000000000e+03 1.008200000000000000e+04 2.236900000000000000e+04 1.815900000000000000e+04 2.694400000000000000e+04 8.045600000000000000e+04 1.056190000000000000e+05 1.695200000000000000e+05 5.816620000000000000e+05 1.140209000000000000e+06
4.000000000000000000e+01 4.900000000000000000e+01 1.550000000000000000e+02 2.260000000000000000e+02 3.260000000000000000e+02 7.230000000000000000e+02 1.167000000000000000e+03 1.892000000000000000e+03 4.389000000000000000e+03 4.561000000000000000e+03 6.764000000000000000e+03 1.154000000000000000e+04 1.265600000000000000e+04 2.133700000000000000e+04 6.023500000000000000e+04 9.450800000000000000e+04 2.000730000000000000e+05 6.148400000000000000e+05 1.171915000000000000e+06
1.670000000000000000e+02 1.630000000000000000e+02 3.200000000000000000e+02 4.010000000000000000e+02 6.130000000000000000e+02 1.230000000000000000e+03 2.005000000000000000e+03 3.062000000000000000e+03 4.945000000000000000e+03 6.517000000000000000e+03 9.039000000000000000e+03 2.072300000000000000e+04 3.419100000000000000e+04 5.203100000000000000e+04 1.278720000000000000e+05 1.812290000000000000e+05 3.235490000000000000e+05 6.809380000000000000e+05 8.288350000000000000e+05
3.620000000000000000e+02 1.720000000000000000e+02 1.410000000000000000e+02 1.420000000000000000e+02 2.720000000000000000e+02 6.200000000000000000e+02 1.014000000000000000e+03 1.505000000000000000e+03 3.756000000000000000e+03 4.257000000000000000e+03 5.822000000000000000e+03 8.010000000000000000e+03 9.929000000000000000e+03 1.348400000000000000e+04 3.165200000000000000e+04 6.247600000000000000e+04 1.241020000000000000e+05 4.854780000000000000e+05 9.413430000000000000e+05
8.400000000000000000e+01 8.000000000000000000e+01 2.240000000000000000e+02 2.680000000000000000e+02 4.660000000000000000e+02 9.330000000000000000e+02 1.270000000000000000e+03 2.065000000000000000e+03 3.744000000000000000e+03 3.910000000000000000e+03 6.310000000000000000e+03 1.125100000000000000e+04 1.130800000000000000e+04 2.433600000000000000e+04 6.727200000000000000e+04 1.158530000000000000e+05 2.396180000000000000e+05 5.876490000000000000e+05 1.017852000000000000e+06
3.570000000000000000e+02 3.240000000000000000e+02 5.920000000000000000e+02 7.230000000000000000e+02 1.121000000000000000e+03 2.427000000000000000e+03 3.621000000000000000e+03 5.757000000000000000e+03 1.218500000000000000e+04 1.261700000000000000e+04 1.985600000000000000e+04 3.399800000000000000e+04 3.213500000000000000e+04 4.410100000000000000e+04 1.726400000000000000e+05 2.241900000000000000e+05 4.895850000000000000e+05 1.429839000000000000e+06 2.254898000000000000e+06
2.850000000000000000e+02 1.320000000000000000e+02 2.660000000000000000e+02 2.650000000000000000e+02 3.850000000000000000e+02 1.101000000000000000e+03 1.332000000000000000e+03 2.488000000000000000e+03 4.865000000000000000e+03 5.868000000000000000e+03 7.315000000000000000e+03 1.778900000000000000e+04 2.091800000000000000e+04 3.377800000000000000e+04 9.401700000000000000e+04 1.303650000000000000e+05 2.733710000000000000e+05 5.016380000000000000e+05 1.367748000000000000e+06
2.816000000000000000e+03 6.000000000000000000e+01 2.090000000000000000e+02 3.480000000000000000e+02 5.730000000000000000e+02 1.428000000000000000e+03 2.236000000000000000e+03 3.144000000000000000e+03 8.011000000000000000e+03 8.507000000000000000e+03 8.958000000000000000e+03 1.561700000000000000e+04 1.287400000000000000e+04 3.112700000000000000e+04 5.889700000000000000e+04 9.449400000000000000e+04 2.091740000000000000e+05 5.770770000000000000e+05 6.869070000000000000e+05
3.000000000000000000e+00 6.400000000000000000e+01 2.670000000000000000e+02 4.910000000000000000e+02 1.310000000000000000e+03 3.551000000000000000e+03 5.376000000000000000e+03 7.808000000000000000e+03 1.098200000000000000e+04 1.229900000000000000e+04 1.859900000000000000e+04 3.490700000000000000e+04 3.069800000000000000e+04 3.772900000000000000e+04 1.232140000000000000e+05 2.160050000000000000e+05 3.713130000000000000e+05 1.224995000000000000e+06 2.056669000000000000e+06
2.460000000000000000e+02 1.870000000000000000e+02 4.720000000000000000e+02 6.900000000000000000e+02 1.204000000000000000e+03 3.591000000000000000e+03 4.853000000000000000e+03 7.634000000000000000e+03 1.485500000000000000e+04 1.292600000000000000e+04 1.453400000000000000e+04 3.218700000000000000e+04 4.085200000000000000e+04 7.500100000000000000e+04 1.204510000000000000e+05 2.447520000000000000e+05 4.303370000000000000e+05 9.696080000000000000e+05 1.207839000000000000e+06
1.765000000000000000e+03 7.470000000000000000e+02 1.294000000000000000e+03 9.320000000000000000e+02 1.491000000000000000e+03 3.589000000000000000e+03 4.074000000000000000e+03 8.402000000000000000e+03 1.421100000000000000e+04 1.592700000000000000e+04 2.209800000000000000e+04 5.244000000000000000e+04 9.480400000000000000e+04 1.187450000000000000e+05 2.412430000000000000e+05 4.457950000000000000e+05 5.594170000000000000e+05 1.976616000000000000e+06 3.099555000000000000e+06
2.128000000000000000e+03 9.370000000000000000e+02 1.160000000000000000e+03 8.360000000000000000e+02 1.095000000000000000e+03 3.888000000000000000e+03 6.024000000000000000e+03 7.387000000000000000e+03 1.049200000000000000e+04 1.242300000000000000e+04 1.666900000000000000e+04 2.849900000000000000e+04 3.920500000000000000e+04 5.670500000000000000e+04 1.214310000000000000e+05 2.611380000000000000e+05 4.912700000000000000e+05 1.621661000000000000e+06 2.389125000000000000e+06
2.610000000000000000e+02 1.390000000000000000e+02 3.350000000000000000e+02 2.890000000000000000e+02 4.470000000000000000e+02 1.005000000000000000e+03 1.485000000000000000e+03 2.128000000000000000e+03 4.485000000000000000e+03 5.315000000000000000e+03 6.813000000000000000e+03 1.655200000000000000e+04 1.683500000000000000e+04 2.874500000000000000e+04 7.299900000000000000e+04 1.347730000000000000e+05 2.487580000000000000e+05 7.210510000000000000e+05 1.299492000000000000e+06
1.765000000000000000e+03 1.106000000000000000e+03 1.238000000000000000e+03 8.920000000000000000e+02 1.285000000000000000e+03 4.728000000000000000e+03 6.664000000000000000e+03 7.889000000000000000e+03 1.429900000000000000e+04 1.107800000000000000e+04 1.820400000000000000e+04 3.653600000000000000e+04 5.999200000000000000e+04 1.068360000000000000e+05 2.452190000000000000e+05 2.962570000000000000e+05 4.366660000000000000e+05 1.358118000000000000e+06 1.959648000000000000e+06
3.130000000000000000e+02 2.570000000000000000e+02 5.650000000000000000e+02 6.650000000000000000e+02 8.840000000000000000e+02 2.015000000000000000e+03 3.564000000000000000e+03 5.041000000000000000e+03 1.009200000000000000e+04 9.995000000000000000e+03 1.186800000000000000e+04 2.760400000000000000e+04 3.381200000000000000e+04 4.230500000000000000e+04 1.405700000000000000e+05 1.625130000000000000e+05 3.192640000000000000e+05 9.307300000000000000e+05 1.497095000000000000e+06
2.700000000000000000e+01 5.300000000000000000e+01 1.330000000000000000e+02 2.290000000000000000e+02 4.310000000000000000e+02 1.103000000000000000e+03 1.548000000000000000e+03 2.869000000000000000e+03 6.977000000000000000e+03 8.990000000000000000e+03 1.362700000000000000e+04 1.896100000000000000e+04 1.894300000000000000e+04 2.320000000000000000e+04 6.857700000000000000e+04 1.074440000000000000e+05 2.228010000000000000e+05 7.114660000000000000e+05 1.329896000000000000e+06
1.590000000000000000e+02 1.800000000000000000e+02 4.130000000000000000e+02 5.550000000000000000e+02 9.030000000000000000e+02 1.425000000000000000e+03 1.764000000000000000e+03 3.947000000000000000e+03 6.823000000000000000e+03 7.271000000000000000e+03 1.223200000000000000e+04 2.933800000000000000e+04 2.790600000000000000e+04 3.005200000000000000e+04 1.062500000000000000e+05 1.531320000000000000e+05 2.493950000000000000e+05 5.274100000000000000e+05 6.138790000000000000e+05
1.040000000000000000e+02 1.030000000000000000e+02 2.330000000000000000e+02 2.800000000000000000e+02 4.280000000000000000e+02 8.800000000000000000e+02 1.477000000000000000e+03 2.392000000000000000e+03 4.597000000000000000e+03 5.110000000000000000e+03 5.538000000000000000e+03 1.138000000000000000e+04 1.513500000000000000e+04 1.922200000000000000e+04 5.725500000000000000e+04 9.235600000000000000e+04 1.565330000000000000e+05 5.062760000000000000e+05 9.892540000000000000e+05
1.990000000000000000e+02 1.240000000000000000e+02 1.860000000000000000e+02 2.190000000000000000e+02 3.000000000000000000e+02 7.840000000000000000e+02 1.023000000000000000e+03 1.739000000000000000e+03 3.813000000000000000e+03 4.390000000000000000e+03 5.943000000000000000e+03 1.410800000000000000e+04 9.502000000000000000e+03 2.208700000000000000e+04 5.239500000000000000e+04 8.241000000000000000e+04 1.770700000000000000e+05 5.025690000000000000e+05 1.045679000000000000e+06
6.050000000000000000e+02 3.810000000000000000e+02 4.540000000000000000e+02 4.670000000000000000e+02 7.180000000000000000e+02 1.981000000000000000e+03 2.857000000000000000e+03 5.770000000000000000e+03 1.121900000000000000e+04 1.349400000000000000e+04 1.641500000000000000e+04 3.079200000000000000e+04 3.159700000000000000e+04 4.304300000000000000e+04 1.525950000000000000e+05 1.756520000000000000e+05 3.647350000000000000e+05 1.086387000000000000e+06 1.905905000000000000e+06
4.400000000000000000e+01 4.400000000000000000e+01 1.280000000000000000e+02 1.490000000000000000e+02 3.500000000000000000e+02 8.290000000000000000e+02 1.198000000000000000e+03 1.901000000000000000e+03 3.316000000000000000e+03 3.149000000000000000e+03 5.569000000000000000e+03 9.120000000000000000e+03 1.207800000000000000e+04 1.735000000000000000e+04 4.624500000000000000e+04 6.963800000000000000e+04 1.257380000000000000e+05 3.654470000000000000e+05 5.064910000000000000e+05
4.600000000000000000e+01 5.600000000000000000e+01 1.580000000000000000e+02 2.760000000000000000e+02 6.040000000000000000e+02 1.582000000000000000e+03 2.059000000000000000e+03 3.087000000000000000e+03 7.679000000000000000e+03 7.892000000000000000e+03 9.828000000000000000e+03 1.793700000000000000e+04 1.643100000000000000e+04 2.956300000000000000e+04 7.856400000000000000e+04 1.248370000000000000e+05 2.542350000000000000e+05 8.401280000000000000e+05 1.490829000000000000e+06
3.560000000000000000e+02 2.410000000000000000e+02 4.970000000000000000e+02 3.400000000000000000e+02 4.770000000000000000e+02 1.272000000000000000e+03 1.984000000000000000e+03 3.889000000000000000e+03 8.266000000000000000e+03 9.254000000000000000e+03 1.085600000000000000e+04 1.609400000000000000e+04 1.702100000000000000e+04 2.397500000000000000e+04 7.783900000000000000e+04 1.202880000000000000e+05 2.097020000000000000e+05 6.691940000000000000e+05 8.521910000000000000e+05
1.392000000000000000e+03 9.800000000000000000e+02 1.031000000000000000e+03 6.150000000000000000e+02 7.300000000000000000e+02 1.816000000000000000e+03 2.032000000000000000e+03 5.981000000000000000e+03 1.472700000000000000e+04 9.805000000000000000e+03 1.434700000000000000e+04 2.263900000000000000e+04 2.911100000000000000e+04 4.830900000000000000e+04 9.753800000000000000e+04 1.046430000000000000e+05 1.613940000000000000e+05 6.375040000000000000e+05 1.523854000000000000e+06
3.170000000000000000e+02 1.380000000000000000e+02 2.120000000000000000e+02 2.180000000000000000e+02 3.540000000000000000e+02 1.041000000000000000e+03 1.471000000000000000e+03 2.514000000000000000e+03 4.947000000000000000e+03 5.027000000000000000e+03 7.232000000000000000e+03 1.512200000000000000e+04 1.831500000000000000e+04 2.331500000000000000e+04 6.259500000000000000e+04 1.289980000000000000e+05 2.162190000000000000e+05 5.816870000000000000e+05 8.645000000000000000e+05
1.820000000000000000e+02 1.350000000000000000e+02 2.130000000000000000e+02 2.440000000000000000e+02 5.060000000000000000e+02 9.710000000000000000e+02 1.155000000000000000e+03 2.134000000000000000e+03 4.031000000000000000e+03 3.352000000000000000e+03 5.829000000000000000e+03 8.952000000000000000e+03 1.010700000000000000e+04 1.640000000000000000e+04 4.202400000000000000e+04 7.268400000000000000e+04 1.511270000000000000e+05 4.746030000000000000e+05 1.046885000000000000e+06
1.710000000000000000e+02 8.700000000000000000e+01 1.860000000000000000e+02 3.020000000000000000e+02 3.360000000000000000e+02 6.590000000000000000e+02 1.159000000000000000e+03 1.597000000000000000e+03 3.327000000000000000e+03 3.636000000000000000e+03 5.125000000000000000e+03 1.034800000000000000e+04 1.521700000000000000e+04 2.486600000000000000e+04 7.274000000000000000e+04 1.072900000000000000e+05 2.008220000000000000e+05 6.100250000000000000e+05 8.708170000000000000e+05
5.200000000000000000e+01 3.600000000000000000e+01 1.340000000000000000e+02 2.130000000000000000e+02 3.110000000000000000e+02 8.180000000000000000e+02 1.223000000000000000e+03 1.898000000000000000e+03 4.061000000000000000e+03 4.565000000000000000e+03 4.896000000000000000e+03 8.955000000000000000e+03 1.218000000000000000e+04 1.794300000000000000e+04 4.375200000000000000e+04 8.249500000000000000e+04 1.260000000000000000e+05 3.806330000000000000e+05 6.474400000000000000e+05
1.940000000000000000e+02 1.890000000000000000e+02 4.270000000000000000e+02 4.370000000000000000e+02 6.200000000000000000e+02 1.433000000000000000e+03 1.749000000000000000e+03 3.167000000000000000e+03 5.827000000000000000e+03 6.709000000000000000e+03 7.557000000000000000e+03 1.151800000000000000e+04 2.262300000000000000e+04 3.450000000000000000e+04 7.475500000000000000e+04 1.085130000000000000e+05 2.148370000000000000e+05 5.872700000000000000e+05 1.077333000000000000e+06
2.810000000000000000e+02 3.030000000000000000e+02 6.380000000000000000e+02 6.700000000000000000e+02 8.720000000000000000e+02 1.771000000000000000e+03 2.915000000000000000e+03 3.936000000000000000e+03 6.619000000000000000e+03 5.535000000000000000e+03 1.371200000000000000e+04 2.681900000000000000e+04 2.296200000000000000e+04 3.281400000000000000e+04 1.283100000000000000e+05 1.670970000000000000e+05 3.501170000000000000e+05 8.387930000000000000e+05 1.459533000000000000e+06
8.090000000000000000e+02 4.200000000000000000e+02 4.710000000000000000e+02 4.550000000000000000e+02 6.550000000000000000e+02 1.880000000000000000e+03 2.388000000000000000e+03 3.453000000000000000e+03 8.763000000000000000e+03 1.117400000000000000e+04 2.139400000000000000e+04 3.352800000000000000e+04 4.215700000000000000e+04 7.483000000000000000e+04 1.384290000000000000e+05 1.501110000000000000e+05 2.868040000000000000e+05 9.494150000000000000e+05 8.020750000000000000e+05
9.580000000000000000e+02 8.880000000000000000e+02 1.649000000000000000e+03 9.880000000000000000e+02 7.290000000000000000e+02 3.356000000000000000e+03 3.530000000000000000e+03 2.958000000000000000e+03 6.336000000000000000e+03 7.177000000000000000e+03 6.286000000000000000e+03 1.167600000000000000e+04 2.410000000000000000e+04 3.379800000000000000e+04 6.633700000000000000e+04 1.036350000000000000e+05 2.022430000000000000e+05 6.716790000000000000e+05 1.490451000000000000e+06
1.380000000000000000e+02 1.390000000000000000e+02 3.200000000000000000e+02 3.850000000000000000e+02 6.820000000000000000e+02 1.308000000000000000e+03 2.026000000000000000e+03 3.379000000000000000e+03 6.800000000000000000e+03 8.153000000000000000e+03 1.380500000000000000e+04 2.279700000000000000e+04 2.422800000000000000e+04 4.704400000000000000e+04 9.092200000000000000e+04 1.330670000000000000e+05 2.809490000000000000e+05 9.051500000000000000e+05 1.889664000000000000e+06
3.480000000000000000e+02 2.570000000000000000e+02 4.890000000000000000e+02 4.910000000000000000e+02 8.440000000000000000e+02 2.062000000000000000e+03 2.935000000000000000e+03 5.092000000000000000e+03 9.722000000000000000e+03 1.153000000000000000e+04 1.991300000000000000e+04 3.750000000000000000e+04 4.851600000000000000e+04 6.936200000000000000e+04 1.922880000000000000e+05 2.436870000000000000e+05 4.101760000000000000e+05 1.229662000000000000e+06 2.150330000000000000e+06
9.500000000000000000e+01 1.000000000000000000e+02 2.400000000000000000e+02 3.230000000000000000e+02 5.840000000000000000e+02 1.536000000000000000e+03 2.128000000000000000e+03 3.783000000000000000e+03 8.169000000000000000e+03 8.314000000000000000e+03 1.352900000000000000e+04 2.968700000000000000e+04 3.733700000000000000e+04 5.424500000000000000e+04 1.678970000000000000e+05 1.686610000000000000e+05 2.862430000000000000e+05 8.160900000000000000e+05 1.427424000000000000e+06
1.500000000000000000e+01 1.100000000000000000e+01 3.600000000000000000e+01 8.600000000000000000e+01 1.990000000000000000e+02 3.990000000000000000e+02 5.390000000000000000e+02 7.830000000000000000e+02 1.806000000000000000e+03 1.946000000000000000e+03 2.427000000000000000e+03 3.750000000000000000e+03 4.304000000000000000e+03 8.515000000000000000e+03 2.455100000000000000e+04 3.964700000000000000e+04 7.822200000000000000e+04 2.528310000000000000e+05 5.275470000000000000e+05
2.270000000000000000e+02 1.890000000000000000e+02 2.340000000000000000e+02 2.270000000000000000e+02 3.270000000000000000e+02 9.960000000000000000e+02 1.077000000000000000e+03 2.081000000000000000e+03 3.449000000000000000e+03 3.937000000000000000e+03 4.768000000000000000e+03 8.163000000000000000e+03 1.173800000000000000e+04 1.896600000000000000e+04 4.327100000000000000e+04 7.741300000000000000e+04 1.641450000000000000e+05 4.959100000000000000e+05 6.138750000000000000e+05
1.410000000000000000e+02 6.000000000000000000e+01 1.270000000000000000e+02 1.340000000000000000e+02 2.480000000000000000e+02 6.170000000000000000e+02 8.220000000000000000e+02 1.074000000000000000e+03 2.837000000000000000e+03 3.374000000000000000e+03 3.843000000000000000e+03 7.970000000000000000e+03 9.188000000000000000e+03 1.465800000000000000e+04 3.914400000000000000e+04 6.777200000000000000e+04 1.241770000000000000e+05 3.553010000000000000e+05 5.701910000000000000e+05
4.100000000000000000e+01 2.300000000000000000e+01 1.000000000000000000e+02 1.550000000000000000e+02 2.540000000000000000e+02 5.540000000000000000e+02 9.460000000000000000e+02 1.602000000000000000e+03 3.032000000000000000e+03 3.063000000000000000e+03 2.932000000000000000e+03 6.545000000000000000e+03 9.311000000000000000e+03 1.451500000000000000e+04 4.189100000000000000e+04 5.214200000000000000e+04 1.262500000000000000e+05 3.661600000000000000e+05 7.729930000000000000e+05
5.090000000000000000e+02 3.500000000000000000e+02 6.890000000000000000e+02 5.730000000000000000e+02 8.280000000000000000e+02 1.785000000000000000e+03 2.679000000000000000e+03 4.110000000000000000e+03 8.153000000000000000e+03 9.008000000000000000e+03 1.659900000000000000e+04 2.715200000000000000e+04 3.771700000000000000e+04 8.050500000000000000e+04 1.791120000000000000e+05 1.837830000000000000e+05 3.512910000000000000e+05 1.051458000000000000e+06 1.255686000000000000e+06
3.700000000000000000e+01 5.100000000000000000e+01 1.640000000000000000e+02 2.340000000000000000e+02 3.950000000000000000e+02 9.570000000000000000e+02 1.322000000000000000e+03 1.831000000000000000e+03 3.803000000000000000e+03 3.995000000000000000e+03 5.548000000000000000e+03 1.196000000000000000e+04 1.147100000000000000e+04 2.305700000000000000e+04 6.111000000000000000e+04 9.434000000000000000e+04 1.832820000000000000e+05 5.144980000000000000e+05 9.123700000000000000e+05
1.800000000000000000e+01 2.500000000000000000e+01 9.000000000000000000e+01 1.640000000000000000e+02 3.420000000000000000e+02 8.330000000000000000e+02 1.198000000000000000e+03 2.030000000000000000e+03 4.225000000000000000e+03 4.742000000000000000e+03 6.306000000000000000e+03 1.003100000000000000e+04 1.230600000000000000e+04 2.153800000000000000e+04 5.606000000000000000e+04 9.331500000000000000e+04 1.380820000000000000e+05 4.199640000000000000e+05 6.705360000000000000e+05
1.420000000000000000e+02 1.340000000000000000e+02 2.620000000000000000e+02 3.140000000000000000e+02 5.180000000000000000e+02 1.157000000000000000e+03 1.571000000000000000e+03 2.223000000000000000e+03 4.559000000000000000e+03 4.132000000000000000e+03 5.988000000000000000e+03 1.116400000000000000e+04 1.469700000000000000e+04 1.914200000000000000e+04 7.377000000000000000e+04 9.735000000000000000e+04 2.004090000000000000e+05 5.695050000000000000e+05 1.319517000000000000e+06
3.730000000000000000e+02 2.600000000000000000e+02 3.500000000000000000e+02 3.350000000000000000e+02 6.580000000000000000e+02 1.753000000000000000e+03 2.557000000000000000e+03 4.406000000000000000e+03 8.445000000000000000e+03 7.539000000000000000e+03 9.220000000000000000e+03 1.804400000000000000e+04 1.872400000000000000e+04 3.883900000000000000e+04 1.210200000000000000e+05 1.455260000000000000e+05 2.719020000000000000e+05 8.172080000000000000e+05 1.956592000000000000e+06
7.620000000000000000e+02 3.700000000000000000e+02 3.400000000000000000e+02 4.060000000000000000e+02 5.740000000000000000e+02 1.836000000000000000e+03 2.964000000000000000e+03 3.805000000000000000e+03 8.414000000000000000e+03 7.927000000000000000e+03 9.035000000000000000e+03 2.184500000000000000e+04 2.961400000000000000e+04 4.984700000000000000e+04 1.088180000000000000e+05 1.675070000000000000e+05 3.431470000000000000e+05 1.068173000000000000e+06 2.022054000000000000e+06
2.870000000000000000e+02 2.610000000000000000e+02 5.080000000000000000e+02 6.110000000000000000e+02 8.350000000000000000e+02 2.276000000000000000e+03 3.198000000000000000e+03 4.240000000000000000e+03 9.282000000000000000e+03 9.454000000000000000e+03 1.297400000000000000e+04 3.127800000000000000e+04 3.176100000000000000e+04 6.319600000000000000e+04 1.684630000000000000e+05 2.766180000000000000e+05 5.711290000000000000e+05 1.552057000000000000e+06 2.323537000000000000e+06
2.257000000000000000e+03 9.100000000000000000e+01 2.520000000000000000e+02 3.750000000000000000e+02 6.400000000000000000e+02 1.739000000000000000e+03 2.208000000000000000e+03 3.913000000000000000e+03 8.852000000000000000e+03 8.157000000000000000e+03 9.494000000000000000e+03 1.438000000000000000e+04 1.677100000000000000e+04 2.772600000000000000e+04 5.338100000000000000e+04 1.057830000000000000e+05 1.916680000000000000e+05 5.478530000000000000e+05 8.648620000000000000e+05
1.540000000000000000e+02 8.800000000000000000e+01 1.810000000000000000e+02 2.030000000000000000e+02 3.830000000000000000e+02 8.140000000000000000e+02 1.063000000000000000e+03 1.717000000000000000e+03 3.880000000000000000e+03 4.494000000000000000e+03 5.540000000000000000e+03 1.126500000000000000e+04 1.318600000000000000e+04 2.591400000000000000e+04 6.475400000000000000e+04 1.222160000000000000e+05 2.638560000000000000e+05 1.049615000000000000e+06 1.749439000000000000e+06
2.350000000000000000e+02 2.760000000000000000e+02 6.790000000000000000e+02 7.480000000000000000e+02 1.050000000000000000e+03 2.255000000000000000e+03 2.800000000000000000e+03 4.681000000000000000e+03 1.083500000000000000e+04 1.103300000000000000e+04 1.720600000000000000e+04 2.966900000000000000e+04 3.894000000000000000e+04 8.674300000000000000e+04 1.737780000000000000e+05 2.547430000000000000e+05 5.757790000000000000e+05 1.254685000000000000e+06 1.833216000000000000e+06
1.150000000000000000e+02 8.400000000000000000e+01 2.520000000000000000e+02 4.180000000000000000e+02 5.660000000000000000e+02 1.277000000000000000e+03 1.385000000000000000e+03 3.316000000000000000e+03 6.357000000000000000e+03 6.569000000000000000e+03 7.337000000000000000e+03 9.325000000000000000e+03 1.038200000000000000e+04 2.828200000000000000e+04 4.260900000000000000e+04 8.262200000000000000e+04 1.495790000000000000e+05 4.959960000000000000e+05 9.025110000000000000e+05
7.200000000000000000e+01 9.700000000000000000e+01 3.010000000000000000e+02 4.230000000000000000e+02 6.710000000000000000e+02 1.899000000000000000e+03 2.138000000000000000e+03 3.062000000000000000e+03 7.707000000000000000e+03 6.575000000000000000e+03 9.368000000000000000e+03 1.895700000000000000e+04 1.894100000000000000e+04 3.190200000000000000e+04 7.154500000000000000e+04 9.724700000000000000e+04 1.979700000000000000e+05 5.141780000000000000e+05 9.390440000000000000e+05
4.800000000000000000e+01 3.600000000000000000e+01 7.400000000000000000e+01 1.030000000000000000e+02 1.210000000000000000e+02 2.850000000000000000e+02 4.460000000000000000e+02 7.190000000000000000e+02 1.183000000000000000e+03 1.441000000000000000e+03 2.003000000000000000e+03 4.240000000000000000e+03 4.337000000000000000e+03 1.050600000000000000e+04 1.976700000000000000e+04 3.279000000000000000e+04 5.338800000000000000e+04 1.961110000000000000e+05 4.756460000000000000e+05
3.830000000000000000e+02 3.640000000000000000e+02 7.500000000000000000e+02 5.430000000000000000e+02 7.010000000000000000e+02 1.414000000000000000e+03 1.977000000000000000e+03 4.190000000000000000e+03 9.148000000000000000e+03 8.893000000000000000e+03 1.447200000000000000e+04 2.252800000000000000e+04 2.203300000000000000e+04 3.353700000000000000e+04 9.253300000000000000e+04 1.367490000000000000e+05 3.317360000000000000e+05 8.969710000000000000e+05 1.272554000000000000e+06
2.210000000000000000e+02 1.590000000000000000e+02 1.790000000000000000e+02 1.870000000000000000e+02 2.960000000000000000e+02 6.110000000000000000e+02 1.115000000000000000e+03 2.145000000000000000e+03 4.850000000000000000e+03 4.678000000000000000e+03 4.850000000000000000e+03 1.339300000000000000e+04 1.308400000000000000e+04 1.852900000000000000e+04 5.121200000000000000e+04 8.553600000000000000e+04 1.664110000000000000e+05 5.110070000000000000e+05 9.156840000000000000e+05
5.900000000000000000e+01 8.400000000000000000e+01 2.420000000000000000e+02 3.450000000000000000e+02 4.110000000000000000e+02 9.260000000000000000e+02 1.198000000000000000e+03 1.803000000000000000e+03 4.356000000000000000e+03 5.830000000000000000e+03 7.677000000000000000e+03 1.103000000000000000e+04 1.220700000000000000e+04 2.344800000000000000e+04 5.817100000000000000e+04 9.893200000000000000e+04 1.871150000000000000e+05 5.333790000000000000e+05 8.171540000000000000e+05
5.000000000000000000e+00 9.000000000000000000e+00 6.200000000000000000e+01 1.140000000000000000e+02 2.020000000000000000e+02 6.020000000000000000e+02 9.520000000000000000e+02 1.520000000000000000e+03 3.106000000000000000e+03 3.625000000000000000e+03 5.116000000000000000e+03 8.912000000000000000e+03 9.668000000000000000e+03 1.591200000000000000e+04 4.726600000000000000e+04 6.491900000000000000e+04 1.312430000000000000e+05 4.375620000000000000e+05 8.303640000000000000e+05
1.290000000000000000e+02 8.900000000000000000e+01 1.870000000000000000e+02 1.340000000000000000e+02 2.580000000000000000e+02 5.700000000000000000e+02 8.470000000000000000e+02 1.316000000000000000e+03 2.180000000000000000e+03 2.139000000000000000e+03 2.761000000000000000e+03 8.213000000000000000e+03 7.698000000000000000e+03 8.598000000000000000e+03 2.235500000000000000e+04 3.074900000000000000e+04 7.480500000000000000e+04 1.437350000000000000e+05 2.863950000000000000e+05
2.760000000000000000e+02 2.220000000000000000e+02 3.110000000000000000e+02 3.860000000000000000e+02 5.000000000000000000e+02 1.336000000000000000e+03 1.655000000000000000e+03 3.071000000000000000e+03 6.546000000000000000e+03 6.279000000000000000e+03 8.011000000000000000e+03 1.495500000000000000e+04 1.947900000000000000e+04 3.915700000000000000e+04 8.020500000000000000e+04 1.301900000000000000e+05 2.644530000000000000e+05 8.052480000000000000e+05 1.372350000000000000e+06
1.000000000000000000e+02 8.100000000000000000e+01 2.880000000000000000e+02 7.030000000000000000e+02 1.217000000000000000e+03 2.643000000000000000e+03 2.940000000000000000e+03 4.290000000000000000e+03 7.955000000000000000e+03 1.073500000000000000e+04 1.339900000000000000e+04 2.480200000000000000e+04 2.497900000000000000e+04 4.439300000000000000e+04 1.073210000000000000e+05 1.541110000000000000e+05 3.227230000000000000e+05 8.551450000000000000e+05 1.517623000000000000e+06
4.300000000000000000e+01 5.300000000000000000e+01 9.400000000000000000e+01 1.370000000000000000e+02 2.820000000000000000e+02 6.710000000000000000e+02 9.630000000000000000e+02 1.522000000000000000e+03 3.597000000000000000e+03 4.262000000000000000e+03 4.562000000000000000e+03 7.187000000000000000e+03 1.037700000000000000e+04 1.565600000000000000e+04 3.306500000000000000e+04 4.327900000000000000e+04 1.043540000000000000e+05 3.330010000000000000e+05 5.078860000000000000e+05
2.210000000000000000e+02 2.260000000000000000e+02 3.870000000000000000e+02 3.940000000000000000e+02 6.970000000000000000e+02 1.196000000000000000e+03 1.432000000000000000e+03 2.618000000000000000e+03 6.597000000000000000e+03 6.637000000000000000e+03 6.539000000000000000e+03 9.266000000000000000e+03 1.495500000000000000e+04 2.422600000000000000e+04 6.655300000000000000e+04 1.109070000000000000e+05 2.469170000000000000e+05 6.246150000000000000e+05 1.218374000000000000e+06
1.130000000000000000e+02 6.600000000000000000e+01 1.330000000000000000e+02 1.730000000000000000e+02 1.970000000000000000e+02 5.670000000000000000e+02 6.700000000000000000e+02 1.178000000000000000e+03 2.373000000000000000e+03 2.498000000000000000e+03 3.821000000000000000e+03 6.688000000000000000e+03 1.093400000000000000e+04 1.488400000000000000e+04 4.490300000000000000e+04 6.164400000000000000e+04 9.617100000000000000e+04 2.902080000000000000e+05 4.547180000000000000e+05
3.600000000000000000e+01 4.000000000000000000e+01 1.170000000000000000e+02 1.650000000000000000e+02 2.930000000000000000e+02 6.240000000000000000e+02 8.980000000000000000e+02 1.239000000000000000e+03 2.669000000000000000e+03 2.800000000000000000e+03 3.617000000000000000e+03 6.605000000000000000e+03 8.998000000000000000e+03 1.610900000000000000e+04 4.435100000000000000e+04 6.600400000000000000e+04 1.114430000000000000e+05 2.622850000000000000e+05 4.220480000000000000e+05
5.100000000000000000e+01 1.130000000000000000e+02 3.090000000000000000e+02 4.070000000000000000e+02 7.160000000000000000e+02 1.838000000000000000e+03 2.788000000000000000e+03 4.686000000000000000e+03 8.403000000000000000e+03 6.638000000000000000e+03 1.131600000000000000e+04 7.340000000000000000e+03 7.993000000000000000e+03 1.424300000000000000e+04 3.603600000000000000e+04 4.285000000000000000e+04 9.566600000000000000e+04 2.850960000000000000e+05 4.754130000000000000e+05
3.150000000000000000e+02 2.070000000000000000e+02 3.500000000000000000e+02 5.460000000000000000e+02 6.780000000000000000e+02 1.747000000000000000e+03 2.237000000000000000e+03 3.267000000000000000e+03 6.857000000000000000e+03 7.324000000000000000e+03 1.068000000000000000e+04 2.078400000000000000e+04 2.586000000000000000e+04 4.536600000000000000e+04 9.912100000000000000e+04 1.830590000000000000e+05 3.780790000000000000e+05 1.259229000000000000e+06 2.209427000000000000e+06
2.110000000000000000e+02 1.510000000000000000e+02 3.730000000000000000e+02 4.600000000000000000e+02 7.150000000000000000e+02 1.189000000000000000e+03 1.840000000000000000e+03 3.128000000000000000e+03 6.156000000000000000e+03 8.441000000000000000e+03 1.264800000000000000e+04 1.990100000000000000e+04 1.903500000000000000e+04 2.371400000000000000e+04 9.040100000000000000e+04 1.225450000000000000e+05 2.542340000000000000e+05 6.749710000000000000e+05 9.970400000000000000e+05
9.500000000000000000e+01 1.060000000000000000e+02 3.480000000000000000e+02 4.720000000000000000e+02 6.740000000000000000e+02 1.502000000000000000e+03 1.917000000000000000e+03 3.173000000000000000e+03 6.103000000000000000e+03 6.628000000000000000e+03 8.572000000000000000e+03 1.006600000000000000e+04 1.406900000000000000e+04 3.113700000000000000e+04 7.651900000000000000e+04 1.120670000000000000e+05 1.852240000000000000e+05 5.456130000000000000e+05 9.076510000000000000e+05
2.700000000000000000e+01 1.900000000000000000e+01 4.200000000000000000e+01 9.200000000000000000e+01 1.940000000000000000e+02 4.560000000000000000e+02 6.360000000000000000e+02 1.025000000000000000e+03 2.297000000000000000e+03 2.364000000000000000e+03 2.740000000000000000e+03 4.748000000000000000e+03 4.363000000000000000e+03 8.689000000000000000e+03 1.932500000000000000e+04 3.178600000000000000e+04 5.991000000000000000e+04 1.836360000000000000e+05 3.154960000000000000e+05
2.340000000000000000e+02 1.280000000000000000e+02 1.440000000000000000e+02 1.040000000000000000e+02 2.600000000000000000e+02 4.770000000000000000e+02 6.400000000000000000e+02 8.470000000000000000e+02 2.900000000000000000e+03 1.541000000000000000e+03 2.259000000000000000e+03 4.619000000000000000e+03 5.921000000000000000e+03 1.169900000000000000e+04 3.134500000000000000e+04 4.027300000000000000e+04 9.042900000000000000e+04 2.194050000000000000e+05 3.417350000000000000e+05
1.630000000000000000e+02 9.900000000000000000e+01 1.970000000000000000e+02 2.940000000000000000e+02 5.120000000000000000e+02 1.276000000000000000e+03 1.420000000000000000e+03 1.845000000000000000e+03 2.804000000000000000e+03 1.949000000000000000e+03 3.751000000000000000e+03 6.754000000000000000e+03 6.388000000000000000e+03 8.853000000000000000e+03 2.111700000000000000e+04 3.981600000000000000e+04 5.306800000000000000e+04 1.658340000000000000e+05 2.475900000000000000e+05
1.670000000000000000e+02 1.760000000000000000e+02 2.710000000000000000e+02 3.220000000000000000e+02 3.820000000000000000e+02 1.217000000000000000e+03 1.757000000000000000e+03 2.423000000000000000e+03 4.479000000000000000e+03 5.219000000000000000e+03 8.120000000000000000e+03 1.239700000000000000e+04 1.319900000000000000e+04 2.264300000000000000e+04 6.280100000000000000e+04 8.230700000000000000e+04 1.804350000000000000e+05 5.863420000000000000e+05 1.199282000000000000e+06
1.020000000000000000e+02 8.500000000000000000e+01 2.550000000000000000e+02 3.560000000000000000e+02 4.700000000000000000e+02 1.014000000000000000e+03 1.487000000000000000e+03 2.398000000000000000e+03 4.643000000000000000e+03 6.075000000000000000e+03 5.764000000000000000e+03 1.135100000000000000e+04 1.433000000000000000e+04 2.069200000000000000e+04 4.591000000000000000e+04 7.403700000000000000e+04 1.545860000000000000e+05 3.862460000000000000e+05 5.546210000000000000e+05
3.150000000000000000e+02 2.470000000000000000e+02 4.500000000000000000e+02 3.660000000000000000e+02 5.540000000000000000e+02 1.456000000000000000e+03 2.235000000000000000e+03 2.938000000000000000e+03 5.090000000000000000e+03 5.450000000000000000e+03 6.945000000000000000e+03 1.280600000000000000e+04 9.658000000000000000e+03 1.390100000000000000e+04 5.899200000000000000e+04 7.546000000000000000e+04 1.958330000000000000e+05 3.291800000000000000e+05 4.495460000000000000e+05
8.600000000000000000e+01 7.200000000000000000e+01 2.550000000000000000e+02 3.000000000000000000e+02 5.390000000000000000e+02 1.437000000000000000e+03 2.021000000000000000e+03 3.340000000000000000e+03 7.328000000000000000e+03 7.448000000000000000e+03 7.420000000000000000e+03 1.198500000000000000e+04 1.339400000000000000e+04 2.590200000000000000e+04 6.082500000000000000e+04 9.849300000000000000e+04 1.516830000000000000e+05 5.579820000000000000e+05 8.324970000000000000e+05
1.240000000000000000e+02 1.040000000000000000e+02 2.660000000000000000e+02 2.980000000000000000e+02 5.160000000000000000e+02 1.323000000000000000e+03 1.370000000000000000e+03 2.247000000000000000e+03 4.464000000000000000e+03 3.791000000000000000e+03 7.812000000000000000e+03 1.333800000000000000e+04 1.231900000000000000e+04 2.586300000000000000e+04 6.548200000000000000e+04 7.335500000000000000e+04 1.816440000000000000e+05 5.244290000000000000e+05 9.694260000000000000e+05
2.800000000000000000e+01 3.800000000000000000e+01 1.360000000000000000e+02 2.330000000000000000e+02 4.170000000000000000e+02 1.093000000000000000e+03 1.485000000000000000e+03 2.580000000000000000e+03 5.346000000000000000e+03 6.142000000000000000e+03 7.569000000000000000e+03 1.251100000000000000e+04 1.336000000000000000e+04 1.665900000000000000e+04 6.437200000000000000e+04 8.242900000000000000e+04 1.614470000000000000e+05 4.181380000000000000e+05 7.186100000000000000e+05
3.900000000000000000e+01 4.100000000000000000e+01 1.110000000000000000e+02 2.090000000000000000e+02 4.140000000000000000e+02 9.180000000000000000e+02 1.124000000000000000e+03 1.825000000000000000e+03 3.665000000000000000e+03 4.592000000000000000e+03 7.093000000000000000e+03 1.027400000000000000e+04 1.337000000000000000e+04 1.368800000000000000e+04 3.013000000000000000e+04 4.488400000000000000e+04 1.026680000000000000e+05 3.353030000000000000e+05 6.641610000000000000e+05
1.100000000000000000e+02 9.700000000000000000e+01 1.920000000000000000e+02 2.830000000000000000e+02 5.560000000000000000e+02 1.443000000000000000e+03 1.894000000000000000e+03 2.698000000000000000e+03 6.203000000000000000e+03 6.953000000000000000e+03 1.087100000000000000e+04 2.069200000000000000e+04 2.372800000000000000e+04 3.928100000000000000e+04 8.524600000000000000e+04 1.486120000000000000e+05 2.465130000000000000e+05 7.786410000000000000e+05 1.201932000000000000e+06
