1.552000000000000000e+03 1.600000000000000000e+02 3.730000000000000000e+02 5.340000000000000000e+02 7.820000000000000000e+02 2.033000000000000000e+03 2.965000000000000000e+03 4.516000000000000000e+03 9.972000000000000000e+03 1.116700000000000000e+04 1.296600000000000000e+04 1.695100000000000000e+04 1.593300000000000000e+04 3.969900000000000000e+04 1.047700000000000000e+05 1.420530000000000000e+05 1.944540000000000000e+05 6.995230000000000000e+05 1.234738000000000000e+06
2.220000000000000000e+02 1.830000000000000000e+02 3.540000000000000000e+02 4.980000000000000000e+02 8.590000000000000000e+02 2.059000000000000000e+03 3.092000000000000000e+03 4.111000000000000000e+03 1.003300000000000000e+04 1.199500000000000000e+04 1.256000000000000000e+04 1.850000000000000000e+04 3.302900000000000000e+04 4.672800000000000000e+04 1.286150000000000000e+05 1.492620000000000000e+05 2.502120000000000000e+05 1.016270000000000000e+06 1.568109000000000000e+06
3.020000000000000000e+02 1.920000000000000000e+02 4.430000000000000000e+02 4.910000000000000000e+02 8.550000000000000000e+02 2.149000000000000000e+03 3.181000000000000000e+03 4.828000000000000000e+03 8.656000000000000000e+03 1.098200000000000000e+04 1.649800000000000000e+04 2.903900000000000000e+04 3.664200000000000000e+04 7.808400000000000000e+04 1.619880000000000000e+05 2.065890000000000000e+05 2.981810000000000000e+05 6.885290000000000000e+05 1.532937000000000000e+06
4.760000000000000000e+02 3.220000000000000000e+02 4.650000000000000000e+02 4.680000000000000000e+02 7.770000000000000000e+02 2.684000000000000000e+03 2.933000000000000000e+03 4.160000000000000000e+03 9.822000000000000000e+03 9.205000000000000000e+03 1.106300000000000000e+04 2.927700000000000000e+04 2.463900000000000000e+04 3.708600000000000000e+04 9.357900000000000000e+04 1.012020000000000000e+05 9.555400000000000000e+04 7.119320000000000000e+05 1.259060000000000000e+06
3.600000000000000000e+02 2.400000000000000000e+02 4.880000000000000000e+02 5.890000000000000000e+02 9.930000000000000000e+02 2.387000000000000000e+03 3.629000000000000000e+03 5.957000000000000000e+03 1.547400000000000000e+04 1.807100000000000000e+04 2.030300000000000000e+04 2.949500000000000000e+04 2.543000000000000000e+04 3.968100000000000000e+04 1.113400000000000000e+05 1.754610000000000000e+05 2.667960000000000000e+05 9.543370000000000000e+05 1.548417000000000000e+06
3.260000000000000000e+02 4.700000000000000000e+01 1.520000000000000000e+02 2.150000000000000000e+02 2.880000000000000000e+02 8.770000000000000000e+02 1.090000000000000000e+03 2.189000000000000000e+03 3.836000000000000000e+03 3.252000000000000000e+03 5.644000000000000000e+03 9.689000000000000000e+03 8.399000000000000000e+03 1.213900000000000000e+04 3.994800000000000000e+04 6.799900000000000000e+04 9.947100000000000000e+04 1.079880000000000000e+05 4.775100000000000000e+04
3.080000000000000000e+02 1.810000000000000000e+02 4.130000000000000000e+02 3.620000000000000000e+02 4.290000000000000000e+02 9.150000000000000000e+02 1.429000000000000000e+03 1.890000000000000000e+03 4.545000000000000000e+03 3.941000000000000000e+03 5.809000000000000000e+03 9.108000000000000000e+03 7.988000000000000000e+03 1.378800000000000000e+04 5.041000000000000000e+04 4.125000000000000000e+04 7.473100000000000000e+04 3.137700000000000000e+05 5.195720000000000000e+05
8.700000000000000000e+01 7.300000000000000000e+01 2.220000000000000000e+02 3.050000000000000000e+02 5.280000000000000000e+02 1.240000000000000000e+03 1.464000000000000000e+03 2.461000000000000000e+03 5.433000000000000000e+03 4.785000000000000000e+03 5.499000000000000000e+03 9.815000000000000000e+03 1.014000000000000000e+04 2.134000000000000000e+04 4.648800000000000000e+04 7.778300000000000000e+04 1.623190000000000000e+05 6.590920000000000000e+05 1.749088000000000000e+06
2.377000000000000000e+03 5.990000000000000000e+02 8.620000000000000000e+02 7.160000000000000000e+02 1.079000000000000000e+03 3.930000000000000000e+03 5.267000000000000000e+03 9.116000000000000000e+03 1.571700000000000000e+04 1.617800000000000000e+04 2.196000000000000000e+04 4.683100000000000000e+04 5.515900000000000000e+04 6.928800000000000000e+04 1.329200000000000000e+05 3.764070000000000000e+05 6.717530000000000000e+05 1.687160000000000000e+06 1.445574000000000000e+06
6.060000000000000000e+02 4.800000000000000000e+02 6.780000000000000000e+02 4.000000000000000000e+02 5.620000000000000000e+02 1.574000000000000000e+03 2.322000000000000000e+03 5.561000000000000000e+03 8.683000000000000000e+03 8.571000000000000000e+03 1.415200000000000000e+04 2.866000000000000000e+04 1.537400000000000000e+04 2.433900000000000000e+04 6.939100000000000000e+04 1.150430000000000000e+05 2.701370000000000000e+05 6.972450000000000000e+05 1.118140000000000000e+06
3.740000000000000000e+02 2.860000000000000000e+02 2.530000000000000000e+02 2.870000000000000000e+02 5.480000000000000000e+02 1.244000000000000000e+03 1.933000000000000000e+03 3.046000000000000000e+03 6.456000000000000000e+03 7.676000000000000000e+03 9.024000000000000000e+03 1.610200000000000000e+04 1.580900000000000000e+04 2.177600000000000000e+04 4.937800000000000000e+04 8.520500000000000000e+04 1.636870000000000000e+05 4.651570000000000000e+05 8.247490000000000000e+05
4.796000000000000000e+03 4.300000000000000000e+02 6.920000000000000000e+02 9.090000000000000000e+02 1.551000000000000000e+03 6.136000000000000000e+03 8.669000000000000000e+03 1.582500000000000000e+04 2.805100000000000000e+04 3.746000000000000000e+04 3.361000000000000000e+04 3.915500000000000000e+04 3.260300000000000000e+04 6.520000000000000000e+04 2.234870000000000000e+05 2.472670000000000000e+05 3.417330000000000000e+05 8.141700000000000000e+05 1.360082000000000000e+06
1.480000000000000000e+02 1.300000000000000000e+02 2.540000000000000000e+02 2.830000000000000000e+02 3.120000000000000000e+02 9.460000000000000000e+02 1.224000000000000000e+03 1.366000000000000000e+03 4.167000000000000000e+03 4.256000000000000000e+03 4.162000000000000000e+03 1.096800000000000000e+04 1.175800000000000000e+04 2.160800000000000000e+04 4.243800000000000000e+04 6.459900000000000000e+04 1.117160000000000000e+05 4.146940000000000000e+05 7.205070000000000000e+05
4.800000000000000000e+01 5.400000000000000000e+01 1.770000000000000000e+02 3.410000000000000000e+02 5.310000000000000000e+02 1.210000000000000000e+03 1.431000000000000000e+03 2.517000000000000000e+03 6.555000000000000000e+03 8.170000000000000000e+03 7.874000000000000000e+03 9.510000000000000000e+03 1.325000000000000000e+04 1.259100000000000000e+04 3.833400000000000000e+04 5.587700000000000000e+04 1.355500000000000000e+05 5.319110000000000000e+05 9.526650000000000000e+05
2.640000000000000000e+02 1.560000000000000000e+02 2.390000000000000000e+02 3.070000000000000000e+02 4.630000000000000000e+02 1.238000000000000000e+03 1.728000000000000000e+03 3.386000000000000000e+03 7.556000000000000000e+03 8.525000000000000000e+03 1.022000000000000000e+04 1.922700000000000000e+04 2.846300000000000000e+04 3.623200000000000000e+04 9.767100000000000000e+04 1.229000000000000000e+05 2.396210000000000000e+05 6.618410000000000000e+05 1.252602000000000000e+06
2.065000000000000000e+03 1.036000000000000000e+03 1.931000000000000000e+03 1.748000000000000000e+03 2.109000000000000000e+03 3.928000000000000000e+03 7.446000000000000000e+03 1.215100000000000000e+04 2.023900000000000000e+04 2.583800000000000000e+04 2.348900000000000000e+04 4.464300000000000000e+04 2.546000000000000000e+04 6.514100000000000000e+04 1.785050000000000000e+05 2.807340000000000000e+05 4.732340000000000000e+05 1.307243000000000000e+06 1.548927000000000000e+06
5.930000000000000000e+02 4.240000000000000000e+02 6.810000000000000000e+02 7.650000000000000000e+02 1.094000000000000000e+03 2.776000000000000000e+03 3.514000000000000000e+03 5.102000000000000000e+03 1.170300000000000000e+04 1.221100000000000000e+04 1.238100000000000000e+04 1.655000000000000000e+04 2.536500000000000000e+04 4.072400000000000000e+04 1.146740000000000000e+05 1.494920000000000000e+05 3.092630000000000000e+05 8.219560000000000000e+05 1.425637000000000000e+06
1.650000000000000000e+02 8.700000000000000000e+01 1.980000000000000000e+02 2.690000000000000000e+02 4.740000000000000000e+02 1.055000000000000000e+03 1.343000000000000000e+03 1.845000000000000000e+03 4.027000000000000000e+03 5.262000000000000000e+03 3.677000000000000000e+03 6.382000000000000000e+03 9.253000000000000000e+03 1.999700000000000000e+04 4.152800000000000000e+04 7.633900000000000000e+04 1.447410000000000000e+05 4.352080000000000000e+05 8.229120000000000000e+05
1.010000000000000000e+02 9.600000000000000000e+01 2.720000000000000000e+02 4.120000000000000000e+02 5.950000000000000000e+02 1.280000000000000000e+03 1.504000000000000000e+03 2.834000000000000000e+03 6.153000000000000000e+03 6.294000000000000000e+03 1.036300000000000000e+04 1.562600000000000000e+04 1.526000000000000000e+04 2.997200000000000000e+04 7.888000000000000000e+04 9.749600000000000000e+04 2.103310000000000000e+05 7.334840000000000000e+05 1.274720000000000000e+06
2.940000000000000000e+02 2.620000000000000000e+02 4.400000000000000000e+02 4.150000000000000000e+02 6.400000000000000000e+02 1.310000000000000000e+03 1.436000000000000000e+03 3.834000000000000000e+03 6.972000000000000000e+03 7.704000000000000000e+03 8.883000000000000000e+03 1.360000000000000000e+04 2.243100000000000000e+04 2.705000000000000000e+04 6.387500000000000000e+04 8.180100000000000000e+04 1.519930000000000000e+05 6.523550000000000000e+05 1.347739000000000000e+06
7.880000000000000000e+02 3.570000000000000000e+02 4.910000000000000000e+02 4.300000000000000000e+02 6.070000000000000000e+02 1.514000000000000000e+03 2.287000000000000000e+03 4.504000000000000000e+03 7.954000000000000000e+03 8.382000000000000000e+03 9.479000000000000000e+03 2.441200000000000000e+04 2.514900000000000000e+04 3.577300000000000000e+04 9.997300000000000000e+04 1.743830000000000000e+05 3.455400000000000000e+05 1.000252000000000000e+06 1.436649000000000000e+06
7.000000000000000000e+01 5.800000000000000000e+01 1.290000000000000000e+02 1.720000000000000000e+02 3.660000000000000000e+02 7.480000000000000000e+02 1.144000000000000000e+03 1.679000000000000000e+03 4.262000000000000000e+03 5.506000000000000000e+03 7.599000000000000000e+03 8.941000000000000000e+03 7.670000000000000000e+03 9.841000000000000000e+03 2.517000000000000000e+04 3.266200000000000000e+04 1.071780000000000000e+05 2.848030000000000000e+05 3.411830000000000000e+05
4.600000000000000000e+02 2.500000000000000000e+02 2.900000000000000000e+02 3.580000000000000000e+02 3.070000000000000000e+02 5.790000000000000000e+02 1.159000000000000000e+03 2.045000000000000000e+03 1.988000000000000000e+03 2.544000000000000000e+03 2.732000000000000000e+03 6.819000000000000000e+03 7.306000000000000000e+03 1.004000000000000000e+04 3.649400000000000000e+04 4.462700000000000000e+04 8.890300000000000000e+04 2.010870000000000000e+05 3.192290000000000000e+05
2.000000000000000000e+01 3.000000000000000000e+01 1.360000000000000000e+02 3.170000000000000000e+02 6.400000000000000000e+02 1.657000000000000000e+03 2.277000000000000000e+03 2.902000000000000000e+03 7.112000000000000000e+03 7.868000000000000000e+03 8.710000000000000000e+03 1.506800000000000000e+04 1.557400000000000000e+04 1.642000000000000000e+04 5.934100000000000000e+04 9.685400000000000000e+04 1.721720000000000000e+05 5.749170000000000000e+05 1.038277000000000000e+06
2.900000000000000000e+02 2.400000000000000000e+02 3.090000000000000000e+02 4.460000000000000000e+02 7.380000000000000000e+02 1.631000000000000000e+03 2.506000000000000000e+03 4.068000000000000000e+03 7.467000000000000000e+03 7.519000000000000000e+03 1.062000000000000000e+04 2.138700000000000000e+04 1.850800000000000000e+04 3.331800000000000000e+04 1.168630000000000000e+05 1.246830000000000000e+05 2.278330000000000000e+05 6.108020000000000000e+05 8.600560000000000000e+05
2.000000000000000000e+01 4.000000000000000000e+00 3.000000000000000000e+01 2.300000000000000000e+01 4.100000000000000000e+01 1.330000000000000000e+02 1.850000000000000000e+02 3.090000000000000000e+02 6.110000000000000000e+02 1.023000000000000000e+03 7.560000000000000000e+02 8.510000000000000000e+02 3.990000000000000000e+02 2.440000000000000000e+03 1.805000000000000000e+03 1.754000000000000000e+03 2.866000000000000000e+03 1.315800000000000000e+04 1.146790000000000000e+05
4.900000000000000000e+01 4.900000000000000000e+01 1.530000000000000000e+02 3.010000000000000000e+02 6.540000000000000000e+02 1.413000000000000000e+03 2.137000000000000000e+03 3.807000000000000000e+03 8.497000000000000000e+03 8.454000000000000000e+03 1.198000000000000000e+04 2.168700000000000000e+04 1.810900000000000000e+04 3.601100000000000000e+04 9.367100000000000000e+04 1.891000000000000000e+05 3.621300000000000000e+05 9.986930000000000000e+05 1.637802000000000000e+06
1.265000000000000000e+03 6.480000000000000000e+02 7.870000000000000000e+02 5.550000000000000000e+02 6.530000000000000000e+02 2.395000000000000000e+03 3.401000000000000000e+03 6.689000000000000000e+03 1.336700000000000000e+04 7.029000000000000000e+03 7.218000000000000000e+03 3.840300000000000000e+04 2.267000000000000000e+04 2.605100000000000000e+04 7.351700000000000000e+04 8.861400000000000000e+04 1.700700000000000000e+05 4.149390000000000000e+05 3.153240000000000000e+05
3.970000000000000000e+02 3.860000000000000000e+02 6.710000000000000000e+02 7.540000000000000000e+02 1.125000000000000000e+03 2.685000000000000000e+03 3.756000000000000000e+03 5.951000000000000000e+03 1.058300000000000000e+04 1.384300000000000000e+04 2.723900000000000000e+04 3.135200000000000000e+04 2.812500000000000000e+04 6.043100000000000000e+04 1.325330000000000000e+05 1.770100000000000000e+05 3.582480000000000000e+05 1.095003000000000000e+06 1.521174000000000000e+06
3.330000000000000000e+02 1.880000000000000000e+02 2.270000000000000000e+02 2.820000000000000000e+02 3.820000000000000000e+02 9.050000000000000000e+02 1.660000000000000000e+03 2.275000000000000000e+03 5.299000000000000000e+03 5.520000000000000000e+03 5.850000000000000000e+03 1.092100000000000000e+04 8.699000000000000000e+03 1.571800000000000000e+04 6.514400000000000000e+04 9.734700000000000000e+04 1.619570000000000000e+05 5.750610000000000000e+05 1.148832000000000000e+06
3.860000000000000000e+02 3.350000000000000000e+02 5.870000000000000000e+02 6.880000000000000000e+02 1.033000000000000000e+03 2.626000000000000000e+03 4.184000000000000000e+03 6.247000000000000000e+03 1.027600000000000000e+04 9.966000000000000000e+03 1.285300000000000000e+04 1.954300000000000000e+04 2.171000000000000000e+04 4.208500000000000000e+04 1.102710000000000000e+05 1.761820000000000000e+05 3.575420000000000000e+05 1.212010000000000000e+06 2.851235000000000000e+06
7.390000000000000000e+02 5.390000000000000000e+02 9.270000000000000000e+02 9.070000000000000000e+02 1.473000000000000000e+03 3.807000000000000000e+03 5.148000000000000000e+03 7.698000000000000000e+03 1.554300000000000000e+04 1.399800000000000000e+04 2.080500000000000000e+04 4.245200000000000000e+04 4.079300000000000000e+04 7.740500000000000000e+04 2.413730000000000000e+05 3.339480000000000000e+05 5.875710000000000000e+05 1.790908000000000000e+06 2.722067000000000000e+06
1.334000000000000000e+03 4.980000000000000000e+02 6.290000000000000000e+02 6.260000000000000000e+02 7.990000000000000000e+02 1.789000000000000000e+03 2.694000000000000000e+03 5.174000000000000000e+03 9.913000000000000000e+03 1.272000000000000000e+04 1.553300000000000000e+04 2.580400000000000000e+04 2.301000000000000000e+04 4.763100000000000000e+04 1.053130000000000000e+05 1.073700000000000000e+05 2.245700000000000000e+05 7.984970000000000000e+05 1.190718000000000000e+06
1.060000000000000000e+02 1.260000000000000000e+02 3.630000000000000000e+02 4.360000000000000000e+02 6.540000000000000000e+02 1.491000000000000000e+03 1.912000000000000000e+03 2.866000000000000000e+03 6.264000000000000000e+03 9.947000000000000000e+03 9.197000000000000000e+03 1.326700000000000000e+04 1.747100000000000000e+04 3.548200000000000000e+04 7.268400000000000000e+04 1.085380000000000000e+05 1.668860000000000000e+05 4.357060000000000000e+05 1.287794000000000000e+06
1.068000000000000000e+03 4.400000000000000000e+02 8.140000000000000000e+02 1.002000000000000000e+03 9.490000000000000000e+02 1.890000000000000000e+03 2.568000000000000000e+03 3.538000000000000000e+03 8.391000000000000000e+03 7.373000000000000000e+03 1.028800000000000000e+04 2.510300000000000000e+04 2.995800000000000000e+04 3.950000000000000000e+04 1.115630000000000000e+05 1.443710000000000000e+05 2.327390000000000000e+05 8.908110000000000000e+05 1.351816000000000000e+06
7.970000000000000000e+02 6.570000000000000000e+02 8.550000000000000000e+02 7.210000000000000000e+02 1.156000000000000000e+03 2.841000000000000000e+03 3.566000000000000000e+03 6.170000000000000000e+03 8.468000000000000000e+03 7.589000000000000000e+03 1.747500000000000000e+04 3.308300000000000000e+04 3.171000000000000000e+04 4.264700000000000000e+04 9.471500000000000000e+04 1.062970000000000000e+05 2.381100000000000000e+05 3.023980000000000000e+05 3.920630000000000000e+05
8.540000000000000000e+02 5.820000000000000000e+02 8.020000000000000000e+02 1.023000000000000000e+03 1.489000000000000000e+03 3.557000000000000000e+03 5.444000000000000000e+03 9.067000000000000000e+03 2.224800000000000000e+04 2.433800000000000000e+04 3.262900000000000000e+04 7.667000000000000000e+04 6.895500000000000000e+04 8.129400000000000000e+04 1.889220000000000000e+05 3.040160000000000000e+05 6.774940000000000000e+05 1.781420000000000000e+06 3.190785000000000000e+06
2.890000000000000000e+02 2.080000000000000000e+02 4.190000000000000000e+02 4.580000000000000000e+02 6.420000000000000000e+02 1.234000000000000000e+03 1.820000000000000000e+03 3.276000000000000000e+03 6.282000000000000000e+03 6.784000000000000000e+03 9.375000000000000000e+03 1.333700000000000000e+04 1.166100000000000000e+04 2.522300000000000000e+04 8.789200000000000000e+04 1.184200000000000000e+05 2.246940000000000000e+05 3.908780000000000000e+05 8.370600000000000000e+05
1.170000000000000000e+02 1.810000000000000000e+02 5.240000000000000000e+02 6.120000000000000000e+02 9.370000000000000000e+02 2.012000000000000000e+03 2.690000000000000000e+03 4.746000000000000000e+03 1.034200000000000000e+04 1.115000000000000000e+04 1.795200000000000000e+04 2.574100000000000000e+04 2.446300000000000000e+04 5.101400000000000000e+04 8.937900000000000000e+04 1.867520000000000000e+05 2.870490000000000000e+05 7.710800000000000000e+05 2.164116000000000000e+06
3.870000000000000000e+02 2.500000000000000000e+02 5.960000000000000000e+02 7.140000000000000000e+02 1.240000000000000000e+03 3.161000000000000000e+03 4.771000000000000000e+03 7.873000000000000000e+03 1.587200000000000000e+04 1.608300000000000000e+04 3.286700000000000000e+04 6.815700000000000000e+04 6.217300000000000000e+04 7.027000000000000000e+04 1.384100000000000000e+05 1.904880000000000000e+05 4.464040000000000000e+05 1.407966000000000000e+06 1.740093000000000000e+06
1.610000000000000000e+02 7.000000000000000000e+01 2.150000000000000000e+02 1.620000000000000000e+02 1.980000000000000000e+02 4.560000000000000000e+02 5.380000000000000000e+02 1.215000000000000000e+03 2.208000000000000000e+03 2.060000000000000000e+03 3.358000000000000000e+03 6.700000000000000000e+03 9.149000000000000000e+03 1.187900000000000000e+04 2.431800000000000000e+04 2.512600000000000000e+04 1.548700000000000000e+04 1.016400000000000000e+04 1.737900000000000000e+04
0.000000000000000000e+00 2.000000000000000000e+00 0.000000000000000000e+00 4.000000000000000000e+00 0.000000000000000000e+00 3.000000000000000000e+00 0.000000000000000000e+00 6.000000000000000000e+00 4.700000000000000000e+01 2.600000000000000000e+01 1.900000000000000000e+01 5.800000000000000000e+01 9.300000000000000000e+01 2.410000000000000000e+02 7.350000000000000000e+02 1.101000000000000000e+03 2.274000000000000000e+03 5.577000000000000000e+03 2.610900000000000000e+04
9.800000000000000000e+01 8.900000000000000000e+01 1.550000000000000000e+02 3.310000000000000000e+02 5.650000000000000000e+02 1.505000000000000000e+03 2.217000000000000000e+03 3.337000000000000000e+03 6.977000000000000000e+03 6.576000000000000000e+03 7.896000000000000000e+03 1.406300000000000000e+04 1.947200000000000000e+04 2.681400000000000000e+04 6.112800000000000000e+04 1.024030000000000000e+05 1.569810000000000000e+05 5.056740000000000000e+05 8.867320000000000000e+05
2.360000000000000000e+02 2.000000000000000000e+02 4.160000000000000000e+02 4.650000000000000000e+02 8.230000000000000000e+02 1.711000000000000000e+03 2.444000000000000000e+03 3.996000000000000000e+03 7.080000000000000000e+03 7.261000000000000000e+03 1.016800000000000000e+04 1.825500000000000000e+04 1.801200000000000000e+04 2.123100000000000000e+04 9.094300000000000000e+04 1.323440000000000000e+05 3.386260000000000000e+05 5.121260000000000000e+05 1.262511000000000000e+06
2.190000000000000000e+03 1.565000000000000000e+03 2.360000000000000000e+03 2.385000000000000000e+03 2.925000000000000000e+03 7.729000000000000000e+03 1.007000000000000000e+04 1.557500000000000000e+04 2.653200000000000000e+04 4.376900000000000000e+04 4.202000000000000000e+04 6.886300000000000000e+04 3.611200000000000000e+04 9.830000000000000000e+04 1.861330000000000000e+05 2.745130000000000000e+05 3.364990000000000000e+05 1.088908000000000000e+06 1.865004000000000000e+06
4.900000000000000000e+02 3.030000000000000000e+02 4.690000000000000000e+02 5.620000000000000000e+02 7.500000000000000000e+02 1.736000000000000000e+03 1.610000000000000000e+03 4.400000000000000000e+03 8.997000000000000000e+03 1.035300000000000000e+04 1.124900000000000000e+04 1.632400000000000000e+04 1.006700000000000000e+04 3.501500000000000000e+04 6.854400000000000000e+04 1.427220000000000000e+05 1.866770000000000000e+05 2.781420000000000000e+05 2.471440000000000000e+05
2.100000000000000000e+02 1.020000000000000000e+02 1.950000000000000000e+02 2.260000000000000000e+02 3.580000000000000000e+02 8.710000000000000000e+02 1.249000000000000000e+03 1.430000000000000000e+03 2.678000000000000000e+03 2.990000000000000000e+03 4.541000000000000000e+03 8.461000000000000000e+03 7.716000000000000000e+03 2.216400000000000000e+04 5.426000000000000000e+04 7.215900000000000000e+04 1.143190000000000000e+05 3.419090000000000000e+05 4.573300000000000000e+05
9.600000000000000000e+01 1.040000000000000000e+02 2.820000000000000000e+02 3.810000000000000000e+02 6.990000000000000000e+02 1.551000000000000000e+03 1.665000000000000000e+03 3.068000000000000000e+03 5.661000000000000000e+03 5.453000000000000000e+03 6.558000000000000000e+03 1.375800000000000000e+04 1.307700000000000000e+04 1.782100000000000000e+04 5.598500000000000000e+04 7.088000000000000000e+04 2.093510000000000000e+05 6.729160000000000000e+05 1.173155000000000000e+06
7.100000000000000000e+01 5.500000000000000000e+01 1.570000000000000000e+02 2.080000000000000000e+02 3.150000000000000000e+02 8.800000000000000000e+02 1.323000000000000000e+03 2.175000000000000000e+03 4.314000000000000000e+03 6.044000000000000000e+03 9.685000000000000000e+03 1.573300000000000000e+04 1.827300000000000000e+04 1.883600000000000000e+04 7.076100000000000000e+04 1.214210000000000000e+05 2.130370000000000000e+05 3.358440000000000000e+05 1.287790000000000000e+05
6.400000000000000000e+01 6.900000000000000000e+01 1.660000000000000000e+02 9.700000000000000000e+01 2.620000000000000000e+02 2.950000000000000000e+02 4.160000000000000000e+02 1.079000000000000000e+03 2.335000000000000000e+03 2.361000000000000000e+03 3.143000000000000000e+03 1.010200000000000000e+04 2.692000000000000000e+03 1.032000000000000000e+03 1.435700000000000000e+04 5.125200000000000000e+04 9.130600000000000000e+04 1.740770000000000000e+05 2.638710000000000000e+05
2.170000000000000000e+02 1.560000000000000000e+02 3.300000000000000000e+02 4.110000000000000000e+02 6.290000000000000000e+02 1.390000000000000000e+03 2.183000000000000000e+03 3.679000000000000000e+03 6.327000000000000000e+03 6.727000000000000000e+03 8.374000000000000000e+03 2.014100000000000000e+04 2.846200000000000000e+04 3.777300000000000000e+04 9.254500000000000000e+04 1.150560000000000000e+05 2.282750000000000000e+05 4.948550000000000000e+05 8.679710000000000000e+05
2.240000000000000000e+02 1.450000000000000000e+02 3.760000000000000000e+02 4.590000000000000000e+02 7.460000000000000000e+02 1.693000000000000000e+03 2.496000000000000000e+03 4.140000000000000000e+03 7.256000000000000000e+03 7.223000000000000000e+03 8.840000000000000000e+03 1.873900000000000000e+04 1.958300000000000000e+04 3.093100000000000000e+04 7.582700000000000000e+04 1.497210000000000000e+05 3.016320000000000000e+05 7.203550000000000000e+05 1.350906000000000000e+06
2.820000000000000000e+02 2.140000000000000000e+02 4.470000000000000000e+02 3.730000000000000000e+02 6.910000000000000000e+02 1.292000000000000000e+03 2.273000000000000000e+03 4.854000000000000000e+03 9.373000000000000000e+03 7.530000000000000000e+03 5.903000000000000000e+03 9.666000000000000000e+03 1.158200000000000000e+04 2.417100000000000000e+04 5.107200000000000000e+04 8.206900000000000000e+04 8.877400000000000000e+04 2.912060000000000000e+05 4.983990000000000000e+05
5.800000000000000000e+01 7.700000000000000000e+01 2.440000000000000000e+02 4.230000000000000000e+02 8.160000000000000000e+02 1.825000000000000000e+03 2.041000000000000000e+03 3.048000000000000000e+03 6.948000000000000000e+03 6.706000000000000000e+03 9.354000000000000000e+03 1.288000000000000000e+04 2.266600000000000000e+04 2.885600000000000000e+04 8.697400000000000000e+04 8.206600000000000000e+04 1.839090000000000000e+05 5.736890000000000000e+05 1.364707000000000000e+06
6.371000000000000000e+03 3.252000000000000000e+03 3.136000000000000000e+03 2.288000000000000000e+03 3.014000000000000000e+03 7.865000000000000000e+03 1.347100000000000000e+04 2.469500000000000000e+04 5.351100000000000000e+04 5.334900000000000000e+04 8.453900000000000000e+04 1.719790000000000000e+05 2.414160000000000000e+05 3.555370000000000000e+05 1.185644000000000000e+06 1.714968000000000000e+06 2.889176000000000000e+06 5.020904000000000000e+06 7.205454000000000000e+06
2.146000000000000000e+03 9.990000000000000000e+02 1.735000000000000000e+03 1.387000000000000000e+03 2.159000000000000000e+03 5.892000000000000000e+03 8.529000000000000000e+03 1.076300000000000000e+04 2.291400000000000000e+04 3.142000000000000000e+04 5.042200000000000000e+04 1.095150000000000000e+05 1.224930000000000000e+05 1.844100000000000000e+05 4.935670000000000000e+05 4.554890000000000000e+05 9.403860000000000000e+05 2.066150000000000000e+06 1.458198000000000000e+06
1.364000000000000000e+03 6.630000000000000000e+02 1.227000000000000000e+03 1.117000000000000000e+03 1.812000000000000000e+03 4.096000000000000000e+03 5.432000000000000000e+03 9.783000000000000000e+03 2.210100000000000000e+04 2.334700000000000000e+04 2.894300000000000000e+04 2.483000000000000000e+04 2.770400000000000000e+04 9.996700000000000000e+04 1.538730000000000000e+05 2.379260000000000000e+05 4.534850000000000000e+05 1.841191000000000000e+06 2.723100000000000000e+06
5.310000000000000000e+02 4.140000000000000000e+02 6.850000000000000000e+02 7.950000000000000000e+02 1.163000000000000000e+03 2.570000000000000000e+03 3.520000000000000000e+03 5.225000000000000000e+03 1.196300000000000000e+04 1.274500000000000000e+04 1.687800000000000000e+04 3.611000000000000000e+04 6.455800000000000000e+04 9.563000000000000000e+04 1.698710000000000000e+05 2.518810000000000000e+05 3.958180000000000000e+05 1.078761000000000000e+06 1.981832000000000000e+06
3.770000000000000000e+02 3.660000000000000000e+02 7.690000000000000000e+02 7.600000000000000000e+02 1.108000000000000000e+03 2.076000000000000000e+03 3.412000000000000000e+03 4.880000000000000000e+03 8.254000000000000000e+03 1.168600000000000000e+04 1.971400000000000000e+04 3.277500000000000000e+04 2.427800000000000000e+04 3.473800000000000000e+04 1.441620000000000000e+05 1.733600000000000000e+05 2.420830000000000000e+05 1.069651000000000000e+06 1.682830000000000000e+06
2.570000000000000000e+02 2.500000000000000000e+02 4.720000000000000000e+02 5.030000000000000000e+02 7.100000000000000000e+02 1.713000000000000000e+03 2.075000000000000000e+03 3.885000000000000000e+03 8.497000000000000000e+03 8.205000000000000000e+03 1.072700000000000000e+04 2.156700000000000000e+04 2.226200000000000000e+04 3.250900000000000000e+04 1.057610000000000000e+05 1.405790000000000000e+05 2.719780000000000000e+05 8.912160000000000000e+05 1.595769000000000000e+06
2.760000000000000000e+02 2.050000000000000000e+02 4.130000000000000000e+02 5.670000000000000000e+02 7.580000000000000000e+02 1.522000000000000000e+03 2.518000000000000000e+03 4.252000000000000000e+03 1.155000000000000000e+04 1.330900000000000000e+04 1.952500000000000000e+04 3.133700000000000000e+04 3.903000000000000000e+04 1.781600000000000000e+04 7.504400000000000000e+04 7.944900000000000000e+04 1.284550000000000000e+05 4.744750000000000000e+05 7.018250000000000000e+05
3.500000000000000000e+02 3.370000000000000000e+02 6.750000000000000000e+02 6.980000000000000000e+02 1.118000000000000000e+03 2.563000000000000000e+03 3.662000000000000000e+03 5.069000000000000000e+03 1.394100000000000000e+04 1.567100000000000000e+04 1.233300000000000000e+04 1.804300000000000000e+04 1.529500000000000000e+04 3.726200000000000000e+04 9.087900000000000000e+04 1.109940000000000000e+05 2.463080000000000000e+05 7.512280000000000000e+05 1.120431000000000000e+06
2.390000000000000000e+02 2.000000000000000000e+02 4.820000000000000000e+02 5.080000000000000000e+02 8.350000000000000000e+02 2.307000000000000000e+03 3.368000000000000000e+03 5.790000000000000000e+03 1.557800000000000000e+04 1.844000000000000000e+04 2.641800000000000000e+04 5.195900000000000000e+04 7.000200000000000000e+04 1.001450000000000000e+05 2.063240000000000000e+05 3.050870000000000000e+05 3.063680000000000000e+05 8.453130000000000000e+05 1.957923000000000000e+06
1.310000000000000000e+03 3.490000000000000000e+02 5.240000000000000000e+02 5.530000000000000000e+02 8.710000000000000000e+02 1.728000000000000000e+03 3.319000000000000000e+03 4.368000000000000000e+03 1.093200000000000000e+04 1.523700000000000000e+04 1.682100000000000000e+04 2.226900000000000000e+04 1.666700000000000000e+04 3.992700000000000000e+04 9.547700000000000000e+04 1.317960000000000000e+05 1.846850000000000000e+05 8.506320000000000000e+05 1.633530000000000000e+06
4.900000000000000000e+02 2.610000000000000000e+02 5.990000000000000000e+02 6.910000000000000000e+02 1.085000000000000000e+03 3.420000000000000000e+03 3.743000000000000000e+03 5.737000000000000000e+03 1.008700000000000000e+04 7.506000000000000000e+03 7.376000000000000000e+03 1.859200000000000000e+04 2.992200000000000000e+04 3.845400000000000000e+04 1.028130000000000000e+05 8.763300000000000000e+04 1.910680000000000000e+05 7.059580000000000000e+05 8.787070000000000000e+05
3.360000000000000000e+02 1.700000000000000000e+02 8.700000000000000000e+01 8.400000000000000000e+01 2.100000000000000000e+02 4.290000000000000000e+02 5.200000000000000000e+02 8.020000000000000000e+02 1.903000000000000000e+03 2.185000000000000000e+03 3.178000000000000000e+03 4.542000000000000000e+03 6.205000000000000000e+03 6.536000000000000000e+03 2.198200000000000000e+04 3.394400000000000000e+04 5.142800000000000000e+04 2.512450000000000000e+05 7.481210000000000000e+05
3.470000000000000000e+02 2.820000000000000000e+02 6.380000000000000000e+02 6.240000000000000000e+02 8.510000000000000000e+02 1.750000000000000000e+03 2.684000000000000000e+03 4.041000000000000000e+03 9.950000000000000000e+03 1.341800000000000000e+04 1.817500000000000000e+04 2.567100000000000000e+04 1.570200000000000000e+04 2.756500000000000000e+04 8.903700000000000000e+04 1.672510000000000000e+05 3.143580000000000000e+05 7.111180000000000000e+05 8.852280000000000000e+05
2.820000000000000000e+02 2.580000000000000000e+02 4.820000000000000000e+02 3.810000000000000000e+02 6.230000000000000000e+02 1.513000000000000000e+03 2.535000000000000000e+03 2.639000000000000000e+03 5.879000000000000000e+03 7.455000000000000000e+03 1.014800000000000000e+04 1.340000000000000000e+04 1.901300000000000000e+04 2.810900000000000000e+04 1.243380000000000000e+05 1.696490000000000000e+05 4.051840000000000000e+05 1.257863000000000000e+06 1.444740000000000000e+06
1.312000000000000000e+03 2.620000000000000000e+02 3.540000000000000000e+02 3.940000000000000000e+02 5.720000000000000000e+02 1.838000000000000000e+03 2.259000000000000000e+03 3.664000000000000000e+03 8.815000000000000000e+03 8.246000000000000000e+03 6.057000000000000000e+03 1.807900000000000000e+04 1.704600000000000000e+04 4.734800000000000000e+04 1.067510000000000000e+05 1.396430000000000000e+05 2.948400000000000000e+05 5.092650000000000000e+05 1.095677000000000000e+06
4.890000000000000000e+02 3.060000000000000000e+02 6.010000000000000000e+02 8.240000000000000000e+02 1.311000000000000000e+03 3.135000000000000000e+03 4.243000000000000000e+03 6.057000000000000000e+03 1.219700000000000000e+04 1.479300000000000000e+04 1.780900000000000000e+04 3.270300000000000000e+04 4.012800000000000000e+04 4.026300000000000000e+04 1.004410000000000000e+05 2.197490000000000000e+05 2.873690000000000000e+05 4.983760000000000000e+05 6.105560000000000000e+05
5.300000000000000000e+01 8.300000000000000000e+01 2.830000000000000000e+02 4.540000000000000000e+02 9.180000000000000000e+02 2.463000000000000000e+03 3.672000000000000000e+03 6.644000000000000000e+03 1.570700000000000000e+04 1.941700000000000000e+04 2.761200000000000000e+04 4.868800000000000000e+04 4.254000000000000000e+04 6.437700000000000000e+04 2.329610000000000000e+05 3.255250000000000000e+05 5.445450000000000000e+05 1.151237000000000000e+06 2.356852000000000000e+06
3.820000000000000000e+02 2.390000000000000000e+02 4.150000000000000000e+02 5.990000000000000000e+02 9.510000000000000000e+02 3.269000000000000000e+03 4.826000000000000000e+03 7.269000000000000000e+03 1.457500000000000000e+04 1.524000000000000000e+04 1.622300000000000000e+04 2.841700000000000000e+04 3.198300000000000000e+04 5.965700000000000000e+04 7.308000000000000000e+04 1.507640000000000000e+05 2.178280000000000000e+05 4.591370000000000000e+05 5.271980000000000000e+05
6.480000000000000000e+02 3.770000000000000000e+02 1.035000000000000000e+03 6.900000000000000000e+02 5.020000000000000000e+02 1.467000000000000000e+03 2.024000000000000000e+03 3.046000000000000000e+03 6.765000000000000000e+03 8.034000000000000000e+03 1.456900000000000000e+04 3.189300000000000000e+04 2.983500000000000000e+04 6.297100000000000000e+04 1.267660000000000000e+05 8.049500000000000000e+04 1.357590000000000000e+05 5.184320000000000000e+05 1.200171000000000000e+06
2.243000000000000000e+03 9.360000000000000000e+02 1.748000000000000000e+03 1.970000000000000000e+03 2.693000000000000000e+03 6.492000000000000000e+03 1.039600000000000000e+04 1.490300000000000000e+04 2.584400000000000000e+04 3.205400000000000000e+04 4.599600000000000000e+04 7.303700000000000000e+04 1.087510000000000000e+05 1.277040000000000000e+05 3.487500000000000000e+05 4.827090000000000000e+05 8.721980000000000000e+05 2.512759000000000000e+06 3.834479000000000000e+06
5.010000000000000000e+02 3.500000000000000000e+02 3.830000000000000000e+02 4.780000000000000000e+02 7.930000000000000000e+02 1.980000000000000000e+03 2.420000000000000000e+03 2.885000000000000000e+03 6.968000000000000000e+03 1.108600000000000000e+04 1.021000000000000000e+04 2.984500000000000000e+04 1.472100000000000000e+04 2.149900000000000000e+04 6.040100000000000000e+04 7.269000000000000000e+04 1.403700000000000000e+05 5.625280000000000000e+05 6.923810000000000000e+05
2.140000000000000000e+02 1.990000000000000000e+02 4.180000000000000000e+02 4.240000000000000000e+02 6.540000000000000000e+02 1.411000000000000000e+03 1.849000000000000000e+03 3.973000000000000000e+03 7.579000000000000000e+03 7.042000000000000000e+03 7.622000000000000000e+03 1.447300000000000000e+04 1.442800000000000000e+04 3.498100000000000000e+04 8.082800000000000000e+04 1.364530000000000000e+05 2.418850000000000000e+05 7.044340000000000000e+05 9.118870000000000000e+05
7.100000000000000000e+02 4.680000000000000000e+02 8.130000000000000000e+02 9.460000000000000000e+02 1.343000000000000000e+03 3.589000000000000000e+03 4.984000000000000000e+03 7.118000000000000000e+03 1.810500000000000000e+04 1.764800000000000000e+04 1.645100000000000000e+04 2.645500000000000000e+04 2.256300000000000000e+04 4.072600000000000000e+04 1.568820000000000000e+05 2.150720000000000000e+05 3.634400000000000000e+05 1.102628000000000000e+06 1.783490000000000000e+06
2.700000000000000000e+01 2.900000000000000000e+01 1.120000000000000000e+02 2.180000000000000000e+02 4.040000000000000000e+02 9.690000000000000000e+02 1.356000000000000000e+03 2.450000000000000000e+03 5.473000000000000000e+03 7.424000000000000000e+03 1.027100000000000000e+04 1.410200000000000000e+04 1.497700000000000000e+04 1.794200000000000000e+04 4.216800000000000000e+04 6.198500000000000000e+04 1.226980000000000000e+05 3.445020000000000000e+05 5.712810000000000000e+05
1.000000000000000000e+00 0.000000000000000000e+00 0.000000000000000000e+00 1.800000000000000000e+01 3.400000000000000000e+01 4.000000000000000000e+00 1.000000000000000000e+01 4.000000000000000000e+00 3.800000000000000000e+01 8.000000000000000000e+01 2.100000000000000000e+01 9.700000000000000000e+01 9.900000000000000000e+01 1.470000000000000000e+02 6.180000000000000000e+02 9.680000000000000000e+02 1.493000000000000000e+03 4.638000000000000000e+03 5.948000000000000000e+03
4.000000000000000000e+01 4.900000000000000000e+01 1.830000000000000000e+02 2.860000000000000000e+02 4.780000000000000000e+02 1.145000000000000000e+03 1.417000000000000000e+03 2.202000000000000000e+03 5.168000000000000000e+03 5.593000000000000000e+03 6.415000000000000000e+03 1.300600000000000000e+04 9.574000000000000000e+03 1.949400000000000000e+04 6.701500000000000000e+04 9.634500000000000000e+04 1.543870000000000000e+05 5.678190000000000000e+05 1.197362000000000000e+06
3.940000000000000000e+02 2.550000000000000000e+02 3.890000000000000000e+02 4.380000000000000000e+02 7.190000000000000000e+02 1.605000000000000000e+03 2.430000000000000000e+03 3.937000000000000000e+03 8.880000000000000000e+03 1.124700000000000000e+04 1.589700000000000000e+04 3.059500000000000000e+04 3.813500000000000000e+04 7.202200000000000000e+04 1.626130000000000000e+05 1.271490000000000000e+05 3.239460000000000000e+05 6.000600000000000000e+05 1.238729000000000000e+06
1.580000000000000000e+02 3.700000000000000000e+01 7.600000000000000000e+01 1.500000000000000000e+02 2.520000000000000000e+02 8.080000000000000000e+02 9.600000000000000000e+02 1.660000000000000000e+03 3.282000000000000000e+03 3.927000000000000000e+03 4.323000000000000000e+03 9.892000000000000000e+03 9.780000000000000000e+03 1.720200000000000000e+04 2.609400000000000000e+04 5.020500000000000000e+04 7.849000000000000000e+04 2.593440000000000000e+05 2.462930000000000000e+05
1.700000000000000000e+01 3.000000000000000000e+00 2.000000000000000000e+01 1.700000000000000000e+01 6.300000000000000000e+01 1.890000000000000000e+02 2.810000000000000000e+02 4.600000000000000000e+02 1.233000000000000000e+03 1.314000000000000000e+03 1.868000000000000000e+03 3.035000000000000000e+03 4.425000000000000000e+03 6.430000000000000000e+03 1.331700000000000000e+04 1.512000000000000000e+04 3.578200000000000000e+04 8.841300000000000000e+04 1.154450000000000000e+05
3.700000000000000000e+01 6.100000000000000000e+01 2.210000000000000000e+02 3.720000000000000000e+02 5.940000000000000000e+02 1.289000000000000000e+03 1.988000000000000000e+03 3.288000000000000000e+03 7.322000000000000000e+03 7.079000000000000000e+03 8.395000000000000000e+03 1.679500000000000000e+04 1.497600000000000000e+04 2.645200000000000000e+04 8.153800000000000000e+04 1.172450000000000000e+05 2.097080000000000000e+05 6.188250000000000000e+05 1.064152000000000000e+06
6.800000000000000000e+01 6.900000000000000000e+01 1.920000000000000000e+02 2.110000000000000000e+02 3.040000000000000000e+02 8.470000000000000000e+02 1.145000000000000000e+03 2.028000000000000000e+03 4.554000000000000000e+03 5.819000000000000000e+03 7.635000000000000000e+03 1.290300000000000000e+04 1.372000000000000000e+04 2.635800000000000000e+04 6.233600000000000000e+04 9.486600000000000000e+04 1.519030000000000000e+05 4.873720000000000000e+05 6.742920000000000000e+05
1.198000000000000000e+03 7.030000000000000000e+02 1.155000000000000000e+03 1.318000000000000000e+03 1.623000000000000000e+03 3.660000000000000000e+03 4.619000000000000000e+03 8.330000000000000000e+03 2.038700000000000000e+04 1.750900000000000000e+04 2.966500000000000000e+04 3.114600000000000000e+04 5.997600000000000000e+04 7.052400000000000000e+04 2.166000000000000000e+05 3.026620000000000000e+05 2.950360000000000000e+05 8.058780000000000000e+05 9.912760000000000000e+05
2.700000000000000000e+01 1.400000000000000000e+01 5.500000000000000000e+01 6.600000000000000000e+01 1.360000000000000000e+02 2.870000000000000000e+02 4.220000000000000000e+02 7.520000000000000000e+02 1.753000000000000000e+03 2.277000000000000000e+03 2.708000000000000000e+03 3.893000000000000000e+03 5.279000000000000000e+03 8.402000000000000000e+03 2.104700000000000000e+04 2.832800000000000000e+04 5.394100000000000000e+04 8.301700000000000000e+04 1.310140000000000000e+05
1.590000000000000000e+02 1.770000000000000000e+02 3.880000000000000000e+02 4.410000000000000000e+02 6.500000000000000000e+02 1.488000000000000000e+03 1.759000000000000000e+03 2.536000000000000000e+03 5.222000000000000000e+03 4.065000000000000000e+03 9.606000000000000000e+03 1.079200000000000000e+04 1.032300000000000000e+04 1.709900000000000000e+04 5.506800000000000000e+04 8.650800000000000000e+04 1.193830000000000000e+05 3.359960000000000000e+05 8.225650000000000000e+05
4.410000000000000000e+02 2.380000000000000000e+02 3.470000000000000000e+02 4.460000000000000000e+02 6.450000000000000000e+02 2.181000000000000000e+03 1.890000000000000000e+03 3.370000000000000000e+03 8.987000000000000000e+03 7.977000000000000000e+03 1.676500000000000000e+04 3.250200000000000000e+04 2.422700000000000000e+04 3.390500000000000000e+04 7.779000000000000000e+04 9.780400000000000000e+04 2.872620000000000000e+05 8.011170000000000000e+05 1.065088000000000000e+06
3.800000000000000000e+01 5.900000000000000000e+01 1.960000000000000000e+02 3.180000000000000000e+02 5.430000000000000000e+02 1.366000000000000000e+03 1.873000000000000000e+03 3.091000000000000000e+03 5.837000000000000000e+03 6.252000000000000000e+03 9.946000000000000000e+03 1.248400000000000000e+04 1.270900000000000000e+04 2.621100000000000000e+04 7.167100000000000000e+04 9.305100000000000000e+04 1.707760000000000000e+05 4.950960000000000000e+05 8.123350000000000000e+05
6.900000000000000000e+01 6.800000000000000000e+01 2.830000000000000000e+02 4.470000000000000000e+02 6.720000000000000000e+02 1.534000000000000000e+03 1.754000000000000000e+03 3.577000000000000000e+03 4.970000000000000000e+03 5.334000000000000000e+03 7.027000000000000000e+03 1.325000000000000000e+04 6.251000000000000000e+03 1.915800000000000000e+04 4.291600000000000000e+04 7.310200000000000000e+04 1.592870000000000000e+05 4.100170000000000000e+05 7.590880000000000000e+05
1.217000000000000000e+03 2.140000000000000000e+02 4.240000000000000000e+02 6.730000000000000000e+02 1.034000000000000000e+03 2.484000000000000000e+03 3.301000000000000000e+03 6.382000000000000000e+03 1.433500000000000000e+04 1.037600000000000000e+04 1.145300000000000000e+04 1.956200000000000000e+04 2.089800000000000000e+04 4.039200000000000000e+04 1.001760000000000000e+05 1.328640000000000000e+05 3.144580000000000000e+05 8.218610000000000000e+05 1.852704000000000000e+06
5.460000000000000000e+02 4.140000000000000000e+02 6.520000000000000000e+02 6.590000000000000000e+02 9.630000000000000000e+02 2.104000000000000000e+03 3.118000000000000000e+03 5.351000000000000000e+03 1.120300000000000000e+04 1.175500000000000000e+04 1.778600000000000000e+04 3.638100000000000000e+04 3.830600000000000000e+04 6.995900000000000000e+04 1.512340000000000000e+05 2.292820000000000000e+05 3.206640000000000000e+05 9.235640000000000000e+05 4.903690000000000000e+05
1.468000000000000000e+03 1.327000000000000000e+03 2.457000000000000000e+03 1.634000000000000000e+03 1.508000000000000000e+03 5.222000000000000000e+03 5.392000000000000000e+03 5.531000000000000000e+03 1.095500000000000000e+04 1.221900000000000000e+04 1.427500000000000000e+04 1.777900000000000000e+04 2.763600000000000000e+04 5.179200000000000000e+04 1.226650000000000000e+05 1.891310000000000000e+05 3.385190000000000000e+05 1.133433000000000000e+06 1.636322000000000000e+06
1.080000000000000000e+02 1.220000000000000000e+02 3.170000000000000000e+02 4.410000000000000000e+02 5.500000000000000000e+02 1.392000000000000000e+03 1.579000000000000000e+03 2.616000000000000000e+03 5.548000000000000000e+03 7.674000000000000000e+03 9.721000000000000000e+03 1.457800000000000000e+04 1.706900000000000000e+04 2.752300000000000000e+04 7.186200000000000000e+04 1.049960000000000000e+05 2.128380000000000000e+05 4.103750000000000000e+05 9.360640000000000000e+05
1.610000000000000000e+02 9.600000000000000000e+01 2.320000000000000000e+02 2.300000000000000000e+02 3.350000000000000000e+02 8.180000000000000000e+02 1.073000000000000000e+03 2.166000000000000000e+03 4.704000000000000000e+03 5.165000000000000000e+03 5.120000000000000000e+03 1.096600000000000000e+04 9.647000000000000000e+03 1.431900000000000000e+04 5.540900000000000000e+04 7.383300000000000000e+04 1.367600000000000000e+05 4.481050000000000000e+05 9.009110000000000000e+05
1.330000000000000000e+02 9.700000000000000000e+01 2.840000000000000000e+02 4.610000000000000000e+02 6.930000000000000000e+02 1.552000000000000000e+03 2.229000000000000000e+03 3.543000000000000000e+03 7.809000000000000000e+03 7.952000000000000000e+03 1.000700000000000000e+04 2.046800000000000000e+04 2.692500000000000000e+04 3.203800000000000000e+04 1.027890000000000000e+05 1.322960000000000000e+05 2.856580000000000000e+05 8.160040000000000000e+05 1.333571000000000000e+06
1.380000000000000000e+02 9.700000000000000000e+01 1.020000000000000000e+02 1.070000000000000000e+02 2.040000000000000000e+02 5.680000000000000000e+02 8.410000000000000000e+02 1.128000000000000000e+03 2.083000000000000000e+03 2.750000000000000000e+03 3.658000000000000000e+03 7.388000000000000000e+03 1.108200000000000000e+04 1.511100000000000000e+04 3.039100000000000000e+04 5.244500000000000000e+04 8.463200000000000000e+04 3.180510000000000000e+05 5.883250000000000000e+05
2.130000000000000000e+02 2.230000000000000000e+02 4.790000000000000000e+02 3.730000000000000000e+02 5.930000000000000000e+02 1.168000000000000000e+03 1.751000000000000000e+03 2.847000000000000000e+03 7.204000000000000000e+03 6.411000000000000000e+03 8.470000000000000000e+03 7.490000000000000000e+03 1.901700000000000000e+04 2.318300000000000000e+04 5.266200000000000000e+04 7.032400000000000000e+04 1.357530000000000000e+05 3.116940000000000000e+05 4.541530000000000000e+05
1.570000000000000000e+02 1.150000000000000000e+02 1.650000000000000000e+02 1.040000000000000000e+02 2.280000000000000000e+02 6.080000000000000000e+02 8.190000000000000000e+02 8.890000000000000000e+02 2.021000000000000000e+03 2.079000000000000000e+03 3.290000000000000000e+03 6.999000000000000000e+03 1.050300000000000000e+04 1.786700000000000000e+04 3.439800000000000000e+04 5.526600000000000000e+04 1.016900000000000000e+05 3.351640000000000000e+05 8.016340000000000000e+05
7.800000000000000000e+01 9.800000000000000000e+01 2.380000000000000000e+02 3.480000000000000000e+02 5.560000000000000000e+02 1.272000000000000000e+03 1.690000000000000000e+03 2.831000000000000000e+03 5.938000000000000000e+03 6.587000000000000000e+03 1.173400000000000000e+04 1.988000000000000000e+04 1.602600000000000000e+04 2.235700000000000000e+04 6.958000000000000000e+04 1.120080000000000000e+05 2.237160000000000000e+05 5.693220000000000000e+05 8.773520000000000000e+05
2.410000000000000000e+02 1.840000000000000000e+02 3.900000000000000000e+02 4.870000000000000000e+02 7.540000000000000000e+02 1.645000000000000000e+03 1.711000000000000000e+03 3.059000000000000000e+03 6.768000000000000000e+03 8.265000000000000000e+03 8.947000000000000000e+03 1.431700000000000000e+04 1.531400000000000000e+04 2.407500000000000000e+04 6.843200000000000000e+04 7.229100000000000000e+04 2.381960000000000000e+05 5.282490000000000000e+05 1.193737000000000000e+06
6.000000000000000000e+01 8.600000000000000000e+01 2.090000000000000000e+02 3.660000000000000000e+02 5.710000000000000000e+02 1.469000000000000000e+03 2.248000000000000000e+03 3.885000000000000000e+03 8.566000000000000000e+03 9.225000000000000000e+03 1.236500000000000000e+04 2.830900000000000000e+04 2.457800000000000000e+04 6.027300000000000000e+04 1.080170000000000000e+05 1.650850000000000000e+05 2.430120000000000000e+05 6.980020000000000000e+05 1.274750000000000000e+06
3.000000000000000000e+00 6.000000000000000000e+00 1.700000000000000000e+01 4.000000000000000000e+01 9.200000000000000000e+01 2.380000000000000000e+02 2.520000000000000000e+02 4.330000000000000000e+02 7.250000000000000000e+02 1.182000000000000000e+03 1.409000000000000000e+03 3.441000000000000000e+03 5.376000000000000000e+03 5.711000000000000000e+03 1.798400000000000000e+04 2.414700000000000000e+04 1.039800000000000000e+04 1.142700000000000000e+04 1.474400000000000000e+04
7.250000000000000000e+02 5.170000000000000000e+02 7.560000000000000000e+02 1.008000000000000000e+03 1.525000000000000000e+03 2.959000000000000000e+03 4.711000000000000000e+03 6.756000000000000000e+03 1.216800000000000000e+04 1.383500000000000000e+04 1.992800000000000000e+04 2.427300000000000000e+04 3.024300000000000000e+04 4.545300000000000000e+04 1.195280000000000000e+05 1.824200000000000000e+05 4.637040000000000000e+05 1.418394000000000000e+06 2.414877000000000000e+06
1.279000000000000000e+03 7.460000000000000000e+02 9.510000000000000000e+02 7.180000000000000000e+02 1.114000000000000000e+03 2.611000000000000000e+03 3.255000000000000000e+03 9.078000000000000000e+03 1.045300000000000000e+04 8.556000000000000000e+03 1.466200000000000000e+04 1.948400000000000000e+04 1.941900000000000000e+04 3.730100000000000000e+04 1.096800000000000000e+05 1.770930000000000000e+05 2.641230000000000000e+05 1.060639000000000000e+06 2.877168000000000000e+06
9.340000000000000000e+02 6.710000000000000000e+02 1.119000000000000000e+03 1.327000000000000000e+03 1.863000000000000000e+03 3.936000000000000000e+03 5.302000000000000000e+03 1.028200000000000000e+04 2.043100000000000000e+04 2.138200000000000000e+04 3.495700000000000000e+04 8.008300000000000000e+04 6.379200000000000000e+04 6.655800000000000000e+04 2.264080000000000000e+05 3.685270000000000000e+05 8.926460000000000000e+05 1.610492000000000000e+06 1.690997000000000000e+06
9.100000000000000000e+01 4.800000000000000000e+01 1.220000000000000000e+02 3.600000000000000000e+01 4.000000000000000000e+01 1.110000000000000000e+02 2.400000000000000000e+02 4.910000000000000000e+02 1.241000000000000000e+03 1.744000000000000000e+03 1.155000000000000000e+03 3.060000000000000000e+02 5.820000000000000000e+02 1.981000000000000000e+03 1.481000000000000000e+03 4.045000000000000000e+03 4.145000000000000000e+03 1.598100000000000000e+04 6.803000000000000000e+04
2.904000000000000000e+03 1.160000000000000000e+02 2.540000000000000000e+02 2.940000000000000000e+02 6.130000000000000000e+02 1.460000000000000000e+03 2.117000000000000000e+03 4.190000000000000000e+03 9.492000000000000000e+03 9.166000000000000000e+03 1.232800000000000000e+04 1.012300000000000000e+04 1.480600000000000000e+04 3.657000000000000000e+04 6.185100000000000000e+04 8.305100000000000000e+04 2.195050000000000000e+05 4.659700000000000000e+05 5.470280000000000000e+05
2.310000000000000000e+02 1.730000000000000000e+02 3.720000000000000000e+02 3.880000000000000000e+02 6.050000000000000000e+02 1.487000000000000000e+03 2.245000000000000000e+03 3.440000000000000000e+03 6.730000000000000000e+03 9.056000000000000000e+03 1.114800000000000000e+04 2.074100000000000000e+04 2.886300000000000000e+04 4.346500000000000000e+04 6.950800000000000000e+04 1.773140000000000000e+05 2.711900000000000000e+05 8.835080000000000000e+05 6.991300000000000000e+05
2.000000000000000000e+01 3.800000000000000000e+01 8.500000000000000000e+01 1.420000000000000000e+02 2.450000000000000000e+02 4.980000000000000000e+02 6.840000000000000000e+02 1.200000000000000000e+03 2.547000000000000000e+03 3.505000000000000000e+03 4.828000000000000000e+03 8.480000000000000000e+03 9.489000000000000000e+03 1.598000000000000000e+04 4.034300000000000000e+04 7.828000000000000000e+04 1.038960000000000000e+05 6.842100000000000000e+04 3.661100000000000000e+04
0.000000000000000000e+00 0.000000000000000000e+00 0.000000000000000000e+00 3.800000000000000000e+01 1.500000000000000000e+01 2.700000000000000000e+01 6.000000000000000000e+00 2.000000000000000000e+01 4.200000000000000000e+01 7.000000000000000000e+01 1.260000000000000000e+02 8.500000000000000000e+01 3.900000000000000000e+01 2.470000000000000000e+02 4.310000000000000000e+02 5.530000000000000000e+02 2.308000000000000000e+03 5.231000000000000000e+03 7.797000000000000000e+03
4.600000000000000000e+01 9.000000000000000000e+01 2.360000000000000000e+02 4.060000000000000000e+02 6.810000000000000000e+02 1.681000000000000000e+03 2.263000000000000000e+03 3.784000000000000000e+03 7.393000000000000000e+03 8.678000000000000000e+03 8.514000000000000000e+03 7.870000000000000000e+03 1.190300000000000000e+04 1.664400000000000000e+04 5.604000000000000000e+04 7.131800000000000000e+04 1.233580000000000000e+05 3.450810000000000000e+05 4.697440000000000000e+05
1.330000000000000000e+02 1.350000000000000000e+02 2.310000000000000000e+02 2.550000000000000000e+02 3.640000000000000000e+02 1.045000000000000000e+03 1.491000000000000000e+03 2.688000000000000000e+03 4.323000000000000000e+03 3.953000000000000000e+03 5.164000000000000000e+03 1.529600000000000000e+04 1.632900000000000000e+04 3.120500000000000000e+04 4.930600000000000000e+04 6.715200000000000000e+04 9.802700000000000000e+04 2.805850000000000000e+05 5.556520000000000000e+05
5.800000000000000000e+01 5.600000000000000000e+01 9.200000000000000000e+01 1.020000000000000000e+02 1.830000000000000000e+02 4.460000000000000000e+02 6.740000000000000000e+02 1.131000000000000000e+03 2.385000000000000000e+03 2.735000000000000000e+03 3.956000000000000000e+03 8.996000000000000000e+03 7.504000000000000000e+03 1.624400000000000000e+04 4.472700000000000000e+04 4.633800000000000000e+04 5.480900000000000000e+04 9.399900000000000000e+04 4.051550000000000000e+05
5.800000000000000000e+01 4.900000000000000000e+01 1.700000000000000000e+02 2.010000000000000000e+02 3.260000000000000000e+02 9.010000000000000000e+02 1.206000000000000000e+03 1.984000000000000000e+03 4.291000000000000000e+03 4.900000000000000000e+03 6.121000000000000000e+03 1.163600000000000000e+04 1.703800000000000000e+04 2.029700000000000000e+04 6.589600000000000000e+04 8.404700000000000000e+04 1.059740000000000000e+05 3.638540000000000000e+05 4.497790000000000000e+05
1.100000000000000000e+01 2.500000000000000000e+01 6.800000000000000000e+01 1.150000000000000000e+02 2.130000000000000000e+02 5.400000000000000000e+02 7.290000000000000000e+02 1.182000000000000000e+03 2.385000000000000000e+03 2.493000000000000000e+03 2.604000000000000000e+03 6.116000000000000000e+03 3.647000000000000000e+03 7.773000000000000000e+03 1.803100000000000000e+04 2.771100000000000000e+04 3.279400000000000000e+04 1.123990000000000000e+05 1.033440000000000000e+05
6.000000000000000000e+00 1.600000000000000000e+01 1.470000000000000000e+02 3.320000000000000000e+02 6.840000000000000000e+02 1.939000000000000000e+03 2.396000000000000000e+03 4.182000000000000000e+03 9.613000000000000000e+03 1.128300000000000000e+04 1.532900000000000000e+04 1.831500000000000000e+04 1.534600000000000000e+04 2.991700000000000000e+04 1.034820000000000000e+05 1.175500000000000000e+05 2.374130000000000000e+05 7.563150000000000000e+05 1.364340000000000000e+06
2.700000000000000000e+01 2.900000000000000000e+01 1.000000000000000000e+02 1.100000000000000000e+02 1.950000000000000000e+02 4.190000000000000000e+02 4.870000000000000000e+02 9.480000000000000000e+02 2.213000000000000000e+03 2.561000000000000000e+03 3.854000000000000000e+03 3.944000000000000000e+03 3.803000000000000000e+03 4.604000000000000000e+03 1.955600000000000000e+04 2.880800000000000000e+04 3.655700000000000000e+04 1.341030000000000000e+05 2.110880000000000000e+05
1.330000000000000000e+02 4.700000000000000000e+01 1.110000000000000000e+02 1.750000000000000000e+02 2.810000000000000000e+02 7.300000000000000000e+02 1.007000000000000000e+03 1.626000000000000000e+03 3.347000000000000000e+03 3.313000000000000000e+03 4.736000000000000000e+03 8.025000000000000000e+03 1.380500000000000000e+04 2.113100000000000000e+04 3.829000000000000000e+04 4.581000000000000000e+04 9.078000000000000000e+04 3.300640000000000000e+05 6.182190000000000000e+05
1.700000000000000000e+01 3.300000000000000000e+01 9.500000000000000000e+01 3.910000000000000000e+02 7.860000000000000000e+02 1.857000000000000000e+03 2.183000000000000000e+03 3.014000000000000000e+03 6.861000000000000000e+03 8.608000000000000000e+03 1.169500000000000000e+04 2.266500000000000000e+04 1.977500000000000000e+04 2.238600000000000000e+04 6.174400000000000000e+04 8.170100000000000000e+04 1.836880000000000000e+05 3.686000000000000000e+05 3.001530000000000000e+05
0.000000000000000000e+00 3.000000000000000000e+00 1.000000000000000000e+01 1.900000000000000000e+01 6.100000000000000000e+01 1.360000000000000000e+02 2.280000000000000000e+02 3.430000000000000000e+02 6.010000000000000000e+02 7.190000000000000000e+02 6.950000000000000000e+02 2.110000000000000000e+03 2.574000000000000000e+03 3.317000000000000000e+03 6.790000000000000000e+03 7.274000000000000000e+03 2.370900000000000000e+04 5.927900000000000000e+04 5.583800000000000000e+04
5.000000000000000000e+00 1.700000000000000000e+01 3.500000000000000000e+01 5.000000000000000000e+01 8.700000000000000000e+01 2.880000000000000000e+02 3.970000000000000000e+02 6.530000000000000000e+02 1.358000000000000000e+03 1.453000000000000000e+03 1.982000000000000000e+03 4.613000000000000000e+03 5.815000000000000000e+03 6.389000000000000000e+03 1.976900000000000000e+04 3.843800000000000000e+04 5.259200000000000000e+04 1.305760000000000000e+05 7.058720000000000000e+05
4.860000000000000000e+02 3.630000000000000000e+02 8.820000000000000000e+02 1.070000000000000000e+03 1.413000000000000000e+03 2.651000000000000000e+03 3.064000000000000000e+03 5.288000000000000000e+03 9.996000000000000000e+03 1.146900000000000000e+04 1.654000000000000000e+04 4.534600000000000000e+04 3.860600000000000000e+04 5.297100000000000000e+04 1.640480000000000000e+05 2.809050000000000000e+05 2.601320000000000000e+05 6.557060000000000000e+05 4.616240000000000000e+05
1.800000000000000000e+01 1.300000000000000000e+01 3.800000000000000000e+01 9.900000000000000000e+01 1.910000000000000000e+02 6.050000000000000000e+02 8.930000000000000000e+02 1.483000000000000000e+03 3.226000000000000000e+03 3.201000000000000000e+03 4.704000000000000000e+03 7.747000000000000000e+03 1.137800000000000000e+04 1.498300000000000000e+04 4.265800000000000000e+04 5.825100000000000000e+04 7.494000000000000000e+04 2.393790000000000000e+05 4.199430000000000000e+05
5.900000000000000000e+01 7.800000000000000000e+01 1.760000000000000000e+02 2.250000000000000000e+02 4.370000000000000000e+02 1.086000000000000000e+03 1.590000000000000000e+03 2.268000000000000000e+03 4.670000000000000000e+03 4.255000000000000000e+03 6.581000000000000000e+03 9.928000000000000000e+03 8.428000000000000000e+03 1.510400000000000000e+04 3.391400000000000000e+04 5.732100000000000000e+04 1.116560000000000000e+05 1.897120000000000000e+05 2.819130000000000000e+05
4.810000000000000000e+02 4.080000000000000000e+02 7.650000000000000000e+02 9.910000000000000000e+02 1.428000000000000000e+03 2.902000000000000000e+03 3.670000000000000000e+03 5.681000000000000000e+03 9.981000000000000000e+03 1.301600000000000000e+04 9.913000000000000000e+03 2.507100000000000000e+04 2.955700000000000000e+04 4.695900000000000000e+04 1.217440000000000000e+05 2.050860000000000000e+05 4.443230000000000000e+05 1.555423000000000000e+06 2.380016000000000000e+06
2.310000000000000000e+02 2.140000000000000000e+02 5.160000000000000000e+02 8.500000000000000000e+02 1.172000000000000000e+03 2.681000000000000000e+03 3.075000000000000000e+03 5.793000000000000000e+03 1.135700000000000000e+04 1.419800000000000000e+04 9.778000000000000000e+03 1.250900000000000000e+04 1.818200000000000000e+04 3.232100000000000000e+04 1.099370000000000000e+05 1.592090000000000000e+05 2.804000000000000000e+05 5.538450000000000000e+05 1.166930000000000000e+06
3.800000000000000000e+02 1.410000000000000000e+02 3.150000000000000000e+02 3.620000000000000000e+02 6.220000000000000000e+02 1.824000000000000000e+03 2.333000000000000000e+03 4.250000000000000000e+03 8.200000000000000000e+03 1.054300000000000000e+04 1.227400000000000000e+04 1.992300000000000000e+04 1.695300000000000000e+04 3.222900000000000000e+04 8.051600000000000000e+04 1.204780000000000000e+05 2.723830000000000000e+05 7.152430000000000000e+05 1.068058000000000000e+06
2.420000000000000000e+02 1.310000000000000000e+02 2.510000000000000000e+02 1.920000000000000000e+02 2.310000000000000000e+02 6.840000000000000000e+02 1.288000000000000000e+03 1.649000000000000000e+03 4.217000000000000000e+03 5.317000000000000000e+03 8.897000000000000000e+03 8.978000000000000000e+03 1.162300000000000000e+04 1.028400000000000000e+04 2.574400000000000000e+04 3.138700000000000000e+04 7.736100000000000000e+04 2.089290000000000000e+05 4.157410000000000000e+05
5.000000000000000000e+00 2.200000000000000000e+01 6.400000000000000000e+01 1.050000000000000000e+02 2.080000000000000000e+02 4.860000000000000000e+02 6.890000000000000000e+02 1.033000000000000000e+03 1.940000000000000000e+03 2.245000000000000000e+03 3.767000000000000000e+03 7.367000000000000000e+03 3.728000000000000000e+03 3.295000000000000000e+03 8.347000000000000000e+03 1.706400000000000000e+04 3.452400000000000000e+04 9.772900000000000000e+04 6.731100000000000000e+04
4.000000000000000000e+00 1.400000000000000000e+01 7.500000000000000000e+01 1.710000000000000000e+02 3.290000000000000000e+02 8.880000000000000000e+02 9.070000000000000000e+02 1.448000000000000000e+03 2.139000000000000000e+03 2.129000000000000000e+03 2.517000000000000000e+03 4.314000000000000000e+03 2.259000000000000000e+03 4.969000000000000000e+03 1.644400000000000000e+04 2.066000000000000000e+04 4.765300000000000000e+04 1.254490000000000000e+05 1.597260000000000000e+05
3.270000000000000000e+02 2.570000000000000000e+02 6.080000000000000000e+02 6.550000000000000000e+02 9.040000000000000000e+02 1.826000000000000000e+03 3.440000000000000000e+03 5.366000000000000000e+03 1.044700000000000000e+04 7.737000000000000000e+03 8.682000000000000000e+03 1.383700000000000000e+04 2.201000000000000000e+04 3.696600000000000000e+04 8.442000000000000000e+04 8.647300000000000000e+04 1.107470000000000000e+05 4.031120000000000000e+05 8.274970000000000000e+05
9.310000000000000000e+02 3.460000000000000000e+02 6.360000000000000000e+02 6.350000000000000000e+02 1.053000000000000000e+03 2.273000000000000000e+03 2.614000000000000000e+03 5.428000000000000000e+03 9.660000000000000000e+03 1.060900000000000000e+04 1.929100000000000000e+04 3.612600000000000000e+04 4.085000000000000000e+04 1.866000000000000000e+04 4.921100000000000000e+04 1.101780000000000000e+05 1.963640000000000000e+05 3.560340000000000000e+05 4.397270000000000000e+05
5.600000000000000000e+02 3.310000000000000000e+02 3.600000000000000000e+02 3.960000000000000000e+02 7.780000000000000000e+02 1.947000000000000000e+03 3.134000000000000000e+03 4.652000000000000000e+03 8.980000000000000000e+03 8.958000000000000000e+03 1.039300000000000000e+04 1.802600000000000000e+04 2.589800000000000000e+04 4.432500000000000000e+04 1.006720000000000000e+05 1.497420000000000000e+05 3.450280000000000000e+05 7.568770000000000000e+05 1.031799000000000000e+06
3.300000000000000000e+01 6.100000000000000000e+01 1.750000000000000000e+02 2.430000000000000000e+02 4.000000000000000000e+02 1.030000000000000000e+03 1.369000000000000000e+03 2.406000000000000000e+03 4.644000000000000000e+03 4.137000000000000000e+03 7.816000000000000000e+03 1.378300000000000000e+04 1.202600000000000000e+04 1.508400000000000000e+04 6.789400000000000000e+04 8.256300000000000000e+04 1.086720000000000000e+05 4.227770000000000000e+05 6.864430000000000000e+05
0.000000000000000000e+00 2.000000000000000000e+00 1.200000000000000000e+01 2.500000000000000000e+01 4.400000000000000000e+01 1.130000000000000000e+02 1.480000000000000000e+02 2.010000000000000000e+02 5.490000000000000000e+02 3.120000000000000000e+02 1.920000000000000000e+02 3.590000000000000000e+02 8.010000000000000000e+02 8.220000000000000000e+02 2.848000000000000000e+03 4.715000000000000000e+03 6.361000000000000000e+03 8.477000000000000000e+03 1.986300000000000000e+04
5.800000000000000000e+01 7.200000000000000000e+01 2.050000000000000000e+02 3.010000000000000000e+02 5.680000000000000000e+02 1.336000000000000000e+03 1.844000000000000000e+03 3.143000000000000000e+03 6.554000000000000000e+03 8.194000000000000000e+03 8.932000000000000000e+03 1.683300000000000000e+04 1.332600000000000000e+04 1.507100000000000000e+04 5.548900000000000000e+04 6.610500000000000000e+04 1.700840000000000000e+05 4.923720000000000000e+05 6.467510000000000000e+05
7.700000000000000000e+01 8.800000000000000000e+01 2.540000000000000000e+02 4.020000000000000000e+02 6.960000000000000000e+02 1.484000000000000000e+03 1.729000000000000000e+03 3.376000000000000000e+03 9.396000000000000000e+03 1.000000000000000000e+04 9.682000000000000000e+03 1.949600000000000000e+04 1.584600000000000000e+04 1.630700000000000000e+04 4.649100000000000000e+04 4.316200000000000000e+04 1.488720000000000000e+05 3.215950000000000000e+05 5.808210000000000000e+05
2.400000000000000000e+01 4.100000000000000000e+01 1.400000000000000000e+02 2.170000000000000000e+02 3.670000000000000000e+02 1.026000000000000000e+03 1.369000000000000000e+03 2.064000000000000000e+03 4.683000000000000000e+03 5.115000000000000000e+03 7.015000000000000000e+03 1.334600000000000000e+04 1.940400000000000000e+04 3.484200000000000000e+04 8.883400000000000000e+04 5.989600000000000000e+04 1.125680000000000000e+05 2.473050000000000000e+05 3.199940000000000000e+05
