5.891000000000000000e+03 6.180000000000000000e+02 1.601000000000000000e+03 2.127000000000000000e+03 3.253000000000000000e+03 8.297000000000000000e+03 1.217900000000000000e+04 2.075600000000000000e+04 4.665600000000000000e+04 5.567000000000000000e+04 7.609500000000000000e+04 1.473850000000000000e+05 1.814090000000000000e+05 3.092850000000000000e+05 1.012298000000000000e+06 1.596037000000000000e+06 3.352993000000000000e+06 1.069544300000000000e+07 2.076377100000000000e+07
2.573000000000000000e+03 1.776000000000000000e+03 2.477000000000000000e+03 2.743000000000000000e+03 4.625000000000000000e+03 1.182800000000000000e+04 1.575900000000000000e+04 2.444500000000000000e+04 5.522300000000000000e+04 6.282200000000000000e+04 8.175200000000000000e+04 1.824180000000000000e+05 2.361350000000000000e+05 4.502700000000000000e+05 1.286242000000000000e+06 2.197027000000000000e+06 4.701164000000000000e+06 1.503283100000000000e+07 2.893376500000000000e+07
4.498000000000000000e+03 2.482000000000000000e+03 4.287000000000000000e+03 4.353000000000000000e+03 6.215000000000000000e+03 1.441700000000000000e+04 2.324200000000000000e+04 3.921900000000000000e+04 8.411900000000000000e+04 9.487800000000000000e+04 1.326200000000000000e+05 3.094270000000000000e+05 3.394040000000000000e+05 6.929930000000000000e+05 2.162359000000000000e+06 3.107186000000000000e+06 6.138890000000000000e+06 1.873331400000000000e+07 3.052327500000000000e+07
4.318000000000000000e+03 3.206000000000000000e+03 5.034000000000000000e+03 4.625000000000000000e+03 6.464000000000000000e+03 1.445600000000000000e+04 2.171100000000000000e+04 3.467800000000000000e+04 7.600900000000000000e+04 7.930700000000000000e+04 1.122940000000000000e+05 2.494910000000000000e+05 3.326050000000000000e+05 6.797110000000000000e+05 1.872595000000000000e+06 3.450825000000000000e+06 6.859231000000000000e+06 2.255090700000000000e+07 4.187500200000000000e+07
4.568000000000000000e+03 1.882000000000000000e+03 4.043000000000000000e+03 4.371000000000000000e+03 5.723000000000000000e+03 1.319300000000000000e+04 2.103900000000000000e+04 3.550100000000000000e+04 8.422800000000000000e+04 1.000300000000000000e+05 1.271120000000000000e+05 2.652040000000000000e+05 3.344390000000000000e+05 7.201460000000000000e+05 1.916533000000000000e+06 3.500010000000000000e+06 5.944606000000000000e+06 2.080474500000000000e+07 3.786030100000000000e+07
5.253000000000000000e+03 3.081000000000000000e+03 4.812000000000000000e+03 4.895000000000000000e+03 7.230000000000000000e+03 1.622500000000000000e+04 2.371900000000000000e+04 3.708000000000000000e+04 8.013100000000000000e+04 9.160500000000000000e+04 1.417780000000000000e+05 2.792010000000000000e+05 3.449290000000000000e+05 6.692480000000000000e+05 1.954169000000000000e+06 3.122523000000000000e+06 5.987880000000000000e+06 1.553325100000000000e+07 1.921383500000000000e+07
4.147000000000000000e+03 1.691000000000000000e+03 2.875000000000000000e+03 3.147000000000000000e+03 3.785000000000000000e+03 9.910000000000000000e+03 1.638500000000000000e+04 2.317300000000000000e+04 4.311100000000000000e+04 5.095600000000000000e+04 7.800100000000000000e+04 1.843480000000000000e+05 2.777320000000000000e+05 3.561860000000000000e+05 9.919330000000000000e+05 1.613642000000000000e+06 2.778784000000000000e+06 8.375028000000000000e+06 1.737823500000000000e+07
6.268000000000000000e+03 3.527000000000000000e+03 4.910000000000000000e+03 5.708000000000000000e+03 8.253000000000000000e+03 1.978100000000000000e+04 2.914400000000000000e+04 5.224100000000000000e+04 1.098420000000000000e+05 1.352980000000000000e+05 1.940100000000000000e+05 3.546750000000000000e+05 4.471910000000000000e+05 7.821190000000000000e+05 2.073578000000000000e+06 3.695092000000000000e+06 7.483708000000000000e+06 2.769930400000000000e+07 5.824437900000000000e+07
1.367900000000000000e+04 4.469000000000000000e+03 7.171000000000000000e+03 6.370000000000000000e+03 8.002000000000000000e+03 2.240000000000000000e+04 3.177100000000000000e+04 5.083600000000000000e+04 1.107860000000000000e+05 1.372380000000000000e+05 2.022480000000000000e+05 5.039480000000000000e+05 6.540210000000000000e+05 9.264880000000000000e+05 2.836671000000000000e+06 5.239207000000000000e+06 9.608871000000000000e+06 2.611391100000000000e+07 3.131277200000000000e+07
6.160000000000000000e+03 3.836000000000000000e+03 5.472000000000000000e+03 4.428000000000000000e+03 5.877000000000000000e+03 1.534200000000000000e+04 2.235700000000000000e+04 4.255300000000000000e+04 8.537100000000000000e+04 1.006970000000000000e+05 1.614380000000000000e+05 3.581610000000000000e+05 3.869920000000000000e+05 7.097410000000000000e+05 2.361882000000000000e+06 3.686496000000000000e+06 7.418197000000000000e+06 2.407432000000000000e+07 4.143135000000000000e+07
1.920000000000000000e+03 1.546000000000000000e+03 3.117000000000000000e+03 3.839000000000000000e+03 5.874000000000000000e+03 1.422000000000000000e+04 2.182200000000000000e+04 3.449900000000000000e+04 7.441700000000000000e+04 9.308500000000000000e+04 1.187300000000000000e+05 2.527470000000000000e+05 2.894710000000000000e+05 6.134350000000000000e+05 1.526551000000000000e+06 2.513007000000000000e+06 4.809753000000000000e+06 1.309123400000000000e+07 1.920479300000000000e+07
1.514600000000000000e+04 2.540000000000000000e+03 4.218000000000000000e+03 4.717000000000000000e+03 6.798000000000000000e+03 1.959500000000000000e+04 3.013000000000000000e+04 4.667300000000000000e+04 1.005530000000000000e+05 1.126300000000000000e+05 1.506000000000000000e+05 3.080370000000000000e+05 3.414840000000000000e+05 6.902420000000000000e+05 2.054077000000000000e+06 3.327061000000000000e+06 6.018882000000000000e+06 1.600153900000000000e+07 3.362321800000000000e+07
6.922000000000000000e+03 1.492000000000000000e+03 2.514000000000000000e+03 3.131000000000000000e+03 4.842000000000000000e+03 1.174300000000000000e+04 1.762300000000000000e+04 3.268700000000000000e+04 6.533800000000000000e+04 7.628300000000000000e+04 9.727300000000000000e+04 2.299210000000000000e+05 3.281220000000000000e+05 6.053960000000000000e+05 1.623029000000000000e+06 2.765729000000000000e+06 5.363302000000000000e+06 1.681474200000000000e+07 3.497677400000000000e+07
7.680000000000000000e+02 6.020000000000000000e+02 1.763000000000000000e+03 2.823000000000000000e+03 5.092000000000000000e+03 1.324600000000000000e+04 1.887300000000000000e+04 3.508300000000000000e+04 8.736100000000000000e+04 1.144590000000000000e+05 1.746310000000000000e+05 3.546690000000000000e+05 4.478490000000000000e+05 8.976710000000000000e+05 2.249732000000000000e+06 4.097803000000000000e+06 8.286182000000000000e+06 2.690409600000000000e+07 4.534255900000000000e+07
2.008000000000000000e+03 1.152000000000000000e+03 2.101000000000000000e+03 2.599000000000000000e+03 4.122000000000000000e+03 1.037700000000000000e+04 1.569400000000000000e+04 2.958300000000000000e+04 6.984000000000000000e+04 8.613100000000000000e+04 1.290700000000000000e+05 2.915790000000000000e+05 3.896030000000000000e+05 7.321570000000000000e+05 1.829446000000000000e+06 2.620099000000000000e+06 6.153709000000000000e+06 1.657639200000000000e+07 2.881095000000000000e+07
5.420000000000000000e+03 2.621000000000000000e+03 4.444000000000000000e+03 4.219000000000000000e+03 6.189000000000000000e+03 1.458200000000000000e+04 2.226100000000000000e+04 3.674000000000000000e+04 9.231300000000000000e+04 1.019500000000000000e+05 1.511990000000000000e+05 3.863650000000000000e+05 4.173540000000000000e+05 7.821150000000000000e+05 2.057586000000000000e+06 3.152301000000000000e+06 5.515417000000000000e+06 1.544351100000000000e+07 1.860558100000000000e+07
8.459000000000000000e+03 2.720000000000000000e+03 3.502000000000000000e+03 2.907000000000000000e+03 4.348000000000000000e+03 1.428400000000000000e+04 2.015700000000000000e+04 3.102500000000000000e+04 7.029200000000000000e+04 7.823500000000000000e+04 9.885900000000000000e+04 2.261610000000000000e+05 3.339420000000000000e+05 5.790200000000000000e+05 1.695675000000000000e+06 2.970676000000000000e+06 5.935012000000000000e+06 1.501969900000000000e+07 2.818665200000000000e+07
8.411000000000000000e+03 3.607000000000000000e+03 4.836000000000000000e+03 4.768000000000000000e+03 6.613000000000000000e+03 1.896500000000000000e+04 2.792200000000000000e+04 4.611500000000000000e+04 9.770200000000000000e+04 1.185660000000000000e+05 1.675300000000000000e+05 3.649200000000000000e+05 4.685030000000000000e+05 8.237160000000000000e+05 2.566225000000000000e+06 4.024942000000000000e+06 7.809530000000000000e+06 2.290957300000000000e+07 4.379322200000000000e+07
3.353000000000000000e+03 2.747000000000000000e+03 5.187000000000000000e+03 4.968000000000000000e+03 6.944000000000000000e+03 1.667000000000000000e+04 2.496500000000000000e+04 3.975500000000000000e+04 9.026600000000000000e+04 9.967100000000000000e+04 1.367850000000000000e+05 3.160770000000000000e+05 4.176260000000000000e+05 7.880610000000000000e+05 2.400845000000000000e+06 3.840691000000000000e+06 7.560764000000000000e+06 2.351582300000000000e+07 4.580160500000000000e+07
6.389000000000000000e+03 4.264000000000000000e+03 5.611000000000000000e+03 4.236000000000000000e+03 5.519000000000000000e+03 1.381500000000000000e+04 2.117200000000000000e+04 3.797600000000000000e+04 7.746700000000000000e+04 9.026100000000000000e+04 1.330690000000000000e+05 2.479870000000000000e+05 3.903950000000000000e+05 6.575660000000000000e+05 2.128986000000000000e+06 3.463899000000000000e+06 6.747636000000000000e+06 2.056817000000000000e+07 3.545076900000000000e+07
1.244100000000000000e+04 5.016000000000000000e+03 6.600000000000000000e+03 5.007000000000000000e+03 6.959000000000000000e+03 1.885500000000000000e+04 2.975700000000000000e+04 5.018300000000000000e+04 1.095030000000000000e+05 1.436780000000000000e+05 2.154830000000000000e+05 4.417770000000000000e+05 5.778450000000000000e+05 8.281350000000000000e+05 2.853732000000000000e+06 4.575227000000000000e+06 8.808449000000000000e+06 2.514323600000000000e+07 3.775835400000000000e+07
5.170000000000000000e+03 3.508000000000000000e+03 4.726000000000000000e+03 4.372000000000000000e+03 6.335000000000000000e+03 1.619700000000000000e+04 2.264200000000000000e+04 4.031300000000000000e+04 9.255900000000000000e+04 1.160440000000000000e+05 1.624950000000000000e+05 3.102250000000000000e+05 4.279690000000000000e+05 6.830040000000000000e+05 2.103812000000000000e+06 3.037286000000000000e+06 6.488119000000000000e+06 1.910071200000000000e+07 3.698590600000000000e+07
7.689000000000000000e+03 2.936000000000000000e+03 3.585000000000000000e+03 4.148000000000000000e+03 6.487000000000000000e+03 1.693200000000000000e+04 2.559800000000000000e+04 3.988100000000000000e+04 8.435900000000000000e+04 8.945500000000000000e+04 1.310100000000000000e+05 2.459450000000000000e+05 3.123570000000000000e+05 6.475660000000000000e+05 1.692489000000000000e+06 2.893823000000000000e+06 5.831207000000000000e+06 1.677522900000000000e+07 2.423737800000000000e+07
1.626000000000000000e+03 1.349000000000000000e+03 2.556000000000000000e+03 3.160000000000000000e+03 5.335000000000000000e+03 1.370700000000000000e+04 2.188100000000000000e+04 3.936700000000000000e+04 9.720600000000000000e+04 1.261210000000000000e+05 1.825180000000000000e+05 2.853400000000000000e+05 3.304600000000000000e+05 5.604410000000000000e+05 1.825208000000000000e+06 2.933862000000000000e+06 6.379143000000000000e+06 1.841111400000000000e+07 3.609001800000000000e+07
1.679000000000000000e+03 1.458000000000000000e+03 2.922000000000000000e+03 3.591000000000000000e+03 5.801000000000000000e+03 1.333100000000000000e+04 2.043100000000000000e+04 3.766200000000000000e+04 7.946900000000000000e+04 9.320600000000000000e+04 1.375460000000000000e+05 3.133030000000000000e+05 3.070870000000000000e+05 5.688120000000000000e+05 1.957329000000000000e+06 3.239449000000000000e+06 6.747901000000000000e+06 2.114184700000000000e+07 4.333207200000000000e+07
5.584000000000000000e+03 2.389000000000000000e+03 4.224000000000000000e+03 4.094000000000000000e+03 5.773000000000000000e+03 1.440300000000000000e+04 2.198100000000000000e+04 3.644700000000000000e+04 7.986600000000000000e+04 9.611200000000000000e+04 1.463990000000000000e+05 3.657590000000000000e+05 5.478600000000000000e+05 8.136960000000000000e+05 2.067711000000000000e+06 3.365767000000000000e+06 6.317317000000000000e+06 1.831961600000000000e+07 2.811295900000000000e+07
7.120000000000000000e+02 6.250000000000000000e+02 1.862000000000000000e+03 2.619000000000000000e+03 4.610000000000000000e+03 1.113300000000000000e+04 1.716000000000000000e+04 2.965400000000000000e+04 6.858200000000000000e+04 7.940800000000000000e+04 1.120130000000000000e+05 2.517750000000000000e+05 3.227520000000000000e+05 6.051870000000000000e+05 1.699547000000000000e+06 2.912867000000000000e+06 5.809553000000000000e+06 1.720409500000000000e+07 3.086263700000000000e+07
1.220300000000000000e+04 4.811000000000000000e+03 7.086000000000000000e+03 6.251000000000000000e+03 7.523000000000000000e+03 2.148900000000000000e+04 3.489700000000000000e+04 5.852400000000000000e+04 1.398760000000000000e+05 1.535850000000000000e+05 2.382430000000000000e+05 5.817490000000000000e+05 9.158660000000000000e+05 1.888877000000000000e+06 5.116140000000000000e+06 7.765246000000000000e+06 1.341230500000000000e+07 1.755388900000000000e+07 1.422423800000000000e+07
1.383500000000000000e+04 4.623000000000000000e+03 7.362000000000000000e+03 5.853000000000000000e+03 8.128000000000000000e+03 2.321700000000000000e+04 3.322200000000000000e+04 6.007300000000000000e+04 1.318720000000000000e+05 1.507600000000000000e+05 2.392790000000000000e+05 5.042790000000000000e+05 6.341670000000000000e+05 1.137845000000000000e+06 3.670995000000000000e+06 5.290075000000000000e+06 1.004292700000000000e+07 2.629898200000000000e+07 4.686145300000000000e+07
8.835000000000000000e+03 3.531000000000000000e+03 4.592000000000000000e+03 4.340000000000000000e+03 6.396000000000000000e+03 1.725200000000000000e+04 2.762300000000000000e+04 4.701100000000000000e+04 9.945700000000000000e+04 1.161210000000000000e+05 1.635320000000000000e+05 2.887710000000000000e+05 4.116860000000000000e+05 7.571980000000000000e+05 2.238100000000000000e+06 3.876938000000000000e+06 7.974229000000000000e+06 2.514339400000000000e+07 4.569550500000000000e+07
4.308000000000000000e+03 2.506000000000000000e+03 4.058000000000000000e+03 4.475000000000000000e+03 7.001000000000000000e+03 1.653700000000000000e+04 2.425800000000000000e+04 4.097100000000000000e+04 7.764000000000000000e+04 8.909100000000000000e+04 1.348430000000000000e+05 3.235100000000000000e+05 3.575790000000000000e+05 6.640920000000000000e+05 1.808284000000000000e+06 3.067525000000000000e+06 6.289184000000000000e+06 2.077932300000000000e+07 4.385371000000000000e+07
1.200300000000000000e+04 4.656000000000000000e+03 6.500000000000000000e+03 6.121000000000000000e+03 8.398000000000000000e+03 2.044400000000000000e+04 3.077300000000000000e+04 5.894900000000000000e+04 1.234500000000000000e+05 1.220560000000000000e+05 1.922290000000000000e+05 5.176440000000000000e+05 6.061450000000000000e+05 1.074026000000000000e+06 3.249472000000000000e+06 5.703108000000000000e+06 1.042122600000000000e+07 2.577490000000000000e+07 3.176746900000000000e+07
3.620000000000000000e+03 1.798000000000000000e+03 3.410000000000000000e+03 3.537000000000000000e+03 5.453000000000000000e+03 1.247700000000000000e+04 1.838700000000000000e+04 3.275300000000000000e+04 6.694300000000000000e+04 7.449600000000000000e+04 8.878000000000000000e+04 1.980880000000000000e+05 2.691460000000000000e+05 4.933620000000000000e+05 1.383395000000000000e+06 2.214842000000000000e+06 4.494315000000000000e+06 1.232758800000000000e+07 1.779968200000000000e+07
2.663000000000000000e+03 1.674000000000000000e+03 3.020000000000000000e+03 3.456000000000000000e+03 5.158000000000000000e+03 1.313000000000000000e+04 1.948400000000000000e+04 3.343200000000000000e+04 7.269700000000000000e+04 8.565600000000000000e+04 1.220740000000000000e+05 2.568520000000000000e+05 3.252410000000000000e+05 5.721160000000000000e+05 1.695347000000000000e+06 2.645456000000000000e+06 5.051133000000000000e+06 1.492957200000000000e+07 3.272428600000000000e+07
2.492000000000000000e+03 1.919000000000000000e+03 3.598000000000000000e+03 3.820000000000000000e+03 5.118000000000000000e+03 1.295800000000000000e+04 1.930500000000000000e+04 3.264200000000000000e+04 7.557200000000000000e+04 8.393900000000000000e+04 1.184290000000000000e+05 2.652940000000000000e+05 3.624800000000000000e+05 5.454520000000000000e+05 1.789818000000000000e+06 2.905576000000000000e+06 5.689944000000000000e+06 1.992902500000000000e+07 3.125516900000000000e+07
1.436200000000000000e+04 6.507000000000000000e+03 5.803000000000000000e+03 6.004000000000000000e+03 8.215000000000000000e+03 2.030700000000000000e+04 2.858700000000000000e+04 5.436900000000000000e+04 1.151730000000000000e+05 1.319010000000000000e+05 2.317800000000000000e+05 3.986220000000000000e+05 4.912550000000000000e+05 1.015776000000000000e+06 2.943858000000000000e+06 4.093049000000000000e+06 7.473293000000000000e+06 1.363668000000000000e+07 1.962510600000000000e+07
3.165900000000000000e+04 4.547000000000000000e+03 5.717000000000000000e+03 5.774000000000000000e+03 8.392000000000000000e+03 2.470300000000000000e+04 3.723700000000000000e+04 5.392900000000000000e+04 1.104850000000000000e+05 1.329910000000000000e+05 2.021800000000000000e+05 5.084640000000000000e+05 6.864010000000000000e+05 1.091361000000000000e+06 3.606037000000000000e+06 5.842253000000000000e+06 1.073191600000000000e+07 3.517985800000000000e+07 5.897125800000000000e+07
5.836000000000000000e+03 2.511000000000000000e+03 4.047000000000000000e+03 4.141000000000000000e+03 6.359000000000000000e+03 1.802100000000000000e+04 2.256300000000000000e+04 3.748300000000000000e+04 7.982800000000000000e+04 9.754900000000000000e+04 1.336590000000000000e+05 2.750290000000000000e+05 3.150330000000000000e+05 6.296910000000000000e+05 1.970681000000000000e+06 3.486614000000000000e+06 6.580613000000000000e+06 2.005923400000000000e+07 3.996831800000000000e+07
1.374000000000000000e+04 2.681000000000000000e+03 4.562000000000000000e+03 5.063000000000000000e+03 6.706000000000000000e+03 1.518600000000000000e+04 3.021400000000000000e+04 4.037500000000000000e+04 9.748500000000000000e+04 1.327540000000000000e+05 1.794510000000000000e+05 3.641500000000000000e+05 4.050060000000000000e+05 7.098720000000000000e+05 2.099170000000000000e+06 3.744681000000000000e+06 7.139652000000000000e+06 2.285720800000000000e+07 3.853192500000000000e+07
6.032000000000000000e+03 3.102000000000000000e+03 4.638000000000000000e+03 4.711000000000000000e+03 6.985000000000000000e+03 1.673400000000000000e+04 2.548800000000000000e+04 4.263500000000000000e+04 9.364800000000000000e+04 1.128420000000000000e+05 1.709270000000000000e+05 3.970360000000000000e+05 5.343130000000000000e+05 9.415830000000000000e+05 2.510230000000000000e+06 4.435116000000000000e+06 9.048928000000000000e+06 2.917372400000000000e+07 4.718382000000000000e+07
5.421000000000000000e+03 3.218000000000000000e+03 5.417000000000000000e+03 5.176000000000000000e+03 7.565000000000000000e+03 1.874000000000000000e+04 2.748500000000000000e+04 4.442200000000000000e+04 9.182300000000000000e+04 1.136990000000000000e+05 1.524080000000000000e+05 3.399800000000000000e+05 4.347910000000000000e+05 8.259930000000000000e+05 2.414931000000000000e+06 4.147267000000000000e+06 7.431597000000000000e+06 1.883374000000000000e+07 3.488809400000000000e+07
7.907000000000000000e+03 2.768000000000000000e+03 4.279000000000000000e+03 4.104000000000000000e+03 6.276000000000000000e+03 1.743000000000000000e+04 2.541800000000000000e+04 3.975300000000000000e+04 8.702700000000000000e+04 9.800700000000000000e+04 1.445930000000000000e+05 3.120450000000000000e+05 3.351730000000000000e+05 7.973320000000000000e+05 2.473350000000000000e+06 3.913653000000000000e+06 7.957898000000000000e+06 2.399671000000000000e+07 4.268298800000000000e+07
2.718000000000000000e+03 1.656000000000000000e+03 2.991000000000000000e+03 3.934000000000000000e+03 6.174000000000000000e+03 1.529700000000000000e+04 2.167700000000000000e+04 3.487000000000000000e+04 7.591500000000000000e+04 8.774100000000000000e+04 1.136710000000000000e+05 2.577700000000000000e+05 3.428280000000000000e+05 6.049620000000000000e+05 1.643879000000000000e+06 2.709881000000000000e+06 5.338445000000000000e+06 1.555000700000000000e+07 2.346735700000000000e+07
2.908000000000000000e+03 1.564000000000000000e+03 3.524000000000000000e+03 3.841000000000000000e+03 5.883000000000000000e+03 1.405100000000000000e+04 2.118100000000000000e+04 3.616200000000000000e+04 7.063700000000000000e+04 7.659600000000000000e+04 1.049120000000000000e+05 2.109800000000000000e+05 3.093660000000000000e+05 4.959180000000000000e+05 1.694430000000000000e+06 2.855913000000000000e+06 5.797507000000000000e+06 1.695193800000000000e+07 3.822355800000000000e+07
6.778000000000000000e+03 3.888000000000000000e+03 6.134000000000000000e+03 6.472000000000000000e+03 8.150000000000000000e+03 2.148600000000000000e+04 3.106200000000000000e+04 4.959900000000000000e+04 1.074170000000000000e+05 1.386340000000000000e+05 1.847590000000000000e+05 3.325030000000000000e+05 4.297580000000000000e+05 8.491010000000000000e+05 2.152086000000000000e+06 4.257168000000000000e+06 7.991621000000000000e+06 2.258667900000000000e+07 3.381294800000000000e+07
6.307000000000000000e+03 2.682000000000000000e+03 3.970000000000000000e+03 3.783000000000000000e+03 5.126000000000000000e+03 1.296000000000000000e+04 1.819700000000000000e+04 3.262800000000000000e+04 6.893000000000000000e+04 8.953200000000000000e+04 1.386750000000000000e+05 3.713630000000000000e+05 4.346120000000000000e+05 6.545640000000000000e+05 1.859867000000000000e+06 2.703476000000000000e+06 4.304423000000000000e+06 9.951500000000000000e+06 1.252723600000000000e+07
8.694000000000000000e+03 4.259000000000000000e+03 5.275000000000000000e+03 4.357000000000000000e+03 5.923000000000000000e+03 1.608900000000000000e+04 2.200900000000000000e+04 4.308600000000000000e+04 8.249600000000000000e+04 1.027520000000000000e+05 1.512670000000000000e+05 2.913020000000000000e+05 4.222490000000000000e+05 8.079390000000000000e+05 2.288759000000000000e+06 3.456638000000000000e+06 6.792726000000000000e+06 1.672055700000000000e+07 2.137224600000000000e+07
4.594000000000000000e+03 2.178000000000000000e+03 3.539000000000000000e+03 3.594000000000000000e+03 5.436000000000000000e+03 1.403500000000000000e+04 2.242600000000000000e+04 3.411500000000000000e+04 7.371900000000000000e+04 8.648600000000000000e+04 1.219420000000000000e+05 2.260260000000000000e+05 3.014710000000000000e+05 5.370760000000000000e+05 1.415918000000000000e+06 2.527601000000000000e+06 5.498018000000000000e+06 1.788659000000000000e+07 3.711275800000000000e+07
3.059000000000000000e+03 2.311000000000000000e+03 4.014000000000000000e+03 4.199000000000000000e+03 5.899000000000000000e+03 1.345300000000000000e+04 2.077200000000000000e+04 3.464800000000000000e+04 7.635700000000000000e+04 9.028800000000000000e+04 1.422910000000000000e+05 3.392140000000000000e+05 4.289740000000000000e+05 6.811410000000000000e+05 2.311896000000000000e+06 3.574513000000000000e+06 5.637231000000000000e+06 2.157510500000000000e+07 4.009592600000000000e+07
1.990000000000000000e+03 1.806000000000000000e+03 3.897000000000000000e+03 4.541000000000000000e+03 7.079000000000000000e+03 1.685400000000000000e+04 2.445100000000000000e+04 4.244800000000000000e+04 1.031980000000000000e+05 1.239980000000000000e+05 1.958340000000000000e+05 4.149450000000000000e+05 5.389380000000000000e+05 9.692070000000000000e+05 2.600819000000000000e+06 4.679445000000000000e+06 9.536197000000000000e+06 2.768417400000000000e+07 4.894025900000000000e+07
7.666000000000000000e+03 2.256000000000000000e+03 3.890000000000000000e+03 3.864000000000000000e+03 5.717000000000000000e+03 1.475600000000000000e+04 1.905300000000000000e+04 3.395000000000000000e+04 7.037800000000000000e+04 7.419100000000000000e+04 9.063900000000000000e+04 2.466630000000000000e+05 3.821280000000000000e+05 6.055970000000000000e+05 1.776138000000000000e+06 2.626415000000000000e+06 4.610155000000000000e+06 1.290843800000000000e+07 2.265792500000000000e+07
5.276000000000000000e+03 2.940000000000000000e+03 3.700000000000000000e+03 3.716000000000000000e+03 5.456000000000000000e+03 1.445400000000000000e+04 2.133800000000000000e+04 3.324600000000000000e+04 6.819300000000000000e+04 7.858300000000000000e+04 1.125690000000000000e+05 2.316460000000000000e+05 3.165170000000000000e+05 6.221730000000000000e+05 1.852587000000000000e+06 3.084075000000000000e+06 6.058743000000000000e+06 1.957838000000000000e+07 3.339981700000000000e+07
2.820000000000000000e+03 1.386000000000000000e+03 2.228000000000000000e+03 1.932000000000000000e+03 3.060000000000000000e+03 9.432000000000000000e+03 1.202600000000000000e+04 2.246700000000000000e+04 4.761200000000000000e+04 6.234300000000000000e+04 8.236100000000000000e+04 1.622270000000000000e+05 2.649060000000000000e+05 4.189450000000000000e+05 9.831770000000000000e+05 1.709419000000000000e+06 3.334933000000000000e+06 9.713267000000000000e+06 1.513932300000000000e+07
4.775000000000000000e+03 1.782000000000000000e+03 2.971000000000000000e+03 3.503000000000000000e+03 5.321000000000000000e+03 1.564000000000000000e+04 2.003900000000000000e+04 3.208600000000000000e+04 7.221400000000000000e+04 7.680000000000000000e+04 1.054760000000000000e+05 2.444570000000000000e+05 2.943100000000000000e+05 5.834390000000000000e+05 1.723998000000000000e+06 2.847099000000000000e+06 5.620507000000000000e+06 1.776498000000000000e+07 3.396791600000000000e+07
5.565000000000000000e+03 3.227000000000000000e+03 5.170000000000000000e+03 4.277000000000000000e+03 6.120000000000000000e+03 1.320700000000000000e+04 2.158200000000000000e+04 3.957000000000000000e+04 9.155700000000000000e+04 1.151350000000000000e+05 1.674830000000000000e+05 3.901500000000000000e+05 5.837540000000000000e+05 9.588340000000000000e+05 3.047330000000000000e+06 4.662366000000000000e+06 8.384121000000000000e+06 2.479146300000000000e+07 3.892901000000000000e+07
7.504000000000000000e+03 3.022000000000000000e+03 5.131000000000000000e+03 4.956000000000000000e+03 6.204000000000000000e+03 1.743000000000000000e+04 2.254700000000000000e+04 4.118800000000000000e+04 8.260900000000000000e+04 1.018650000000000000e+05 1.497700000000000000e+05 3.653270000000000000e+05 4.774700000000000000e+05 8.467710000000000000e+05 2.673211000000000000e+06 3.984858000000000000e+06 6.217619000000000000e+06 1.708284700000000000e+07 1.848137800000000000e+07
7.266000000000000000e+03 3.792000000000000000e+03 5.530000000000000000e+03 4.791000000000000000e+03 6.173000000000000000e+03 1.609000000000000000e+04 2.420900000000000000e+04 3.946200000000000000e+04 8.647100000000000000e+04 1.000230000000000000e+05 1.630500000000000000e+05 3.532630000000000000e+05 5.070440000000000000e+05 9.690040000000000000e+05 2.599253000000000000e+06 3.510596000000000000e+06 7.926034000000000000e+06 2.425079500000000000e+07 4.137531100000000000e+07
9.994000000000000000e+03 3.772000000000000000e+03 4.734000000000000000e+03 4.317000000000000000e+03 6.113000000000000000e+03 1.642600000000000000e+04 2.593300000000000000e+04 4.087100000000000000e+04 8.942500000000000000e+04 9.837500000000000000e+04 1.429780000000000000e+05 3.503440000000000000e+05 4.892620000000000000e+05 9.407490000000000000e+05 2.795151000000000000e+06 3.967139000000000000e+06 7.587105000000000000e+06 2.114996100000000000e+07 3.956503600000000000e+07
5.890000000000000000e+03 2.402000000000000000e+03 3.933000000000000000e+03 3.745000000000000000e+03 5.442000000000000000e+03 1.346700000000000000e+04 2.154700000000000000e+04 3.739300000000000000e+04 8.008400000000000000e+04 9.118000000000000000e+04 1.427780000000000000e+05 2.689880000000000000e+05 3.777340000000000000e+05 6.086220000000000000e+05 2.227576000000000000e+06 3.365232000000000000e+06 7.459487000000000000e+06 2.224250300000000000e+07 3.366847100000000000e+07
6.978000000000000000e+03 2.642000000000000000e+03 4.457000000000000000e+03 4.104000000000000000e+03 5.576000000000000000e+03 1.310100000000000000e+04 1.991300000000000000e+04 3.808000000000000000e+04 7.205500000000000000e+04 9.555000000000000000e+04 1.484840000000000000e+05 3.299030000000000000e+05 4.245380000000000000e+05 8.682370000000000000e+05 2.189059000000000000e+06 3.636952000000000000e+06 7.031701000000000000e+06 1.627089500000000000e+07 3.012411800000000000e+07
4.583000000000000000e+03 1.981000000000000000e+03 3.346000000000000000e+03 3.084000000000000000e+03 4.595000000000000000e+03 1.098500000000000000e+04 1.759100000000000000e+04 2.839800000000000000e+04 6.780300000000000000e+04 8.981500000000000000e+04 1.361750000000000000e+05 2.688470000000000000e+05 3.315960000000000000e+05 6.051530000000000000e+05 1.699354000000000000e+06 2.455838000000000000e+06 4.879782000000000000e+06 1.532333200000000000e+07 2.590760200000000000e+07
5.035000000000000000e+03 2.485000000000000000e+03 3.133000000000000000e+03 3.650000000000000000e+03 5.539000000000000000e+03 1.449500000000000000e+04 2.129300000000000000e+04 3.919500000000000000e+04 8.154600000000000000e+04 9.190600000000000000e+04 1.264400000000000000e+05 2.395220000000000000e+05 3.120400000000000000e+05 6.140680000000000000e+05 1.721796000000000000e+06 2.928936000000000000e+06 5.869400000000000000e+06 1.573026800000000000e+07 2.607086500000000000e+07
2.082000000000000000e+03 1.417000000000000000e+03 2.992000000000000000e+03 4.062000000000000000e+03 6.396000000000000000e+03 1.787200000000000000e+04 2.475100000000000000e+04 4.518300000000000000e+04 1.072710000000000000e+05 1.355630000000000000e+05 2.054100000000000000e+05 4.287790000000000000e+05 5.329990000000000000e+05 9.412730000000000000e+05 2.845002000000000000e+06 4.183488000000000000e+06 8.765403000000000000e+06 2.608254700000000000e+07 4.646573700000000000e+07
1.224000000000000000e+03 9.200000000000000000e+02 2.356000000000000000e+03 3.038000000000000000e+03 4.912000000000000000e+03 1.176000000000000000e+04 1.753800000000000000e+04 2.990300000000000000e+04 6.640900000000000000e+04 7.835300000000000000e+04 1.118580000000000000e+05 2.354930000000000000e+05 3.105560000000000000e+05 5.926730000000000000e+05 1.876089000000000000e+06 3.055213000000000000e+06 5.992233000000000000e+06 1.853658500000000000e+07 3.473337200000000000e+07
5.532000000000000000e+03 2.869000000000000000e+03 4.948000000000000000e+03 4.358000000000000000e+03 6.488000000000000000e+03 1.625500000000000000e+04 2.382000000000000000e+04 4.167900000000000000e+04 8.037200000000000000e+04 9.456200000000000000e+04 1.273290000000000000e+05 3.020850000000000000e+05 3.605940000000000000e+05 7.082420000000000000e+05 2.256314000000000000e+06 3.471885000000000000e+06 7.028054000000000000e+06 1.758707700000000000e+07 2.167225900000000000e+07
2.021000000000000000e+03 1.265000000000000000e+03 2.336000000000000000e+03 2.646000000000000000e+03 3.622000000000000000e+03 8.323000000000000000e+03 1.224900000000000000e+04 2.167100000000000000e+04 5.025500000000000000e+04 6.303400000000000000e+04 9.347000000000000000e+04 1.672120000000000000e+05 2.256020000000000000e+05 4.301410000000000000e+05 1.004216000000000000e+06 1.791332000000000000e+06 3.161647000000000000e+06 1.121527300000000000e+07 2.341223600000000000e+07
7.731000000000000000e+03 4.341000000000000000e+03 4.643000000000000000e+03 4.653000000000000000e+03 5.985000000000000000e+03 1.481100000000000000e+04 2.233700000000000000e+04 4.122100000000000000e+04 8.759900000000000000e+04 1.069590000000000000e+05 1.609750000000000000e+05 3.352990000000000000e+05 3.608310000000000000e+05 6.997160000000000000e+05 1.971368000000000000e+06 3.335579000000000000e+06 6.737834000000000000e+06 1.931979100000000000e+07 2.901977800000000000e+07
2.916000000000000000e+03 2.457000000000000000e+03 4.772000000000000000e+03 5.262000000000000000e+03 7.307000000000000000e+03 1.625200000000000000e+04 2.411900000000000000e+04 3.983800000000000000e+04 8.999300000000000000e+04 1.063950000000000000e+05 1.794690000000000000e+05 2.863060000000000000e+05 4.185380000000000000e+05 5.575230000000000000e+05 2.248782000000000000e+06 3.222836000000000000e+06 6.703244000000000000e+06 2.536280000000000000e+07 3.849601900000000000e+07
8.129000000000000000e+03 3.109000000000000000e+03 4.562000000000000000e+03 4.136000000000000000e+03 6.201000000000000000e+03 1.468800000000000000e+04 2.238600000000000000e+04 4.297400000000000000e+04 8.983500000000000000e+04 1.016410000000000000e+05 1.645690000000000000e+05 3.489400000000000000e+05 4.470040000000000000e+05 8.223170000000000000e+05 2.810721000000000000e+06 4.316410000000000000e+06 6.778745000000000000e+06 1.269410900000000000e+07 3.085691300000000000e+07
1.626400000000000000e+04 2.286000000000000000e+03 3.377000000000000000e+03 3.842000000000000000e+03 5.944000000000000000e+03 1.470700000000000000e+04 2.124100000000000000e+04 3.518300000000000000e+04 8.191100000000000000e+04 8.276700000000000000e+04 1.211180000000000000e+05 2.354570000000000000e+05 2.897380000000000000e+05 5.000680000000000000e+05 1.541674000000000000e+06 2.403601000000000000e+06 4.776629000000000000e+06 1.303893100000000000e+07 1.666257800000000000e+07
7.430000000000000000e+02 6.870000000000000000e+02 2.027000000000000000e+03 3.765000000000000000e+03 7.845000000000000000e+03 2.011500000000000000e+04 2.930300000000000000e+04 5.107700000000000000e+04 1.233770000000000000e+05 1.622560000000000000e+05 2.623900000000000000e+05 5.613800000000000000e+05 7.185910000000000000e+05 1.213958000000000000e+06 3.783911000000000000e+06 6.072289000000000000e+06 1.236688000000000000e+07 3.291841000000000000e+07 6.406390400000000000e+07
8.080000000000000000e+03 3.493000000000000000e+03 6.329000000000000000e+03 5.598000000000000000e+03 7.630000000000000000e+03 2.130900000000000000e+04 3.057800000000000000e+04 5.184600000000000000e+04 1.154310000000000000e+05 1.279800000000000000e+05 1.941300000000000000e+05 3.818340000000000000e+05 5.135760000000000000e+05 8.666440000000000000e+05 2.979653000000000000e+06 4.601052000000000000e+06 7.488300000000000000e+06 1.841362500000000000e+07 2.908975900000000000e+07
1.251600000000000000e+04 5.873000000000000000e+03 8.984000000000000000e+03 7.167000000000000000e+03 9.025000000000000000e+03 2.229300000000000000e+04 3.618500000000000000e+04 6.826900000000000000e+04 1.327140000000000000e+05 1.671940000000000000e+05 2.392070000000000000e+05 6.068910000000000000e+05 8.519240000000000000e+05 1.489761000000000000e+06 4.200576000000000000e+06 5.519798000000000000e+06 8.331781000000000000e+06 2.433466700000000000e+07 4.027698200000000000e+07
8.902000000000000000e+03 3.618000000000000000e+03 5.300000000000000000e+03 4.888000000000000000e+03 6.814000000000000000e+03 1.742100000000000000e+04 2.845100000000000000e+04 4.344100000000000000e+04 8.751700000000000000e+04 1.034300000000000000e+05 1.466340000000000000e+05 3.705590000000000000e+05 4.405540000000000000e+05 9.328320000000000000e+05 2.057730000000000000e+06 4.286666000000000000e+06 7.746420000000000000e+06 2.640420800000000000e+07 4.418314200000000000e+07
5.918000000000000000e+03 3.222000000000000000e+03 3.993000000000000000e+03 3.619000000000000000e+03 4.967000000000000000e+03 1.381300000000000000e+04 1.867900000000000000e+04 3.057800000000000000e+04 6.385700000000000000e+04 7.539300000000000000e+04 1.154120000000000000e+05 2.772520000000000000e+05 3.637650000000000000e+05 6.249070000000000000e+05 1.829211000000000000e+06 3.107435000000000000e+06 6.098805000000000000e+06 1.887186700000000000e+07 3.554720600000000000e+07
1.316400000000000000e+04 3.360000000000000000e+03 4.900000000000000000e+03 5.288000000000000000e+03 6.618000000000000000e+03 1.886600000000000000e+04 2.507700000000000000e+04 4.605900000000000000e+04 9.669600000000000000e+04 1.150940000000000000e+05 1.667670000000000000e+05 3.727190000000000000e+05 5.252760000000000000e+05 9.941550000000000000e+05 2.925972000000000000e+06 4.829603000000000000e+06 8.851599000000000000e+06 2.233632500000000000e+07 3.058035800000000000e+07
4.819000000000000000e+03 2.407000000000000000e+03 4.448000000000000000e+03 4.651000000000000000e+03 6.631000000000000000e+03 1.636900000000000000e+04 2.512000000000000000e+04 4.127500000000000000e+04 8.957200000000000000e+04 1.003760000000000000e+05 1.342350000000000000e+05 2.925060000000000000e+05 3.597540000000000000e+05 6.286500000000000000e+05 1.989036000000000000e+06 3.169714000000000000e+06 6.373194000000000000e+06 1.786211200000000000e+07 2.856357500000000000e+07
9.780000000000000000e+02 8.070000000000000000e+02 1.863000000000000000e+03 3.016000000000000000e+03 5.165000000000000000e+03 1.302600000000000000e+04 1.959400000000000000e+04 3.675400000000000000e+04 9.114100000000000000e+04 1.193320000000000000e+05 1.820630000000000000e+05 3.805810000000000000e+05 5.020520000000000000e+05 8.546360000000000000e+05 2.403287000000000000e+06 3.577829000000000000e+06 6.885529000000000000e+06 2.252593000000000000e+07 4.283067000000000000e+07
5.123000000000000000e+03 2.227000000000000000e+03 3.212000000000000000e+03 3.151000000000000000e+03 4.806000000000000000e+03 1.361400000000000000e+04 2.100100000000000000e+04 3.654600000000000000e+04 8.436800000000000000e+04 9.897100000000000000e+04 1.540560000000000000e+05 2.937050000000000000e+05 3.524590000000000000e+05 6.193630000000000000e+05 2.082966000000000000e+06 3.149876000000000000e+06 6.015591000000000000e+06 1.637253900000000000e+07 2.424481900000000000e+07
4.877000000000000000e+03 2.085000000000000000e+03 3.009000000000000000e+03 2.460000000000000000e+03 3.969000000000000000e+03 1.036700000000000000e+04 1.610100000000000000e+04 2.766300000000000000e+04 6.197700000000000000e+04 7.430000000000000000e+04 1.100530000000000000e+05 1.993110000000000000e+05 2.907380000000000000e+05 4.818020000000000000e+05 1.596274000000000000e+06 2.319438000000000000e+06 4.411785000000000000e+06 1.355861400000000000e+07 2.371156600000000000e+07
8.457000000000000000e+03 2.682000000000000000e+03 3.899000000000000000e+03 3.635000000000000000e+03 4.965000000000000000e+03 1.348900000000000000e+04 2.121500000000000000e+04 3.660200000000000000e+04 7.559000000000000000e+04 9.425100000000000000e+04 1.313010000000000000e+05 2.419130000000000000e+05 2.802600000000000000e+05 5.802700000000000000e+05 1.774159000000000000e+06 2.876899000000000000e+06 5.659947000000000000e+06 1.567166600000000000e+07 2.788191400000000000e+07
5.612000000000000000e+03 2.458000000000000000e+03 3.522000000000000000e+03 3.221000000000000000e+03 4.615000000000000000e+03 1.183100000000000000e+04 1.975000000000000000e+04 3.072100000000000000e+04 6.412900000000000000e+04 7.084800000000000000e+04 1.079180000000000000e+05 2.211660000000000000e+05 2.889280000000000000e+05 4.005970000000000000e+05 1.313895000000000000e+06 2.118525000000000000e+06 4.075152000000000000e+06 1.467270800000000000e+07 2.599558600000000000e+07
6.980000000000000000e+02 7.680000000000000000e+02 1.752000000000000000e+03 2.204000000000000000e+03 3.289000000000000000e+03 8.455000000000000000e+03 1.240900000000000000e+04 2.106200000000000000e+04 4.578700000000000000e+04 4.925000000000000000e+04 6.911600000000000000e+04 1.378850000000000000e+05 1.575170000000000000e+05 3.275840000000000000e+05 8.793740000000000000e+05 1.492722000000000000e+06 2.914670000000000000e+06 8.415714000000000000e+06 1.189341800000000000e+07
6.880000000000000000e+02 6.640000000000000000e+02 1.598000000000000000e+03 2.483000000000000000e+03 4.357000000000000000e+03 1.058800000000000000e+04 1.599000000000000000e+04 2.823300000000000000e+04 6.514100000000000000e+04 7.292300000000000000e+04 1.085360000000000000e+05 2.147900000000000000e+05 2.841040000000000000e+05 4.450550000000000000e+05 1.346891000000000000e+06 2.280717000000000000e+06 4.747116000000000000e+06 1.497207700000000000e+07 2.876918100000000000e+07
4.012000000000000000e+03 2.065000000000000000e+03 3.985000000000000000e+03 4.134000000000000000e+03 5.432000000000000000e+03 1.212500000000000000e+04 1.766300000000000000e+04 3.663700000000000000e+04 7.704500000000000000e+04 8.027400000000000000e+04 1.155090000000000000e+05 2.457260000000000000e+05 3.456330000000000000e+05 5.125540000000000000e+05 1.682883000000000000e+06 2.294736000000000000e+06 4.545864000000000000e+06 1.279312700000000000e+07 1.721203400000000000e+07
1.254300000000000000e+04 4.909000000000000000e+03 5.175000000000000000e+03 4.182000000000000000e+03 6.357000000000000000e+03 1.549600000000000000e+04 2.620400000000000000e+04 5.136200000000000000e+04 1.002690000000000000e+05 1.085260000000000000e+05 1.508880000000000000e+05 3.037280000000000000e+05 4.814340000000000000e+05 8.701580000000000000e+05 2.480673000000000000e+06 3.668253000000000000e+06 6.125659000000000000e+06 1.955317500000000000e+07 4.319451800000000000e+07
8.013000000000000000e+03 2.266000000000000000e+03 3.802000000000000000e+03 3.753000000000000000e+03 5.124000000000000000e+03 1.502700000000000000e+04 2.402700000000000000e+04 4.079000000000000000e+04 8.437900000000000000e+04 9.618300000000000000e+04 1.435390000000000000e+05 2.936290000000000000e+05 4.326020000000000000e+05 7.555080000000000000e+05 2.269362000000000000e+06 3.795667000000000000e+06 6.839092000000000000e+06 1.873956400000000000e+07 3.268357200000000000e+07
9.831000000000000000e+03 2.935000000000000000e+03 4.259000000000000000e+03 4.791000000000000000e+03 6.384000000000000000e+03 1.568100000000000000e+04 2.344700000000000000e+04 4.182500000000000000e+04 8.959900000000000000e+04 8.990400000000000000e+04 1.432700000000000000e+05 3.036270000000000000e+05 4.009330000000000000e+05 7.229430000000000000e+05 2.119874000000000000e+06 3.130233000000000000e+06 6.973791000000000000e+06 2.093037900000000000e+07 4.063142800000000000e+07
2.887000000000000000e+03 2.034000000000000000e+03 4.024000000000000000e+03 4.239000000000000000e+03 5.635000000000000000e+03 1.358200000000000000e+04 2.149700000000000000e+04 3.795900000000000000e+04 8.357900000000000000e+04 9.112300000000000000e+04 1.442760000000000000e+05 3.092410000000000000e+05 3.888820000000000000e+05 7.204420000000000000e+05 1.854710000000000000e+06 3.068624000000000000e+06 6.435227000000000000e+06 1.797504100000000000e+07 2.734468400000000000e+07
2.113000000000000000e+03 1.624000000000000000e+03 3.013000000000000000e+03 3.287000000000000000e+03 5.526000000000000000e+03 1.360100000000000000e+04 1.947300000000000000e+04 3.198800000000000000e+04 7.009100000000000000e+04 7.688100000000000000e+04 1.088550000000000000e+05 2.166080000000000000e+05 2.655060000000000000e+05 5.040140000000000000e+05 1.446059000000000000e+06 2.419459000000000000e+06 4.860809000000000000e+06 1.413955300000000000e+07 2.225373400000000000e+07
3.789000000000000000e+03 1.844000000000000000e+03 3.373000000000000000e+03 3.160000000000000000e+03 4.621000000000000000e+03 1.082200000000000000e+04 1.672500000000000000e+04 3.053700000000000000e+04 6.612200000000000000e+04 7.399600000000000000e+04 1.066500000000000000e+05 1.870360000000000000e+05 2.503240000000000000e+05 5.178500000000000000e+05 1.517201000000000000e+06 2.252227000000000000e+06 4.973356000000000000e+06 1.472493900000000000e+07 2.686788400000000000e+07
5.476000000000000000e+03 2.276000000000000000e+03 3.471000000000000000e+03 4.033000000000000000e+03 5.692000000000000000e+03 1.573900000000000000e+04 2.344500000000000000e+04 3.644400000000000000e+04 7.625300000000000000e+04 8.610000000000000000e+04 1.219110000000000000e+05 2.772050000000000000e+05 3.270350000000000000e+05 5.986950000000000000e+05 1.855575000000000000e+06 3.027384000000000000e+06 5.973948000000000000e+06 1.723800500000000000e+07 3.479858100000000000e+07
4.765000000000000000e+03 1.821000000000000000e+03 2.776000000000000000e+03 2.904000000000000000e+03 4.564000000000000000e+03 1.276100000000000000e+04 1.787200000000000000e+04 2.750600000000000000e+04 6.053000000000000000e+04 7.131400000000000000e+04 1.172570000000000000e+05 2.768110000000000000e+05 3.760520000000000000e+05 6.241480000000000000e+05 1.881165000000000000e+06 2.559473000000000000e+06 3.979262000000000000e+06 1.336214100000000000e+07 1.188840100000000000e+07
2.567000000000000000e+03 1.692000000000000000e+03 2.545000000000000000e+03 2.843000000000000000e+03 4.034000000000000000e+03 9.725000000000000000e+03 1.505100000000000000e+04 2.682500000000000000e+04 6.070600000000000000e+04 7.135500000000000000e+04 9.655400000000000000e+04 1.849150000000000000e+05 2.420300000000000000e+05 4.907570000000000000e+05 1.303732000000000000e+06 2.332589000000000000e+06 4.495289000000000000e+06 1.413151100000000000e+07 2.746991300000000000e+07
5.062000000000000000e+03 2.996000000000000000e+03 4.836000000000000000e+03 4.902000000000000000e+03 7.499000000000000000e+03 1.919200000000000000e+04 2.628100000000000000e+04 4.520100000000000000e+04 1.104230000000000000e+05 1.304530000000000000e+05 1.807490000000000000e+05 3.798970000000000000e+05 5.246670000000000000e+05 9.669950000000000000e+05 2.752095000000000000e+06 4.415431000000000000e+06 8.398116000000000000e+06 2.562102300000000000e+07 4.820625400000000000e+07
6.390000000000000000e+03 2.680000000000000000e+03 4.399000000000000000e+03 4.343000000000000000e+03 6.461000000000000000e+03 1.666200000000000000e+04 2.380000000000000000e+04 4.396300000000000000e+04 9.530000000000000000e+04 9.717700000000000000e+04 1.563720000000000000e+05 3.436110000000000000e+05 4.680760000000000000e+05 7.056660000000000000e+05 2.339830000000000000e+06 3.700044000000000000e+06 7.554188000000000000e+06 2.304769300000000000e+07 3.624946900000000000e+07
3.305000000000000000e+03 1.262000000000000000e+03 2.484000000000000000e+03 3.095000000000000000e+03 5.004000000000000000e+03 1.359600000000000000e+04 1.931600000000000000e+04 3.059600000000000000e+04 6.869100000000000000e+04 7.734700000000000000e+04 1.170470000000000000e+05 2.218980000000000000e+05 2.670810000000000000e+05 4.966310000000000000e+05 1.543155000000000000e+06 2.406412000000000000e+06 4.882622000000000000e+06 1.482299900000000000e+07 2.393078800000000000e+07
3.180000000000000000e+03 1.666000000000000000e+03 2.905000000000000000e+03 2.963000000000000000e+03 3.939000000000000000e+03 8.453000000000000000e+03 1.299100000000000000e+04 2.405400000000000000e+04 4.464800000000000000e+04 4.754500000000000000e+04 6.916100000000000000e+04 1.214280000000000000e+05 1.874120000000000000e+05 3.290700000000000000e+05 9.590140000000000000e+05 1.627665000000000000e+06 3.370776000000000000e+06 1.005015600000000000e+07 1.991572200000000000e+07
3.441000000000000000e+03 2.135000000000000000e+03 4.135000000000000000e+03 4.308000000000000000e+03 6.102000000000000000e+03 1.321800000000000000e+04 1.985500000000000000e+04 3.377500000000000000e+04 7.504400000000000000e+04 8.798700000000000000e+04 1.150050000000000000e+05 2.397840000000000000e+05 2.573190000000000000e+05 5.969510000000000000e+05 1.470607000000000000e+06 2.465609000000000000e+06 4.775860000000000000e+06 1.395407200000000000e+07 1.860293400000000000e+07
3.073000000000000000e+03 1.877000000000000000e+03 3.416000000000000000e+03 3.730000000000000000e+03 5.326000000000000000e+03 1.405900000000000000e+04 1.988200000000000000e+04 3.086200000000000000e+04 6.723000000000000000e+04 8.154500000000000000e+04 1.326470000000000000e+05 2.974100000000000000e+05 3.736790000000000000e+05 6.000360000000000000e+05 1.748045000000000000e+06 2.936566000000000000e+06 5.796541000000000000e+06 1.648564100000000000e+07 2.713414400000000000e+07
4.216000000000000000e+03 2.260000000000000000e+03 3.247000000000000000e+03 3.475000000000000000e+03 5.306000000000000000e+03 1.111500000000000000e+04 1.656100000000000000e+04 3.191300000000000000e+04 6.982800000000000000e+04 8.165800000000000000e+04 1.223900000000000000e+05 2.494020000000000000e+05 3.878380000000000000e+05 7.310700000000000000e+05 1.798097000000000000e+06 2.749108000000000000e+06 5.464456000000000000e+06 1.320371500000000000e+07 2.492357200000000000e+07
5.062000000000000000e+03 2.982000000000000000e+03 4.630000000000000000e+03 4.182000000000000000e+03 5.854000000000000000e+03 1.500500000000000000e+04 2.267300000000000000e+04 3.743800000000000000e+04 8.369300000000000000e+04 8.913100000000000000e+04 1.358520000000000000e+05 2.516850000000000000e+05 3.820040000000000000e+05 6.976020000000000000e+05 1.870774000000000000e+06 3.239431000000000000e+06 5.690698000000000000e+06 1.759796500000000000e+07 2.631719700000000000e+07
3.106000000000000000e+03 1.286000000000000000e+03 2.652000000000000000e+03 3.064000000000000000e+03 4.308000000000000000e+03 1.092100000000000000e+04 1.600200000000000000e+04 3.025900000000000000e+04 6.792100000000000000e+04 7.802100000000000000e+04 1.041310000000000000e+05 2.258490000000000000e+05 2.321820000000000000e+05 4.899860000000000000e+05 1.420675000000000000e+06 2.496368000000000000e+06 5.052181000000000000e+06 1.575280200000000000e+07 2.636996500000000000e+07
6.680000000000000000e+02 6.730000000000000000e+02 1.820000000000000000e+03 2.551000000000000000e+03 4.189000000000000000e+03 1.015700000000000000e+04 1.537800000000000000e+04 2.586800000000000000e+04 5.624000000000000000e+04 6.107700000000000000e+04 8.766900000000000000e+04 1.599410000000000000e+05 2.056370000000000000e+05 4.589770000000000000e+05 1.179304000000000000e+06 1.838428000000000000e+06 3.574410000000000000e+06 1.095222100000000000e+07 1.736701800000000000e+07
3.543000000000000000e+03 1.783000000000000000e+03 3.349000000000000000e+03 3.599000000000000000e+03 5.320000000000000000e+03 1.241600000000000000e+04 1.938600000000000000e+04 3.150800000000000000e+04 6.692700000000000000e+04 7.518200000000000000e+04 1.147700000000000000e+05 2.078480000000000000e+05 2.492330000000000000e+05 4.429620000000000000e+05 1.498661000000000000e+06 2.346853000000000000e+06 5.065223000000000000e+06 1.460783900000000000e+07 2.816483000000000000e+07
6.878000000000000000e+03 2.787000000000000000e+03 3.904000000000000000e+03 3.935000000000000000e+03 5.505000000000000000e+03 1.319700000000000000e+04 2.079400000000000000e+04 3.766100000000000000e+04 8.161800000000000000e+04 1.105720000000000000e+05 1.829720000000000000e+05 3.382180000000000000e+05 3.570380000000000000e+05 7.278860000000000000e+05 2.047879000000000000e+06 3.765557000000000000e+06 5.701924000000000000e+06 2.073362500000000000e+07 4.450090300000000000e+07
6.144000000000000000e+03 3.015000000000000000e+03 4.814000000000000000e+03 4.706000000000000000e+03 6.300000000000000000e+03 1.673600000000000000e+04 2.404200000000000000e+04 3.674500000000000000e+04 9.416200000000000000e+04 1.124150000000000000e+05 1.655820000000000000e+05 3.670210000000000000e+05 4.543480000000000000e+05 9.027090000000000000e+05 2.706274000000000000e+06 3.954348000000000000e+06 8.063611000000000000e+06 2.492809400000000000e+07 4.268550600000000000e+07
9.822000000000000000e+03 4.264000000000000000e+03 6.245000000000000000e+03 5.026000000000000000e+03 7.052000000000000000e+03 1.880100000000000000e+04 3.233100000000000000e+04 5.638700000000000000e+04 1.183380000000000000e+05 1.401510000000000000e+05 1.972430000000000000e+05 4.299920000000000000e+05 6.257920000000000000e+05 1.087134000000000000e+06 3.425329000000000000e+06 5.985912000000000000e+06 1.114624400000000000e+07 3.231880300000000000e+07 4.169714600000000000e+07
5.877700000000000000e+04 2.017000000000000000e+03 2.648000000000000000e+03 3.342000000000000000e+03 5.975000000000000000e+03 1.601700000000000000e+04 2.196400000000000000e+04 4.353300000000000000e+04 9.085900000000000000e+04 9.095000000000000000e+04 1.550140000000000000e+05 2.842650000000000000e+05 3.100470000000000000e+05 6.230140000000000000e+05 1.755620000000000000e+06 2.663940000000000000e+06 4.736428000000000000e+06 1.494641200000000000e+07 2.318431900000000000e+07
6.361000000000000000e+03 3.338000000000000000e+03 4.819000000000000000e+03 4.526000000000000000e+03 6.432000000000000000e+03 1.554800000000000000e+04 2.519800000000000000e+04 4.515300000000000000e+04 8.563400000000000000e+04 1.022100000000000000e+05 1.646690000000000000e+05 3.252440000000000000e+05 3.748410000000000000e+05 7.803950000000000000e+05 2.168303000000000000e+06 3.867660000000000000e+06 6.897259000000000000e+06 2.389898800000000000e+07 3.713119300000000000e+07
5.765000000000000000e+03 2.608000000000000000e+03 4.659000000000000000e+03 5.359000000000000000e+03 7.079000000000000000e+03 1.745000000000000000e+04 2.819500000000000000e+04 4.552000000000000000e+04 9.979700000000000000e+04 1.246050000000000000e+05 1.794630000000000000e+05 4.118610000000000000e+05 5.611220000000000000e+05 1.050249000000000000e+06 2.994132000000000000e+06 4.348188000000000000e+06 8.867020000000000000e+06 2.605412900000000000e+07 4.394393100000000000e+07
5.428000000000000000e+03 3.293000000000000000e+03 5.049000000000000000e+03 4.552000000000000000e+03 7.053000000000000000e+03 1.451400000000000000e+04 2.539800000000000000e+04 4.181500000000000000e+04 9.495400000000000000e+04 1.189680000000000000e+05 1.761160000000000000e+05 3.375040000000000000e+05 3.949470000000000000e+05 7.408990000000000000e+05 1.864341000000000000e+06 3.906813000000000000e+06 7.357489000000000000e+06 2.163101700000000000e+07 3.425631200000000000e+07
3.228000000000000000e+03 2.279000000000000000e+03 3.888000000000000000e+03 4.780000000000000000e+03 7.625000000000000000e+03 1.834000000000000000e+04 2.739200000000000000e+04 4.048600000000000000e+04 9.063400000000000000e+04 8.945700000000000000e+04 1.236880000000000000e+05 2.851920000000000000e+05 3.410380000000000000e+05 6.658590000000000000e+05 1.750112000000000000e+06 2.916093000000000000e+06 5.193087000000000000e+06 1.432819200000000000e+07 2.491372800000000000e+07
2.198000000000000000e+03 1.176000000000000000e+03 2.141000000000000000e+03 2.551000000000000000e+03 4.009000000000000000e+03 1.014000000000000000e+04 1.408700000000000000e+04 2.165200000000000000e+04 4.758400000000000000e+04 5.121900000000000000e+04 7.263900000000000000e+04 1.480080000000000000e+05 1.775860000000000000e+05 3.256470000000000000e+05 9.887690000000000000e+05 1.556452000000000000e+06 3.205848000000000000e+06 1.112067500000000000e+07 2.430654800000000000e+07
3.966000000000000000e+03 2.332000000000000000e+03 3.814000000000000000e+03 3.891000000000000000e+03 5.890000000000000000e+03 1.456800000000000000e+04 2.343000000000000000e+04 3.859700000000000000e+04 8.288000000000000000e+04 9.864000000000000000e+04 1.451410000000000000e+05 2.797490000000000000e+05 3.834590000000000000e+05 7.809360000000000000e+05 2.084905000000000000e+06 3.291180000000000000e+06 6.754181000000000000e+06 2.129729000000000000e+07 3.428400000000000000e+07
1.234000000000000000e+03 1.122000000000000000e+03 2.531000000000000000e+03 3.094000000000000000e+03 4.864000000000000000e+03 1.205400000000000000e+04 1.758500000000000000e+04 3.227500000000000000e+04 7.326800000000000000e+04 8.307300000000000000e+04 1.179170000000000000e+05 2.389210000000000000e+05 2.853320000000000000e+05 6.427070000000000000e+05 1.722944000000000000e+06 2.734025000000000000e+06 5.727965000000000000e+06 1.712613700000000000e+07 3.144537000000000000e+07
9.840000000000000000e+02 7.200000000000000000e+02 1.516000000000000000e+03 2.344000000000000000e+03 4.281000000000000000e+03 1.078300000000000000e+04 1.608800000000000000e+04 2.800500000000000000e+04 6.464100000000000000e+04 8.182900000000000000e+04 1.130450000000000000e+05 2.194780000000000000e+05 3.173930000000000000e+05 4.743940000000000000e+05 1.435003000000000000e+06 2.462771000000000000e+06 4.845287000000000000e+06 1.296954600000000000e+07 1.997926300000000000e+07
9.560000000000000000e+02 8.270000000000000000e+02 2.080000000000000000e+03 3.161000000000000000e+03 5.555000000000000000e+03 1.438300000000000000e+04 2.142000000000000000e+04 3.488400000000000000e+04 8.154300000000000000e+04 9.637200000000000000e+04 1.585540000000000000e+05 2.918500000000000000e+05 3.460330000000000000e+05 6.250930000000000000e+05 1.787112000000000000e+06 2.626808000000000000e+06 5.475030000000000000e+06 1.797340400000000000e+07 3.091076900000000000e+07
1.750000000000000000e+03 1.080000000000000000e+03 1.781000000000000000e+03 1.807000000000000000e+03 2.724000000000000000e+03 7.734000000000000000e+03 1.045200000000000000e+04 1.822500000000000000e+04 3.921300000000000000e+04 4.158900000000000000e+04 5.075700000000000000e+04 9.177800000000000000e+04 1.189840000000000000e+05 2.133920000000000000e+05 6.207750000000000000e+05 9.459170000000000000e+05 1.492754000000000000e+06 4.687275000000000000e+06 6.769926000000000000e+06
7.944000000000000000e+03 2.419000000000000000e+03 3.727000000000000000e+03 3.837000000000000000e+03 6.042000000000000000e+03 1.721700000000000000e+04 2.428900000000000000e+04 3.836600000000000000e+04 9.034200000000000000e+04 9.064500000000000000e+04 1.228330000000000000e+05 2.123530000000000000e+05 2.641010000000000000e+05 6.145570000000000000e+05 1.647535000000000000e+06 2.708570000000000000e+06 5.105254000000000000e+06 1.644949700000000000e+07 3.075786900000000000e+07
4.540000000000000000e+02 4.900000000000000000e+02 1.571000000000000000e+03 2.794000000000000000e+03 5.209000000000000000e+03 1.360500000000000000e+04 2.047200000000000000e+04 3.474700000000000000e+04 8.678000000000000000e+04 1.121900000000000000e+05 1.574870000000000000e+05 3.187390000000000000e+05 4.236640000000000000e+05 7.834670000000000000e+05 2.169101000000000000e+06 3.564286000000000000e+06 7.033309000000000000e+06 2.058072800000000000e+07 3.313756300000000000e+07
1.982000000000000000e+03 1.243000000000000000e+03 2.114000000000000000e+03 2.176000000000000000e+03 3.476000000000000000e+03 9.553000000000000000e+03 1.522600000000000000e+04 2.611600000000000000e+04 5.461100000000000000e+04 5.939400000000000000e+04 8.538800000000000000e+04 1.649820000000000000e+05 1.795750000000000000e+05 3.280340000000000000e+05 9.363990000000000000e+05 1.538437000000000000e+06 3.289457000000000000e+06 9.624254000000000000e+06 1.514969300000000000e+07
1.623000000000000000e+03 1.243000000000000000e+03 2.026000000000000000e+03 2.030000000000000000e+03 2.839000000000000000e+03 6.160000000000000000e+03 1.034800000000000000e+04 1.788600000000000000e+04 3.564300000000000000e+04 3.780600000000000000e+04 5.021600000000000000e+04 9.533700000000000000e+04 1.442570000000000000e+05 2.364840000000000000e+05 7.745290000000000000e+05 1.332747000000000000e+06 2.481188000000000000e+06 7.410803000000000000e+06 1.537016900000000000e+07
7.898000000000000000e+03 1.953000000000000000e+03 2.956000000000000000e+03 3.176000000000000000e+03 3.852000000000000000e+03 9.562000000000000000e+03 1.456000000000000000e+04 2.711200000000000000e+04 5.763300000000000000e+04 6.918700000000000000e+04 9.189500000000000000e+04 2.049910000000000000e+05 2.384550000000000000e+05 3.957060000000000000e+05 1.333725000000000000e+06 1.969829000000000000e+06 3.511518000000000000e+06 9.442211000000000000e+06 1.541122300000000000e+07
2.119000000000000000e+03 7.390000000000000000e+02 1.438000000000000000e+03 2.187000000000000000e+03 3.807000000000000000e+03 1.039200000000000000e+04 1.637900000000000000e+04 2.961800000000000000e+04 5.716800000000000000e+04 6.019200000000000000e+04 8.115400000000000000e+04 1.573080000000000000e+05 1.969040000000000000e+05 3.607140000000000000e+05 1.015561000000000000e+06 1.702620000000000000e+06 3.214657000000000000e+06 8.154624000000000000e+06 1.350239700000000000e+07
6.350000000000000000e+02 4.580000000000000000e+02 1.279000000000000000e+03 1.889000000000000000e+03 3.165000000000000000e+03 8.046000000000000000e+03 1.114000000000000000e+04 1.989700000000000000e+04 4.056100000000000000e+04 4.888400000000000000e+04 6.546500000000000000e+04 1.152300000000000000e+05 1.320220000000000000e+05 2.370050000000000000e+05 7.797790000000000000e+05 1.337826000000000000e+06 2.687250000000000000e+06 7.837627000000000000e+06 1.259013500000000000e+07
4.824000000000000000e+03 2.754000000000000000e+03 4.383000000000000000e+03 3.762000000000000000e+03 5.446000000000000000e+03 1.418600000000000000e+04 2.082400000000000000e+04 3.547100000000000000e+04 7.425400000000000000e+04 9.044300000000000000e+04 1.338460000000000000e+05 2.654060000000000000e+05 3.744300000000000000e+05 7.495620000000000000e+05 2.160148000000000000e+06 3.601112000000000000e+06 7.696823000000000000e+06 2.417083600000000000e+07 4.232061100000000000e+07
4.102000000000000000e+03 2.303000000000000000e+03 4.266000000000000000e+03 4.608000000000000000e+03 6.309000000000000000e+03 1.531900000000000000e+04 2.563300000000000000e+04 3.969200000000000000e+04 8.500700000000000000e+04 9.304400000000000000e+04 1.526070000000000000e+05 3.054600000000000000e+05 4.290260000000000000e+05 8.085840000000000000e+05 2.345004000000000000e+06 3.883635000000000000e+06 6.913146000000000000e+06 1.973024400000000000e+07 3.680494200000000000e+07
6.602000000000000000e+03 2.920000000000000000e+03 4.895000000000000000e+03 5.085000000000000000e+03 7.683000000000000000e+03 2.106400000000000000e+04 3.034100000000000000e+04 5.194300000000000000e+04 1.128350000000000000e+05 1.210760000000000000e+05 1.505890000000000000e+05 3.226560000000000000e+05 2.910050000000000000e+05 6.567920000000000000e+05 1.983381000000000000e+06 2.894920000000000000e+06 5.852414000000000000e+06 1.774961400000000000e+07 2.642696600000000000e+07
1.330000000000000000e+03 8.210000000000000000e+02 1.296000000000000000e+03 1.475000000000000000e+03 2.336000000000000000e+03 6.212000000000000000e+03 9.130000000000000000e+03 1.530700000000000000e+04 3.445100000000000000e+04 3.746100000000000000e+04 4.955700000000000000e+04 8.752900000000000000e+04 1.062820000000000000e+05 2.031350000000000000e+05 5.677820000000000000e+05 8.427640000000000000e+05 1.818029000000000000e+06 5.009462000000000000e+06 8.566309000000000000e+06
6.214000000000000000e+03 1.839000000000000000e+03 3.041000000000000000e+03 2.870000000000000000e+03 4.519000000000000000e+03 1.137200000000000000e+04 1.804300000000000000e+04 2.424500000000000000e+04 4.817900000000000000e+04 6.198300000000000000e+04 7.527500000000000000e+04 1.470660000000000000e+05 1.652840000000000000e+05 3.521280000000000000e+05 1.133054000000000000e+06 1.756084000000000000e+06 2.790337000000000000e+06 8.495299000000000000e+06 1.216573200000000000e+07
9.270000000000000000e+02 4.440000000000000000e+02 8.980000000000000000e+02 1.175000000000000000e+03 1.934000000000000000e+03 4.307000000000000000e+03 6.238000000000000000e+03 1.026600000000000000e+04 2.290500000000000000e+04 2.131400000000000000e+04 2.919000000000000000e+04 5.994500000000000000e+04 7.652000000000000000e+04 1.346840000000000000e+05 4.038920000000000000e+05 6.181110000000000000e+05 1.190035000000000000e+06 3.322797000000000000e+06 4.816380000000000000e+06
1.959000000000000000e+03 1.220000000000000000e+03 1.887000000000000000e+03 2.140000000000000000e+03 3.219000000000000000e+03 7.927000000000000000e+03 1.080800000000000000e+04 2.070800000000000000e+04 4.008300000000000000e+04 4.290500000000000000e+04 5.685900000000000000e+04 1.289390000000000000e+05 1.437120000000000000e+05 3.094710000000000000e+05 7.746740000000000000e+05 1.345774000000000000e+06 2.865179000000000000e+06 9.430578000000000000e+06 1.798510200000000000e+07
4.646000000000000000e+03 2.223000000000000000e+03 3.401000000000000000e+03 3.435000000000000000e+03 5.017000000000000000e+03 1.227000000000000000e+04 1.880000000000000000e+04 3.135500000000000000e+04 6.806700000000000000e+04 8.592800000000000000e+04 1.126090000000000000e+05 2.215580000000000000e+05 2.604810000000000000e+05 4.220090000000000000e+05 1.309555000000000000e+06 2.054651000000000000e+06 4.008524000000000000e+06 9.367616000000000000e+06 1.240289100000000000e+07
2.941000000000000000e+03 1.524000000000000000e+03 2.825000000000000000e+03 3.055000000000000000e+03 3.847000000000000000e+03 1.013000000000000000e+04 1.477400000000000000e+04 2.537900000000000000e+04 5.601000000000000000e+04 6.226600000000000000e+04 1.036090000000000000e+05 1.827330000000000000e+05 2.475590000000000000e+05 4.676340000000000000e+05 1.335845000000000000e+06 1.985091000000000000e+06 4.311332000000000000e+06 1.202194700000000000e+07 1.873186700000000000e+07
1.670000000000000000e+03 1.310000000000000000e+03 2.392000000000000000e+03 2.687000000000000000e+03 4.390000000000000000e+03 1.037400000000000000e+04 1.567700000000000000e+04 2.726100000000000000e+04 5.892300000000000000e+04 6.329500000000000000e+04 9.381900000000000000e+04 1.842960000000000000e+05 2.251590000000000000e+05 3.865070000000000000e+05 1.211489000000000000e+06 1.917478000000000000e+06 3.609821000000000000e+06 1.064933400000000000e+07 1.684380500000000000e+07
3.924000000000000000e+03 2.618000000000000000e+03 4.271000000000000000e+03 4.449000000000000000e+03 6.800000000000000000e+03 1.702100000000000000e+04 2.162500000000000000e+04 3.594700000000000000e+04 7.786800000000000000e+04 8.604800000000000000e+04 1.246900000000000000e+05 2.537910000000000000e+05 3.448960000000000000e+05 5.215150000000000000e+05 1.864769000000000000e+06 2.941429000000000000e+06 5.906896000000000000e+06 1.723572900000000000e+07 3.260101200000000000e+07
2.386000000000000000e+03 9.870000000000000000e+02 2.179000000000000000e+03 2.973000000000000000e+03 4.120000000000000000e+03 1.032600000000000000e+04 1.486500000000000000e+04 2.355300000000000000e+04 5.158900000000000000e+04 6.312200000000000000e+04 8.453800000000000000e+04 1.770580000000000000e+05 1.984560000000000000e+05 2.878860000000000000e+05 1.032019000000000000e+06 1.726150000000000000e+06 3.342592000000000000e+06 9.922191000000000000e+06 1.486330100000000000e+07
1.460000000000000000e+03 1.074000000000000000e+03 1.651000000000000000e+03 1.876000000000000000e+03 2.926000000000000000e+03 7.773000000000000000e+03 1.117900000000000000e+04 1.916900000000000000e+04 3.941700000000000000e+04 4.867800000000000000e+04 6.440400000000000000e+04 1.353190000000000000e+05 1.632650000000000000e+05 2.140750000000000000e+05 6.873330000000000000e+05 1.270368000000000000e+06 2.433735000000000000e+06 8.038739000000000000e+06 1.446917300000000000e+07
1.423000000000000000e+03 9.170000000000000000e+02 1.663000000000000000e+03 2.243000000000000000e+03 3.848000000000000000e+03 9.189000000000000000e+03 1.480100000000000000e+04 2.372100000000000000e+04 5.218500000000000000e+04 6.655700000000000000e+04 9.408900000000000000e+04 1.993420000000000000e+05 2.828840000000000000e+05 5.490920000000000000e+05 1.258969000000000000e+06 1.549754000000000000e+06 3.645048000000000000e+06 1.041029000000000000e+07 1.731543200000000000e+07
