2.096000000000000000e+03 9.020000000000000000e+02 1.526000000000000000e+03 1.654000000000000000e+03 2.783000000000000000e+03 7.873000000000000000e+03 1.089400000000000000e+04 1.766700000000000000e+04 4.014400000000000000e+04 4.479400000000000000e+04 6.196700000000000000e+04 1.283010000000000000e+05 1.294370000000000000e+05 2.479000000000000000e+05 7.425560000000000000e+05 1.115853000000000000e+06 2.125090000000000000e+06 7.005701000000000000e+06 1.321805900000000000e+07
1.874000000000000000e+03 1.394000000000000000e+03 1.777000000000000000e+03 1.568000000000000000e+03 2.351000000000000000e+03 5.936000000000000000e+03 8.394000000000000000e+03 1.381000000000000000e+04 3.411500000000000000e+04 3.938900000000000000e+04 5.016000000000000000e+04 8.662700000000000000e+04 1.183770000000000000e+05 2.054190000000000000e+05 5.144000000000000000e+05 9.367440000000000000e+05 1.908440000000000000e+06 6.352083000000000000e+06 1.256378000000000000e+07
3.909000000000000000e+03 2.339000000000000000e+03 3.568000000000000000e+03 3.352000000000000000e+03 4.674000000000000000e+03 1.006000000000000000e+04 1.737300000000000000e+04 2.910000000000000000e+04 6.033800000000000000e+04 8.036600000000000000e+04 1.113180000000000000e+05 1.992690000000000000e+05 1.778010000000000000e+05 3.448000000000000000e+05 1.223637000000000000e+06 1.565124000000000000e+06 4.084309000000000000e+06 1.104297300000000000e+07 1.719723300000000000e+07
3.323000000000000000e+03 2.563000000000000000e+03 3.721000000000000000e+03 3.684000000000000000e+03 5.040000000000000000e+03 1.253000000000000000e+04 1.769500000000000000e+04 3.008600000000000000e+04 6.831400000000000000e+04 7.581400000000000000e+04 1.022540000000000000e+05 1.949420000000000000e+05 2.049000000000000000e+05 3.766330000000000000e+05 1.335390000000000000e+06 2.184121000000000000e+06 3.959997000000000000e+06 1.215994800000000000e+07 2.274771000000000000e+07
3.763000000000000000e+03 1.117000000000000000e+03 2.451000000000000000e+03 2.892000000000000000e+03 4.053000000000000000e+03 9.918000000000000000e+03 1.481000000000000000e+04 2.429500000000000000e+04 5.555400000000000000e+04 6.497900000000000000e+04 8.328400000000000000e+04 1.610930000000000000e+05 2.046640000000000000e+05 3.788460000000000000e+05 9.404780000000000000e+05 1.607750000000000000e+06 2.456563000000000000e+06 8.788088000000000000e+06 1.795973500000000000e+07
5.500000000000000000e+03 2.043000000000000000e+03 3.250000000000000000e+03 2.833000000000000000e+03 3.843000000000000000e+03 9.379000000000000000e+03 1.404000000000000000e+04 2.317000000000000000e+04 5.143500000000000000e+04 5.768900000000000000e+04 8.042000000000000000e+04 1.544630000000000000e+05 1.852260000000000000e+05 2.659270000000000000e+05 8.315890000000000000e+05 1.367451000000000000e+06 2.417618000000000000e+06 6.621664000000000000e+06 7.629748000000000000e+06
4.283000000000000000e+03 1.297000000000000000e+03 1.883000000000000000e+03 1.986000000000000000e+03 2.706000000000000000e+03 7.388000000000000000e+03 1.282100000000000000e+04 1.754900000000000000e+04 3.153500000000000000e+04 3.553300000000000000e+04 4.696900000000000000e+04 8.444700000000000000e+04 1.191050000000000000e+05 1.957490000000000000e+05 4.738070000000000000e+05 7.224240000000000000e+05 1.759670000000000000e+06 4.958543000000000000e+06 9.747651000000000000e+06
3.706000000000000000e+03 2.518000000000000000e+03 3.427000000000000000e+03 2.808000000000000000e+03 4.333000000000000000e+03 9.794000000000000000e+03 1.380000000000000000e+04 2.630800000000000000e+04 5.531100000000000000e+04 5.432500000000000000e+04 1.016630000000000000e+05 1.704020000000000000e+05 1.749170000000000000e+05 2.526040000000000000e+05 7.849010000000000000e+05 1.289374000000000000e+06 2.284860000000000000e+06 8.647024000000000000e+06 1.713451700000000000e+07
6.126000000000000000e+03 1.782000000000000000e+03 2.613000000000000000e+03 2.180000000000000000e+03 3.387000000000000000e+03 1.095500000000000000e+04 1.275500000000000000e+04 2.204600000000000000e+04 4.447400000000000000e+04 5.578600000000000000e+04 7.964600000000000000e+04 1.352610000000000000e+05 1.484530000000000000e+05 2.533910000000000000e+05 7.439810000000000000e+05 1.237882000000000000e+06 2.650719000000000000e+06 7.577996000000000000e+06 1.197217200000000000e+07
3.930000000000000000e+03 2.215000000000000000e+03 3.142000000000000000e+03 3.035000000000000000e+03 4.024000000000000000e+03 1.053900000000000000e+04 1.466500000000000000e+04 2.798800000000000000e+04 6.325500000000000000e+04 7.123000000000000000e+04 1.179270000000000000e+05 2.253380000000000000e+05 2.375450000000000000e+05 3.843610000000000000e+05 1.303286000000000000e+06 1.923641000000000000e+06 3.878869000000000000e+06 1.199288900000000000e+07 2.134171800000000000e+07
2.060000000000000000e+03 1.591000000000000000e+03 2.350000000000000000e+03 2.582000000000000000e+03 3.968000000000000000e+03 9.911000000000000000e+03 1.445900000000000000e+04 2.525700000000000000e+04 5.500900000000000000e+04 6.074600000000000000e+04 7.020600000000000000e+04 1.205210000000000000e+05 1.680960000000000000e+05 3.183840000000000000e+05 7.151880000000000000e+05 1.148553000000000000e+06 2.373692000000000000e+06 6.238851000000000000e+06 9.769736000000000000e+06
9.838000000000000000e+03 1.808000000000000000e+03 2.677000000000000000e+03 2.981000000000000000e+03 3.982000000000000000e+03 1.129400000000000000e+04 1.848600000000000000e+04 2.798900000000000000e+04 5.904400000000000000e+04 6.166600000000000000e+04 7.859300000000000000e+04 1.782560000000000000e+05 1.848640000000000000e+05 3.520290000000000000e+05 9.537120000000000000e+05 1.472984000000000000e+06 2.514653000000000000e+06 6.199244000000000000e+06 1.276517000000000000e+07
1.338000000000000000e+03 8.420000000000000000e+02 1.418000000000000000e+03 1.747000000000000000e+03 2.573000000000000000e+03 6.844000000000000000e+03 9.526000000000000000e+03 1.684300000000000000e+04 3.867100000000000000e+04 4.347700000000000000e+04 5.661200000000000000e+04 1.126210000000000000e+05 1.541430000000000000e+05 2.194370000000000000e+05 6.049090000000000000e+05 1.007102000000000000e+06 2.225312000000000000e+06 6.155165000000000000e+06 1.318369200000000000e+07
1.128000000000000000e+03 5.950000000000000000e+02 1.269000000000000000e+03 1.687000000000000000e+03 2.880000000000000000e+03 7.837000000000000000e+03 1.207700000000000000e+04 2.251600000000000000e+04 5.406800000000000000e+04 6.667800000000000000e+04 9.753800000000000000e+04 2.099120000000000000e+05 2.727550000000000000e+05 4.597140000000000000e+05 1.260909000000000000e+06 1.952684000000000000e+06 4.036677000000000000e+06 1.352403300000000000e+07 2.336555700000000000e+07
2.163000000000000000e+03 1.294000000000000000e+03 2.098000000000000000e+03 2.668000000000000000e+03 3.825000000000000000e+03 8.851000000000000000e+03 1.451200000000000000e+04 2.618300000000000000e+04 6.490000000000000000e+04 7.401600000000000000e+04 1.068250000000000000e+05 2.224310000000000000e+05 2.589940000000000000e+05 4.328220000000000000e+05 1.311784000000000000e+06 2.139589000000000000e+06 4.099414000000000000e+06 1.146241100000000000e+07 1.966901300000000000e+07
3.119000000000000000e+03 1.393000000000000000e+03 2.616000000000000000e+03 2.710000000000000000e+03 3.769000000000000000e+03 8.499000000000000000e+03 1.217400000000000000e+04 2.195000000000000000e+04 5.360000000000000000e+04 6.373300000000000000e+04 8.424700000000000000e+04 1.477300000000000000e+05 2.056360000000000000e+05 2.850070000000000000e+05 6.965220000000000000e+05 1.275401000000000000e+06 2.319859000000000000e+06 6.970292000000000000e+06 7.415132000000000000e+06
6.467000000000000000e+03 2.455000000000000000e+03 3.382000000000000000e+03 2.693000000000000000e+03 3.581000000000000000e+03 1.024800000000000000e+04 1.477100000000000000e+04 2.359600000000000000e+04 5.447100000000000000e+04 5.621300000000000000e+04 8.139400000000000000e+04 1.863530000000000000e+05 2.155100000000000000e+05 4.066030000000000000e+05 9.598990000000000000e+05 1.629070000000000000e+06 3.203576000000000000e+06 8.249415000000000000e+06 1.510683400000000000e+07
5.354000000000000000e+03 2.483000000000000000e+03 3.738000000000000000e+03 2.908000000000000000e+03 3.812000000000000000e+03 1.049100000000000000e+04 1.808100000000000000e+04 3.091300000000000000e+04 6.081500000000000000e+04 6.796000000000000000e+04 9.516300000000000000e+04 1.633250000000000000e+05 2.209150000000000000e+05 3.478420000000000000e+05 1.102292000000000000e+06 1.749351000000000000e+06 3.111095000000000000e+06 9.307041000000000000e+06 1.779771600000000000e+07
2.553000000000000000e+03 2.023000000000000000e+03 3.414000000000000000e+03 3.099000000000000000e+03 4.333000000000000000e+03 9.336000000000000000e+03 1.526600000000000000e+04 2.542300000000000000e+04 5.853000000000000000e+04 5.920000000000000000e+04 7.286300000000000000e+04 1.769780000000000000e+05 1.826690000000000000e+05 2.679750000000000000e+05 9.638340000000000000e+05 1.616049000000000000e+06 3.158529000000000000e+06 9.238338000000000000e+06 1.855345000000000000e+07
2.410000000000000000e+03 1.818000000000000000e+03 3.564000000000000000e+03 3.409000000000000000e+03 3.923000000000000000e+03 9.615000000000000000e+03 1.423200000000000000e+04 2.499900000000000000e+04 5.547800000000000000e+04 6.440600000000000000e+04 8.532700000000000000e+04 1.660660000000000000e+05 1.997120000000000000e+05 3.073080000000000000e+05 1.097288000000000000e+06 1.573036000000000000e+06 3.168935000000000000e+06 9.754376000000000000e+06 1.598856700000000000e+07
8.586000000000000000e+03 1.447000000000000000e+03 2.821000000000000000e+03 2.163000000000000000e+03 3.359000000000000000e+03 7.746000000000000000e+03 1.724300000000000000e+04 2.440300000000000000e+04 5.418500000000000000e+04 6.543700000000000000e+04 9.112300000000000000e+04 1.651500000000000000e+05 1.985910000000000000e+05 3.511100000000000000e+05 7.851570000000000000e+05 1.370712000000000000e+06 2.926299000000000000e+06 8.211292000000000000e+06 1.204569000000000000e+07
4.276000000000000000e+03 1.760000000000000000e+03 2.432000000000000000e+03 2.723000000000000000e+03 3.935000000000000000e+03 9.321000000000000000e+03 1.632700000000000000e+04 2.845300000000000000e+04 6.040600000000000000e+04 7.417500000000000000e+04 9.790000000000000000e+04 1.565840000000000000e+05 1.741650000000000000e+05 3.290480000000000000e+05 8.878520000000000000e+05 1.288722000000000000e+06 3.029774000000000000e+06 8.626012000000000000e+06 1.624612700000000000e+07
1.599000000000000000e+03 1.376000000000000000e+03 2.888000000000000000e+03 3.166000000000000000e+03 4.713000000000000000e+03 1.107700000000000000e+04 1.653000000000000000e+04 2.640900000000000000e+04 4.981200000000000000e+04 5.018300000000000000e+04 6.939000000000000000e+04 1.321280000000000000e+05 1.482100000000000000e+05 2.708050000000000000e+05 8.613070000000000000e+05 1.366816000000000000e+06 2.741908000000000000e+06 7.787764000000000000e+06 1.221725300000000000e+07
6.940000000000000000e+02 6.430000000000000000e+02 1.347000000000000000e+03 1.639000000000000000e+03 2.621000000000000000e+03 6.815000000000000000e+03 1.069000000000000000e+04 1.781500000000000000e+04 3.919900000000000000e+04 4.868500000000000000e+04 6.591400000000000000e+04 1.232230000000000000e+05 1.618800000000000000e+05 2.166680000000000000e+05 6.446400000000000000e+05 1.045769000000000000e+06 2.091253000000000000e+06 6.927029000000000000e+06 1.476709300000000000e+07
2.828000000000000000e+03 1.123000000000000000e+03 2.219000000000000000e+03 2.580000000000000000e+03 4.066000000000000000e+03 1.027600000000000000e+04 1.514300000000000000e+04 2.639500000000000000e+04 5.632000000000000000e+04 7.140800000000000000e+04 1.030500000000000000e+05 2.161460000000000000e+05 2.062820000000000000e+05 3.404720000000000000e+05 1.044792000000000000e+06 1.852781000000000000e+06 3.492213000000000000e+06 1.121287500000000000e+07 2.187444600000000000e+07
4.375000000000000000e+03 2.136000000000000000e+03 2.662000000000000000e+03 2.249000000000000000e+03 3.325000000000000000e+03 8.888000000000000000e+03 1.485800000000000000e+04 2.421400000000000000e+04 5.772800000000000000e+04 5.826800000000000000e+04 8.714900000000000000e+04 1.929560000000000000e+05 1.685100000000000000e+05 3.281400000000000000e+05 7.622600000000000000e+05 1.405621000000000000e+06 2.680403000000000000e+06 8.335552000000000000e+06 1.195877500000000000e+07
4.800000000000000000e+02 3.960000000000000000e+02 9.600000000000000000e+02 1.527000000000000000e+03 2.800000000000000000e+03 6.855000000000000000e+03 1.001100000000000000e+04 1.802000000000000000e+04 4.220300000000000000e+04 5.155200000000000000e+04 6.791700000000000000e+04 1.287430000000000000e+05 1.481510000000000000e+05 2.317980000000000000e+05 7.964810000000000000e+05 1.266850000000000000e+06 2.618640000000000000e+06 7.592831000000000000e+06 1.465519900000000000e+07
8.078000000000000000e+03 2.940000000000000000e+03 3.779000000000000000e+03 3.688000000000000000e+03 4.996000000000000000e+03 1.424700000000000000e+04 2.410500000000000000e+04 3.734500000000000000e+04 8.019200000000000000e+04 9.511400000000000000e+04 1.340940000000000000e+05 3.301290000000000000e+05 4.136730000000000000e+05 8.948570000000000000e+05 2.101721000000000000e+06 3.489686000000000000e+06 6.033388000000000000e+06 1.029916400000000000e+07 7.121106000000000000e+06
9.720000000000000000e+03 4.609000000000000000e+03 5.741000000000000000e+03 4.715000000000000000e+03 5.909000000000000000e+03 1.686000000000000000e+04 2.683800000000000000e+04 4.748800000000000000e+04 9.771700000000000000e+04 1.109990000000000000e+05 1.813330000000000000e+05 3.383730000000000000e+05 3.148670000000000000e+05 7.246770000000000000e+05 1.961977000000000000e+06 2.544302000000000000e+06 4.686332000000000000e+06 1.223225500000000000e+07 2.211506300000000000e+07
5.956000000000000000e+03 2.204000000000000000e+03 3.198000000000000000e+03 2.950000000000000000e+03 4.114000000000000000e+03 1.090300000000000000e+04 1.710400000000000000e+04 3.102700000000000000e+04 6.403900000000000000e+04 7.461300000000000000e+04 9.451200000000000000e+04 1.760020000000000000e+05 2.624360000000000000e+05 3.906260000000000000e+05 1.096873000000000000e+06 1.640495000000000000e+06 3.749363000000000000e+06 1.139144100000000000e+07 2.076736700000000000e+07
4.677000000000000000e+03 2.803000000000000000e+03 4.045000000000000000e+03 3.783000000000000000e+03 4.767000000000000000e+03 1.087600000000000000e+04 1.678600000000000000e+04 2.925900000000000000e+04 5.748200000000000000e+04 5.496000000000000000e+04 8.342600000000000000e+04 2.010700000000000000e+05 2.133750000000000000e+05 3.923420000000000000e+05 9.695320000000000000e+05 1.548751000000000000e+06 3.634253000000000000e+06 1.171770400000000000e+07 2.396426700000000000e+07
5.112000000000000000e+03 2.792000000000000000e+03 3.787000000000000000e+03 3.483000000000000000e+03 4.826000000000000000e+03 1.222700000000000000e+04 1.849400000000000000e+04 3.110100000000000000e+04 6.444900000000000000e+04 7.226600000000000000e+04 1.197130000000000000e+05 2.033020000000000000e+05 2.868300000000000000e+05 5.235130000000000000e+05 1.406593000000000000e+06 2.361318000000000000e+06 4.554410000000000000e+06 1.151538600000000000e+07 1.360945300000000000e+07
4.622000000000000000e+03 1.333000000000000000e+03 2.187000000000000000e+03 2.390000000000000000e+03 3.476000000000000000e+03 8.253000000000000000e+03 1.382800000000000000e+04 2.098100000000000000e+04 4.261100000000000000e+04 4.863100000000000000e+04 6.299300000000000000e+04 1.175260000000000000e+05 1.612010000000000000e+05 2.858390000000000000e+05 6.452880000000000000e+05 1.070823000000000000e+06 1.940769000000000000e+06 5.621245000000000000e+06 8.072865000000000000e+06
3.782000000000000000e+03 1.838000000000000000e+03 3.030000000000000000e+03 2.076000000000000000e+03 2.919000000000000000e+03 7.816000000000000000e+03 1.206600000000000000e+04 2.035000000000000000e+04 4.594300000000000000e+04 5.780900000000000000e+04 8.077300000000000000e+04 1.532350000000000000e+05 2.035900000000000000e+05 2.877230000000000000e+05 7.128490000000000000e+05 9.244360000000000000e+05 1.959383000000000000e+06 6.464857000000000000e+06 1.480441700000000000e+07
2.489000000000000000e+03 1.894000000000000000e+03 3.403000000000000000e+03 3.312000000000000000e+03 4.123000000000000000e+03 9.419000000000000000e+03 1.678400000000000000e+04 2.667900000000000000e+04 5.695000000000000000e+04 7.131500000000000000e+04 1.076750000000000000e+05 2.123700000000000000e+05 2.209830000000000000e+05 3.118780000000000000e+05 9.733270000000000000e+05 1.805590000000000000e+06 3.427732000000000000e+06 1.100164900000000000e+07 1.766178400000000000e+07
8.083000000000000000e+03 3.324000000000000000e+03 4.247000000000000000e+03 4.061000000000000000e+03 5.253000000000000000e+03 1.425800000000000000e+04 2.139900000000000000e+04 4.308200000000000000e+04 8.530500000000000000e+04 1.017110000000000000e+05 1.597280000000000000e+05 2.770500000000000000e+05 3.204840000000000000e+05 6.509860000000000000e+05 1.491090000000000000e+06 2.677473000000000000e+06 4.500791000000000000e+06 7.037422000000000000e+06 1.202051100000000000e+07
1.176300000000000000e+04 3.321000000000000000e+03 4.003000000000000000e+03 4.014000000000000000e+03 5.668000000000000000e+03 1.695500000000000000e+04 2.496200000000000000e+04 3.460000000000000000e+04 7.468900000000000000e+04 8.785700000000000000e+04 1.193160000000000000e+05 2.644050000000000000e+05 3.548420000000000000e+05 5.086130000000000000e+05 1.594559000000000000e+06 2.267923000000000000e+06 4.450151000000000000e+06 1.505019000000000000e+07 2.553237800000000000e+07
2.666000000000000000e+03 1.642000000000000000e+03 3.317000000000000000e+03 3.682000000000000000e+03 5.472000000000000000e+03 1.210600000000000000e+04 1.633700000000000000e+04 2.972600000000000000e+04 6.593600000000000000e+04 7.347200000000000000e+04 1.043500000000000000e+05 2.247770000000000000e+05 2.335400000000000000e+05 3.166110000000000000e+05 8.935360000000000000e+05 1.771229000000000000e+06 3.254374000000000000e+06 1.032624400000000000e+07 2.061962000000000000e+07
4.853000000000000000e+03 1.871000000000000000e+03 3.478000000000000000e+03 3.046000000000000000e+03 4.814000000000000000e+03 1.265200000000000000e+04 1.752800000000000000e+04 3.069000000000000000e+04 6.937400000000000000e+04 7.271800000000000000e+04 1.000460000000000000e+05 1.770210000000000000e+05 2.028810000000000000e+05 3.550660000000000000e+05 1.107498000000000000e+06 1.826893000000000000e+06 3.864610000000000000e+06 1.149610200000000000e+07 2.376741500000000000e+07
7.655000000000000000e+03 2.839000000000000000e+03 4.356000000000000000e+03 4.205000000000000000e+03 5.409000000000000000e+03 1.412200000000000000e+04 2.339600000000000000e+04 3.787000000000000000e+04 8.690500000000000000e+04 1.021510000000000000e+05 1.543240000000000000e+05 3.427620000000000000e+05 4.019430000000000000e+05 7.255530000000000000e+05 1.816373000000000000e+06 3.390477000000000000e+06 7.279091000000000000e+06 2.054846100000000000e+07 3.250163200000000000e+07
6.046000000000000000e+03 2.240000000000000000e+03 3.717000000000000000e+03 3.686000000000000000e+03 5.660000000000000000e+03 1.229100000000000000e+04 2.219700000000000000e+04 3.505900000000000000e+04 7.118500000000000000e+04 7.063100000000000000e+04 9.938800000000000000e+04 2.267670000000000000e+05 2.757540000000000000e+05 4.838570000000000000e+05 1.400755000000000000e+06 2.223179000000000000e+06 3.677707000000000000e+06 1.040636000000000000e+07 1.939676900000000000e+07
4.741000000000000000e+03 1.506000000000000000e+03 3.115000000000000000e+03 3.372000000000000000e+03 4.601000000000000000e+03 1.296300000000000000e+04 1.762400000000000000e+04 3.169000000000000000e+04 6.437200000000000000e+04 6.708800000000000000e+04 9.736400000000000000e+04 1.678190000000000000e+05 1.808370000000000000e+05 4.113250000000000000e+05 1.147101000000000000e+06 1.883311000000000000e+06 3.975253000000000000e+06 1.197547000000000000e+07 2.021993800000000000e+07
1.115000000000000000e+03 7.970000000000000000e+02 1.671000000000000000e+03 2.309000000000000000e+03 3.627000000000000000e+03 9.295000000000000000e+03 1.412000000000000000e+04 2.329200000000000000e+04 4.922000000000000000e+04 5.679200000000000000e+04 7.818300000000000000e+04 1.508700000000000000e+05 1.619360000000000000e+05 3.020280000000000000e+05 8.621560000000000000e+05 1.345448000000000000e+06 2.877768000000000000e+06 7.853650000000000000e+06 1.207325100000000000e+07
1.376000000000000000e+03 1.150000000000000000e+03 2.223000000000000000e+03 2.650000000000000000e+03 4.059000000000000000e+03 1.038300000000000000e+04 1.465100000000000000e+04 2.438700000000000000e+04 5.612100000000000000e+04 6.182800000000000000e+04 8.704400000000000000e+04 1.821280000000000000e+05 2.166810000000000000e+05 3.612870000000000000e+05 1.106478000000000000e+06 1.642828000000000000e+06 3.044684000000000000e+06 8.925389000000000000e+06 2.032156600000000000e+07
4.812000000000000000e+03 2.098000000000000000e+03 2.967000000000000000e+03 3.006000000000000000e+03 3.771000000000000000e+03 1.063400000000000000e+04 1.697100000000000000e+04 2.698300000000000000e+04 6.291400000000000000e+04 6.690500000000000000e+04 1.007240000000000000e+05 1.934890000000000000e+05 2.706580000000000000e+05 3.975970000000000000e+05 9.541640000000000000e+05 1.967832000000000000e+06 3.989540000000000000e+06 1.093444700000000000e+07 1.528656200000000000e+07
2.034000000000000000e+03 1.228000000000000000e+03 2.083000000000000000e+03 2.172000000000000000e+03 3.106000000000000000e+03 7.216000000000000000e+03 9.165000000000000000e+03 1.761900000000000000e+04 3.656000000000000000e+04 4.391200000000000000e+04 6.677200000000000000e+04 1.456010000000000000e+05 1.366080000000000000e+05 2.620100000000000000e+05 7.136270000000000000e+05 1.035251000000000000e+06 1.863563000000000000e+06 4.255118000000000000e+06 5.530637000000000000e+06
5.197000000000000000e+03 2.861000000000000000e+03 3.458000000000000000e+03 2.950000000000000000e+03 4.325000000000000000e+03 1.081200000000000000e+04 1.636900000000000000e+04 3.002200000000000000e+04 6.193900000000000000e+04 6.744100000000000000e+04 1.045970000000000000e+05 1.654800000000000000e+05 2.441140000000000000e+05 4.557600000000000000e+05 1.376467000000000000e+06 2.056453000000000000e+06 4.252004000000000000e+06 1.009897300000000000e+07 1.261417500000000000e+07
2.819000000000000000e+03 1.079000000000000000e+03 1.814000000000000000e+03 2.039000000000000000e+03 3.108000000000000000e+03 7.767000000000000000e+03 1.196200000000000000e+04 1.888000000000000000e+04 4.690800000000000000e+04 4.583000000000000000e+04 6.108300000000000000e+04 1.082760000000000000e+05 1.223310000000000000e+05 2.548590000000000000e+05 5.923960000000000000e+05 8.964140000000000000e+05 2.007670000000000000e+06 6.688740000000000000e+06 1.505982000000000000e+07
2.163000000000000000e+03 1.487000000000000000e+03 2.437000000000000000e+03 2.344000000000000000e+03 3.125000000000000000e+03 7.132000000000000000e+03 1.170100000000000000e+04 1.926700000000000000e+04 4.435000000000000000e+04 5.290500000000000000e+04 7.108200000000000000e+04 1.649580000000000000e+05 1.786330000000000000e+05 2.582110000000000000e+05 7.237350000000000000e+05 1.382576000000000000e+06 2.441441000000000000e+06 8.803054000000000000e+06 1.519436700000000000e+07
1.397000000000000000e+03 9.810000000000000000e+02 2.407000000000000000e+03 2.613000000000000000e+03 4.226000000000000000e+03 8.863000000000000000e+03 1.433600000000000000e+04 2.630300000000000000e+04 5.898300000000000000e+04 7.326400000000000000e+04 1.115250000000000000e+05 2.507650000000000000e+05 2.792060000000000000e+05 4.182620000000000000e+05 1.148369000000000000e+06 2.030035000000000000e+06 3.819999000000000000e+06 1.150113200000000000e+07 2.260160100000000000e+07
3.945000000000000000e+03 1.325000000000000000e+03 2.572000000000000000e+03 2.656000000000000000e+03 3.774000000000000000e+03 1.021300000000000000e+04 1.262100000000000000e+04 2.449100000000000000e+04 4.821900000000000000e+04 5.522400000000000000e+04 7.551000000000000000e+04 1.868270000000000000e+05 2.450500000000000000e+05 3.815110000000000000e+05 9.971670000000000000e+05 1.546056000000000000e+06 2.491927000000000000e+06 8.041217000000000000e+06 1.379084900000000000e+07
5.926000000000000000e+03 3.468000000000000000e+03 3.909000000000000000e+03 2.935000000000000000e+03 4.709000000000000000e+03 1.204400000000000000e+04 1.640600000000000000e+04 2.623200000000000000e+04 4.891000000000000000e+04 5.391300000000000000e+04 7.447900000000000000e+04 1.420600000000000000e+05 1.705480000000000000e+05 3.016850000000000000e+05 7.967670000000000000e+05 1.499660000000000000e+06 2.936497000000000000e+06 7.808611000000000000e+06 1.438421700000000000e+07
4.930000000000000000e+02 5.470000000000000000e+02 1.245000000000000000e+03 1.677000000000000000e+03 2.083000000000000000e+03 4.907000000000000000e+03 7.789000000000000000e+03 1.257400000000000000e+04 2.618900000000000000e+04 3.317600000000000000e+04 4.631300000000000000e+04 8.445500000000000000e+04 9.585300000000000000e+04 1.611810000000000000e+05 4.267970000000000000e+05 7.882030000000000000e+05 1.465694000000000000e+06 4.578540000000000000e+06 6.837153000000000000e+06
2.751000000000000000e+03 9.050000000000000000e+02 1.460000000000000000e+03 1.770000000000000000e+03 2.774000000000000000e+03 7.547000000000000000e+03 1.121700000000000000e+04 1.712400000000000000e+04 3.423800000000000000e+04 4.026700000000000000e+04 5.442200000000000000e+04 9.198400000000000000e+04 1.522380000000000000e+05 2.692570000000000000e+05 7.021580000000000000e+05 1.052768000000000000e+06 2.188157000000000000e+06 7.110600000000000000e+06 1.396508200000000000e+07
6.352000000000000000e+03 3.627000000000000000e+03 4.265000000000000000e+03 3.711000000000000000e+03 5.339000000000000000e+03 1.246800000000000000e+04 1.929000000000000000e+04 3.469500000000000000e+04 8.197300000000000000e+04 1.025100000000000000e+05 1.463120000000000000e+05 3.340610000000000000e+05 3.559830000000000000e+05 5.848230000000000000e+05 1.820881000000000000e+06 2.863929000000000000e+06 5.654037000000000000e+06 1.468393800000000000e+07 2.426320800000000000e+07
5.696000000000000000e+03 1.481000000000000000e+03 2.436000000000000000e+03 2.640000000000000000e+03 3.650000000000000000e+03 1.088600000000000000e+04 1.352800000000000000e+04 2.575300000000000000e+04 5.500800000000000000e+04 5.266300000000000000e+04 6.670300000000000000e+04 1.594950000000000000e+05 1.788880000000000000e+05 4.220800000000000000e+05 1.073362000000000000e+06 1.489067000000000000e+06 2.433250000000000000e+06 6.592633000000000000e+06 7.774152000000000000e+06
9.938000000000000000e+03 4.034000000000000000e+03 5.003000000000000000e+03 4.276000000000000000e+03 5.167000000000000000e+03 1.484000000000000000e+04 2.464900000000000000e+04 3.887400000000000000e+04 8.581100000000000000e+04 1.221130000000000000e+05 2.132210000000000000e+05 4.546120000000000000e+05 6.083520000000000000e+05 9.803990000000000000e+05 1.582703000000000000e+06 2.586988000000000000e+06 4.950899000000000000e+06 1.601780100000000000e+07 2.741633600000000000e+07
7.614000000000000000e+03 2.496000000000000000e+03 3.199000000000000000e+03 2.835000000000000000e+03 3.624000000000000000e+03 9.830000000000000000e+03 1.695600000000000000e+04 2.726200000000000000e+04 5.886000000000000000e+04 6.767600000000000000e+04 7.936300000000000000e+04 2.050660000000000000e+05 2.706070000000000000e+05 4.934840000000000000e+05 1.355793000000000000e+06 1.627527000000000000e+06 3.636033000000000000e+06 1.224871400000000000e+07 1.974586800000000000e+07
3.910000000000000000e+03 1.596000000000000000e+03 3.095000000000000000e+03 2.897000000000000000e+03 3.891000000000000000e+03 8.812000000000000000e+03 1.581000000000000000e+04 2.540200000000000000e+04 5.525700000000000000e+04 6.324400000000000000e+04 8.770900000000000000e+04 2.253060000000000000e+05 3.132570000000000000e+05 3.926620000000000000e+05 1.122575000000000000e+06 1.611228000000000000e+06 3.806201000000000000e+06 1.071940900000000000e+07 1.807795200000000000e+07
5.418000000000000000e+03 1.679000000000000000e+03 2.646000000000000000e+03 2.662000000000000000e+03 3.678000000000000000e+03 8.578000000000000000e+03 1.345300000000000000e+04 2.732900000000000000e+04 5.154300000000000000e+04 6.580300000000000000e+04 9.120700000000000000e+04 1.706140000000000000e+05 2.250840000000000000e+05 3.709860000000000000e+05 9.950080000000000000e+05 1.552809000000000000e+06 2.908988000000000000e+06 7.762093000000000000e+06 1.324168200000000000e+07
2.771000000000000000e+03 1.605000000000000000e+03 2.565000000000000000e+03 2.434000000000000000e+03 3.265000000000000000e+03 8.335000000000000000e+03 1.298100000000000000e+04 2.158600000000000000e+04 4.844300000000000000e+04 6.212700000000000000e+04 8.044900000000000000e+04 1.463840000000000000e+05 1.952740000000000000e+05 4.421570000000000000e+05 9.022560000000000000e+05 1.166364000000000000e+06 2.559564000000000000e+06 8.554193000000000000e+06 1.428083500000000000e+07
5.068000000000000000e+03 2.271000000000000000e+03 3.198000000000000000e+03 2.721000000000000000e+03 4.148000000000000000e+03 1.145200000000000000e+04 1.708900000000000000e+04 2.879200000000000000e+04 6.328200000000000000e+04 7.820900000000000000e+04 1.028080000000000000e+05 1.432520000000000000e+05 1.691770000000000000e+05 3.030330000000000000e+05 9.673170000000000000e+05 1.492599000000000000e+06 2.911669000000000000e+06 8.406497000000000000e+06 1.435141100000000000e+07
1.518000000000000000e+03 9.630000000000000000e+02 1.794000000000000000e+03 2.224000000000000000e+03 3.963000000000000000e+03 1.135200000000000000e+04 1.522200000000000000e+04 2.751500000000000000e+04 6.679700000000000000e+04 8.713100000000000000e+04 1.294190000000000000e+05 2.717080000000000000e+05 3.163310000000000000e+05 5.152470000000000000e+05 1.550430000000000000e+06 2.235369000000000000e+06 4.721150000000000000e+06 1.347099700000000000e+07 2.406393700000000000e+07
1.353000000000000000e+03 9.690000000000000000e+02 2.014000000000000000e+03 2.388000000000000000e+03 3.577000000000000000e+03 8.955000000000000000e+03 1.406000000000000000e+04 2.379900000000000000e+04 4.939900000000000000e+04 5.760800000000000000e+04 7.677200000000000000e+04 1.559160000000000000e+05 1.817940000000000000e+05 3.548390000000000000e+05 9.925990000000000000e+05 1.781156000000000000e+06 3.395957000000000000e+06 1.075411900000000000e+07 1.872057200000000000e+07
5.551000000000000000e+03 2.239000000000000000e+03 3.775000000000000000e+03 3.611000000000000000e+03 4.741000000000000000e+03 1.150900000000000000e+04 1.927400000000000000e+04 3.204700000000000000e+04 6.689000000000000000e+04 6.941000000000000000e+04 9.822800000000000000e+04 2.059190000000000000e+05 2.334930000000000000e+05 3.774250000000000000e+05 1.464525000000000000e+06 2.119263000000000000e+06 3.867268000000000000e+06 1.056113000000000000e+07 1.176917500000000000e+07
9.640000000000000000e+02 8.040000000000000000e+02 1.476000000000000000e+03 1.463000000000000000e+03 2.153000000000000000e+03 5.360000000000000000e+03 7.900000000000000000e+03 1.360700000000000000e+04 3.279000000000000000e+04 4.081900000000000000e+04 5.652300000000000000e+04 1.089040000000000000e+05 1.193330000000000000e+05 1.903760000000000000e+05 4.683730000000000000e+05 9.549250000000000000e+05 1.720290000000000000e+06 6.073122000000000000e+06 1.240656800000000000e+07
4.493000000000000000e+03 2.602000000000000000e+03 3.049000000000000000e+03 2.862000000000000000e+03 4.215000000000000000e+03 9.523000000000000000e+03 1.467600000000000000e+04 2.476200000000000000e+04 5.347100000000000000e+04 7.038600000000000000e+04 9.995300000000000000e+04 1.822840000000000000e+05 1.968570000000000000e+05 4.437050000000000000e+05 1.263353000000000000e+06 1.861089000000000000e+06 3.553653000000000000e+06 1.097256300000000000e+07 1.628041600000000000e+07
1.534000000000000000e+03 1.271000000000000000e+03 2.190000000000000000e+03 2.296000000000000000e+03 3.511000000000000000e+03 8.434000000000000000e+03 1.264200000000000000e+04 2.222900000000000000e+04 4.729100000000000000e+04 5.008800000000000000e+04 8.064500000000000000e+04 1.381390000000000000e+05 1.575550000000000000e+05 2.549630000000000000e+05 7.943400000000000000e+05 1.407428000000000000e+06 2.901444000000000000e+06 1.145435400000000000e+07 1.797092400000000000e+07
1.450900000000000000e+04 1.658000000000000000e+03 2.431000000000000000e+03 2.386000000000000000e+03 3.293000000000000000e+03 1.564700000000000000e+04 1.253300000000000000e+04 3.348900000000000000e+04 7.813800000000000000e+04 7.891200000000000000e+04 9.870900000000000000e+04 1.763090000000000000e+05 2.067550000000000000e+05 3.035950000000000000e+05 1.232454000000000000e+06 2.158809000000000000e+06 3.247710000000000000e+06 5.955793000000000000e+06 1.277510500000000000e+07
1.473300000000000000e+04 1.073000000000000000e+03 1.716000000000000000e+03 2.172000000000000000e+03 3.164000000000000000e+03 8.674000000000000000e+03 1.143800000000000000e+04 1.958100000000000000e+04 4.133500000000000000e+04 4.111000000000000000e+04 6.544300000000000000e+04 1.051930000000000000e+05 1.175760000000000000e+05 2.171060000000000000e+05 6.618190000000000000e+05 1.025748000000000000e+06 1.816000000000000000e+06 5.465757000000000000e+06 7.027491000000000000e+06
1.131000000000000000e+03 7.250000000000000000e+02 1.849000000000000000e+03 2.891000000000000000e+03 6.042000000000000000e+03 1.530900000000000000e+04 2.155900000000000000e+04 3.682400000000000000e+04 9.406900000000000000e+04 1.143880000000000000e+05 1.750600000000000000e+05 3.600880000000000000e+05 4.235740000000000000e+05 6.733520000000000000e+05 1.879239000000000000e+06 3.356773000000000000e+06 6.495875000000000000e+06 1.675210500000000000e+07 3.198048200000000000e+07
5.878000000000000000e+03 2.959000000000000000e+03 4.823000000000000000e+03 3.245000000000000000e+03 4.506000000000000000e+03 1.205800000000000000e+04 1.865700000000000000e+04 3.088300000000000000e+04 6.872500000000000000e+04 7.960200000000000000e+04 1.028010000000000000e+05 2.099660000000000000e+05 1.977400000000000000e+05 3.749560000000000000e+05 1.265248000000000000e+06 1.864577000000000000e+06 2.706081000000000000e+06 8.054772000000000000e+06 1.145462300000000000e+07
7.153000000000000000e+03 2.350000000000000000e+03 4.090000000000000000e+03 3.033000000000000000e+03 3.409000000000000000e+03 8.389000000000000000e+03 1.380200000000000000e+04 2.552700000000000000e+04 4.519600000000000000e+04 4.922900000000000000e+04 6.888600000000000000e+04 1.704970000000000000e+05 2.198570000000000000e+05 3.761650000000000000e+05 9.299770000000000000e+05 1.742693000000000000e+06 3.419785000000000000e+06 1.019379800000000000e+07 1.486793100000000000e+07
6.817000000000000000e+03 3.069000000000000000e+03 3.832000000000000000e+03 2.829000000000000000e+03 4.077000000000000000e+03 9.983000000000000000e+03 1.692100000000000000e+04 2.502000000000000000e+04 5.456900000000000000e+04 6.843100000000000000e+04 8.843100000000000000e+04 2.306770000000000000e+05 2.722870000000000000e+05 3.957170000000000000e+05 1.172130000000000000e+06 2.059343000000000000e+06 3.621157000000000000e+06 1.250167100000000000e+07 2.097873700000000000e+07
4.317000000000000000e+03 1.629000000000000000e+03 2.524000000000000000e+03 2.186000000000000000e+03 2.703000000000000000e+03 6.739000000000000000e+03 9.898000000000000000e+03 1.713700000000000000e+04 3.798300000000000000e+04 4.179300000000000000e+04 5.785400000000000000e+04 1.192940000000000000e+05 1.702260000000000000e+05 2.828660000000000000e+05 7.770160000000000000e+05 1.341702000000000000e+06 2.692875000000000000e+06 7.349158000000000000e+06 1.236039200000000000e+07
5.984000000000000000e+03 2.240000000000000000e+03 3.569000000000000000e+03 3.344000000000000000e+03 3.777000000000000000e+03 1.121000000000000000e+04 1.485300000000000000e+04 2.506700000000000000e+04 5.374900000000000000e+04 6.238200000000000000e+04 8.550600000000000000e+04 1.581030000000000000e+05 2.342500000000000000e+05 4.189480000000000000e+05 1.364755000000000000e+06 1.901608000000000000e+06 3.013326000000000000e+06 9.255094000000000000e+06 1.266008800000000000e+07
6.373000000000000000e+03 2.780000000000000000e+03 4.055000000000000000e+03 3.754000000000000000e+03 4.851000000000000000e+03 1.183500000000000000e+04 1.949400000000000000e+04 3.207100000000000000e+04 6.842800000000000000e+04 7.521600000000000000e+04 8.900300000000000000e+04 1.839750000000000000e+05 2.384730000000000000e+05 3.535650000000000000e+05 1.029789000000000000e+06 1.751267000000000000e+06 3.511325000000000000e+06 9.977494000000000000e+06 1.595152800000000000e+07
1.057000000000000000e+03 3.710000000000000000e+02 9.390000000000000000e+02 1.592000000000000000e+03 2.751000000000000000e+03 7.060000000000000000e+03 1.128900000000000000e+04 2.221300000000000000e+04 5.305900000000000000e+04 7.148600000000000000e+04 1.083380000000000000e+05 2.302720000000000000e+05 2.372330000000000000e+05 3.113200000000000000e+05 8.476590000000000000e+05 1.505174000000000000e+06 3.070104000000000000e+06 9.852995000000000000e+06 1.788583700000000000e+07
6.333000000000000000e+03 1.816000000000000000e+03 2.373000000000000000e+03 2.083000000000000000e+03 2.961000000000000000e+03 9.872000000000000000e+03 1.590600000000000000e+04 2.688600000000000000e+04 6.280900000000000000e+04 6.968600000000000000e+04 1.038210000000000000e+05 2.227630000000000000e+05 1.887890000000000000e+05 2.931780000000000000e+05 1.041604000000000000e+06 1.532326000000000000e+06 2.776947000000000000e+06 7.635267000000000000e+06 1.019075200000000000e+07
2.808000000000000000e+03 1.373000000000000000e+03 2.236000000000000000e+03 2.047000000000000000e+03 2.628000000000000000e+03 7.208000000000000000e+03 1.016200000000000000e+04 1.851800000000000000e+04 4.063900000000000000e+04 4.121200000000000000e+04 5.767100000000000000e+04 1.097070000000000000e+05 1.245210000000000000e+05 1.670590000000000000e+05 6.100970000000000000e+05 1.158413000000000000e+06 2.034073000000000000e+06 6.122427000000000000e+06 1.188255200000000000e+07
3.769000000000000000e+03 1.401000000000000000e+03 2.388000000000000000e+03 2.326000000000000000e+03 3.440000000000000000e+03 8.884000000000000000e+03 1.324300000000000000e+04 2.275800000000000000e+04 4.874800000000000000e+04 6.082200000000000000e+04 7.925800000000000000e+04 1.560140000000000000e+05 1.643790000000000000e+05 3.234180000000000000e+05 1.000756000000000000e+06 1.564728000000000000e+06 3.391902000000000000e+06 1.016038700000000000e+07 1.789313300000000000e+07
2.661000000000000000e+03 1.442000000000000000e+03 2.277000000000000000e+03 1.969000000000000000e+03 2.831000000000000000e+03 7.958000000000000000e+03 1.164400000000000000e+04 2.024600000000000000e+04 4.223600000000000000e+04 5.072500000000000000e+04 6.803700000000000000e+04 1.430540000000000000e+05 1.849190000000000000e+05 2.761290000000000000e+05 8.869120000000000000e+05 1.267544000000000000e+06 2.584302000000000000e+06 8.495604000000000000e+06 1.590478100000000000e+07
1.198000000000000000e+03 8.800000000000000000e+02 1.604000000000000000e+03 1.328000000000000000e+03 2.218000000000000000e+03 5.900000000000000000e+03 1.058600000000000000e+04 1.566400000000000000e+04 3.690800000000000000e+04 3.841500000000000000e+04 4.799100000000000000e+04 1.305230000000000000e+05 1.237060000000000000e+05 1.374340000000000000e+05 4.316870000000000000e+05 8.523630000000000000e+05 1.498447000000000000e+06 4.160978000000000000e+06 5.855508000000000000e+06
1.027000000000000000e+03 1.018000000000000000e+03 2.177000000000000000e+03 2.744000000000000000e+03 4.394000000000000000e+03 9.376000000000000000e+03 1.469300000000000000e+04 2.590400000000000000e+04 5.501600000000000000e+04 5.942700000000000000e+04 8.238800000000000000e+04 1.580450000000000000e+05 2.035310000000000000e+05 3.242730000000000000e+05 1.022378000000000000e+06 1.669277000000000000e+06 3.243589000000000000e+06 9.775027000000000000e+06 1.764111600000000000e+07
3.432000000000000000e+03 1.222000000000000000e+03 2.247000000000000000e+03 2.099000000000000000e+03 2.698000000000000000e+03 7.648000000000000000e+03 1.106100000000000000e+04 2.337900000000000000e+04 4.887000000000000000e+04 5.602200000000000000e+04 7.559800000000000000e+04 1.268980000000000000e+05 1.308420000000000000e+05 2.211170000000000000e+05 6.050890000000000000e+05 8.919940000000000000e+05 1.732422000000000000e+06 4.944743000000000000e+06 7.217350000000000000e+06
9.670000000000000000e+03 3.253000000000000000e+03 3.722000000000000000e+03 2.908000000000000000e+03 4.027000000000000000e+03 9.698000000000000000e+03 1.678200000000000000e+04 3.513100000000000000e+04 6.862600000000000000e+04 6.702500000000000000e+04 1.013140000000000000e+05 2.245870000000000000e+05 2.661180000000000000e+05 4.352320000000000000e+05 9.266140000000000000e+05 1.717488000000000000e+06 3.195828000000000000e+06 1.040389300000000000e+07 2.094567600000000000e+07
3.509000000000000000e+03 1.772000000000000000e+03 2.779000000000000000e+03 2.541000000000000000e+03 3.679000000000000000e+03 9.832000000000000000e+03 1.398500000000000000e+04 2.651800000000000000e+04 5.469700000000000000e+04 6.796900000000000000e+04 1.038830000000000000e+05 1.785600000000000000e+05 2.243980000000000000e+05 3.174970000000000000e+05 9.785620000000000000e+05 1.816676000000000000e+06 3.645072000000000000e+06 9.675218000000000000e+06 1.750152700000000000e+07
5.757000000000000000e+03 2.368000000000000000e+03 3.236000000000000000e+03 3.437000000000000000e+03 4.060000000000000000e+03 1.035400000000000000e+04 1.671500000000000000e+04 3.078700000000000000e+04 6.338300000000000000e+04 6.721100000000000000e+04 9.313600000000000000e+04 1.953600000000000000e+05 2.504460000000000000e+05 4.350820000000000000e+05 1.161048000000000000e+06 1.560609000000000000e+06 3.950469000000000000e+06 1.077100400000000000e+07 1.946370200000000000e+07
2.969000000000000000e+03 1.816000000000000000e+03 3.060000000000000000e+03 2.905000000000000000e+03 3.628000000000000000e+03 8.623000000000000000e+03 1.466700000000000000e+04 2.593700000000000000e+04 6.472300000000000000e+04 7.185000000000000000e+04 9.794200000000000000e+04 1.898850000000000000e+05 2.957160000000000000e+05 4.468660000000000000e+05 9.226010000000000000e+05 1.375724000000000000e+06 3.092237000000000000e+06 9.104366000000000000e+06 1.400347100000000000e+07
1.735000000000000000e+03 1.196000000000000000e+03 2.460000000000000000e+03 2.700000000000000000e+03 4.040000000000000000e+03 1.044400000000000000e+04 1.535800000000000000e+04 2.665100000000000000e+04 5.652200000000000000e+04 6.066000000000000000e+04 8.495900000000000000e+04 1.651060000000000000e+05 1.841490000000000000e+05 3.034070000000000000e+05 9.171390000000000000e+05 1.312833000000000000e+06 2.995042000000000000e+06 8.561969000000000000e+06 1.364027200000000000e+07
2.011000000000000000e+03 1.151000000000000000e+03 2.276000000000000000e+03 2.166000000000000000e+03 3.241000000000000000e+03 6.994000000000000000e+03 1.158900000000000000e+04 2.013800000000000000e+04 4.322400000000000000e+04 5.402200000000000000e+04 7.447700000000000000e+04 1.183810000000000000e+05 1.436890000000000000e+05 2.662490000000000000e+05 7.055060000000000000e+05 1.126720000000000000e+06 2.212804000000000000e+06 7.165032000000000000e+06 1.372697100000000000e+07
5.937000000000000000e+03 2.884000000000000000e+03 3.461000000000000000e+03 2.974000000000000000e+03 4.388000000000000000e+03 1.192000000000000000e+04 1.896300000000000000e+04 3.183500000000000000e+04 6.918000000000000000e+04 7.753200000000000000e+04 9.181100000000000000e+04 1.724730000000000000e+05 2.279790000000000000e+05 3.450490000000000000e+05 1.037671000000000000e+06 1.585568000000000000e+06 3.279726000000000000e+06 1.009357300000000000e+07 1.835499900000000000e+07
2.460000000000000000e+03 1.351000000000000000e+03 2.002000000000000000e+03 2.050000000000000000e+03 3.056000000000000000e+03 7.337000000000000000e+03 1.208400000000000000e+04 1.745700000000000000e+04 3.992000000000000000e+04 4.988100000000000000e+04 7.346400000000000000e+04 1.505280000000000000e+05 1.870210000000000000e+05 2.502820000000000000e+05 7.899180000000000000e+05 1.076708000000000000e+06 1.647539000000000000e+06 4.877878000000000000e+06 5.072062000000000000e+06
8.550000000000000000e+02 5.790000000000000000e+02 9.760000000000000000e+02 1.180000000000000000e+03 1.676000000000000000e+03 4.358000000000000000e+03 6.732000000000000000e+03 1.149300000000000000e+04 2.631700000000000000e+04 2.803500000000000000e+04 3.652400000000000000e+04 7.413500000000000000e+04 9.066000000000000000e+04 1.405410000000000000e+05 3.898420000000000000e+05 6.846800000000000000e+05 1.346877000000000000e+06 4.378037000000000000e+06 9.262510000000000000e+06
2.722000000000000000e+03 1.883000000000000000e+03 3.129000000000000000e+03 2.863000000000000000e+03 4.442000000000000000e+03 1.078600000000000000e+04 1.630100000000000000e+04 2.688800000000000000e+04 6.834300000000000000e+04 7.616900000000000000e+04 1.072510000000000000e+05 2.047040000000000000e+05 2.404870000000000000e+05 4.457280000000000000e+05 1.155927000000000000e+06 2.077943000000000000e+06 3.962010000000000000e+06 1.239611300000000000e+07 2.251378200000000000e+07
3.662000000000000000e+03 1.338000000000000000e+03 2.346000000000000000e+03 3.008000000000000000e+03 4.125000000000000000e+03 1.021800000000000000e+04 1.498300000000000000e+04 2.731500000000000000e+04 5.476000000000000000e+04 6.347500000000000000e+04 9.162100000000000000e+04 1.649640000000000000e+05 2.064600000000000000e+05 3.068730000000000000e+05 9.785410000000000000e+05 1.646356000000000000e+06 3.332269000000000000e+06 1.031758700000000000e+07 1.706832300000000000e+07
1.383000000000000000e+03 7.470000000000000000e+02 1.654000000000000000e+03 2.218000000000000000e+03 3.626000000000000000e+03 8.863000000000000000e+03 1.293200000000000000e+04 2.100900000000000000e+04 4.585600000000000000e+04 5.337400000000000000e+04 7.692400000000000000e+04 1.442110000000000000e+05 1.557560000000000000e+05 2.696120000000000000e+05 8.062060000000000000e+05 1.242219000000000000e+06 2.394925000000000000e+06 7.765166000000000000e+06 1.240389400000000000e+07
3.450000000000000000e+02 3.780000000000000000e+02 8.430000000000000000e+02 1.161000000000000000e+03 2.006000000000000000e+03 4.376000000000000000e+03 6.258000000000000000e+03 1.142200000000000000e+04 2.508100000000000000e+04 2.722800000000000000e+04 3.426100000000000000e+04 6.154500000000000000e+04 7.270600000000000000e+04 1.281780000000000000e+05 3.688690000000000000e+05 6.207000000000000000e+05 1.311569000000000000e+06 3.762950000000000000e+06 7.667336000000000000e+06
1.975000000000000000e+03 9.820000000000000000e+02 1.778000000000000000e+03 1.755000000000000000e+03 2.840000000000000000e+03 7.172000000000000000e+03 9.563000000000000000e+03 1.694000000000000000e+04 4.016800000000000000e+04 4.959000000000000000e+04 7.708700000000000000e+04 1.403180000000000000e+05 1.451050000000000000e+05 2.595830000000000000e+05 6.398420000000000000e+05 1.061659000000000000e+06 2.429898000000000000e+06 6.413128000000000000e+06 8.299991000000000000e+06
2.595000000000000000e+03 1.373000000000000000e+03 2.514000000000000000e+03 2.438000000000000000e+03 3.433000000000000000e+03 7.758000000000000000e+03 1.279500000000000000e+04 2.100300000000000000e+04 4.799500000000000000e+04 6.357000000000000000e+04 9.529000000000000000e+04 1.941440000000000000e+05 2.501900000000000000e+05 3.122580000000000000e+05 8.967100000000000000e+05 1.359405000000000000e+06 2.683953000000000000e+06 7.992590000000000000e+06 1.377751300000000000e+07
4.214000000000000000e+03 1.800000000000000000e+03 2.666000000000000000e+03 2.795000000000000000e+03 3.977000000000000000e+03 9.308000000000000000e+03 1.455800000000000000e+04 2.591200000000000000e+04 5.872400000000000000e+04 6.872300000000000000e+04 1.009120000000000000e+05 2.387540000000000000e+05 3.175850000000000000e+05 5.296820000000000000e+05 1.281139000000000000e+06 1.773545000000000000e+06 3.294403000000000000e+06 8.937665000000000000e+06 1.690499200000000000e+07
4.061000000000000000e+03 2.076000000000000000e+03 3.166000000000000000e+03 3.138000000000000000e+03 4.556000000000000000e+03 1.116100000000000000e+04 1.735200000000000000e+04 3.151400000000000000e+04 7.308500000000000000e+04 8.370300000000000000e+04 1.087490000000000000e+05 2.195040000000000000e+05 2.778150000000000000e+05 4.535400000000000000e+05 1.392438000000000000e+06 1.771895000000000000e+06 3.003272000000000000e+06 1.127113200000000000e+07 1.649564100000000000e+07
2.096000000000000000e+03 1.227000000000000000e+03 2.046000000000000000e+03 2.112000000000000000e+03 2.985000000000000000e+03 7.548000000000000000e+03 1.156900000000000000e+04 2.012900000000000000e+04 4.437200000000000000e+04 5.203400000000000000e+04 7.596600000000000000e+04 1.610440000000000000e+05 1.428700000000000000e+05 2.985470000000000000e+05 7.259730000000000000e+05 1.271632000000000000e+06 2.690494000000000000e+06 8.402939000000000000e+06 1.425381100000000000e+07
7.660000000000000000e+02 5.020000000000000000e+02 1.125000000000000000e+03 1.606000000000000000e+03 2.637000000000000000e+03 6.305000000000000000e+03 9.670000000000000000e+03 1.582800000000000000e+04 3.458400000000000000e+04 3.840200000000000000e+04 4.954600000000000000e+04 8.609200000000000000e+04 9.353900000000000000e+04 1.781870000000000000e+05 5.580770000000000000e+05 8.943050000000000000e+05 1.808230000000000000e+06 5.279291000000000000e+06 8.529423000000000000e+06
6.547000000000000000e+03 1.370000000000000000e+03 2.205000000000000000e+03 2.854000000000000000e+03 4.021000000000000000e+03 8.952000000000000000e+03 1.549000000000000000e+04 2.402200000000000000e+04 5.789200000000000000e+04 6.872100000000000000e+04 9.105100000000000000e+04 1.508690000000000000e+05 1.708210000000000000e+05 2.635240000000000000e+05 8.374430000000000000e+05 1.468726000000000000e+06 3.181706000000000000e+06 9.709045000000000000e+06 1.929997900000000000e+07
5.205000000000000000e+03 2.366000000000000000e+03 3.609000000000000000e+03 2.906000000000000000e+03 4.050000000000000000e+03 1.046000000000000000e+04 1.605900000000000000e+04 3.043900000000000000e+04 6.156700000000000000e+04 6.901100000000000000e+04 1.131000000000000000e+05 1.870370000000000000e+05 2.561300000000000000e+05 5.048400000000000000e+05 1.550485000000000000e+06 2.593564000000000000e+06 4.150832000000000000e+06 1.455207500000000000e+07 2.790222300000000000e+07
6.001000000000000000e+03 2.675000000000000000e+03 3.565000000000000000e+03 3.898000000000000000e+03 4.940000000000000000e+03 1.347200000000000000e+04 1.889800000000000000e+04 3.191000000000000000e+04 8.360300000000000000e+04 9.345000000000000000e+04 1.211820000000000000e+05 2.288300000000000000e+05 2.831780000000000000e+05 4.810610000000000000e+05 1.471420000000000000e+06 2.114436000000000000e+06 4.466611000000000000e+06 1.357028700000000000e+07 2.148642000000000000e+07
1.204200000000000000e+04 3.803000000000000000e+03 4.755000000000000000e+03 4.100000000000000000e+03 5.490000000000000000e+03 1.786400000000000000e+04 2.747100000000000000e+04 4.231100000000000000e+04 9.325200000000000000e+04 1.114080000000000000e+05 1.681530000000000000e+05 3.449850000000000000e+05 3.656140000000000000e+05 7.393800000000000000e+05 2.162626000000000000e+06 3.704217000000000000e+06 7.331599000000000000e+06 1.786763100000000000e+07 2.028874300000000000e+07
1.456400000000000000e+04 1.210000000000000000e+03 1.691000000000000000e+03 2.286000000000000000e+03 3.521000000000000000e+03 9.541000000000000000e+03 1.377400000000000000e+04 2.446200000000000000e+04 5.382000000000000000e+04 5.832700000000000000e+04 9.987400000000000000e+04 1.806200000000000000e+05 2.046540000000000000e+05 3.007370000000000000e+05 7.320790000000000000e+05 1.193354000000000000e+06 2.302738000000000000e+06 6.542629000000000000e+06 1.083777100000000000e+07
3.319000000000000000e+03 1.979000000000000000e+03 3.502000000000000000e+03 3.376000000000000000e+03 4.365000000000000000e+03 9.717000000000000000e+03 1.621900000000000000e+04 2.447600000000000000e+04 5.552200000000000000e+04 6.976200000000000000e+04 1.011510000000000000e+05 1.972990000000000000e+05 1.929680000000000000e+05 3.089170000000000000e+05 1.157972000000000000e+06 1.669489000000000000e+06 3.677914000000000000e+06 1.204930200000000000e+07 2.033164000000000000e+07
2.492000000000000000e+03 1.508000000000000000e+03 3.179000000000000000e+03 4.183000000000000000e+03 5.656000000000000000e+03 1.341700000000000000e+04 1.943900000000000000e+04 3.269000000000000000e+04 7.427600000000000000e+04 9.278700000000000000e+04 1.422080000000000000e+05 2.784490000000000000e+05 3.354380000000000000e+05 6.042360000000000000e+05 1.699020000000000000e+06 2.552423000000000000e+06 5.641463000000000000e+06 1.709372200000000000e+07 2.651053000000000000e+07
6.754000000000000000e+03 3.265000000000000000e+03 4.424000000000000000e+03 3.384000000000000000e+03 4.852000000000000000e+03 1.148000000000000000e+04 2.054800000000000000e+04 3.915300000000000000e+04 7.920300000000000000e+04 1.034250000000000000e+05 1.677150000000000000e+05 3.395750000000000000e+05 2.485070000000000000e+05 4.466440000000000000e+05 1.190993000000000000e+06 2.428817000000000000e+06 4.058418000000000000e+06 1.127329200000000000e+07 1.906261800000000000e+07
3.483000000000000000e+03 1.671000000000000000e+03 2.441000000000000000e+03 2.654000000000000000e+03 4.187000000000000000e+03 1.120600000000000000e+04 1.691500000000000000e+04 2.793300000000000000e+04 5.727900000000000000e+04 6.104300000000000000e+04 8.088300000000000000e+04 1.551910000000000000e+05 1.897160000000000000e+05 3.285040000000000000e+05 8.148610000000000000e+05 1.309649000000000000e+06 2.557132000000000000e+06 6.999465000000000000e+06 1.203059000000000000e+07
8.810000000000000000e+02 6.720000000000000000e+02 1.552000000000000000e+03 1.726000000000000000e+03 2.979000000000000000e+03 6.661000000000000000e+03 9.320000000000000000e+03 1.485200000000000000e+04 3.233500000000000000e+04 3.508300000000000000e+04 5.307000000000000000e+04 8.151700000000000000e+04 7.960900000000000000e+04 1.541640000000000000e+05 4.535550000000000000e+05 6.698950000000000000e+05 1.517570000000000000e+06 4.806539000000000000e+06 1.121193900000000000e+07
2.234000000000000000e+03 1.152000000000000000e+03 1.869000000000000000e+03 2.317000000000000000e+03 3.693000000000000000e+03 9.040000000000000000e+03 1.363300000000000000e+04 2.406800000000000000e+04 5.663900000000000000e+04 6.980700000000000000e+04 9.874600000000000000e+04 1.659690000000000000e+05 2.117750000000000000e+05 2.762130000000000000e+05 1.007667000000000000e+06 1.668647000000000000e+06 3.614937000000000000e+06 1.078579300000000000e+07 1.659777600000000000e+07
1.079000000000000000e+03 8.970000000000000000e+02 1.545000000000000000e+03 1.683000000000000000e+03 2.549000000000000000e+03 6.364000000000000000e+03 8.900000000000000000e+03 1.639900000000000000e+04 3.766100000000000000e+04 4.409100000000000000e+04 5.855500000000000000e+04 9.767600000000000000e+04 1.207610000000000000e+05 2.764270000000000000e+05 7.021660000000000000e+05 1.193046000000000000e+06 2.367310000000000000e+06 7.979921000000000000e+06 1.431556300000000000e+07
1.245000000000000000e+03 7.150000000000000000e+02 1.356000000000000000e+03 1.878000000000000000e+03 3.588000000000000000e+03 8.220000000000000000e+03 1.286000000000000000e+04 2.195000000000000000e+04 4.848600000000000000e+04 5.809700000000000000e+04 7.677400000000000000e+04 1.533850000000000000e+05 2.068470000000000000e+05 2.784820000000000000e+05 9.000760000000000000e+05 1.444401000000000000e+06 2.542254000000000000e+06 7.364581000000000000e+06 1.112588400000000000e+07
1.750000000000000000e+02 1.720000000000000000e+02 6.810000000000000000e+02 1.276000000000000000e+03 2.610000000000000000e+03 6.737000000000000000e+03 9.386000000000000000e+03 1.591700000000000000e+04 4.043900000000000000e+04 5.244600000000000000e+04 7.649200000000000000e+04 1.537620000000000000e+05 1.651740000000000000e+05 3.025340000000000000e+05 7.704640000000000000e+05 1.062706000000000000e+06 2.060576000000000000e+06 7.022691000000000000e+06 1.208474000000000000e+07
1.484000000000000000e+03 8.410000000000000000e+02 1.509000000000000000e+03 1.355000000000000000e+03 1.714000000000000000e+03 4.586000000000000000e+03 6.838000000000000000e+03 1.221100000000000000e+04 2.518500000000000000e+04 2.168200000000000000e+04 3.207600000000000000e+04 5.882600000000000000e+04 5.760900000000000000e+04 7.995200000000000000e+04 2.043780000000000000e+05 3.631440000000000000e+05 5.791460000000000000e+05 2.082442000000000000e+06 2.586499000000000000e+06
4.343000000000000000e+03 1.480000000000000000e+03 2.247000000000000000e+03 2.454000000000000000e+03 3.881000000000000000e+03 9.878000000000000000e+03 1.596100000000000000e+04 2.396500000000000000e+04 5.059000000000000000e+04 5.062800000000000000e+04 6.654700000000000000e+04 1.301100000000000000e+05 1.467910000000000000e+05 2.514110000000000000e+05 6.938930000000000000e+05 1.375991000000000000e+06 2.683779000000000000e+06 8.386118000000000000e+06 1.527296200000000000e+07
5.840000000000000000e+02 5.170000000000000000e+02 9.390000000000000000e+02 1.508000000000000000e+03 2.966000000000000000e+03 8.289000000000000000e+03 1.276400000000000000e+04 2.410000000000000000e+04 5.794900000000000000e+04 6.942800000000000000e+04 9.815400000000000000e+04 1.966230000000000000e+05 2.513510000000000000e+05 4.641770000000000000e+05 1.125465000000000000e+06 1.554063000000000000e+06 3.266583000000000000e+06 9.625947000000000000e+06 1.635621800000000000e+07
1.533000000000000000e+03 9.420000000000000000e+02 1.617000000000000000e+03 1.563000000000000000e+03 2.526000000000000000e+03 6.630000000000000000e+03 1.075300000000000000e+04 1.702100000000000000e+04 3.586300000000000000e+04 3.817300000000000000e+04 5.250500000000000000e+04 8.382100000000000000e+04 8.729700000000000000e+04 1.727960000000000000e+05 4.714790000000000000e+05 7.956160000000000000e+05 1.518902000000000000e+06 4.334449000000000000e+06 7.044445000000000000e+06
1.076000000000000000e+03 9.020000000000000000e+02 1.742000000000000000e+03 1.623000000000000000e+03 2.510000000000000000e+03 5.121000000000000000e+03 8.256000000000000000e+03 1.348300000000000000e+04 3.150500000000000000e+04 3.197800000000000000e+04 3.852500000000000000e+04 8.535100000000000000e+04 1.155310000000000000e+05 1.419760000000000000e+05 4.149800000000000000e+05 7.766450000000000000e+05 1.367367000000000000e+06 4.706195000000000000e+06 9.049668000000000000e+06
1.679000000000000000e+03 1.260000000000000000e+03 2.051000000000000000e+03 2.181000000000000000e+03 3.130000000000000000e+03 7.152000000000000000e+03 1.107100000000000000e+04 1.834300000000000000e+04 3.641200000000000000e+04 4.063400000000000000e+04 5.621700000000000000e+04 1.063120000000000000e+05 1.339540000000000000e+05 2.419040000000000000e+05 7.774260000000000000e+05 1.028400000000000000e+06 1.633165000000000000e+06 4.869006000000000000e+06 8.095010000000000000e+06
7.350000000000000000e+02 5.950000000000000000e+02 1.252000000000000000e+03 1.500000000000000000e+03 2.416000000000000000e+03 6.429000000000000000e+03 9.906000000000000000e+03 1.823300000000000000e+04 3.963800000000000000e+04 4.173400000000000000e+04 5.408000000000000000e+04 9.940500000000000000e+04 1.226260000000000000e+05 2.217760000000000000e+05 6.229770000000000000e+05 9.928160000000000000e+05 1.966311000000000000e+06 5.249027000000000000e+06 8.350989000000000000e+06
7.630000000000000000e+02 4.980000000000000000e+02 8.490000000000000000e+02 1.093000000000000000e+03 1.913000000000000000e+03 4.825000000000000000e+03 7.211000000000000000e+03 1.197700000000000000e+04 2.570000000000000000e+04 2.784000000000000000e+04 3.486500000000000000e+04 5.549800000000000000e+04 6.920600000000000000e+04 1.093360000000000000e+05 3.721910000000000000e+05 5.374160000000000000e+05 1.135954000000000000e+06 3.137344000000000000e+06 5.040745000000000000e+06
1.750000000000000000e+03 1.196000000000000000e+03 2.094000000000000000e+03 1.845000000000000000e+03 2.709000000000000000e+03 6.130000000000000000e+03 9.519000000000000000e+03 1.605300000000000000e+04 3.328800000000000000e+04 3.997500000000000000e+04 5.484400000000000000e+04 1.233360000000000000e+05 1.430130000000000000e+05 2.673680000000000000e+05 8.010230000000000000e+05 1.359651000000000000e+06 2.945476000000000000e+06 9.133767000000000000e+06 1.641818300000000000e+07
9.969000000000000000e+03 2.783000000000000000e+03 3.247000000000000000e+03 2.908000000000000000e+03 4.385000000000000000e+03 1.492200000000000000e+04 2.003700000000000000e+04 3.205600000000000000e+04 6.387900000000000000e+04 8.098600000000000000e+04 1.178490000000000000e+05 2.093840000000000000e+05 2.716560000000000000e+05 4.267550000000000000e+05 1.224229000000000000e+06 2.268640000000000000e+06 3.876829000000000000e+06 9.917911000000000000e+06 1.890756500000000000e+07
4.136000000000000000e+03 2.493000000000000000e+03 3.984000000000000000e+03 3.839000000000000000e+03 5.554000000000000000e+03 1.309200000000000000e+04 2.037400000000000000e+04 3.396100000000000000e+04 7.467200000000000000e+04 9.260600000000000000e+04 1.211250000000000000e+05 2.465430000000000000e+05 2.024190000000000000e+05 4.155140000000000000e+05 1.263002000000000000e+06 1.829931000000000000e+06 3.891429000000000000e+06 1.037617200000000000e+07 1.637545600000000000e+07
2.640000000000000000e+02 2.960000000000000000e+02 7.860000000000000000e+02 1.041000000000000000e+03 1.682000000000000000e+03 4.170000000000000000e+03 6.032000000000000000e+03 9.822000000000000000e+03 2.122800000000000000e+04 2.656600000000000000e+04 3.408200000000000000e+04 5.404800000000000000e+04 4.761300000000000000e+04 9.807800000000000000e+04 2.851200000000000000e+05 4.470990000000000000e+05 9.160270000000000000e+05 2.629990000000000000e+06 4.300566000000000000e+06
5.636000000000000000e+03 1.261000000000000000e+03 2.060000000000000000e+03 1.956000000000000000e+03 3.086000000000000000e+03 9.452000000000000000e+03 1.244000000000000000e+04 2.016200000000000000e+04 3.663600000000000000e+04 4.471300000000000000e+04 5.969400000000000000e+04 9.577700000000000000e+04 7.551400000000000000e+04 2.085920000000000000e+05 6.531870000000000000e+05 1.012724000000000000e+06 1.659711000000000000e+06 4.671812000000000000e+06 6.692055000000000000e+06
5.500000000000000000e+02 2.580000000000000000e+02 5.500000000000000000e+02 6.550000000000000000e+02 1.005000000000000000e+03 2.368000000000000000e+03 3.921000000000000000e+03 5.792000000000000000e+03 1.162700000000000000e+04 1.313100000000000000e+04 2.119300000000000000e+04 4.026700000000000000e+04 5.411900000000000000e+04 7.725100000000000000e+04 1.902530000000000000e+05 3.129450000000000000e+05 4.715470000000000000e+05 1.511873000000000000e+06 2.040919000000000000e+06
1.799000000000000000e+03 1.192000000000000000e+03 1.973000000000000000e+03 2.222000000000000000e+03 2.814000000000000000e+03 6.797000000000000000e+03 1.105600000000000000e+04 1.607500000000000000e+04 3.406600000000000000e+04 3.222600000000000000e+04 5.045700000000000000e+04 7.502800000000000000e+04 8.045400000000000000e+04 1.684780000000000000e+05 4.421270000000000000e+05 7.523080000000000000e+05 1.534537000000000000e+06 4.958366000000000000e+06 9.224488000000000000e+06
5.644000000000000000e+03 2.168000000000000000e+03 2.208000000000000000e+03 1.830000000000000000e+03 2.567000000000000000e+03 7.418000000000000000e+03 1.172000000000000000e+04 1.903700000000000000e+04 4.491900000000000000e+04 5.223600000000000000e+04 7.288800000000000000e+04 1.378960000000000000e+05 1.258970000000000000e+05 1.856360000000000000e+05 4.602790000000000000e+05 7.926790000000000000e+05 1.815562000000000000e+06 4.333910000000000000e+06 5.855933000000000000e+06
6.950000000000000000e+02 6.870000000000000000e+02 1.464000000000000000e+03 1.592000000000000000e+03 2.087000000000000000e+03 4.262000000000000000e+03 7.276000000000000000e+03 1.257700000000000000e+04 3.075700000000000000e+04 3.290400000000000000e+04 4.866300000000000000e+04 8.273400000000000000e+04 9.737500000000000000e+04 2.348760000000000000e+05 4.065720000000000000e+05 6.998190000000000000e+05 1.403561000000000000e+06 4.464149000000000000e+06 7.502703000000000000e+06
8.630000000000000000e+02 7.340000000000000000e+02 1.141000000000000000e+03 1.317000000000000000e+03 2.206000000000000000e+03 5.944000000000000000e+03 8.721000000000000000e+03 1.589100000000000000e+04 3.344200000000000000e+04 3.624500000000000000e+04 4.812400000000000000e+04 8.206100000000000000e+04 8.315100000000000000e+04 1.402490000000000000e+05 5.276070000000000000e+05 7.354610000000000000e+05 1.338117000000000000e+06 4.271055000000000000e+06 6.439766000000000000e+06
3.845000000000000000e+03 2.698000000000000000e+03 3.825000000000000000e+03 3.390000000000000000e+03 5.051000000000000000e+03 1.121100000000000000e+04 1.629100000000000000e+04 3.021600000000000000e+04 6.010600000000000000e+04 6.825500000000000000e+04 8.131700000000000000e+04 1.874000000000000000e+05 2.021440000000000000e+05 3.058880000000000000e+05 9.372290000000000000e+05 1.502906000000000000e+06 3.352175000000000000e+06 8.706317000000000000e+06 1.669917100000000000e+07
2.438000000000000000e+03 8.870000000000000000e+02 1.943000000000000000e+03 2.183000000000000000e+03 3.133000000000000000e+03 8.797000000000000000e+03 1.232800000000000000e+04 2.017700000000000000e+04 4.712700000000000000e+04 4.976800000000000000e+04 6.274700000000000000e+04 1.430230000000000000e+05 1.454090000000000000e+05 1.940930000000000000e+05 5.770680000000000000e+05 1.101543000000000000e+06 2.046187000000000000e+06 6.055623000000000000e+06 8.640980000000000000e+06
1.542000000000000000e+03 9.360000000000000000e+02 1.223000000000000000e+03 1.167000000000000000e+03 1.760000000000000000e+03 4.691000000000000000e+03 7.798000000000000000e+03 1.322400000000000000e+04 2.829200000000000000e+04 2.877500000000000000e+04 3.627500000000000000e+04 6.476300000000000000e+04 7.563900000000000000e+04 1.197680000000000000e+05 3.121290000000000000e+05 5.509470000000000000e+05 1.101160000000000000e+06 3.823279000000000000e+06 6.618905000000000000e+06
1.329000000000000000e+03 5.600000000000000000e+02 1.146000000000000000e+03 1.492000000000000000e+03 2.119000000000000000e+03 5.720000000000000000e+03 9.673000000000000000e+03 1.578700000000000000e+04 3.778900000000000000e+04 4.297300000000000000e+04 5.635700000000000000e+04 1.025450000000000000e+05 1.293010000000000000e+05 2.124720000000000000e+05 6.158150000000000000e+05 8.537360000000000000e+05 1.524073000000000000e+06 4.666413000000000000e+06 7.793625000000000000e+06
