1.274269338500000000e+10 6.776231290000000000e+08 1.603031947000000000e+09 2.034638278000000000e+09 3.121467650000000000e+09 7.689528147000000000e+09 1.188245676100000000e+10 2.053902868000000000e+10 4.897062446400000000e+10 5.887870091100000000e+10 8.286891562900000000e+10 1.534977049610000000e+11 1.767992907420000000e+11 3.051259863180000000e+11 9.226379675150000000e+11 1.500702836269000000e+12 2.936498317297000000e+12 9.979973914265000000e+12 1.944378863631700000e+13
2.678574335000000000e+09 1.913140338000000000e+09 3.340743454000000000e+09 3.960834631000000000e+09 6.434082709000000000e+09 1.511542726000000000e+10 2.070566645100000000e+10 3.544011881900000000e+10 7.707744105300000000e+10 9.225482480800000000e+10 1.152912956970000000e+11 2.316755447950000000e+11 3.293628091630000000e+11 5.997047852340000000e+11 1.722468334416000000e+12 2.837880263797000000e+12 5.361995924125000000e+12 1.857527236874200000e+13 3.880899853964500000e+13
5.304106631000000000e+09 3.662186036000000000e+09 6.882406812000000000e+09 6.727739176000000000e+09 9.568693916000000000e+09 2.133266840200000000e+10 3.285132288500000000e+10 5.891109763900000000e+10 1.286140257320000000e+11 1.737269921280000000e+11 2.518224258180000000e+11 4.606699747980000000e+11 5.919062648240000000e+11 1.011124204718000000e+12 3.209417177180000000e+12 4.337381520443000000e+12 8.596794942707000000e+12 2.557530537297300000e+13 3.777839420080900000e+13
4.745775631000000000e+09 3.240934852000000000e+09 5.036740326000000000e+09 5.176567181000000000e+09 7.532047574000000000e+09 1.767155971000000000e+10 2.624355527000000000e+10 4.197191707000000000e+10 9.974012912400000000e+10 1.121889108560000000e+11 1.688771604760000000e+11 3.999543641080000000e+11 5.102193297760000000e+11 1.037284234674000000e+12 2.740327804042000000e+12 4.849126229709000000e+12 9.152541081111000000e+12 2.870648388976200000e+13 5.090350692785900000e+13
2.741051706000000000e+09 1.938304706000000000e+09 3.774250723000000000e+09 4.306128646000000000e+09 6.525595708000000000e+09 1.458583589800000000e+10 2.241746725100000000e+10 3.838622337100000000e+10 9.351998409700000000e+10 1.140101101280000000e+11 1.510963954960000000e+11 3.468362758290000000e+11 4.649112851930000000e+11 8.889458751420000000e+11 2.347662813553000000e+12 4.040859668880000000e+12 8.273695491170000000e+12 2.672875182759900000e+13 4.886153500898100000e+13
2.426242108000000000e+09 2.054373377000000000e+09 4.198345282000000000e+09 4.668982949000000000e+09 6.664687367000000000e+09 1.531722854300000000e+10 2.188745305300000000e+10 3.850241547800000000e+10 8.618410751300000000e+10 9.842208415000000000e+10 1.479762024450000000e+11 3.339098921270000000e+11 4.273296518830000000e+11 7.215033624700000000e+11 2.094067467171000000e+12 3.325597436695000000e+12 6.309555779145000000e+12 1.784466199634700000e+13 2.237030660936500000e+13
2.365715773000000000e+09 1.435100363000000000e+09 2.605853223000000000e+09 2.864037819000000000e+09 4.303346040000000000e+09 1.065007212700000000e+10 1.589789598300000000e+10 2.614281978200000000e+10 5.814176373500000000e+10 7.453843799600000000e+10 1.079441750540000000e+11 2.115822770460000000e+11 3.247990871950000000e+11 5.474660285470000000e+11 1.361918370541000000e+12 2.031819690512000000e+12 4.186477906149000000e+12 1.292318530866400000e+13 2.393454359686800000e+13
5.519900788000000000e+09 3.474574388000000000e+09 4.942359161000000000e+09 5.492875010000000000e+09 8.169423030000000000e+09 1.892932439500000000e+10 3.030710521800000000e+10 5.246365546600000000e+10 1.185264629250000000e+11 1.418466444600000000e+11 2.370373331620000000e+11 4.486423330740000000e+11 4.676459138490000000e+11 8.546248254080000000e+11 2.544765237007000000e+12 4.355463289739000000e+12 9.227513174423000000e+12 3.131891556733400000e+13 6.406290058584100000e+13
4.066699392000000000e+09 2.823532605000000000e+09 4.930627546000000000e+09 5.008227837000000000e+09 7.441262550000000000e+09 1.779196763700000000e+10 2.671570630200000000e+10 4.641436422300000000e+10 1.055916331960000000e+11 1.258939364250000000e+11 2.157023186420000000e+11 4.809196781060000000e+11 5.960908059340000000e+11 9.745050422910000000e+11 2.755355560952000000e+12 4.961817034150000000e+12 9.672904241469000000e+12 2.711553776540900000e+13 3.479705920223800000e+13
2.536772958000000000e+09 1.957020186000000000e+09 3.955963466000000000e+09 4.141234242000000000e+09 5.826956192000000000e+09 1.449758892300000000e+10 2.182036694200000000e+10 3.660221890500000000e+10 8.563687692800000000e+10 1.068491605220000000e+11 1.597523225560000000e+11 3.621428600820000000e+11 4.408930810230000000e+11 7.961746213640000000e+11 2.550519038038000000e+12 4.127997265390000000e+12 8.439353778174000000e+12 2.573530810713500000e+13 4.339797123242100000e+13
8.020027780000000000e+08 7.735499490000000000e+08 1.801077512000000000e+09 2.188346107000000000e+09 3.510487056000000000e+09 8.683152004000000000e+09 1.278258590000000000e+10 2.184751322300000000e+10 5.073680386200000000e+10 6.794022680800000000e+10 9.104417777500000000e+10 2.036005489960000000e+11 2.430656440040000000e+11 4.597423972860000000e+11 1.134055154767000000e+12 1.884276679480000000e+12 3.744599673277000000e+12 1.028305910670100000e+13 1.587076525620200000e+13
5.475685689000000000e+09 1.228978096000000000e+09 2.317698916000000000e+09 2.522880517000000000e+09 3.825710751000000000e+09 9.522574287000000000e+09 1.383391147600000000e+10 2.480169295500000000e+10 5.383347629000000000e+10 6.293719656800000000e+10 9.426320933500000000e+10 2.090995704830000000e+11 2.608501944500000000e+11 4.621745581150000000e+11 1.324818923082000000e+12 2.243324123859000000e+12 4.408469359838000000e+12 1.245654239993300000e+13 2.871191648754600000e+13
2.649040599000000000e+09 1.772529380000000000e+09 3.684577428000000000e+09 4.314809113000000000e+09 5.948593716000000000e+09 1.434829477000000000e+10 2.129390969300000000e+10 3.653985278200000000e+10 7.931508508700000000e+10 9.721559803700000000e+10 1.506407574860000000e+11 3.358435745290000000e+11 4.860725990330000000e+11 7.915050489340000000e+11 2.075937020708000000e+12 3.265103631997000000e+12 6.563114488402000000e+12 2.063403585984600000e+13 3.724286374522000000e+13
3.413830460000000000e+08 3.908882030000000000e+08 1.144268587000000000e+09 1.750091597000000000e+09 3.190797799000000000e+09 8.346517753000000000e+09 1.247182361900000000e+10 2.281502265400000000e+10 5.975434822600000000e+10 8.417048480200000000e+10 1.330933230320000000e+11 2.942698664240000000e+11 4.172745963440000000e+11 7.463717217820000000e+11 1.937025496339000000e+12 3.284114969445000000e+12 7.080580407879000000e+12 2.376614687379100000e+13 4.562745825662000000e+13
1.913946892000000000e+09 1.186307732000000000e+09 2.379225900000000000e+09 3.145605675000000000e+09 5.170353426000000000e+09 1.251504975400000000e+10 1.910432940800000000e+10 3.509453954000000000e+10 8.804085990200000000e+10 1.101348439920000000e+11 1.611832056630000000e+11 4.023027345580000000e+11 5.629717309300000000e+11 1.013333945361000000e+12 2.434617507945000000e+12 4.078556553572000000e+12 8.170701123330000000e+12 2.350489279711600000e+13 3.453241418218100000e+13
5.251734258000000000e+09 2.643717255000000000e+09 3.894662080000000000e+09 3.847626097000000000e+09 5.594938514000000000e+09 1.475548894200000000e+10 2.311724482200000000e+10 3.647132771700000000e+10 8.761775457300000000e+10 1.124053217830000000e+11 1.634724160340000000e+11 3.692791341140000000e+11 4.568963270700000000e+11 8.337198777870000000e+11 2.011196909516000000e+12 3.379070729770000000e+12 5.437966785446000000e+12 1.477703910820100000e+13 1.895495135083600000e+13
7.011264948000000000e+09 3.261956587000000000e+09 4.286773621000000000e+09 4.043384090000000000e+09 6.227131653000000000e+09 1.605603480300000000e+10 2.376003661900000000e+10 3.878480621200000000e+10 9.421074763200000000e+10 1.158008930850000000e+11 1.605116845270000000e+11 3.888566243110000000e+11 5.569762597170000000e+11 9.830007511220000000e+11 2.622401285008000000e+12 4.353203350122000000e+12 7.757033532738000000e+12 2.105362157081300000e+13 3.509227763332400000e+13
5.629750539000000000e+09 3.212922115000000000e+09 5.072141023000000000e+09 4.520599434000000000e+09 6.676277991000000000e+09 1.713136630200000000e+10 2.539300162900000000e+10 4.291987343000000000e+10 9.279083533700000000e+10 1.167941114620000000e+11 1.764095514360000000e+11 3.991112623290000000e+11 5.164721433800000000e+11 9.018964065750000000e+11 2.638663099905000000e+12 4.030739655507000000e+12 7.948901229803000000e+12 2.252538474026400000e+13 4.712952323827200000e+13
4.145531896000000000e+09 3.395801649000000000e+09 6.313908339000000000e+09 5.939250609000000000e+09 8.506005584000000000e+09 1.992503553800000000e+10 2.870669242800000000e+10 5.075699843600000000e+10 1.150362551820000000e+11 1.378326939360000000e+11 2.015448223880000000e+11 4.569382748260000000e+11 6.589114222710000000e+11 1.131180632468000000e+12 3.642045446983000000e+12 6.034482503488000000e+12 1.150938258469900000e+13 3.902453827504400000e+13 7.152902536459400000e+13
3.421714291000000000e+09 2.548954430000000000e+09 4.847716981000000000e+09 4.940987993000000000e+09 6.976721052000000000e+09 1.713304185300000000e+10 2.537587046600000000e+10 4.496154929400000000e+10 1.031079295720000000e+11 1.245563666930000000e+11 1.827176818330000000e+11 4.056501733960000000e+11 6.177807805880000000e+11 1.077675948938000000e+12 3.448784513754000000e+12 5.583778553048000000e+12 9.973604835133000000e+12 2.965300699078500000e+13 5.261293492845300000e+13
1.191085690900000000e+10 4.923419479000000000e+09 6.773444118000000000e+09 5.883336148000000000e+09 8.666353753000000000e+09 2.344263209800000000e+10 3.660133406200000000e+10 6.459862487700000000e+10 1.456663806090000000e+11 1.791487637000000000e+11 2.943291187420000000e+11 6.772562135060000000e+11 8.778055994400000000e+11 1.280527628655000000e+12 4.279633080066000000e+12 6.956872899164000000e+12 1.350962099278700000e+13 3.935401011767900000e+13 6.321343697912200000e+13
6.032238132000000000e+09 4.190921923000000000e+09 5.574771319000000000e+09 4.838122293000000000e+09 6.903765653000000000e+09 1.674899924200000000e+10 2.547390675200000000e+10 4.562558908100000000e+10 1.064758262910000000e+11 1.382971819490000000e+11 2.077324194520000000e+11 4.112438714360000000e+11 6.017451093600000000e+11 9.631493045470000000e+11 2.771556744561000000e+12 4.191059795290000000e+12 8.475200198320000000e+12 2.341682390165800000e+13 4.469969822133700000e+13
4.273935127000000000e+09 1.585153794000000000e+09 2.931286426000000000e+09 3.599759628000000000e+09 5.731092808000000000e+09 1.379370446800000000e+10 1.856259045900000000e+10 3.158827672600000000e+10 7.010379063300000000e+10 7.977967784600000000e+10 1.182063917300000000e+11 2.380771526850000000e+11 2.715886083620000000e+11 5.494416909250000000e+11 1.603882842513000000e+12 2.717011644214000000e+12 5.260649717775000000e+12 1.482721309544500000e+13 2.209293211320900000e+13
7.929843220000000000e+08 6.823917220000000000e+08 1.454209410000000000e+09 1.895416330000000000e+09 3.095075851000000000e+09 8.105336000000000000e+09 1.156733145700000000e+10 2.101186644900000000e+10 5.289174814100000000e+10 7.415503820400000000e+10 1.142839608970000000e+11 2.047557668550000000e+11 2.435068271010000000e+11 4.599638765280000000e+11 1.362507030828000000e+12 2.084470246227000000e+12 4.597039045031000000e+12 1.417017291042400000e+13 2.767359255703000000e+13
8.155458470000000000e+08 7.303170110000000000e+08 1.877629448000000000e+09 2.644040988000000000e+09 4.483613592000000000e+09 1.098209853200000000e+10 1.578846735600000000e+10 2.817652467500000000e+10 6.744911807800000000e+10 8.465411637400000000e+10 1.309285197260000000e+11 3.100380716660000000e+11 3.416213546810000000e+11 5.479946303720000000e+11 1.851343553464000000e+12 3.134042225594000000e+12 6.359595777897000000e+12 2.030985653090900000e+13 4.618640105363200000e+13
1.601059527600000000e+10 5.129535477000000000e+09 6.919878005000000000e+09 6.206198784000000000e+09 8.919377632000000000e+09 2.407404406000000000e+10 3.811062958100000000e+10 6.522478217600000000e+10 1.447446913770000000e+11 1.799158375300000000e+11 3.148131534690000000e+11 7.459999536370000000e+11 1.091696625149000000e+12 1.768857197311000000e+12 4.198537125716000000e+12 5.969780345898000000e+12 9.637874099079000000e+12 2.901522605259600000e+13 4.365518762880900000e+13
7.277887020000000000e+08 6.339295190000000000e+08 1.510479773000000000e+09 2.172887477000000000e+09 3.815504392000000000e+09 9.761829145000000000e+09 1.455319552700000000e+10 2.597359668700000000e+10 6.374832653500000000e+10 8.020159782600000000e+10 1.180691300800000000e+11 2.623207578070000000e+11 3.406528806780000000e+11 5.851204043540000000e+11 1.700374421837000000e+12 3.022698669593000000e+12 5.916435432556000000e+12 1.647864134426500000e+13 3.095583701242200000e+13
6.629953651000000000e+09 3.295576476000000000e+09 5.112235335000000000e+09 5.209523729000000000e+09 7.493241445000000000e+09 1.955690442800000000e+10 2.957520698100000000e+10 5.244525330700000000e+10 1.256066132310000000e+11 1.580878854340000000e+11 2.481324025230000000e+11 6.461809298040000000e+11 9.153752363160000000e+11 1.893194778845000000e+12 5.127985277182000000e+12 7.632780314100000000e+12 1.429632095086200000e+13 2.013043206232400000e+13 1.540011158872300000e+13
8.356832090000000000e+09 3.791422038000000000e+09 5.452191092000000000e+09 5.483040408000000000e+09 8.091068633000000000e+09 2.041153036800000000e+10 2.992852113700000000e+10 5.310687358900000000e+10 1.212186154070000000e+11 1.466581213940000000e+11 2.321822773450000000e+11 5.312872821510000000e+11 6.091478085340000000e+11 1.162388964480000000e+12 3.677191238005000000e+12 5.484964427693000000e+12 1.054924459333300000e+13 2.777861383606900000e+13 4.939738961730700000e+13
6.542088843000000000e+09 3.589181520000000000e+09 5.877600808000000000e+09 5.094947223000000000e+09 7.368067625000000000e+09 1.851892077000000000e+10 3.080800548900000000e+10 5.226824714100000000e+10 1.173207879540000000e+11 1.359065148310000000e+11 1.866304971920000000e+11 3.475708532340000000e+11 4.553877995180000000e+11 7.970295520110000000e+11 2.496793614643000000e+12 3.970408492831000000e+12 8.674181793823000000e+12 2.796422029843800000e+13 5.151950011752400000e+13
4.206662124000000000e+09 2.902086156000000000e+09 5.070195248000000000e+09 5.449224377000000000e+09 7.938742497000000000e+09 1.872002037300000000e+10 2.502789409300000000e+10 4.375409845100000000e+10 9.109862731900000000e+10 1.113519428310000000e+11 1.663617646900000000e+11 3.880009087320000000e+11 4.732587733360000000e+11 9.472535803070000000e+11 2.503375903115000000e+12 4.113572889330000000e+12 8.759453172588000000e+12 2.873632230590500000e+13 5.780915440774300000e+13
5.921353089000000000e+09 3.649285870000000000e+09 5.300362736000000000e+09 4.908589144000000000e+09 7.066337563000000000e+09 1.762251521000000000e+10 2.572420808800000000e+10 4.284485764600000000e+10 9.898019368900000000e+10 1.205612031580000000e+11 2.083137812550000000e+11 4.772176160750000000e+11 6.279344567800000000e+11 1.215045108137000000e+12 3.577914523678000000e+12 5.885436328301000000e+12 1.097123479134000000e+13 2.868329996588000000e+13 3.473993625154800000e+13
2.293859149000000000e+09 1.629356375000000000e+09 3.027776333000000000e+09 3.215886522000000000e+09 4.856089181000000000e+09 1.206600128600000000e+10 1.677155741300000000e+10 3.056212169200000000e+10 6.867822919500000000e+10 7.809864862500000000e+10 9.962485799100000000e+10 2.385305250490000000e+11 2.790342520150000000e+11 5.661253911380000000e+11 1.592242289069000000e+12 2.324868526343000000e+12 4.932494912892000000e+12 1.249734142546800000e+13 1.802497472879100000e+13
5.946904580000000000e+08 5.455214620000000000e+08 1.225946483000000000e+09 1.597444605000000000e+09 2.722339060000000000e+09 7.141359823000000000e+09 1.066697760000000000e+10 1.848943850800000000e+10 4.486212779900000000e+10 5.371233473900000000e+10 7.932590337300000000e+10 1.718535093740000000e+11 2.413237093290000000e+11 4.395674025200000000e+11 1.168607673734000000e+12 1.773416641604000000e+12 3.432100003817000000e+12 1.040640172490900000e+13 2.396616893718700000e+13
1.448456175000000000e+09 1.256999879000000000e+09 2.673435850000000000e+09 3.134711405000000000e+09 4.746369305000000000e+09 1.118254228100000000e+10 1.652611305500000000e+10 2.779077981700000000e+10 6.577193612700000000e+10 7.763792702100000000e+10 1.254538936590000000e+11 2.692305982720000000e+11 3.759274678450000000e+11 6.423877734300000000e+11 1.769027852272000000e+12 3.032715798074000000e+12 6.114389373203000000e+12 1.927975571793800000e+13 2.928194624947900000e+13
4.828301840000000000e+09 2.329011692000000000e+09 3.343642479000000000e+09 3.694029093000000000e+09 5.657617817000000000e+09 1.462412761400000000e+10 2.101661656700000000e+10 3.753920081800000000e+10 8.452852247700000000e+10 1.071860741930000000e+11 1.714859337530000000e+11 3.767709708080000000e+11 4.653501620410000000e+11 9.745930235640000000e+11 2.506320585356000000e+12 4.075781455964000000e+12 6.601088023273000000e+12 1.149266177693300000e+13 1.667763840819900000e+13
1.578901164300000000e+10 1.617591697000000000e+09 3.190720952000000000e+09 3.673667135000000000e+09 5.602606080000000000e+09 1.343747420700000000e+10 1.833369424000000000e+10 3.192552542700000000e+10 7.405888649200000000e+10 9.391239018700000000e+10 1.470631990080000000e+11 3.605906488670000000e+11 4.531882075050000000e+11 8.037115470750000000e+11 2.450736830622000000e+12 3.906989748341000000e+12 7.949543210577000000e+12 2.575896192067500000e+13 4.717099515717800000e+13
2.023128234000000000e+09 1.707481723000000000e+09 3.723676875000000000e+09 4.401326478000000000e+09 7.075568158000000000e+09 1.669347344400000000e+10 2.307135983500000000e+10 3.756276744600000000e+10 9.013015771400000000e+10 1.122360425560000000e+11 1.601496121100000000e+11 3.694727890750000000e+11 4.354655945360000000e+11 8.276672335460000000e+11 2.534183698502000000e+12 4.247284013491000000e+12 8.695236141158000000e+12 2.534912790794600000e+13 5.074139979876900000e+13
4.107578170000000000e+09 2.476740387000000000e+09 4.708193682000000000e+09 5.325806195000000000e+09 7.914948861000000000e+09 1.922659838700000000e+10 2.738117643600000000e+10 4.501514531200000000e+10 1.024562540460000000e+11 1.313665809370000000e+11 1.952135226600000000e+11 4.358630247750000000e+11 5.888822197470000000e+11 9.236462049110000000e+11 2.847074275446000000e+12 4.945356196047000000e+12 9.087842418112000000e+12 2.887606895809100000e+13 5.305503078810300000e+13
3.245849557000000000e+09 2.340209572000000000e+09 4.681429416000000000e+09 5.144017107000000000e+09 7.362822963000000000e+09 1.649824346200000000e+10 2.489282514700000000e+10 4.515264150400000000e+10 9.990235265500000000e+10 1.321414908720000000e+11 2.000706536140000000e+11 4.755072416090000000e+11 6.391032525510000000e+11 1.118681774627000000e+12 2.895220712902000000e+12 4.856015105049000000e+12 1.035059646806700000e+13 3.343301699406600000e+13 5.375203795030200000e+13
3.444698172000000000e+09 2.277064391000000000e+09 4.186165583000000000e+09 5.022464079000000000e+09 7.858211903000000000e+09 1.909692497100000000e+10 2.507167689100000000e+10 4.284106009800000000e+10 9.892326545500000000e+10 1.180648514360000000e+11 1.829890361390000000e+11 4.377441712600000000e+11 5.731649015670000000e+11 1.027357221344000000e+12 2.742869644659000000e+12 4.898987328166000000e+12 9.153079113414000000e+12 2.526200303435400000e+13 4.582691344252100000e+13
2.174251978000000000e+09 1.530975788000000000e+09 3.183037355000000000e+09 3.503602538000000000e+09 5.444586109000000000e+09 1.371720372400000000e+10 2.065745941800000000e+10 3.503965997200000000e+10 7.872191968200000000e+10 8.781747401100000000e+10 1.321356627980000000e+11 2.862938369850000000e+11 3.638680911150000000e+11 7.846597447230000000e+11 2.193170974017000000e+12 3.806259514544000000e+12 7.626404409981000000e+12 2.357985601155200000e+13 4.078152223535700000e+13
4.314299170000000000e+08 4.750583700000000000e+08 1.279685275000000000e+09 1.916825079000000000e+09 3.290567280000000000e+09 8.086137325000000000e+09 1.122259167300000000e+10 1.934375654300000000e+10 4.327007706900000000e+10 5.345356621500000000e+10 8.083530597300000000e+10 1.733823591270000000e+11 2.373287421390000000e+11 4.360603207740000000e+11 1.263241341359000000e+12 2.097310655595000000e+12 3.978917950342000000e+12 1.150434428007000000e+13 1.726928224305800000e+13
1.923626578000000000e+09 7.399875500000000000e+08 1.423868702000000000e+09 1.642165360000000000e+09 2.690825268000000000e+09 7.400090653000000000e+09 1.005986606000000000e+10 1.741978346300000000e+10 4.008781275700000000e+10 4.965400451200000000e+10 7.794136435100000000e+10 1.793929099810000000e+11 2.365579406150000000e+11 4.044084923260000000e+11 1.232411166887000000e+12 1.867123005566000000e+12 4.079565942734000000e+12 1.171025654228000000e+13 2.700520389481800000e+13
2.227360919000000000e+09 1.449186868000000000e+09 2.794722912000000000e+09 3.260732309000000000e+09 4.605493417000000000e+09 1.092883172100000000e+10 1.530568073700000000e+10 2.709942202900000000e+10 5.974069737600000000e+10 7.781132768300000000e+10 1.152708937590000000e+11 2.621986197090000000e+11 3.350791724330000000e+11 6.466363923170000000e+11 1.768871420685000000e+12 3.059680409132000000e+12 5.891234697023000000e+12 1.637503314858200000e+13 2.667320851832600000e+13
3.544776883000000000e+09 2.496889472000000000e+09 4.830523350000000000e+09 5.157725929000000000e+09 7.064302560000000000e+09 1.494269392700000000e+10 2.054635419400000000e+10 3.863077994800000000e+10 8.623725591700000000e+10 1.173921592160000000e+11 1.919762961180000000e+11 4.685092622200000000e+11 5.788288794520000000e+11 8.512191433120000000e+11 2.333237165981000000e+12 3.472961982693000000e+12 4.810472975056000000e+12 1.045148260868900000e+13 1.320992886536300000e+13
5.858596900000000000e+09 3.396917075000000000e+09 5.180208362000000000e+09 4.830414897000000000e+09 6.909984432000000000e+09 1.777766748500000000e+10 2.505234173700000000e+10 4.588804492500000000e+10 9.575252035000000000e+10 1.182555298290000000e+11 1.826665636140000000e+11 4.008755145540000000e+11 5.889433175380000000e+11 1.092187544962000000e+12 2.990916077121000000e+12 4.384812603980000000e+12 8.731460618128000000e+12 2.155438517830100000e+13 2.711874214311800000e+13
3.681259216000000000e+09 1.948978591000000000e+09 3.313685323000000000e+09 3.926613140000000000e+09 6.094481086000000000e+09 1.508100164000000000e+10 2.265886034200000000e+10 3.870737510100000000e+10 8.644861788800000000e+10 1.031273272530000000e+11 1.630685139260000000e+11 3.568733832720000000e+11 4.067591558170000000e+11 8.080148538540000000e+11 2.425783400560000000e+12 3.863858164737000000e+12 8.126254529018000000e+12 2.719979769541700000e+13 5.623814483475600000e+13
3.597037003000000000e+09 2.851081495000000000e+09 5.674098275000000000e+09 5.578173517000000000e+09 7.733623702000000000e+09 1.768385556300000000e+10 2.661893808700000000e+10 4.751060024400000000e+10 1.134208878250000000e+11 1.415796589880000000e+11 2.362229208640000000e+11 5.365980646410000000e+11 6.734786508440000000e+11 1.212747842495000000e+12 3.600645238829000000e+12 5.956552547159000000e+12 1.109329826769000000e+13 3.395803360268600000e+13 5.395636202683600000e+13
1.111897169000000000e+09 1.005290036000000000e+09 2.358626506000000000e+09 2.941820429000000000e+09 4.753611141000000000e+09 1.161535470500000000e+10 1.642631899800000000e+10 3.084863102000000000e+10 7.334847573000000000e+10 9.450429410600000000e+10 1.498116739260000000e+11 3.268052716110000000e+11 4.272722962100000000e+11 7.900028374020000000e+11 2.160161575044000000e+12 3.945252294521000000e+12 8.266835420492000000e+12 2.436138782957400000e+13 4.936148504278500000e+13
6.143175815000000000e+09 3.268622021000000000e+09 5.661473949000000000e+09 5.307098226000000000e+09 7.184061083000000000e+09 1.858555040200000000e+10 2.735562756600000000e+10 4.816481546700000000e+10 9.968756509600000000e+10 1.207257573140000000e+11 1.938162041370000000e+11 4.856954458430000000e+11 7.458048690610000000e+11 1.142312255856000000e+12 3.231708507270000000e+12 4.212225649413000000e+12 8.233471136486000000e+12 2.071427144433500000e+13 3.804880829318700000e+13
3.257095477000000000e+09 2.118967061000000000e+09 3.264717338000000000e+09 3.456104206000000000e+09 5.480292990000000000e+09 1.361870839500000000e+10 2.011703826400000000e+10 3.185875913600000000e+10 6.658690354700000000e+10 8.472684915000000000e+10 1.300805548780000000e+11 2.967689697910000000e+11 3.899214574510000000e+11 7.699547336250000000e+11 2.149290056289000000e+12 3.649654331525000000e+12 7.115617442117000000e+12 2.242074868903800000e+13 3.891832652552000000e+13
1.399175057000000000e+09 9.554178990000000000e+08 1.918501343000000000e+09 2.007927915000000000e+09 3.115218915000000000e+09 8.814181912000000000e+09 1.180785647100000000e+10 1.995208587800000000e+10 4.489506181000000000e+10 5.408055036700000000e+10 8.131844193900000000e+10 1.616811586980000000e+11 2.357664657730000000e+11 4.145103771950000000e+11 1.030258740963000000e+12 1.753907077144000000e+12 3.406943951394000000e+12 9.903256759116000000e+12 1.496370054095900000e+13
1.138714686000000000e+09 7.231046240000000000e+08 1.494621398000000000e+09 1.988195705000000000e+09 3.334444267000000000e+09 8.459532752000000000e+09 1.128291788000000000e+10 1.965764860600000000e+10 4.574180711800000000e+10 5.550147413100000000e+10 7.998081761700000000e+10 1.868692049430000000e+11 2.591138052880000000e+11 4.856133145340000000e+11 1.347253944913000000e+12 2.196374052490000000e+12 4.383520032936000000e+12 1.427270849820100000e+13 2.684179511134200000e+13
2.768906504000000000e+09 1.697182949000000000e+09 2.931114341000000000e+09 3.172958977000000000e+09 4.961000624000000000e+09 1.201068475900000000e+10 1.686837583500000000e+10 3.062432426400000000e+10 6.968688153100000000e+10 9.125271611400000000e+10 1.560670777520000000e+11 3.602755402780000000e+11 5.663365293910000000e+11 9.847223156850000000e+11 2.335399941577000000e+12 3.607642295526000000e+12 6.559345327673000000e+12 1.993811053801300000e+13 3.550679484708300000e+13
3.910591166000000000e+09 1.967216809000000000e+09 3.601472970000000000e+09 4.007270860000000000e+09 6.127654833000000000e+09 1.484783653200000000e+10 2.051856307800000000e+10 3.634888774400000000e+10 8.353356611500000000e+10 1.047140853240000000e+11 1.658375191880000000e+11 4.004004567450000000e+11 5.172626237410000000e+11 9.606994510990000000e+11 2.812255528267000000e+12 4.224100640160000000e+12 7.012864013124000000e+12 1.929139368482000000e+13 2.189971821045900000e+13
4.268420922000000000e+09 2.581981284000000000e+09 4.094082532000000000e+09 3.929814501000000000e+09 5.765832706000000000e+09 1.482698081000000000e+10 2.250738916000000000e+10 3.980602199700000000e+10 9.241501917400000000e+10 1.201636587990000000e+11 1.946826123160000000e+11 4.551427840430000000e+11 6.707887267800000000e+11 1.248532265789000000e+12 3.415001203900000000e+12 4.836843968796000000e+12 1.015915810980700000e+13 3.348069435375800000e+13 5.394622823298700000e+13
5.191664131000000000e+09 2.779065508000000000e+09 4.435892913000000000e+09 4.275430608000000000e+09 5.811911558000000000e+09 1.442659943400000000e+10 2.208210500200000000e+10 3.689011453100000000e+10 8.506574617400000000e+10 1.020402736700000000e+11 1.483078111990000000e+11 3.497618288310000000e+11 5.381664292030000000e+11 9.508854202570000000e+11 2.934762493938000000e+12 4.525648222944000000e+12 8.869923503495000000e+12 2.536170660912000000e+13 4.436252059435600000e+13
3.197486458000000000e+09 2.238463042000000000e+09 4.168604130000000000e+09 4.526216654000000000e+09 6.447724102000000000e+09 1.474979010500000000e+10 2.288123737600000000e+10 3.953997690400000000e+10 8.592003872400000000e+10 1.071050373380000000e+11 1.664163371650000000e+11 3.715654397880000000e+11 4.868593190030000000e+11 7.628568215870000000e+11 2.741023230871000000e+12 4.266262735746000000e+12 9.236774994785000000e+12 2.827597243425300000e+13 4.530853113017100000e+13
5.669105328000000000e+09 2.628114962000000000e+09 4.743420895000000000e+09 4.330284842000000000e+09 6.189011255000000000e+09 1.632697745700000000e+10 2.280973096900000000e+10 4.170892252700000000e+10 8.933422577300000000e+10 1.069585288670000000e+11 1.679182385870000000e+11 4.151544498840000000e+11 5.544605584820000000e+11 1.046186447158000000e+12 2.830502472997000000e+12 4.568168991810000000e+12 8.422366741266000000e+12 2.121747267973200000e+13 4.136810400155900000e+13
3.910703746000000000e+09 2.385257473000000000e+09 3.720003151000000000e+09 3.597814034000000000e+09 5.206016845000000000e+09 1.295186199100000000e+10 2.049419869400000000e+10 3.475951760600000000e+10 8.695778314500000000e+10 1.167488870230000000e+11 1.729933840880000000e+11 3.754689595160000000e+11 4.621192136640000000e+11 8.816362793180000000e+11 2.131673441852000000e+12 3.339699841011000000e+12 5.945597897998000000e+12 1.941414815256500000e+13 3.139511832393500000e+13
1.403325053000000000e+09 9.084589960000000000e+08 1.799638304000000000e+09 2.128878238000000000e+09 3.456381526000000000e+09 8.578896234000000000e+09 1.197713601300000000e+10 2.119072844600000000e+10 5.025206088300000000e+10 6.432457123000000000e+10 9.504960156600000000e+10 1.884706837800000000e+11 2.443079574670000000e+11 4.659410701360000000e+11 1.296694310986000000e+12 2.071358408949000000e+12 4.438323424059000000e+12 1.224464475707300000e+13 1.969748475628500000e+13
2.487471530000000000e+08 2.768137880000000000e+08 8.656990040000000000e+08 1.343589150000000000e+09 2.393337955000000000e+09 6.308986413000000000e+09 9.147114967000000000e+09 1.708499358800000000e+10 4.434773210900000000e+10 5.964056556200000000e+10 9.154680133900000000e+10 2.081287620610000000e+11 2.653703837300000000e+11 4.689223991850000000e+11 1.341680865742000000e+12 1.943850926465000000e+12 4.120794727567000000e+12 1.313609963280700000e+13 2.439426522513800000e+13
8.443712970000000000e+08 7.761962560000000000e+08 1.854879733000000000e+09 2.389288644000000000e+09 3.960618439000000000e+09 9.609360784000000000e+09 1.436183735600000000e+10 2.419029189300000000e+10 5.888753020400000000e+10 7.154838098700000000e+10 1.103181053120000000e+11 2.385070107110000000e+11 2.921926530330000000e+11 5.230561587740000000e+11 1.736926333028000000e+12 3.044240281843000000e+12 5.957099811067000000e+12 1.896257965508100000e+13 3.649984915453400000e+13
2.126417516000000000e+09 1.343881148000000000e+09 2.813525276000000000e+09 3.303411029000000000e+09 5.028707900000000000e+09 1.214329461900000000e+10 1.777415181400000000e+10 2.875816081100000000e+10 6.474139443400000000e+10 7.507328032100000000e+10 1.138461243310000000e+11 2.703534426800000000e+11 3.726087489670000000e+11 7.072115716800000000e+11 2.072825736670000000e+12 3.107299015044000000e+12 6.283094444539000000e+12 1.716962963063300000e+13 2.118933635733000000e+13
2.214152186000000000e+09 1.244740144000000000e+09 1.958030139000000000e+09 2.270912703000000000e+09 3.445115891000000000e+09 7.819097316000000000e+09 1.240084388400000000e+10 2.124216832000000000e+10 5.247965661700000000e+10 7.308272921400000000e+10 1.273438395460000000e+11 2.141257226000000000e+11 2.249825114110000000e+11 3.398759762610000000e+11 8.970917775020000000e+11 1.552544158798000000e+12 2.898420307273000000e+12 1.031356356656300000e+13 2.370685238614500000e+13
3.307307610000000000e+09 2.305063433000000000e+09 4.214240890000000000e+09 4.688119542000000000e+09 7.380335230000000000e+09 1.787986254600000000e+10 2.532809861900000000e+10 4.544837477200000000e+10 1.061625161070000000e+11 1.348719534400000000e+11 1.938316359940000000e+11 3.957492280820000000e+11 4.872489940380000000e+11 9.839323471860000000e+11 2.896368041672000000e+12 4.640415496838000000e+12 9.365058952673000000e+12 2.677399228937200000e+13 3.978259977578900000e+13
3.997958294000000000e+09 3.012549271000000000e+09 5.032131962000000000e+09 5.124936994000000000e+09 7.760533467000000000e+09 1.875804091500000000e+10 2.813535661700000000e+10 4.880720486500000000e+10 1.149969778070000000e+11 1.485341954900000000e+11 2.411319567010000000e+11 4.118862606290000000e+11 6.288205423160000000e+11 1.006032562823000000e+12 3.475925567109000000e+12 5.420410970633000000e+12 1.195687391121400000e+13 3.966638462276200000e+13 6.088817168380400000e+13
5.566355458000000000e+09 2.214493071000000000e+09 4.102721833000000000e+09 4.274574033000000000e+09 6.129400163000000000e+09 1.611312508800000000e+10 2.248405572700000000e+10 4.234023419000000000e+10 9.978554448100000000e+10 1.227780728040000000e+11 1.925926102890000000e+11 4.083541487520000000e+11 4.952061173190000000e+11 9.322053667620000000e+11 2.847983912149000000e+12 4.604044866101000000e+12 7.985329371220000000e+12 1.794824880265500000e+13 3.498013579995400000e+13
7.100154662000000000e+09 1.064340549000000000e+09 1.890887407000000000e+09 2.278934910000000000e+09 3.483588089000000000e+09 9.342717172000000000e+09 1.297625641200000000e+10 2.242979396000000000e+10 5.096797932200000000e+10 5.870271322900000000e+10 8.690968229300000000e+10 1.764555975160000000e+11 2.307293978070000000e+11 4.219505207830000000e+11 1.159290306556000000e+12 1.860612215203000000e+12 3.300888856285000000e+12 1.002922349875300000e+13 1.194810435619600000e+13
5.452717000000000000e+07 8.191030400000000000e+07 3.715336530000000000e+08 8.120424360000000000e+08 1.712635325000000000e+09 4.792904009000000000e+09 7.223916750000000000e+09 1.318858275900000000e+10 3.529466051300000000e+10 4.886329173200000000e+10 7.958589896300000000e+10 1.783658818160000000e+11 2.462339401200000000e+11 4.414175713760000000e+11 1.321990875024000000e+12 2.110106800712000000e+12 4.322422954416000000e+12 1.159514548891300000e+13 2.490876076376500000e+13
3.936577402000000000e+09 2.450322444000000000e+09 4.405765715000000000e+09 4.132015066000000000e+09 6.480349634000000000e+09 1.629233478100000000e+10 2.421763334700000000e+10 4.128584026800000000e+10 1.027478889130000000e+11 1.252543854860000000e+11 1.945223634680000000e+11 4.012347840490000000e+11 5.175125208400000000e+11 9.722247547820000000e+11 2.861749632588000000e+12 4.561509862982000000e+12 7.464370502090000000e+12 1.970547394411200000e+13 2.861963448504300000e+13
5.612473971000000000e+09 3.387377777000000000e+09 5.971105773000000000e+09 5.864933829000000000e+09 8.274235933000000000e+09 1.957924305500000000e+10 2.727171611200000000e+10 5.163451667400000000e+10 1.198886700700000000e+11 1.571297530010000000e+11 2.391840362270000000e+11 5.566556965850000000e+11 7.750586384270000000e+11 1.486816224419000000e+12 4.059491477748000000e+12 5.391886822192000000e+12 9.065926259861000000e+12 2.747968321402600000e+13 4.497092681820200000e+13
6.032264805000000000e+09 3.539958016000000000e+09 5.828241806000000000e+09 5.615566226000000000e+09 8.280382541000000000e+09 2.142993299700000000e+10 3.208073876100000000e+10 4.704158021900000000e+10 1.144242350440000000e+11 1.364834597230000000e+11 2.089879033740000000e+11 4.458468077900000000e+11 6.107999594510000000e+11 1.279704462878000000e+12 3.081794198567000000e+12 5.656726052120000000e+12 1.080667312589600000e+13 3.495789016437800000e+13 6.073438530266800000e+13
1.117395218300000000e+10 6.145924108000000000e+09 8.058842953000000000e+09 5.682368555000000000e+09 7.989806345000000000e+09 2.209172966600000000e+10 3.042905674500000000e+10 5.139261114600000000e+10 1.328062509530000000e+11 1.580403855340000000e+11 2.552838052680000000e+11 5.614736705700000000e+11 5.851892633750000000e+11 9.173261739930000000e+11 2.997157316087000000e+12 4.748538350262000000e+12 9.404698973643000000e+12 2.825940255977000000e+13 5.391970206382500000e+13
9.560108514000000000e+09 3.618320436000000000e+09 5.524598424000000000e+09 5.573336904000000000e+09 7.622832195000000000e+09 1.890671028500000000e+10 2.747279267200000000e+10 4.958454371100000000e+10 1.114500368080000000e+11 1.408583860360000000e+11 2.001258563870000000e+11 5.035711640700000000e+11 7.847453643280000000e+11 1.447329656786000000e+12 4.065903834857000000e+12 6.668898465170000000e+12 1.189905141311300000e+13 2.893239540273900000e+13 3.590444850285700000e+13
3.786522985000000000e+09 1.792343437000000000e+09 3.245008116000000000e+09 3.650885944000000000e+09 4.982940655000000000e+09 1.185657070900000000e+10 1.811862644800000000e+10 3.194565847600000000e+10 7.194046837500000000e+10 8.704740354400000000e+10 1.187856784620000000e+11 2.427503142840000000e+11 3.110880482520000000e+11 5.775836171960000000e+11 1.778255077479000000e+12 2.906404532498000000e+12 5.799021698554000000e+12 1.625361418302600000e+13 2.683729354874100000e+13
2.440474940000000000e+08 2.397176590000000000e+08 6.850864550000000000e+08 1.146870570000000000e+09 2.159129893000000000e+09 5.666088091000000000e+09 8.510402904000000000e+09 1.570687138200000000e+10 4.146137152100000000e+10 5.900532836400000000e+10 9.611954485700000000e+10 2.119261821090000000e+11 2.520453372810000000e+11 4.342979727070000000e+11 1.259409892108000000e+12 2.010686579028000000e+12 4.121619934901000000e+12 1.319760810473800000e+13 2.635927587108800000e+13
3.263806491000000000e+09 1.260857153000000000e+09 2.141854673000000000e+09 2.440891905000000000e+09 4.019881537000000000e+09 1.104668586200000000e+10 1.631096274400000000e+10 2.801284529400000000e+10 6.700619364900000000e+10 8.675054888200000000e+10 1.282240209390000000e+11 2.657558889390000000e+11 3.614919009720000000e+11 6.718441593520000000e+11 2.000165150924000000e+12 3.115607880124000000e+12 5.683597622248000000e+12 1.672581456196800000e+13 2.119066566912600000e+13
2.608183805000000000e+09 1.469909212000000000e+09 2.820796273000000000e+09 3.003914246000000000e+09 4.558035931000000000e+09 1.153704633200000000e+10 1.685220337300000000e+10 2.839550854900000000e+10 6.628934239200000000e+10 8.393785595800000000e+10 1.229197185540000000e+11 2.628333589510000000e+11 3.154588113570000000e+11 5.133179285670000000e+11 1.792743524493000000e+12 2.985337337004000000e+12 5.577889346665000000e+12 1.555802549894600000e+13 2.679506878815600000e+13
4.257355853000000000e+09 2.415742688000000000e+09 4.069487023000000000e+09 3.858521736000000000e+09 5.687869421000000000e+09 1.398174657400000000e+10 2.036564748800000000e+10 3.684822745000000000e+10 8.200674359100000000e+10 1.044337534590000000e+11 1.457350095330000000e+11 2.815883170740000000e+11 3.681993898130000000e+11 7.151487174350000000e+11 2.000774429031000000e+12 3.197244242752000000e+12 6.897494825300000000e+12 2.109301555474800000e+13 3.609370670750700000e+13
3.100952229000000000e+09 1.844640612000000000e+09 2.892946030000000000e+09 2.921549328000000000e+09 4.564535051000000000e+09 1.160177557100000000e+10 1.750746872600000000e+10 3.020977158100000000e+10 6.723050638200000000e+10 8.035997358400000000e+10 1.218685408540000000e+11 2.670161147620000000e+11 3.882937413050000000e+11 6.159252712240000000e+11 1.858018746519000000e+12 2.882326563885000000e+12 5.342495350149000000e+12 1.883476738160100000e+13 3.585276545719300000e+13
2.435581744000000000e+09 1.431334168000000000e+09 2.630737703000000000e+09 2.971876985000000000e+09 4.722803532000000000e+09 1.156276347300000000e+10 1.818803004600000000e+10 3.114180855700000000e+10 7.159240544700000000e+10 8.198126171800000000e+10 1.156797931090000000e+11 2.455354437330000000e+11 2.671116163700000000e+11 3.645853180860000000e+11 1.115803206824000000e+12 1.813947836077000000e+12 4.027498396847000000e+12 9.929566567832000000e+12 1.202938218882900000e+13
3.028509600000000000e+08 3.420046760000000000e+08 1.023654071000000000e+09 1.590183550000000000e+09 2.847267151000000000e+09 7.223131881000000000e+09 1.069197344300000000e+10 1.935942374900000000e+10 4.701890903800000000e+10 5.882586991300000000e+10 8.339636063900000000e+10 1.725006382260000000e+11 2.231957247160000000e+11 3.780251802950000000e+11 1.161753244757000000e+12 1.950210777648000000e+12 3.843687825327000000e+12 1.299135056873800000e+13 2.414388809502300000e+13
2.596855372000000000e+09 1.817908663000000000e+09 3.283401378000000000e+09 3.164693369000000000e+09 4.738044786000000000e+09 1.168154442200000000e+10 1.658858811000000000e+10 3.044687347900000000e+10 7.458460398300000000e+10 8.968941484300000000e+10 1.233564621910000000e+11 2.477666963390000000e+11 3.283236756380000000e+11 5.540334557400000000e+11 1.809891642520000000e+12 2.319193574531000000e+12 4.537560091253000000e+12 1.205632709777400000e+13 1.543347638403400000e+13
1.729829543000000000e+09 1.054908249000000000e+09 1.983660130000000000e+09 2.416289295000000000e+09 3.816468735000000000e+09 8.986319198000000000e+09 1.308126669800000000e+10 2.306509928800000000e+10 5.436032669500000000e+10 6.229681902700000000e+10 9.278762843700000000e+10 2.071705452640000000e+11 2.985888774410000000e+11 6.044103693890000000e+11 1.697476953036000000e+12 2.410396941882000000e+12 3.903077414034000000e+12 1.473608011602100000e+13 3.152695350316400000e+13
3.770130225000000000e+09 1.895662295000000000e+09 3.455083314000000000e+09 3.913838109000000000e+09 5.828861382000000000e+09 1.545907837100000000e+10 2.260629832700000000e+10 4.012570991400000000e+10 9.302945050800000000e+10 1.173979966450000000e+11 1.838499495780000000e+11 3.410218259430000000e+11 5.070252904970000000e+11 8.929297896960000000e+11 2.461102265815000000e+12 4.286462850640000000e+12 7.637830014673000000e+12 2.046015838950100000e+13 3.435497519498000000e+13
3.423743631000000000e+09 1.705883763000000000e+09 3.442677794000000000e+09 3.820811546000000000e+09 5.587414126000000000e+09 1.302312834600000000e+10 1.940110382400000000e+10 3.431419319400000000e+10 7.662211108900000000e+10 8.653104578700000000e+10 1.351710306170000000e+11 2.689359373270000000e+11 3.829639320590000000e+11 6.194025905870000000e+11 1.942392865118000000e+12 2.997986212176000000e+12 6.577783156733000000e+12 2.145590063313900000e+13 4.566663083451600000e+13
2.877034519000000000e+09 1.947825403000000000e+09 3.560552547000000000e+09 4.160161523000000000e+09 6.237923835000000000e+09 1.545054418000000000e+10 2.289315856000000000e+10 4.091964170000000000e+10 9.604379793600000000e+10 1.114335190410000000e+11 1.756218754490000000e+11 4.203898598380000000e+11 6.255226269040000000e+11 1.053369411250000000e+12 2.637959073530000000e+12 4.282581480090000000e+12 9.204129179617000000e+12 2.582218892995800000e+13 3.644900109601300000e+13
5.748185980000000000e+08 5.570519670000000000e+08 1.350754341000000000e+09 1.845143330000000000e+09 3.281546700000000000e+09 8.165456766000000000e+09 1.200766689100000000e+10 2.028327656900000000e+10 4.649799507400000000e+10 5.480109620300000000e+10 8.318878085800000000e+10 1.683121713010000000e+11 1.923064495060000000e+11 3.868562870860000000e+11 1.099458084783000000e+12 1.842138900515000000e+12 3.534796202953000000e+12 1.038783741672800000e+13 1.626531526759800000e+13
1.894468119000000000e+09 1.240647196000000000e+09 2.256914668000000000e+09 2.511012612000000000e+09 3.817211842000000000e+09 9.589913660000000000e+09 1.467136232800000000e+10 2.435511184800000000e+10 6.065886462000000000e+10 7.464714621500000000e+10 1.153026738960000000e+11 1.849924384630000000e+11 2.551583049620000000e+11 5.235753080500000000e+11 1.394376984263000000e+12 2.437438815747000000e+12 4.605978245503000000e+12 1.261223247848900000e+13 2.329762456536400000e+13
4.983862996000000000e+09 3.362952418000000000e+09 4.597420004000000000e+09 3.763393433000000000e+09 5.039732708000000000e+09 1.235002641800000000e+10 2.130337971500000000e+10 3.983740052700000000e+10 8.090312405600000000e+10 1.016716513160000000e+11 1.615469786110000000e+11 3.568208162220000000e+11 4.001020839270000000e+11 7.064144646160000000e+11 2.155952637505000000e+12 3.628438927274000000e+12 6.945166165056000000e+12 1.773138580120200000e+13 3.507192869019500000e+13
3.534036516000000000e+09 2.131143875000000000e+09 3.361115879000000000e+09 3.835277234000000000e+09 5.694895144000000000e+09 1.327420015700000000e+10 2.151391788400000000e+10 3.363955421300000000e+10 7.323206397600000000e+10 8.509772886100000000e+10 1.470147327390000000e+11 3.574819466660000000e+11 5.383722401370000000e+11 8.442642563940000000e+11 2.054046495721000000e+12 2.826019929911000000e+12 4.559073312397000000e+12 1.432118762619900000e+13 1.490323287859000000e+13
3.873538924000000000e+09 2.617781416000000000e+09 4.386812115000000000e+09 4.380628684000000000e+09 6.772176919000000000e+09 1.750199017200000000e+10 2.587479621900000000e+10 4.440550871100000000e+10 1.003164760300000000e+11 1.229584436500000000e+11 1.709126350520000000e+11 3.873009114750000000e+11 4.783472474110000000e+11 9.684261520800000000e+11 2.572383169568000000e+12 3.974910171513000000e+12 7.072087292926000000e+12 1.963948693247900000e+13 3.893998364581000000e+13
1.877504129000000000e+09 1.497614946000000000e+09 3.055789536000000000e+09 3.476276519000000000e+09 5.639231818000000000e+09 1.382926148100000000e+10 1.954782242400000000e+10 3.279238610400000000e+10 8.197520026900000000e+10 1.049524249040000000e+11 1.558418140970000000e+11 3.398469661360000000e+11 4.507086396660000000e+11 9.177889006130000000e+11 2.659984382547000000e+12 4.305331505093000000e+12 8.263137941525000000e+12 2.495428363419900000e+13 4.652901071631100000e+13
2.401298093000000000e+09 1.506326997000000000e+09 3.353913405000000000e+09 3.815379231000000000e+09 6.070487853000000000e+09 1.487864665400000000e+10 2.029227319800000000e+10 3.701858379900000000e+10 8.715989362900000000e+10 1.087542166370000000e+11 1.724201741230000000e+11 3.645821238440000000e+11 4.426193746280000000e+11 7.302474563320000000e+11 2.532770548708000000e+12 4.061997801829000000e+12 8.591930101827000000e+12 2.580421731123500000e+13 4.115538694981800000e+13
9.317755270000000000e+08 7.422547890000000000e+08 1.791594459000000000e+09 2.425445885000000000e+09 4.037743294000000000e+09 9.841771841000000000e+09 1.444053649700000000e+10 2.502507621300000000e+10 5.711602971300000000e+10 6.351133688100000000e+10 9.668619563800000000e+10 2.157312273710000000e+11 2.604476862590000000e+11 5.146484611980000000e+11 1.511510170550000000e+12 2.449992832792000000e+12 4.791833446265000000e+12 1.463001804552500000e+13 2.321894059989700000e+13
8.308756720000000000e+08 6.617119610000000000e+08 1.274136552000000000e+09 1.668208160000000000e+09 2.761269597000000000e+09 6.910422553000000000e+09 9.633552470000000000e+09 1.691682781000000000e+10 3.872830391600000000e+10 4.631021388000000000e+10 6.513108119100000000e+10 1.219537502210000000e+11 1.697253863190000000e+11 3.202021407110000000e+11 9.936680321860000000e+11 1.625217271632000000e+12 3.550369648137000000e+12 1.117974241722000000e+13 2.086268419649800000e+13
1.425489629000000000e+09 1.021797784000000000e+09 1.961627747000000000e+09 2.280946323000000000e+09 3.623379062000000000e+09 8.607140914000000000e+09 1.260860132100000000e+10 2.282498139800000000e+10 5.260363448300000000e+10 6.934804494100000000e+10 1.097717013880000000e+11 2.305831525880000000e+11 2.765983947950000000e+11 5.303707072660000000e+11 1.514386576658000000e+12 2.458909396991000000e+12 4.465951082229000000e+12 1.275486972431900000e+13 1.734582734312200000e+13
2.334544176000000000e+09 1.585995764000000000e+09 2.945264325000000000e+09 3.301656847000000000e+09 5.111382004000000000e+09 1.264920939800000000e+10 1.864760413400000000e+10 3.339305319500000000e+10 7.647269582700000000e+10 9.704267114400000000e+10 1.508759136140000000e+11 3.453979007770000000e+11 4.382627018220000000e+11 7.895536143860000000e+11 2.173845181116000000e+12 3.811000815729000000e+12 7.002965033000000000e+12 2.105748863704000000e+13 3.442763482678400000e+13
1.549078511000000000e+09 1.363881069000000000e+09 3.097265613000000000e+09 3.790806537000000000e+09 5.982405500000000000e+09 1.348373208100000000e+10 1.926781054500000000e+10 3.332437019100000000e+10 7.666489181600000000e+10 9.494146652500000000e+10 1.520398574650000000e+11 3.531562933850000000e+11 4.973125942150000000e+11 8.826417867580000000e+11 2.556221687508000000e+12 3.943662908653000000e+12 7.783639865692000000e+12 2.008195751942900000e+13 3.725978702752600000e+13
3.083304496000000000e+09 2.234829599000000000e+09 4.314502527000000000e+09 4.778903217000000000e+09 7.486758147000000000e+09 1.760596471700000000e+10 2.536794257700000000e+10 4.376401040300000000e+10 1.000604526020000000e+11 1.199371124630000000e+11 1.895526146530000000e+11 4.020728817010000000e+11 6.424849454100000000e+11 1.093214417114000000e+12 3.074186262211000000e+12 4.838961734257000000e+12 8.689715764991000000e+12 2.754694487176600000e+13 3.831940370399600000e+13
1.824771312000000000e+09 1.399928518000000000e+09 3.064229559000000000e+09 3.932125867000000000e+09 6.391781222000000000e+09 1.554909707900000000e+10 2.281532613300000000e+10 4.048197746300000000e+10 9.217426709200000000e+10 1.088819103470000000e+11 1.805915077520000000e+11 3.895724890770000000e+11 3.602793725130000000e+11 7.448596836900000000e+11 2.202371486232000000e+12 3.404838639295000000e+12 6.969627074872000000e+12 2.096259962150200000e+13 3.539084453920100000e+13
4.698659260000000000e+08 5.025487790000000000e+08 1.360679679000000000e+09 2.032107437000000000e+09 3.506167980000000000e+09 8.474095968000000000e+09 1.193268334300000000e+10 2.143102659600000000e+10 5.185039388500000000e+10 5.893761477500000000e+10 9.185987833700000000e+10 1.481345512350000000e+11 1.881018249500000000e+11 3.829696786330000000e+11 1.129243010485000000e+12 1.797151994606000000e+12 3.401944956199000000e+12 1.012215538732400000e+13 1.608140796437700000e+13
1.853132692000000000e+09 1.126753028000000000e+09 2.168406923000000000e+09 2.865861265000000000e+09 4.223102698000000000e+09 9.239623587000000000e+09 1.499851689100000000e+10 2.469419579200000000e+10 5.631952706900000000e+10 6.513466943900000000e+10 9.746460839500000000e+10 1.979829696180000000e+11 2.119514790560000000e+11 3.616422685450000000e+11 1.280057644542000000e+12 2.000207112050000000e+12 4.476876607321000000e+12 1.373177236757800000e+13 2.749582023053400000e+13
4.111093921000000000e+09 2.459829348000000000e+09 4.193987965000000000e+09 4.314866925000000000e+09 6.544839229000000000e+09 1.589934884900000000e+10 2.279810899100000000e+10 4.070106143600000000e+10 8.914145932200000000e+10 1.122303761530000000e+11 1.920348857260000000e+11 3.916771646910000000e+11 4.728133560050000000e+11 1.002371585327000000e+12 3.024785592884000000e+12 4.967989259738000000e+12 8.718922686108000000e+12 3.019400681207000000e+13 5.932122578669700000e+13
2.602599650000000000e+09 2.023509944000000000e+09 3.974741381000000000e+09 4.421808319000000000e+09 6.238270486000000000e+09 1.462260745900000000e+10 2.132093837600000000e+10 3.575975837800000000e+10 9.049580001000000000e+10 1.200425155790000000e+11 1.939334629960000000e+11 4.334087242350000000e+11 5.053371107250000000e+11 9.725012934770000000e+11 2.999825067869000000e+12 4.778073110613000000e+12 1.004457920633800000e+13 2.881899374727700000e+13 4.701791024033000000e+13
4.003916272000000000e+09 2.279884547000000000e+09 3.902922393000000000e+09 3.958056231000000000e+09 6.029914822000000000e+09 1.514328866800000000e+10 2.271656198000000000e+10 4.071431447000000000e+10 9.723625746300000000e+10 1.220997338030000000e+11 1.845333831130000000e+11 4.211534428960000000e+11 5.976416188040000000e+11 1.035755055992000000e+12 3.351292595898000000e+12 5.617215170527000000e+12 1.046989564703700000e+13 3.148171826840100000e+13 4.098978323132400000e+13
2.471855600600000000e+10 6.457367050000000000e+08 1.540835054000000000e+09 2.221850273000000000e+09 3.796830352000000000e+09 1.010244749100000000e+10 1.360594004300000000e+10 2.598923040200000000e+10 6.062135627700000000e+10 6.901455616700000000e+10 1.150070988110000000e+11 2.356323608040000000e+11 3.105592430490000000e+11 5.312051589960000000e+11 1.458528717688000000e+12 2.264719999337000000e+12 3.919579029798000000e+12 1.224950623359700000e+13 1.893548718034100000e+13
2.441358998000000000e+09 1.695319676000000000e+09 2.801204309000000000e+09 3.076475369000000000e+09 4.794188755000000000e+09 1.179041100000000000e+10 1.843152461200000000e+10 3.133238075000000000e+10 7.201425416100000000e+10 9.105821260000000000e+10 1.313875898810000000e+11 2.914177917920000000e+11 3.670674717000000000e+11 6.388529569770000000e+11 1.921267364466000000e+12 3.505647278953000000e+12 6.924343155292000000e+12 2.362102749503900000e+13 3.763324625971800000e+13
2.766704026000000000e+09 1.771852586000000000e+09 3.653972113000000000e+09 4.277241171000000000e+09 6.469534746000000000e+09 1.606697181300000000e+10 2.253769425400000000e+10 3.858051703300000000e+10 9.310647087300000000e+10 1.201488495210000000e+11 1.829253646360000000e+11 4.243702649160000000e+11 5.588198328730000000e+11 1.036380778775000000e+12 2.859219664585000000e+12 4.556104247098000000e+12 9.440699109481000000e+12 2.805142836461300000e+13 4.698447005855000000e+13
3.980523274000000000e+09 2.634828224000000000e+09 4.648052728000000000e+09 4.969361584000000000e+09 7.496881773000000000e+09 1.754208100800000000e+10 2.661844469900000000e+10 4.936093708900000000e+10 1.106616260590000000e+11 1.461512473880000000e+11 2.261255546840000000e+11 4.486371155780000000e+11 5.394367991530000000e+11 9.272544966030000000e+11 2.484169283008000000e+12 4.813929520312000000e+12 9.299278929635000000e+12 2.721218053979800000e+13 4.432620818478300000e+13
2.787203738000000000e+09 1.878544151000000000e+09 2.983847462000000000e+09 3.110050940000000000e+09 5.032360353000000000e+09 1.269237084000000000e+10 1.818645435300000000e+10 3.209432662100000000e+10 6.977538833900000000e+10 7.986345014700000000e+10 1.210816350720000000e+11 2.463330152020000000e+11 2.910908457840000000e+11 5.847339601360000000e+11 1.563779959960000000e+12 2.635737819419000000e+12 4.733034835426000000e+12 1.293101081191600000e+13 2.074665127901700000e+13
1.119387406000000000e+09 8.323203050000000000e+08 1.585377562000000000e+09 1.627219564000000000e+09 2.540288776000000000e+09 6.610880365000000000e+09 9.843782478000000000e+09 1.627386600800000000e+10 3.782924624200000000e+10 4.213106252400000000e+10 6.283624655000000000e+10 1.264669362080000000e+11 1.599506783630000000e+11 3.262482328320000000e+11 9.484998915250000000e+11 1.401648003989000000e+12 3.361973304622000000e+12 1.121633710341400000e+13 2.577744622634200000e+13
3.896740025000000000e+09 2.259787336000000000e+09 3.498480623000000000e+09 4.049069391000000000e+09 6.482368062000000000e+09 1.594121740400000000e+10 2.444976837800000000e+10 4.212147548500000000e+10 9.903235999600000000e+10 1.316461120910000000e+11 2.048006295960000000e+11 4.265039111120000000e+11 5.243803012730000000e+11 9.824403952560000000e+11 2.262461625855000000e+12 3.996458934880000000e+12 7.804386822320000000e+12 2.362801368157700000e+13 3.761696849463600000e+13
4.108703299000000000e+09 2.842918608000000000e+09 4.990966054000000000e+09 5.675364736000000000e+09 8.348499682000000000e+09 1.838384474600000000e+10 2.707491451100000000e+10 5.248766284600000000e+10 1.177763164240000000e+11 1.372707143970000000e+11 1.969065478710000000e+11 4.112410218700000000e+11 4.566643064720000000e+11 9.615937462150000000e+11 2.499747383643000000e+12 4.150789122224000000e+12 7.794409318056000000e+12 2.257053330645500000e+13 4.161003834019200000e+13
4.634288210000000000e+08 4.440959520000000000e+08 1.173913850000000000e+09 1.646129976000000000e+09 2.939345872000000000e+09 7.492934838000000000e+09 1.103021720000000000e+10 2.059640568900000000e+10 4.919319560900000000e+10 6.054082123700000000e+10 8.855760928200000000e+10 1.927570596810000000e+11 2.823909639170000000e+11 4.440345912630000000e+11 1.271020130614000000e+12 2.016022704596000000e+12 3.694205216229000000e+12 1.021734450533200000e+13 1.484898630420900000e+13
1.127972330000000000e+08 1.653451070000000000e+08 5.699614940000000000e+08 9.616425320000000000e+08 1.818342681000000000e+09 4.911937110000000000e+09 7.247777946000000000e+09 1.363026072600000000e+10 3.453365695600000000e+10 4.477901521500000000e+10 6.437132295000000000e+10 1.207655270240000000e+11 1.419036684640000000e+11 2.700563178670000000e+11 7.724987812220000000e+11 1.211703793369000000e+12 2.470092934156000000e+12 8.134703032639000000e+12 1.473927767782500000e+13
1.518596572000000000e+09 1.287786146000000000e+09 2.650066959000000000e+09 2.687135075000000000e+09 4.262880216000000000e+09 1.051374065400000000e+10 1.441027774700000000e+10 2.564645645500000000e+10 5.387051361600000000e+10 6.396750424700000000e+10 8.470502574100000000e+10 1.199931583990000000e+11 1.431193539010000000e+11 2.158572497680000000e+11 6.874958260770000000e+11 1.177533286442000000e+12 1.615613642443000000e+12 4.964551849970000000e+12 7.165980312042000000e+12
1.227261675100000000e+10 2.738419438000000000e+09 4.131583121000000000e+09 4.838084922000000000e+09 7.795885617000000000e+09 2.278685154000000000e+10 3.137964189600000000e+10 5.506420838600000000e+10 1.194877958180000000e+11 1.240366659750000000e+11 2.057184827350000000e+11 3.696540380550000000e+11 5.642122425580000000e+11 1.126447106978000000e+12 2.548572942706000000e+12 3.896216926885000000e+12 7.338802442384000000e+12 2.484702784124100000e+13 4.044681773212600000e+13
9.677097780000000000e+08 8.142864270000000000e+08 1.726244954000000000e+09 2.229937816000000000e+09 3.477069494000000000e+09 8.776273476000000000e+09 1.325026316300000000e+10 2.438172699400000000e+10 5.907122260000000000e+10 8.129595492200000000e+10 1.205899475820000000e+11 2.396140049000000000e+11 3.698826736640000000e+11 5.885377649940000000e+11 1.380200877155000000e+12 1.998295199809000000e+12 4.310623902191000000e+12 1.089558735745000000e+13 1.682095644932300000e+13
1.814223097000000000e+09 1.285817111000000000e+09 1.872351942000000000e+09 1.849604585000000000e+09 3.181447512000000000e+09 8.287169467000000000e+09 1.297188796100000000e+10 2.170274577600000000e+10 4.825949886500000000e+10 5.627661898200000000e+10 8.432464928200000000e+10 1.474799870450000000e+11 1.731178702270000000e+11 3.256058831430000000e+11 8.202629790780000000e+11 1.345432456204000000e+12 2.886428127415000000e+12 7.758270158699000000e+12 1.221187806443700000e+13
4.006352895000000000e+09 2.662344397000000000e+09 4.261559926000000000e+09 3.937918680000000000e+09 5.937459815000000000e+09 1.384280916900000000e+10 2.061971717600000000e+10 3.803318356200000000e+10 8.450580444700000000e+10 8.938596531800000000e+10 1.123523699530000000e+11 2.314765222910000000e+11 2.791332540980000000e+11 5.664438885360000000e+11 1.674437310028000000e+12 2.790338289753000000e+12 5.059338299917000000e+12 1.447093707476600000e+13 2.723801510868800000e+13
4.201566729000000000e+09 2.859993767000000000e+09 4.846483686000000000e+09 4.848627307000000000e+09 6.884626323000000000e+09 1.586789175400000000e+10 2.219108560800000000e+10 4.077370733800000000e+10 8.822397040100000000e+10 1.166843150200000000e+11 1.572439756110000000e+11 2.808812090750000000e+11 3.410791169140000000e+11 6.134910327980000000e+11 1.987282456836000000e+12 2.999644786464000000e+12 4.930036395815000000e+12 1.523846856121500000e+13 2.728424807206200000e+13
7.952288440000000000e+08 6.334169570000000000e+08 1.282544396000000000e+09 1.597386585000000000e+09 2.803919085000000000e+09 7.152238737000000000e+09 1.037715677500000000e+10 1.937183136500000000e+10 4.162818102100000000e+10 4.671350028100000000e+10 6.608241937200000000e+10 1.401288105030000000e+11 1.832047411480000000e+11 3.337805168380000000e+11 9.674987698690000000e+11 1.643917405557000000e+12 3.227267159031000000e+12 8.096378569448000000e+12 1.262161861390800000e+13
4.937008000000000000e+08 3.841124390000000000e+08 8.592863930000000000e+08 1.108200840000000000e+09 1.908784218000000000e+09 4.778772495000000000e+09 7.008643683000000000e+09 1.229943880500000000e+10 2.880340285100000000e+10 3.494261013200000000e+10 4.713220140600000000e+10 7.913153670800000000e+10 1.037349703740000000e+11 2.070770890280000000e+11 6.418544618720000000e+11 9.235446105230000000e+11 1.880514458506000000e+12 5.286674730674000000e+12 8.410181723139000000e+12
8.203220512000000000e+09 3.257462770000000000e+09 4.692730827000000000e+09 4.778203742000000000e+09 6.988344407000000000e+09 1.865183123300000000e+10 2.761653768800000000e+10 4.853770353000000000e+10 1.055702514140000000e+11 1.322219349920000000e+11 2.104788175400000000e+11 4.338456276770000000e+11 5.634757996330000000e+11 1.083556945532000000e+12 3.024006007704000000e+12 5.068836111390000000e+12 1.049881828357600000e+13 3.483144754729600000e+13 5.745271166112800000e+13
3.094228485000000000e+09 2.017583858000000000e+09 3.695647615000000000e+09 4.245427812000000000e+09 6.554796486000000000e+09 1.581997643000000000e+10 2.393463383900000000e+10 4.087344214900000000e+10 9.114996011600000000e+10 1.149947071990000000e+11 1.844987628950000000e+11 3.880346458940000000e+11 5.393455879150000000e+11 9.182864766520000000e+11 2.844039775474000000e+12 4.843205033895000000e+12 8.878368469520000000e+12 2.229777128061700000e+13 3.977623538024800000e+13
1.629522275000000000e+09 1.291352590000000000e+09 2.667995793000000000e+09 3.088067321000000000e+09 4.774986820000000000e+09 1.190632157000000000e+10 1.689371824000000000e+10 2.876022873300000000e+10 6.748054180100000000e+10 8.356614823800000000e+10 1.227368517870000000e+11 2.638814694170000000e+11 2.655286729330000000e+11 5.616556011110000000e+11 1.545550013433000000e+12 2.506527959572000000e+12 4.987401863109000000e+12 1.427264945458000000e+13 2.271194672020400000e+13
1.120108907000000000e+09 6.632385960000000000e+08 1.164818254000000000e+09 1.360050536000000000e+09 2.382029667000000000e+09 6.259550997000000000e+09 9.258180703000000000e+09 1.625136077000000000e+10 3.378279378000000000e+10 3.630798379400000000e+10 5.631394210400000000e+10 9.724892052600000000e+10 9.989288068200000000e+10 2.062583165450000000e+11 5.503579433580000000e+11 8.942532421720000000e+11 1.878045779546000000e+12 5.230535183035000000e+12 8.467146619365000000e+12
1.332800910000000000e+09 1.028120209000000000e+09 1.779460577000000000e+09 2.178779350000000000e+09 3.425552453000000000e+09 8.302795272000000000e+09 1.217921557900000000e+10 2.035976989900000000e+10 4.713068098700000000e+10 5.982141252600000000e+10 8.606979569500000000e+10 1.759911441340000000e+11 1.903734214160000000e+11 3.682774463130000000e+11 1.174475305293000000e+12 1.675173940612000000e+12 3.058973129087000000e+12 9.554583283896000000e+12 1.544587463710400000e+13
4.422938450000000000e+08 2.808345890000000000e+08 6.923660910000000000e+08 9.003817010000000000e+08 1.447731857000000000e+09 3.797252734000000000e+09 5.389257630000000000e+09 8.842511074000000000e+09 2.076318095800000000e+10 2.298733630200000000e+10 3.239541497500000000e+10 6.075543428400000000e+10 7.567275500800000000e+10 1.341595730430000000e+11 4.102827734000000000e+11 6.697921394410000000e+11 1.135271725802000000e+12 3.281760505614000000e+12 4.605722960148000000e+12
8.360302540000000000e+08 6.225556110000000000e+08 1.255578862000000000e+09 1.525367904000000000e+09 2.471377402000000000e+09 5.790531654000000000e+09 8.067173413000000000e+09 1.417483335100000000e+10 3.126190056300000000e+10 3.707829163500000000e+10 5.169926764100000000e+10 9.335424003400000000e+10 1.252961763890000000e+11 2.645679455300000000e+11 7.642652914460000000e+11 1.260137640024000000e+12 2.638963059839000000e+12 8.856858435157000000e+12 1.628392411536900000e+13
2.113193862000000000e+09 1.176584785000000000e+09 2.227280040000000000e+09 2.391928076000000000e+09 3.684348510000000000e+09 8.637507927000000000e+09 1.270821953800000000e+10 2.225855834200000000e+10 5.302186921600000000e+10 6.703011047200000000e+10 1.039848144760000000e+11 2.223986070760000000e+11 2.843519618750000000e+11 4.481532205530000000e+11 1.332860172844000000e+12 1.973587229003000000e+12 3.464711779757000000e+12 9.286317539702000000e+12 1.144559556381800000e+13
3.809990282000000000e+09 1.871678724000000000e+09 3.684583609000000000e+09 3.669104847000000000e+09 5.354262733000000000e+09 1.342486908000000000e+10 1.913708155200000000e+10 3.415788028300000000e+10 8.034072864400000000e+10 9.930292056100000000e+10 1.578551852270000000e+11 2.949602593900000000e+11 4.412876966950000000e+11 7.702941067720000000e+11 2.213025920056000000e+12 3.162013260838000000e+12 6.287109911895000000e+12 1.596485282018700000e+13 2.297784620067200000e+13
9.099251830000000000e+08 7.101602260000000000e+08 1.381865162000000000e+09 1.753342620000000000e+09 2.874037293000000000e+09 7.131432973000000000e+09 1.029358635300000000e+10 1.757768707700000000e+10 4.008208967100000000e+10 4.614950695400000000e+10 7.321987202900000000e+10 1.482131235430000000e+11 1.772310529180000000e+11 3.191708977490000000e+11 9.634951930510000000e+11 1.521801552724000000e+12 2.999169335263000000e+12 8.857925674209000000e+12 1.414775052289200000e+13
8.958141210000000000e+08 7.934806640000000000e+08 1.917861779000000000e+09 2.381469484000000000e+09 3.702829562000000000e+09 8.704135672000000000e+09 1.216115326300000000e+10 2.039930119800000000e+10 4.649662808700000000e+10 5.844183193400000000e+10 9.003551413200000000e+10 1.945883475610000000e+11 2.650584250080000000e+11 4.313274476590000000e+11 1.431010260279000000e+12 2.087983673498000000e+12 4.109296563957000000e+12 1.266510507101000000e+13 2.545065231569000000e+13
1.012783228000000000e+09 7.718183460000000000e+08 1.655352552000000000e+09 2.030266902000000000e+09 3.189388746000000000e+09 8.223684673000000000e+09 1.201180996900000000e+10 2.149431209200000000e+10 4.895871168700000000e+10 5.660422775200000000e+10 8.014874677800000000e+10 1.829569243930000000e+11 1.864061823130000000e+11 2.902424530630000000e+11 1.041548768051000000e+12 1.627083441066000000e+12 3.249911663447000000e+12 9.559867615503000000e+12 1.335835401118000000e+13
2.012891328000000000e+09 1.346803732000000000e+09 2.240406748000000000e+09 2.415566933000000000e+09 3.636460044000000000e+09 8.392346597000000000e+09 1.429468273200000000e+10 2.358832371300000000e+10 5.129015756100000000e+10 6.626105733600000000e+10 9.140712659500000000e+10 2.013993816400000000e+11 2.491670480240000000e+11 3.093205006900000000e+11 8.202953176740000000e+11 1.659305967594000000e+12 2.708255353177000000e+12 7.875607220459000000e+12 1.483986240374700000e+13
2.403913978000000000e+09 1.696934331000000000e+09 2.317049250000000000e+09 2.368065773000000000e+09 3.770098524000000000e+09 9.076605479000000000e+09 1.512801258100000000e+10 2.185757820800000000e+10 5.145021822600000000e+10 6.527363109000000000e+10 8.967039459800000000e+10 1.996447634560000000e+11 3.197328641700000000e+11 5.310154222370000000e+11 1.270458476806000000e+12 1.888557445315000000e+12 3.193241270430000000e+12 8.828340982556000000e+12 1.508251932246400000e+13
