# {'chrom': '3', 'window_id': '9', 'statistic': 'H2', 'bounds': [177000000, 198000000], 'span': 21000000, 'n_sites': 12781914, 'coverage': 60.87, 'right_discontinuous': True, 'rows': "{0: 'Altai', 1: 'Chagyrskaya', 2: 'Denisova', 3: 'French-1', 4: 'Han-1', 5: 'Khomani_San-2', 6: 'Papuan-2', 7: 'Vindija', 8: 'Yoruba-1', 9: 'Yoruba-3'}"}
1.136000000000000000e+03 4.340000000000000000e+02 5.200000000000000000e+02 5.030000000000000000e+02 6.800000000000000000e+02 1.633000000000000000e+03 2.622000000000000000e+03 5.134000000000000000e+03 9.878000000000000000e+03 1.270600000000000000e+04 1.553100000000000000e+04 2.580300000000000000e+04 2.301000000000000000e+04 4.763100000000000000e+04 1.053130000000000000e+05 1.073700000000000000e+05 2.245700000000000000e+05 7.984970000000000000e+05 1.190718000000000000e+06
1.970000000000000000e+02 1.860000000000000000e+02 3.080000000000000000e+02 2.460000000000000000e+02 2.630000000000000000e+02 9.140000000000000000e+02 1.433000000000000000e+03 2.554000000000000000e+03 6.157000000000000000e+03 5.764000000000000000e+03 6.817000000000000000e+03 1.325800000000000000e+04 1.328100000000000000e+04 2.230900000000000000e+04 5.963100000000000000e+04 8.583200000000000000e+04 1.518550000000000000e+05 4.466860000000000000e+05 6.004710000000000000e+05
5.200000000000000000e+01 6.700000000000000000e+01 1.630000000000000000e+02 1.410000000000000000e+02 2.290000000000000000e+02 7.550000000000000000e+02 8.780000000000000000e+02 1.847000000000000000e+03 3.335000000000000000e+03 3.060000000000000000e+03 3.678000000000000000e+03 6.945000000000000000e+03 8.177000000000000000e+03 1.483400000000000000e+04 3.405800000000000000e+04 6.001600000000000000e+04 1.123800000000000000e+05 3.426880000000000000e+05 5.393590000000000000e+05
3.369000000000000000e+03 1.028000000000000000e+03 1.198000000000000000e+03 1.454000000000000000e+03 2.298000000000000000e+03 6.397000000000000000e+03 1.178400000000000000e+04 1.842200000000000000e+04 4.125800000000000000e+04 4.300100000000000000e+04 5.197800000000000000e+04 1.011680000000000000e+05 1.303950000000000000e+05 2.523980000000000000e+05 6.510350000000000000e+05 1.071178000000000000e+06 2.060921000000000000e+06 5.840538000000000000e+06 9.117568000000000000e+06
3.923000000000000000e+03 1.096000000000000000e+03 1.603000000000000000e+03 1.769000000000000000e+03 2.747000000000000000e+03 7.472000000000000000e+03 1.347800000000000000e+04 2.080600000000000000e+04 4.244800000000000000e+04 4.857700000000000000e+04 6.296900000000000000e+04 1.175160000000000000e+05 1.612010000000000000e+05 2.858390000000000000e+05 6.452880000000000000e+05 1.070823000000000000e+06 1.940769000000000000e+06 5.621245000000000000e+06 8.072865000000000000e+06
4.843000000000000000e+03 1.833000000000000000e+03 2.521000000000000000e+03 2.277000000000000000e+03 4.385000000000000000e+03 1.250600000000000000e+04 2.118400000000000000e+04 3.319600000000000000e+04 6.938500000000000000e+04 7.732000000000000000e+04 1.055280000000000000e+05 2.220280000000000000e+05 2.912740000000000000e+05 5.706000000000000000e+05 1.464543000000000000e+06 2.304283000000000000e+06 4.579500000000000000e+06 1.288916700000000000e+07 1.897121300000000000e+07
1.692000000000000000e+03 8.790000000000000000e+02 1.495000000000000000e+03 1.620000000000000000e+03 2.412000000000000000e+03 7.847000000000000000e+03 1.149400000000000000e+04 1.913000000000000000e+04 4.437000000000000000e+04 4.405100000000000000e+04 5.156600000000000000e+04 1.057760000000000000e+05 1.358670000000000000e+05 1.581560000000000000e+05 5.112130000000000000e+05 9.120270000000000000e+05 1.756605000000000000e+06 5.139134000000000000e+06 7.878192000000000000e+06
7.940000000000000000e+02 1.400000000000000000e+02 2.040000000000000000e+02 1.900000000000000000e+02 2.900000000000000000e+02 8.710000000000000000e+02 1.680000000000000000e+03 2.514000000000000000e+03 6.025000000000000000e+03 7.777000000000000000e+03 9.370000000000000000e+03 1.681300000000000000e+04 1.286200000000000000e+04 2.964600000000000000e+04 6.963200000000000000e+04 7.390600000000000000e+04 1.618730000000000000e+05 3.634630000000000000e+05 6.770280000000000000e+05
4.281000000000000000e+03 1.648000000000000000e+03 2.396000000000000000e+03 2.160000000000000000e+03 3.793000000000000000e+03 1.091500000000000000e+04 1.642800000000000000e+04 3.119400000000000000e+04 6.062100000000000000e+04 6.677100000000000000e+04 8.646400000000000000e+04 1.817160000000000000e+05 2.535500000000000000e+05 4.638340000000000000e+05 1.236770000000000000e+06 1.987655000000000000e+06 4.037045000000000000e+06 1.143636600000000000e+07 1.649335200000000000e+07
2.767000000000000000e+03 1.495000000000000000e+03 2.576000000000000000e+03 2.463000000000000000e+03 4.196000000000000000e+03 1.110800000000000000e+04 1.770800000000000000e+04 3.235500000000000000e+04 6.656700000000000000e+04 7.438600000000000000e+04 8.871800000000000000e+04 1.980700000000000000e+05 2.691460000000000000e+05 4.933620000000000000e+05 1.383395000000000000e+06 2.214842000000000000e+06 4.494315000000000000e+06 1.232758800000000000e+07 1.779968200000000000e+07
