# {'chrom': '3', 'window_id': '2', 'statistic': 'H2', 'bounds': [36000000, 54000000], 'span': 18000000, 'n_sites': 10988908, 'coverage': 61.05, 'right_discontinuous': False, 'rows': "{0: 'Altai', 1: 'Chagyrskaya', 2: 'Denisova', 3: 'French-1', 4: 'Han-1', 5: 'Khomani_San-2', 6: 'Papuan-2', 7: 'Vindija', 8: 'Yoruba-1', 9: 'Yoruba-3'}"}
1.600000000000000000e+01 0.000000000000000000e+00 1.500000000000000000e+01 2.300000000000000000e+01 4.000000000000000000e+01 1.330000000000000000e+02 1.850000000000000000e+02 3.090000000000000000e+02 6.110000000000000000e+02 1.023000000000000000e+03 7.560000000000000000e+02 8.510000000000000000e+02 3.990000000000000000e+02 2.440000000000000000e+03 1.805000000000000000e+03 1.754000000000000000e+03 2.866000000000000000e+03 1.315800000000000000e+04 1.146790000000000000e+05
9.500000000000000000e+01 5.100000000000000000e+01 1.520000000000000000e+02 1.280000000000000000e+02 2.040000000000000000e+02 5.680000000000000000e+02 7.620000000000000000e+02 1.350000000000000000e+03 1.696000000000000000e+03 1.895000000000000000e+03 2.938000000000000000e+03 4.864000000000000000e+03 8.271000000000000000e+03 1.381200000000000000e+04 3.717800000000000000e+04 5.685400000000000000e+04 1.189330000000000000e+05 2.922050000000000000e+05 5.813920000000000000e+05
3.510000000000000000e+02 1.680000000000000000e+02 2.920000000000000000e+02 3.520000000000000000e+02 5.290000000000000000e+02 1.109000000000000000e+03 1.829000000000000000e+03 2.983000000000000000e+03 5.699000000000000000e+03 6.976000000000000000e+03 1.150200000000000000e+04 2.254700000000000000e+04 2.643100000000000000e+04 3.329100000000000000e+04 8.890100000000000000e+04 1.272470000000000000e+05 1.568990000000000000e+05 5.557790000000000000e+05 8.271420000000000000e+05
2.900000000000000000e+03 1.808000000000000000e+03 2.971000000000000000e+03 2.160000000000000000e+03 2.880000000000000000e+03 7.889000000000000000e+03 1.263000000000000000e+04 2.387800000000000000e+04 5.204400000000000000e+04 5.523600000000000000e+04 8.921100000000000000e+04 1.627690000000000000e+05 1.864650000000000000e+05 3.277910000000000000e+05 9.532850000000000000e+05 1.424170000000000000e+06 2.742324000000000000e+06 9.029155000000000000e+06 1.422806100000000000e+07
3.752000000000000000e+03 1.919000000000000000e+03 2.238000000000000000e+03 1.884000000000000000e+03 2.973000000000000000e+03 8.642000000000000000e+03 1.471400000000000000e+04 2.414700000000000000e+04 5.768400000000000000e+04 5.826300000000000000e+04 8.714500000000000000e+04 1.929560000000000000e+05 1.685100000000000000e+05 3.281400000000000000e+05 7.622600000000000000e+05 1.405621000000000000e+06 2.680403000000000000e+06 8.335552000000000000e+06 1.195877500000000000e+07
6.635000000000000000e+03 3.121000000000000000e+03 3.825000000000000000e+03 3.778000000000000000e+03 5.943000000000000000e+03 1.439400000000000000e+04 2.267800000000000000e+04 3.672500000000000000e+04 8.330700000000000000e+04 1.000680000000000000e+05 1.696970000000000000e+05 3.866120000000000000e+05 5.384350000000000000e+05 8.635920000000000000e+05 2.386483000000000000e+06 3.987909000000000000e+06 7.357633000000000000e+06 2.107400000000000000e+07 3.393684500000000000e+07
1.384000000000000000e+03 1.091000000000000000e+03 1.557000000000000000e+03 1.542000000000000000e+03 2.221000000000000000e+03 5.619000000000000000e+03 9.498000000000000000e+03 1.644600000000000000e+04 3.604400000000000000e+04 4.194700000000000000e+04 5.959500000000000000e+04 1.171830000000000000e+05 1.515270000000000000e+05 2.479900000000000000e+05 5.607590000000000000e+05 1.055184000000000000e+06 2.030879000000000000e+06 6.129309000000000000e+06 1.045048500000000000e+07
1.850000000000000000e+02 3.500000000000000000e+01 1.120000000000000000e+02 1.830000000000000000e+02 3.020000000000000000e+02 9.480000000000000000e+02 1.283000000000000000e+03 2.019000000000000000e+03 5.150000000000000000e+03 6.729000000000000000e+03 9.465000000000000000e+03 1.465600000000000000e+04 1.631500000000000000e+04 2.636100000000000000e+04 8.003900000000000000e+04 1.274230000000000000e+05 2.272230000000000000e+05 6.588470000000000000e+05 1.008318000000000000e+06
5.020000000000000000e+03 2.102000000000000000e+03 3.198000000000000000e+03 3.683000000000000000e+03 5.511000000000000000e+03 1.318500000000000000e+04 2.303500000000000000e+04 3.408100000000000000e+04 7.799700000000000000e+04 8.650700000000000000e+04 1.269160000000000000e+05 3.149240000000000000e+05 4.777690000000000000e+05 7.476360000000000000e+05 2.138292000000000000e+06 3.330925000000000000e+06 6.060616000000000000e+06 1.951567700000000000e+07 3.232740900000000000e+07
4.718000000000000000e+03 2.060000000000000000e+03 3.568000000000000000e+03 3.472000000000000000e+03 5.226000000000000000e+03 1.394800000000000000e+04 2.180300000000000000e+04 3.633500000000000000e+04 7.981200000000000000e+04 9.609300000000000000e+04 1.463920000000000000e+05 3.657580000000000000e+05 5.478600000000000000e+05 8.136960000000000000e+05 2.067711000000000000e+06 3.365767000000000000e+06 6.317317000000000000e+06 1.831961600000000000e+07 2.811295900000000000e+07
