# {'chrom': '3', 'window_id': '4', 'statistic': 'H2', 'bounds': [72000000, 91000000], 'span': 19000000, 'n_sites': 11607566, 'coverage': 61.09, 'right_discontinuous': True, 'rows': "{0: 'Altai', 1: 'Chagyrskaya', 2: 'Denisova', 3: 'French-1', 4: 'Han-1', 5: 'Khomani_San-2', 6: 'Papuan-2', 7: 'Vindija', 8: 'Yoruba-1', 9: 'Yoruba-3'}"}
1.183000000000000000e+03 6.180000000000000000e+02 7.370000000000000000e+02 4.850000000000000000e+02 6.130000000000000000e+02 2.369000000000000000e+03 3.390000000000000000e+03 6.687000000000000000e+03 1.336600000000000000e+04 7.029000000000000000e+03 7.217000000000000000e+03 3.840300000000000000e+04 2.267000000000000000e+04 2.605100000000000000e+04 7.351700000000000000e+04 8.861400000000000000e+04 1.700700000000000000e+05 4.149390000000000000e+05 3.153240000000000000e+05
2.560000000000000000e+02 2.190000000000000000e+02 3.230000000000000000e+02 4.330000000000000000e+02 6.310000000000000000e+02 9.810000000000000000e+02 1.280000000000000000e+03 2.223000000000000000e+03 4.742000000000000000e+03 6.061000000000000000e+03 8.773000000000000000e+03 1.109800000000000000e+04 1.000700000000000000e+04 2.735000000000000000e+04 6.582200000000000000e+04 1.227240000000000000e+05 1.462560000000000000e+05 2.651010000000000000e+05 2.396120000000000000e+05
2.910000000000000000e+02 2.640000000000000000e+02 4.620000000000000000e+02 6.220000000000000000e+02 1.020000000000000000e+03 2.637000000000000000e+03 3.750000000000000000e+03 5.877000000000000000e+03 1.158600000000000000e+04 1.010700000000000000e+04 1.419600000000000000e+04 3.492900000000000000e+04 3.799100000000000000e+04 6.664500000000000000e+04 1.735290000000000000e+05 2.750930000000000000e+05 5.597200000000000000e+05 9.388810000000000000e+05 5.447750000000000000e+05
1.423100000000000000e+04 4.070000000000000000e+03 4.457000000000000000e+03 3.322000000000000000e+03 4.700000000000000000e+03 1.691600000000000000e+04 2.978900000000000000e+04 4.538400000000000000e+04 1.084630000000000000e+05 1.124290000000000000e+05 1.671270000000000000e+05 3.520250000000000000e+05 4.209310000000000000e+05 8.098550000000000000e+05 2.141847000000000000e+06 3.342111000000000000e+06 6.492634000000000000e+06 9.440099000000000000e+06 7.713125000000000000e+06
7.065000000000000000e+03 2.562000000000000000e+03 3.158000000000000000e+03 3.124000000000000000e+03 4.574000000000000000e+03 1.388100000000000000e+04 2.395600000000000000e+04 3.726900000000000000e+04 8.015000000000000000e+04 9.509700000000000000e+04 1.340890000000000000e+05 3.301270000000000000e+05 4.136730000000000000e+05 8.948570000000000000e+05 2.101721000000000000e+06 3.489686000000000000e+06 6.033388000000000000e+06 1.029916400000000000e+07 7.121106000000000000e+06
6.487000000000000000e+03 2.449000000000000000e+03 3.996000000000000000e+03 3.875000000000000000e+03 5.760000000000000000e+03 1.570200000000000000e+04 2.353500000000000000e+04 4.125100000000000000e+04 1.030020000000000000e+05 1.179650000000000000e+05 1.713640000000000000e+05 4.299960000000000000e+05 6.028710000000000000e+05 1.192401000000000000e+06 3.190295000000000000e+06 5.167927000000000000e+06 8.756474000000000000e+06 1.236451500000000000e+07 9.963429000000000000e+06
8.635000000000000000e+03 1.312000000000000000e+03 2.319000000000000000e+03 2.192000000000000000e+03 3.240000000000000000e+03 9.141000000000000000e+03 1.479500000000000000e+04 2.950700000000000000e+04 5.208300000000000000e+04 6.207100000000000000e+04 9.664500000000000000e+04 2.507080000000000000e+05 3.499700000000000000e+05 6.161490000000000000e+05 1.031753000000000000e+06 1.753593000000000000e+06 3.915862000000000000e+06 6.772721000000000000e+06 4.911683000000000000e+06
1.600000000000000000e+02 1.430000000000000000e+02 3.380000000000000000e+02 5.350000000000000000e+02 9.200000000000000000e+02 2.082000000000000000e+03 2.496000000000000000e+03 4.042000000000000000e+03 7.785000000000000000e+03 7.783000000000000000e+03 1.064400000000000000e+04 2.600000000000000000e+04 3.521700000000000000e+04 4.528600000000000000e+04 7.693600000000000000e+04 1.481790000000000000e+05 2.939120000000000000e+05 5.163910000000000000e+05 4.087950000000000000e+05
6.494000000000000000e+03 2.170000000000000000e+03 3.388000000000000000e+03 3.717000000000000000e+03 5.539000000000000000e+03 1.495700000000000000e+04 2.575300000000000000e+04 3.867200000000000000e+04 9.254300000000000000e+04 1.117090000000000000e+05 1.720800000000000000e+05 4.137970000000000000e+05 5.512740000000000000e+05 1.126919000000000000e+06 2.880706000000000000e+06 4.596354000000000000e+06 8.448764000000000000e+06 1.448960800000000000e+07 1.013374800000000000e+07
1.056900000000000000e+04 4.254000000000000000e+03 6.228000000000000000e+03 5.538000000000000000e+03 6.930000000000000000e+03 2.091800000000000000e+04 3.466400000000000000e+04 5.840800000000000000e+04 1.397920000000000000e+05 1.535550000000000000e+05 2.382240000000000000e+05 5.817460000000000000e+05 9.158660000000000000e+05 1.888877000000000000e+06 5.116140000000000000e+06 7.765246000000000000e+06 1.341230500000000000e+07 1.755388900000000000e+07 1.422423800000000000e+07
