# {'chrom': '3', 'window_id': '1', 'statistic': 'H2', 'bounds': [18000000, 36000000], 'span': 18000000, 'n_sites': 11592977, 'coverage': 64.41, 'right_discontinuous': False, 'rows': "{0: 'Altai', 1: 'Chagyrskaya', 2: 'Denisova', 3: 'French-1', 4: 'Han-1', 5: 'Khomani_San-2', 6: 'Papuan-2', 7: 'Vindija', 8: 'Yoruba-1', 9: 'Yoruba-3'}"}
1.780000000000000000e+02 1.890000000000000000e+02 1.710000000000000000e+02 2.510000000000000000e+02 4.730000000000000000e+02 1.426000000000000000e+03 2.430000000000000000e+03 4.023000000000000000e+03 7.427000000000000000e+03 7.505000000000000000e+03 1.061800000000000000e+04 2.138600000000000000e+04 1.850800000000000000e+04 3.331800000000000000e+04 1.168630000000000000e+05 1.246830000000000000e+05 2.278330000000000000e+05 6.108020000000000000e+05 8.600560000000000000e+05
1.700000000000000000e+01 3.100000000000000000e+01 1.350000000000000000e+02 3.150000000000000000e+02 6.780000000000000000e+02 1.628000000000000000e+03 2.253000000000000000e+03 4.188000000000000000e+03 8.608000000000000000e+03 1.120800000000000000e+04 1.609900000000000000e+04 3.018200000000000000e+04 3.139900000000000000e+04 3.836300000000000000e+04 1.031060000000000000e+05 1.127910000000000000e+05 2.396370000000000000e+05 1.006547000000000000e+06 1.512655000000000000e+06
1.400000000000000000e+01 4.400000000000000000e+01 1.200000000000000000e+02 1.940000000000000000e+02 4.830000000000000000e+02 1.193000000000000000e+03 1.980000000000000000e+03 2.997000000000000000e+03 5.947000000000000000e+03 6.569000000000000000e+03 7.982000000000000000e+03 1.621100000000000000e+04 1.622700000000000000e+04 2.664200000000000000e+04 7.999900000000000000e+04 1.234820000000000000e+05 2.640520000000000000e+05 7.386530000000000000e+05 1.725325000000000000e+06
2.538000000000000000e+03 6.600000000000000000e+02 1.029000000000000000e+03 1.359000000000000000e+03 2.617000000000000000e+03 8.246000000000000000e+03 1.349900000000000000e+04 2.323300000000000000e+04 5.186000000000000000e+04 6.556300000000000000e+04 9.461600000000000000e+04 1.821610000000000000e+05 1.711480000000000000e+05 2.973310000000000000e+05 9.177730000000000000e+05 1.416419000000000000e+06 2.998017000000000000e+06 9.035583000000000000e+06 1.692784000000000000e+07
1.989000000000000000e+03 8.050000000000000000e+02 1.515000000000000000e+03 1.815000000000000000e+03 3.218000000000000000e+03 9.420000000000000000e+03 1.475400000000000000e+04 2.619800000000000000e+04 5.618900000000000000e+04 7.136700000000000000e+04 1.030330000000000000e+05 2.161350000000000000e+05 2.062820000000000000e+05 3.404720000000000000e+05 1.044792000000000000e+06 1.852781000000000000e+06 3.492213000000000000e+06 1.121287500000000000e+07 2.187444600000000000e+07
1.766000000000000000e+03 6.950000000000000000e+02 1.059000000000000000e+03 1.471000000000000000e+03 2.744000000000000000e+03 8.882000000000000000e+03 1.459000000000000000e+04 2.534000000000000000e+04 5.146000000000000000e+04 5.941100000000000000e+04 9.303600000000000000e+04 1.962130000000000000e+05 2.336470000000000000e+05 4.213320000000000000e+05 1.235781000000000000e+06 2.136184000000000000e+06 3.998920000000000000e+06 1.216094300000000000e+07 2.802576300000000000e+07
1.027000000000000000e+03 4.700000000000000000e+02 1.225000000000000000e+03 1.872000000000000000e+03 3.462000000000000000e+03 9.149000000000000000e+03 1.427100000000000000e+04 2.634100000000000000e+04 6.077300000000000000e+04 7.286200000000000000e+04 1.126590000000000000e+05 2.378510000000000000e+05 1.864100000000000000e+05 2.801850000000000000e+05 7.317840000000000000e+05 1.473734000000000000e+06 2.821998000000000000e+06 9.162528000000000000e+06 1.742475000000000000e+07
1.180000000000000000e+02 1.260000000000000000e+02 1.800000000000000000e+02 2.200000000000000000e+02 4.110000000000000000e+02 1.159000000000000000e+03 1.981000000000000000e+03 3.868000000000000000e+03 7.154000000000000000e+03 9.544000000000000000e+03 1.410300000000000000e+04 2.421800000000000000e+04 2.298000000000000000e+04 3.163500000000000000e+04 7.062800000000000000e+04 1.343980000000000000e+05 2.327410000000000000e+05 5.565690000000000000e+05 1.180611000000000000e+06
3.041000000000000000e+03 1.104000000000000000e+03 1.774000000000000000e+03 2.581000000000000000e+03 4.688000000000000000e+03 1.361100000000000000e+04 2.066100000000000000e+04 3.715500000000000000e+04 8.628400000000000000e+04 1.049760000000000000e+05 1.455140000000000000e+05 3.031460000000000000e+05 3.446360000000000000e+05 6.076400000000000000e+05 2.000215000000000000e+06 3.336299000000000000e+06 6.908359000000000000e+06 2.132116200000000000e+07 4.203958900000000000e+07
9.430000000000000000e+02 1.061000000000000000e+03 2.011000000000000000e+03 2.470000000000000000e+03 4.455000000000000000e+03 1.207300000000000000e+04 1.993700000000000000e+04 3.736900000000000000e+04 7.931100000000000000e+04 9.312100000000000000e+04 1.375090000000000000e+05 3.132830000000000000e+05 3.070870000000000000e+05 5.688120000000000000e+05 1.957329000000000000e+06 3.239449000000000000e+06 6.747901000000000000e+06 2.114184700000000000e+07 4.333207200000000000e+07
