# {'chrom': '3', 'window_id': '7', 'statistic': 'H2', 'bounds': [135000000, 156000000], 'span': 21000000, 'n_sites': 13172029, 'coverage': 62.72, 'right_discontinuous': False, 'rows': "{0: 'Altai', 1: 'Chagyrskaya', 2: 'Denisova', 3: 'French-1', 4: 'Han-1', 5: 'Khomani_San-2', 6: 'Papuan-2', 7: 'Vindija', 8: 'Yoruba-1', 9: 'Yoruba-3'}"}
2.810000000000000000e+02 2.410000000000000000e+02 4.550000000000000000e+02 5.790000000000000000e+02 9.140000000000000000e+02 2.500000000000000000e+03 4.130000000000000000e+03 6.208000000000000000e+03 1.027000000000000000e+04 9.960000000000000000e+03 1.285100000000000000e+04 1.954300000000000000e+04 2.171000000000000000e+04 4.208500000000000000e+04 1.102710000000000000e+05 1.761820000000000000e+05 3.575420000000000000e+05 1.212010000000000000e+06 2.851235000000000000e+06
8.740000000000000000e+02 4.330000000000000000e+02 3.480000000000000000e+02 3.030000000000000000e+02 5.140000000000000000e+02 1.552000000000000000e+03 2.412000000000000000e+03 3.619000000000000000e+03 6.513000000000000000e+03 7.521000000000000000e+03 9.548000000000000000e+03 1.650100000000000000e+04 1.456600000000000000e+04 2.525600000000000000e+04 7.094500000000000000e+04 9.642000000000000000e+04 1.717380000000000000e+05 2.530480000000000000e+05 7.438580000000000000e+05
1.440000000000000000e+02 1.300000000000000000e+02 2.280000000000000000e+02 2.410000000000000000e+02 3.240000000000000000e+02 1.040000000000000000e+03 1.661000000000000000e+03 2.272000000000000000e+03 4.860000000000000000e+03 4.055000000000000000e+03 5.798000000000000000e+03 1.066800000000000000e+04 9.827000000000000000e+03 1.510300000000000000e+04 5.562800000000000000e+04 8.267700000000000000e+04 1.602010000000000000e+05 5.165610000000000000e+05 1.019495000000000000e+06
2.659000000000000000e+03 1.665000000000000000e+03 2.294000000000000000e+03 2.527000000000000000e+03 4.043000000000000000e+03 9.843000000000000000e+03 1.640600000000000000e+04 2.722900000000000000e+04 5.241400000000000000e+04 5.799000000000000000e+04 7.619800000000000000e+04 1.754650000000000000e+05 1.631730000000000000e+05 3.032030000000000000e+05 1.032414000000000000e+06 1.697372000000000000e+06 3.342006000000000000e+06 1.214810700000000000e+07 2.549935500000000000e+07
3.844000000000000000e+03 2.453000000000000000e+03 3.417000000000000000e+03 3.265000000000000000e+03 4.260000000000000000e+03 1.029400000000000000e+04 1.650600000000000000e+04 2.914800000000000000e+04 5.740100000000000000e+04 5.494400000000000000e+04 8.341300000000000000e+04 2.010700000000000000e+05 2.133750000000000000e+05 3.923420000000000000e+05 9.695320000000000000e+05 1.548751000000000000e+06 3.634253000000000000e+06 1.171770400000000000e+07 2.396426700000000000e+07
2.712000000000000000e+03 1.938000000000000000e+03 2.965000000000000000e+03 3.246000000000000000e+03 4.789000000000000000e+03 1.268200000000000000e+04 1.898600000000000000e+04 3.275600000000000000e+04 6.809000000000000000e+04 7.721500000000000000e+04 1.134280000000000000e+05 2.460140000000000000e+05 3.427480000000000000e+05 6.437970000000000000e+05 1.872829000000000000e+06 2.721598000000000000e+06 6.260324000000000000e+06 2.092641400000000000e+07 4.267252100000000000e+07
3.721000000000000000e+03 2.521000000000000000e+03 3.514000000000000000e+03 2.702000000000000000e+03 4.275000000000000000e+03 1.096000000000000000e+04 1.696700000000000000e+04 2.875300000000000000e+04 6.027900000000000000e+04 6.768200000000000000e+04 1.058360000000000000e+05 2.140730000000000000e+05 1.826290000000000000e+05 3.134600000000000000e+05 7.909170000000000000e+05 1.477179000000000000e+06 3.092116000000000000e+06 1.056083100000000000e+07 2.038194300000000000e+07
2.910000000000000000e+02 3.080000000000000000e+02 3.400000000000000000e+02 2.210000000000000000e+02 3.740000000000000000e+02 1.339000000000000000e+03 1.957000000000000000e+03 3.228000000000000000e+03 4.274000000000000000e+03 5.021000000000000000e+03 6.786000000000000000e+03 1.632100000000000000e+04 1.295800000000000000e+04 3.019900000000000000e+04 5.949900000000000000e+04 1.082420000000000000e+05 2.063850000000000000e+05 7.012270000000000000e+05 1.335243000000000000e+06
3.099000000000000000e+03 2.519000000000000000e+03 3.638000000000000000e+03 3.463000000000000000e+03 5.458000000000000000e+03 1.485600000000000000e+04 2.231600000000000000e+04 3.811500000000000000e+04 7.567600000000000000e+04 8.635000000000000000e+04 1.258000000000000000e+05 2.692340000000000000e+05 3.283410000000000000e+05 6.500550000000000000e+05 2.086749000000000000e+06 3.272993000000000000e+06 7.146509000000000000e+06 2.264636300000000000e+07 4.558649500000000000e+07
3.384000000000000000e+03 2.012000000000000000e+03 3.101000000000000000e+03 3.600000000000000000e+03 6.160000000000000000e+03 1.581400000000000000e+04 2.391600000000000000e+04 4.077700000000000000e+04 7.748900000000000000e+04 8.904100000000000000e+04 1.348250000000000000e+05 3.235040000000000000e+05 3.575790000000000000e+05 6.640920000000000000e+05 1.808284000000000000e+06 3.067525000000000000e+06 6.289184000000000000e+06 2.077932300000000000e+07 4.385371000000000000e+07
