# {'chrom': '3', 'window_id': '3', 'statistic': 'H2', 'bounds': [54000000, 72000000], 'span': 18000000, 'n_sites': 12252069, 'coverage': 68.07, 'right_discontinuous': False, 'rows': "{0: 'Altai', 1: 'Chagyrskaya', 2: 'Denisova', 3: 'French-1', 4: 'Han-1', 5: 'Khomani_San-2', 6: 'Papuan-2', 7: 'Vindija', 8: 'Yoruba-1', 9: 'Yoruba-3'}"}
2.000000000000000000e+01 2.500000000000000000e+01 5.600000000000000000e+01 1.380000000000000000e+02 4.040000000000000000e+02 1.203000000000000000e+03 2.044000000000000000e+03 3.749000000000000000e+03 8.470000000000000000e+03 8.447000000000000000e+03 1.197500000000000000e+04 2.168600000000000000e+04 1.810900000000000000e+04 3.601100000000000000e+04 9.367100000000000000e+04 1.891000000000000000e+05 3.621300000000000000e+05 9.986930000000000000e+05 1.637802000000000000e+06
1.200000000000000000e+01 3.000000000000000000e+01 7.500000000000000000e+01 1.830000000000000000e+02 4.840000000000000000e+02 1.440000000000000000e+03 2.029000000000000000e+03 3.948000000000000000e+03 9.373000000000000000e+03 1.017000000000000000e+04 1.280800000000000000e+04 1.851500000000000000e+04 2.127800000000000000e+04 3.648100000000000000e+04 9.309700000000000000e+04 1.500370000000000000e+05 2.622920000000000000e+05 8.415680000000000000e+05 1.384428000000000000e+06
7.400000000000000000e+01 2.800000000000000000e+01 6.000000000000000000e+01 1.040000000000000000e+02 2.360000000000000000e+02 7.030000000000000000e+02 1.238000000000000000e+03 1.975000000000000000e+03 4.314000000000000000e+03 5.719000000000000000e+03 7.452000000000000000e+03 1.329500000000000000e+04 1.380600000000000000e+04 2.160100000000000000e+04 6.583100000000000000e+04 1.041560000000000000e+05 2.089610000000000000e+05 6.230110000000000000e+05 1.201196000000000000e+06
1.893000000000000000e+03 9.750000000000000000e+02 1.212000000000000000e+03 9.170000000000000000e+02 2.099000000000000000e+03 6.654000000000000000e+03 1.319200000000000000e+04 2.285100000000000000e+04 4.617500000000000000e+04 5.549300000000000000e+04 7.309500000000000000e+04 1.414770000000000000e+05 1.698150000000000000e+05 3.506950000000000000e+05 8.650440000000000000e+05 1.473942000000000000e+06 2.979974000000000000e+06 7.866676000000000000e+06 1.386872100000000000e+07
3.340000000000000000e+02 2.480000000000000000e+02 3.440000000000000000e+02 6.930000000000000000e+02 1.850000000000000000e+03 5.966000000000000000e+03 9.657000000000000000e+03 1.788200000000000000e+04 4.213200000000000000e+04 5.150600000000000000e+04 6.788800000000000000e+04 1.287310000000000000e+05 1.481510000000000000e+05 2.317980000000000000e+05 7.964810000000000000e+05 1.266850000000000000e+06 2.618640000000000000e+06 7.592831000000000000e+06 1.465519900000000000e+07
8.630000000000000000e+02 7.990000000000000000e+02 1.141000000000000000e+03 1.774000000000000000e+03 3.711000000000000000e+03 1.142700000000000000e+04 1.803700000000000000e+04 3.262200000000000000e+04 7.370300000000000000e+04 8.748300000000000000e+04 1.237590000000000000e+05 2.795610000000000000e+05 3.542730000000000000e+05 6.515470000000000000e+05 1.943994000000000000e+06 3.294655000000000000e+06 6.495493000000000000e+06 1.925395300000000000e+07 3.223603500000000000e+07
7.100000000000000000e+02 5.390000000000000000e+02 6.640000000000000000e+02 1.126000000000000000e+03 2.375000000000000000e+03 6.835000000000000000e+03 1.046200000000000000e+04 1.885500000000000000e+04 4.551400000000000000e+04 5.208500000000000000e+04 6.566300000000000000e+04 1.521580000000000000e+05 1.640310000000000000e+05 2.636510000000000000e+05 6.573220000000000000e+05 1.156594000000000000e+06 2.261357000000000000e+06 6.603141000000000000e+06 1.116354000000000000e+07
1.070000000000000000e+02 1.140000000000000000e+02 1.480000000000000000e+02 1.750000000000000000e+02 4.050000000000000000e+02 1.112000000000000000e+03 1.742000000000000000e+03 2.755000000000000000e+03 7.343000000000000000e+03 6.474000000000000000e+03 6.419000000000000000e+03 1.506900000000000000e+04 1.271300000000000000e+04 2.483000000000000000e+04 5.500700000000000000e+04 9.042900000000000000e+04 1.543000000000000000e+05 4.823430000000000000e+05 1.053446000000000000e+06
7.640000000000000000e+02 7.100000000000000000e+02 1.235000000000000000e+03 1.845000000000000000e+03 3.994000000000000000e+03 1.154300000000000000e+04 1.879800000000000000e+04 3.427200000000000000e+04 7.994200000000000000e+04 9.619900000000000000e+04 1.312090000000000000e+05 2.748630000000000000e+05 3.809540000000000000e+05 7.042740000000000000e+05 1.968356000000000000e+06 3.363221000000000000e+06 6.917251000000000000e+06 2.008509100000000000e+07 3.423790200000000000e+07
4.280000000000000000e+02 3.810000000000000000e+02 9.530000000000000000e+02 1.392000000000000000e+03 3.196000000000000000e+03 9.523000000000000000e+03 1.652300000000000000e+04 2.938500000000000000e+04 6.838100000000000000e+04 7.931100000000000000e+04 1.119640000000000000e+05 2.517460000000000000e+05 3.227520000000000000e+05 6.051870000000000000e+05 1.699547000000000000e+06 2.912867000000000000e+06 5.809553000000000000e+06 1.720409500000000000e+07 3.086263700000000000e+07
