# {'chrom': '3', 'window_id': '6', 'statistic': 'H2', 'bounds': [114000000, 135000000], 'span': 21000000, 'n_sites': 13518833, 'coverage': 64.38, 'right_discontinuous': False, 'rows': "{0: 'Altai', 1: 'Chagyrskaya', 2: 'Denisova', 3: 'French-1', 4: 'Han-1', 5: 'Khomani_San-2', 6: 'Papuan-2', 7: 'Vindija', 8: 'Yoruba-1', 9: 'Yoruba-3'}"}
2.440000000000000000e+02 1.740000000000000000e+02 1.780000000000000000e+02 2.150000000000000000e+02 3.090000000000000000e+02 8.100000000000000000e+02 1.640000000000000000e+03 2.262000000000000000e+03 5.291000000000000000e+03 5.517000000000000000e+03 5.849000000000000000e+03 1.092100000000000000e+04 8.699000000000000000e+03 1.571800000000000000e+04 6.514400000000000000e+04 9.734700000000000000e+04 1.619570000000000000e+05 5.750610000000000000e+05 1.148832000000000000e+06
2.144000000000000000e+03 2.810000000000000000e+02 4.410000000000000000e+02 4.440000000000000000e+02 5.820000000000000000e+02 1.638000000000000000e+03 2.516000000000000000e+03 3.809000000000000000e+03 1.239900000000000000e+04 9.582000000000000000e+03 9.202000000000000000e+03 2.818800000000000000e+04 1.767000000000000000e+04 2.472600000000000000e+04 6.706000000000000000e+04 1.181970000000000000e+05 2.396370000000000000e+05 6.248420000000000000e+05 1.189500000000000000e+06
5.810000000000000000e+02 3.810000000000000000e+02 5.170000000000000000e+02 4.040000000000000000e+02 5.440000000000000000e+02 1.108000000000000000e+03 2.022000000000000000e+03 3.590000000000000000e+03 6.272000000000000000e+03 6.419000000000000000e+03 8.034000000000000000e+03 1.447700000000000000e+04 1.611900000000000000e+04 2.670000000000000000e+04 8.714900000000000000e+04 1.236520000000000000e+05 2.522320000000000000e+05 8.468340000000000000e+05 1.536383000000000000e+06
5.021000000000000000e+03 1.815000000000000000e+03 2.320000000000000000e+03 2.455000000000000000e+03 3.684000000000000000e+03 1.044600000000000000e+04 1.735400000000000000e+04 2.946100000000000000e+04 6.473400000000000000e+04 7.309000000000000000e+04 1.064630000000000000e+05 1.871550000000000000e+05 2.282730000000000000e+05 3.537130000000000000e+05 1.179136000000000000e+06 1.624255000000000000e+06 3.092563000000000000e+06 1.074947300000000000e+07 1.931956200000000000e+07
4.979000000000000000e+03 1.954000000000000000e+03 2.616000000000000000e+03 2.274000000000000000e+03 3.356000000000000000e+03 1.023500000000000000e+04 1.677700000000000000e+04 3.081300000000000000e+04 6.394700000000000000e+04 7.458400000000000000e+04 9.449400000000000000e+04 1.759980000000000000e+05 2.624360000000000000e+05 3.906260000000000000e+05 1.096873000000000000e+06 1.640495000000000000e+06 3.749363000000000000e+06 1.139144100000000000e+07 2.076736700000000000e+07
7.425000000000000000e+03 3.421000000000000000e+03 4.621000000000000000e+03 3.604000000000000000e+03 5.880000000000000000e+03 1.635300000000000000e+04 3.164800000000000000e+04 4.921300000000000000e+04 1.058430000000000000e+05 1.208260000000000000e+05 1.530550000000000000e+05 2.823560000000000000e+05 3.482440000000000000e+05 6.621140000000000000e+05 2.132787000000000000e+06 3.264757000000000000e+06 7.020040000000000000e+06 2.316428800000000000e+07 4.248038300000000000e+07
3.409000000000000000e+03 1.540000000000000000e+03 2.354000000000000000e+03 2.453000000000000000e+03 3.626000000000000000e+03 8.463000000000000000e+03 1.518700000000000000e+04 2.569000000000000000e+04 5.538400000000000000e+04 6.356000000000000000e+04 9.963300000000000000e+04 1.810150000000000000e+05 1.985680000000000000e+05 2.557760000000000000e+05 9.229790000000000000e+05 1.476601000000000000e+06 2.924446000000000000e+06 1.021681100000000000e+07 1.762120700000000000e+07
1.891000000000000000e+03 1.750000000000000000e+02 2.290000000000000000e+02 2.640000000000000000e+02 4.390000000000000000e+02 1.019000000000000000e+03 1.541000000000000000e+03 2.477000000000000000e+03 8.530000000000000000e+03 8.133000000000000000e+03 9.596000000000000000e+03 2.418400000000000000e+04 1.844400000000000000e+04 2.574000000000000000e+04 7.426900000000000000e+04 8.712000000000000000e+04 1.838790000000000000e+05 6.486610000000000000e+05 1.223018000000000000e+06
9.638000000000000000e+03 3.784000000000000000e+03 5.584000000000000000e+03 4.268000000000000000e+03 6.515000000000000000e+03 1.755200000000000000e+04 3.194800000000000000e+04 5.216700000000000000e+04 1.151560000000000000e+05 1.381700000000000000e+05 1.977060000000000000e+05 3.242300000000000000e+05 4.194180000000000000e+05 7.065110000000000000e+05 2.277131000000000000e+06 3.763847000000000000e+06 7.748380000000000000e+06 2.535758700000000000e+07 4.579824700000000000e+07
7.652000000000000000e+03 3.104000000000000000e+03 3.669000000000000000e+03 3.327000000000000000e+03 5.365000000000000000e+03 1.624100000000000000e+04 2.717900000000000000e+04 4.677200000000000000e+04 9.930900000000000000e+04 1.160490000000000000e+05 1.635100000000000000e+05 2.887580000000000000e+05 4.116860000000000000e+05 7.571980000000000000e+05 2.238100000000000000e+06 3.876938000000000000e+06 7.974229000000000000e+06 2.514339400000000000e+07 4.569550500000000000e+07
