# {'chrom': '3', 'window_id': '5', 'statistic': 'H2', 'bounds': [93000000, 114000000], 'span': 21000000, 'n_sites': 12686683, 'coverage': 60.41, 'right_discontinuous': False, 'rows': "{0: 'Altai', 1: 'Chagyrskaya', 2: 'Denisova', 3: 'French-1', 4: 'Han-1', 5: 'Khomani_San-2', 6: 'Papuan-2', 7: 'Vindija', 8: 'Yoruba-1', 9: 'Yoruba-3'}"}
2.340000000000000000e+02 2.650000000000000000e+02 5.470000000000000000e+02 6.470000000000000000e+02 1.057000000000000000e+03 2.583000000000000000e+03 3.708000000000000000e+03 5.908000000000000000e+03 1.057100000000000000e+04 1.383800000000000000e+04 2.723800000000000000e+04 3.135100000000000000e+04 2.812500000000000000e+04 6.043100000000000000e+04 1.325330000000000000e+05 1.770100000000000000e+05 3.582480000000000000e+05 1.095003000000000000e+06 1.521174000000000000e+06
1.910000000000000000e+02 2.660000000000000000e+02 5.220000000000000000e+02 3.810000000000000000e+02 8.050000000000000000e+02 2.475000000000000000e+03 3.246000000000000000e+03 4.459000000000000000e+03 1.163500000000000000e+04 1.417000000000000000e+04 2.205200000000000000e+04 4.279000000000000000e+04 3.590100000000000000e+04 3.046500000000000000e+04 9.226000000000000000e+04 1.375990000000000000e+05 2.296550000000000000e+05 8.675300000000000000e+05 1.467868000000000000e+06
1.587000000000000000e+03 8.690000000000000000e+02 1.332000000000000000e+03 9.950000000000000000e+02 1.328000000000000000e+03 3.886000000000000000e+03 4.518000000000000000e+03 7.651000000000000000e+03 1.798000000000000000e+04 1.457200000000000000e+04 1.679200000000000000e+04 2.396800000000000000e+04 2.719600000000000000e+04 6.192800000000000000e+04 1.547280000000000000e+05 2.311650000000000000e+05 4.484820000000000000e+05 1.104729000000000000e+06 1.875273000000000000e+06
8.533000000000000000e+03 3.394000000000000000e+03 5.116000000000000000e+03 4.125000000000000000e+03 5.307000000000000000e+03 1.673700000000000000e+04 2.300500000000000000e+04 4.092800000000000000e+04 9.424100000000000000e+04 1.040380000000000000e+05 1.561110000000000000e+05 3.187700000000000000e+05 3.417210000000000000e+05 5.822420000000000000e+05 1.968305000000000000e+06 3.120207000000000000e+06 6.248701000000000000e+06 1.761247000000000000e+07 2.883113500000000000e+07
7.975000000000000000e+03 4.117000000000000000e+03 4.901000000000000000e+03 4.137000000000000000e+03 5.387000000000000000e+03 1.640100000000000000e+04 2.658800000000000000e+04 4.735800000000000000e+04 9.764900000000000000e+04 1.109760000000000000e+05 1.813290000000000000e+05 3.383700000000000000e+05 3.148670000000000000e+05 7.246770000000000000e+05 1.961977000000000000e+06 2.544302000000000000e+06 4.686332000000000000e+06 1.223225500000000000e+07 2.211506300000000000e+07
7.486000000000000000e+03 3.260000000000000000e+03 5.120000000000000000e+03 5.234000000000000000e+03 7.471000000000000000e+03 1.967300000000000000e+04 3.079700000000000000e+04 5.269900000000000000e+04 1.225800000000000000e+05 1.437270000000000000e+05 2.148150000000000000e+05 4.501230000000000000e+05 4.608010000000000000e+05 1.112858000000000000e+06 2.748260000000000000e+06 3.799628000000000000e+06 7.639396000000000000e+06 2.128324700000000000e+07 3.651886400000000000e+07
6.763000000000000000e+03 2.925000000000000000e+03 3.097000000000000000e+03 2.496000000000000000e+03 3.295000000000000000e+03 1.084300000000000000e+04 1.556200000000000000e+04 2.849500000000000000e+04 6.106600000000000000e+04 6.152800000000000000e+04 7.351900000000000000e+04 1.331570000000000000e+05 1.660770000000000000e+05 2.250060000000000000e+05 7.313130000000000000e+05 1.497752000000000000e+06 2.314810000000000000e+06 5.774331000000000000e+06 1.272994200000000000e+07
1.680000000000000000e+02 1.090000000000000000e+02 3.580000000000000000e+02 3.940000000000000000e+02 4.900000000000000000e+02 1.295000000000000000e+03 1.769000000000000000e+03 2.713000000000000000e+03 5.258000000000000000e+03 5.896000000000000000e+03 1.495600000000000000e+04 1.459300000000000000e+04 9.267000000000000000e+03 2.458400000000000000e+04 5.029600000000000000e+04 7.964100000000000000e+04 1.834050000000000000e+05 3.606390000000000000e+05 8.495630000000000000e+05
8.914000000000000000e+03 4.707000000000000000e+03 5.830000000000000000e+03 4.788000000000000000e+03 6.619000000000000000e+03 1.999200000000000000e+04 3.097000000000000000e+04 5.693100000000000000e+04 1.229670000000000000e+05 1.526350000000000000e+05 2.243450000000000000e+05 4.923230000000000000e+05 5.592710000000000000e+05 1.062229000000000000e+06 3.387030000000000000e+06 4.648687000000000000e+06 9.003053000000000000e+06 2.589021400000000000e+07 4.526076500000000000e+07
1.183600000000000000e+04 3.915000000000000000e+03 6.079000000000000000e+03 4.789000000000000000e+03 7.339000000000000000e+03 2.255600000000000000e+04 3.284200000000000000e+04 5.986000000000000000e+04 1.317560000000000000e+05 1.506820000000000000e+05 2.392580000000000000e+05 5.042720000000000000e+05 6.341670000000000000e+05 1.137845000000000000e+06 3.670995000000000000e+06 5.290075000000000000e+06 1.004292700000000000e+07 2.629898200000000000e+07 4.686145300000000000e+07
