# 'name' : 'rogers_null'
# 'source' : 'rogers_null.yaml'
# 'sample_pops' : ['X', 'Y', 'D', 'N']
# 'sample_size' : 1
# 'n_reps' : 100
# 'n_windows' : 200
# 'seq_length' : 100000000.0
# 'window_length' : 500000.0
# 'recomb_rate' : 1e-08
# 'mut_rate' : 1e-08
# 'created' : None
2.101574501633689978e-04 1.481236924749032428e-04 9.274192492741233345e-04 7.622340393268170651e-04
2.113412983534658561e-04 1.411070406915878380e-04 9.200804012145256732e-04 7.742587169713076268e-04
2.258758994153811227e-04 1.429495290304709499e-04 9.136280831543631574e-04 7.733162367987108689e-04
2.199673609067634352e-04 1.422127689003643445e-04 9.172893420457887796e-04 7.553833049806259192e-04
2.296733817758816684e-04 1.455510810816028604e-04 8.945590325258602179e-04 7.517312480505563893e-04
2.433505388421119682e-04 1.419119328064224811e-04 9.251161772243421053e-04 7.659658499054672548e-04
2.134234577184012055e-04 1.430251654766428798e-04 9.219969900345803722e-04 7.604839723106293116e-04
2.206192098695173773e-04 1.454331125425112955e-04 9.218269289376967773e-04 7.652637604001451613e-04
2.278360112110847731e-04 1.516805576531900213e-04 9.263657335357148746e-04 7.631474971974649925e-04
2.271914046911364374e-04 1.394054868461882797e-04 9.060798966482863908e-04 7.381756134079528898e-04
2.131181704301619417e-04 1.393952679822659923e-04 9.328978628545312292e-04 7.459284775452796647e-04
2.279329641502420652e-04 1.382735726017386300e-04 9.262976954256256935e-04 7.790162246906602800e-04
2.225714997444125940e-04 1.481661451406059182e-04 9.321180049748378250e-04 7.579356828914265119e-04
2.315856549302591403e-04 1.484845143182372742e-04 9.187672613253651229e-04 7.410850897921895768e-04
2.313625909618301560e-04 1.474760282974208934e-04 9.298128204011540422e-04 7.843592785679958084e-04
2.322613537614718487e-04 1.444557598819575265e-04 9.209846531535426616e-04 7.453400937225053858e-04
2.278278711091587369e-04 1.385258254519495700e-04 9.180477302705432156e-04 7.186881643748591975e-04
2.258983380611390168e-04 1.439152551107594693e-04 9.076468917807087571e-04 7.793033313806858745e-04
2.323717085474804418e-04 1.456776697168322922e-04 9.298930101277872763e-04 7.677861101596805422e-04
2.360553251958329515e-04 1.434680381908659454e-04 9.294098332064796870e-04 7.517984702475205300e-04
2.240139284941748406e-04 1.360894202659366527e-04 9.157826604130484341e-04 7.611590276098804952e-04
2.171701189124949861e-04 1.394043092894547877e-04 9.202725767470129690e-04 7.466776170111931758e-04
2.250863615921855755e-04 1.409214801468689751e-04 9.478621841581209894e-04 7.631795292796849728e-04
2.076231444349117177e-04 1.457707270580925051e-04 9.234680167332728505e-04 7.741115990696174421e-04
2.263313831539225151e-04 1.378505562684929821e-04 9.199009494366529663e-04 7.603059280055092083e-04
2.265501750839430620e-04 1.465121836323606561e-04 9.261035452799047316e-04 7.425205607451784663e-04
2.301489210548024749e-04 1.470112949724606340e-04 9.293142902289191175e-04 7.377777621605499572e-04
2.192880964568605026e-04 1.456159678103196859e-04 9.125452651053120095e-04 7.607718265198067358e-04
2.361308367788210699e-04 1.322361381003086807e-04 9.226873966383446158e-04 7.848583795456117763e-04
2.316722400315070543e-04 1.447228119041971269e-04 9.146342494589335429e-04 7.724554595967645255e-04
2.168141691850454641e-04 1.457883904101490004e-04 9.322919066978198202e-04 7.669439324973427625e-04
2.186258740035646592e-04 1.403417378361035113e-04 9.093203654897702047e-04 7.591897869535641202e-04
2.266904606182654940e-04 1.439254987961994820e-04 9.052732163142850107e-04 7.665077362734848193e-04
2.332988619661423714e-04 1.444048978310158546e-04 9.364406420726313629e-04 7.595173229033516530e-04
2.235137670598124227e-04 1.362656143457152474e-04 9.147187512359055339e-04 7.530780025123733545e-04
2.279473227071586482e-04 1.416506469759413816e-04 9.185587214241755895e-04 7.438852294330615357e-04
2.392225069698292162e-04 1.462028472635751970e-04 9.263048559700440580e-04 7.702789200300340366e-04
2.248440051073990727e-04 1.457452324754566044e-04 9.220705685074641811e-04 7.634742367781223796e-04
2.214982399361840252e-04 1.449835958387916133e-04 9.114533036579915495e-04 7.754140282225995906e-04
2.272795677047878462e-04 1.464811222540772864e-04 9.048245498382050589e-04 7.527850686832906731e-04
2.307898291608653091e-04 1.410528746231435942e-04 9.262743870365182201e-04 7.858406238626790708e-04
2.426070620976595780e-04 1.399818860326918640e-04 9.190856755169816939e-04 7.674047803091964487e-04
2.227057200348263755e-04 1.477632347047183354e-04 9.335661660484529138e-04 7.755649033273378070e-04
2.298828187073902586e-04 1.435180207836681660e-04 9.090628012480942181e-04 7.701350967025302318e-04
2.268847438463155483e-04 1.437087902257452052e-04 9.134424129745434377e-04 7.653053563178338322e-04
2.156594169201022455e-04 1.444396986005432493e-04 9.428406442468902299e-04 7.937264849595502972e-04
2.135518380180326822e-04 1.453701376120514731e-04 9.258744323066879847e-04 7.811921281769072366e-04
2.253173898417825511e-04 1.452386024905418936e-04 9.360686198306631105e-04 7.796921452962363207e-04
2.175565337432482094e-04 1.484461515964396604e-04 9.159076865158536978e-04 7.931805671431156656e-04
2.198876195365240152e-04 1.447914678394899028e-04 9.159529929801405379e-04 7.665726569309781269e-04
2.329142497864733518e-04 1.441381411063159031e-04 9.161885682069276530e-04 7.565548358866451594e-04
2.170328746295210757e-04 1.421307759941877131e-04 9.049092509638218462e-04 7.448596430828797587e-04
2.276016099651509709e-04 1.484257357863945565e-04 9.328228731663211828e-04 7.796563482851323872e-04
2.242159032918035727e-04 1.443441923147861382e-04 9.222781882393825317e-04 7.361238445747067061e-04
2.264229805003784479e-04 1.418152864903546567e-04 9.273165594629982503e-04 7.608896888328123493e-04
2.331442313909638331e-04 1.389491733138504409e-04 9.174936505385065466e-04 7.401919423392959657e-04
2.094536200633780997e-04 1.442599713243758464e-04 9.157421669713188125e-04 7.490704652628441028e-04
2.192984364726941826e-04 1.400979641052995522e-04 9.297589147958787350e-04 7.791667416925758191e-04
2.028495637745855642e-04 1.424480157165140706e-04 9.132769846896741754e-04 7.266957707272090174e-04
2.335269126262464520e-04 1.441477013509441594e-04 9.280643615982846640e-04 7.630632628873529680e-04
2.317717395290624460e-04 1.436146533416438856e-04 9.146916463518900073e-04 7.728382145290357873e-04
2.279114631403543760e-04 1.438116949249403553e-04 9.499572916442151514e-04 7.602799169808666623e-04
2.261557169863442570e-04 1.455981901446185402e-04 9.207424449404007141e-04 7.427026840149962604e-04
2.193211472698538872e-04 1.375628984389849470e-04 9.193914141933841062e-04 7.655450608742362783e-04
2.118020100070605854e-04 1.435346065294417547e-04 9.368146332776376923e-04 7.790953047531751089e-04
2.202152986101403359e-04 1.442481070492919080e-04 9.055908726177268374e-04 7.509445457099923026e-04
2.196339687328825155e-04 1.416966925847283577e-04 9.251934700291478087e-04 7.593347674128420044e-04
2.152171110627032740e-04 1.468584808277038337e-04 9.129536304255335931e-04 7.514703224078171998e-04
2.174968116740708026e-04 1.446572876430924173e-04 9.402142985689935107e-04 7.692012288064989855e-04
2.187777425590903301e-04 1.439080357428295591e-04 9.244606995954716099e-04 7.597691321536376250e-04
2.438707629177834263e-04 1.474502772818347333e-04 9.245570075507602605e-04 7.679807577016710754e-04
2.321194787158856762e-04 1.375689621411699801e-04 9.387777043924876033e-04 7.909295644378127894e-04
2.068445731137991757e-04 1.485664641444223459e-04 8.972562948617591712e-04 7.566770896472562857e-04
2.182881142918946819e-04 1.379389937300280538e-04 9.233124839395985984e-04 7.553993393125991995e-04
2.237516166561016493e-04 1.385207246156103483e-04 9.184145664663215421e-04 7.532216416495542263e-04
2.218647382245815644e-04 1.408274779936712540e-04 9.211019378596742692e-04 7.611631233347366599e-04
2.104145135481414527e-04 1.396410547186137006e-04 9.093904680937160701e-04 7.463925255485957637e-04
2.214036192059250945e-04 1.455931971516561253e-04 9.228882343488942035e-04 7.807038518291640593e-04
2.155426904227182821e-04 1.437818533479515170e-04 9.348935293247194814e-04 7.793747280232635232e-04
2.218047072330320182e-04 1.464978942542953869e-04 9.056970328230046349e-04 7.730330535547038674e-04
2.302625426118106659e-04 1.450024771040973643e-04 9.242704987944244232e-04 7.848561657505332073e-04
2.195752205845708026e-04 1.377941346522285244e-04 9.166937181434854339e-04 7.720724823489777660e-04
2.154452184361937289e-04 1.445045943514758292e-04 9.326920311758459155e-04 7.743396553165976179e-04
2.354621489161821230e-04 1.383909513326190806e-04 9.090359008765721118e-04 7.636726759448408605e-04
2.335755566451502201e-04 1.418574576596559210e-04 9.336167041170554196e-04 7.673449466444634375e-04
2.392838785622039912e-04 1.435323069290105351e-04 9.372803639760990142e-04 7.828093450645665259e-04
2.368315498033256522e-04 1.474397859352068304e-04 9.329563460987209478e-04 7.575270816848555210e-04
2.225474819513819291e-04 1.464420553090383466e-04 9.136323395509612921e-04 7.648448536751431461e-04
2.333582313659268758e-04 1.380703865740175184e-04 9.170784323286974632e-04 7.588347551580551260e-04
2.086144116501082119e-04 1.456933238114115927e-04 8.982934796864280435e-04 7.669008940467791479e-04
2.223315651345925885e-04 1.430121597931409373e-04 9.263054126108550852e-04 7.716159122895548984e-04
2.448301266755702329e-04 1.485277335378095917e-04 9.022959796581204745e-04 7.908836041979105990e-04
2.314223268983357741e-04 1.367952195391594150e-04 9.266041758779242380e-04 7.546674832773813194e-04
2.383582924411250105e-04 1.442883042744112071e-04 9.230598306021698882e-04 7.555645950450040659e-04
2.359012284333945994e-04 1.349146522444611351e-04 9.202494681211017147e-04 7.562540486121882089e-04
2.112580651777591341e-04 1.403416384539304474e-04 9.263843851015111583e-04 7.684733304260137933e-04
2.165603283011584214e-04 1.419739534031654613e-04 9.090121263863287608e-04 7.696962631712411448e-04
2.241769204602902122e-04 1.497363078055287096e-04 9.332970366172560267e-04 7.275923973678355720e-04
2.347621242106083918e-04 1.397308104480424087e-04 9.156771288677505042e-04 7.706546024834848253e-04
2.235773695425129952e-04 1.455995600514431009e-04 9.244084909312806977e-04 7.702574879220212486e-04
