# 'name' : 'rogers_null'
# 'source' : 'rogers_null.yaml'
# 'sample_pops' : ['X', 'Y', 'D', 'N']
# 'sample_size' : 1
# 'n_reps' : 100
# 'n_windows' : 200
# 'seq_length' : 100000000.0
# 'window_length' : 500000.0
# 'recomb_rate' : 1e-08
# 'mut_rate' : 1e-08
# 'created' : None
0.000000000000000000e+00 0.000000000000000000e+00 0.000000000000000000e+00 0.000000000000000000e+00 4.800595921271436149e-04 0.000000000000000000e+00 0.000000000000000000e+00 0.000000000000000000e+00 1.326618934095914011e-03 1.309921748048110783e-03 0.000000000000000000e+00 0.000000000000000000e+00 1.308873401209606447e-03 1.286207663522949190e-03 9.693409093972575434e-04 0.000000000000000000e+00
0.000000000000000000e+00 0.000000000000000000e+00 0.000000000000000000e+00 0.000000000000000000e+00 4.938431263890010392e-04 0.000000000000000000e+00 0.000000000000000000e+00 0.000000000000000000e+00 1.338956104712471853e-03 1.309731167912868465e-03 0.000000000000000000e+00 0.000000000000000000e+00 1.326123645927570994e-03 1.295043513562655138e-03 9.659308631202621551e-04 0.000000000000000000e+00
0.000000000000000000e+00 0.000000000000000000e+00 0.000000000000000000e+00 0.000000000000000000e+00 4.900211896236844741e-04 0.000000000000000000e+00 0.000000000000000000e+00 0.000000000000000000e+00 1.334870255621313550e-03 1.312573086305130182e-03 0.000000000000000000e+00 0.000000000000000000e+00 1.325907778741728087e-03 1.298781563832341864e-03 9.649182764083892800e-04 0.000000000000000000e+00
0.000000000000000000e+00 0.000000000000000000e+00 0.000000000000000000e+00 0.000000000000000000e+00 4.824210546653787991e-04 0.000000000000000000e+00 0.000000000000000000e+00 0.000000000000000000e+00 1.325156009112722806e-03 1.301978395592472918e-03 0.000000000000000000e+00 0.000000000000000000e+00 1.311409389891056432e-03 1.285724496549831876e-03 9.675533241902049657e-04 0.000000000000000000e+00
0.000000000000000000e+00 0.000000000000000000e+00 0.000000000000000000e+00 0.000000000000000000e+00 4.944448255276164515e-04 0.000000000000000000e+00 0.000000000000000000e+00 0.000000000000000000e+00 1.335359003531445474e-03 1.306741592539699751e-03 0.000000000000000000e+00 0.000000000000000000e+00 1.320394471007204718e-03 1.284411012847253919e-03 9.627300387247415868e-04 0.000000000000000000e+00
0.000000000000000000e+00 0.000000000000000000e+00 0.000000000000000000e+00 0.000000000000000000e+00 4.858140339054787876e-04 0.000000000000000000e+00 0.000000000000000000e+00 0.000000000000000000e+00 1.324857839815668211e-03 1.295828227384883662e-03 0.000000000000000000e+00 0.000000000000000000e+00 1.305416629917782430e-03 1.272104067676146401e-03 9.757504105395403519e-04 0.000000000000000000e+00
0.000000000000000000e+00 0.000000000000000000e+00 0.000000000000000000e+00 0.000000000000000000e+00 4.754390456818663024e-04 0.000000000000000000e+00 0.000000000000000000e+00 0.000000000000000000e+00 1.314486401862836320e-03 1.296774517427285367e-03 0.000000000000000000e+00 0.000000000000000000e+00 1.298192759961300799e-03 1.278281881513694757e-03 9.667278439000514178e-04 0.000000000000000000e+00
0.000000000000000000e+00 0.000000000000000000e+00 0.000000000000000000e+00 0.000000000000000000e+00 4.819689772473871158e-04 0.000000000000000000e+00 0.000000000000000000e+00 0.000000000000000000e+00 1.318848738248284188e-03 1.296278811348218528e-03 0.000000000000000000e+00 0.000000000000000000e+00 1.301625229592921545e-03 1.271313365161787787e-03 9.645341341965755827e-04 0.000000000000000000e+00
0.000000000000000000e+00 0.000000000000000000e+00 0.000000000000000000e+00 0.000000000000000000e+00 5.101047312758089439e-04 0.000000000000000000e+00 0.000000000000000000e+00 0.000000000000000000e+00 1.353859261862972937e-03 1.323860662745121857e-03 0.000000000000000000e+00 0.000000000000000000e+00 1.338402182302607943e-03 1.304237127286856160e-03 9.718505041305020064e-04 0.000000000000000000e+00
0.000000000000000000e+00 0.000000000000000000e+00 0.000000000000000000e+00 0.000000000000000000e+00 4.901279148835720363e-04 0.000000000000000000e+00 0.000000000000000000e+00 0.000000000000000000e+00 1.343002151377469845e-03 1.317485802612855268e-03 0.000000000000000000e+00 0.000000000000000000e+00 1.335439079281160743e-03 1.306039477416638932e-03 9.617672167353327880e-04 0.000000000000000000e+00
0.000000000000000000e+00 0.000000000000000000e+00 0.000000000000000000e+00 0.000000000000000000e+00 4.758699535735493535e-04 0.000000000000000000e+00 0.000000000000000000e+00 0.000000000000000000e+00 1.343650168780665495e-03 1.319045750679010082e-03 0.000000000000000000e+00 0.000000000000000000e+00 1.317223449336646195e-03 1.285656897096945379e-03 9.711940878182380183e-04 0.000000000000000000e+00
0.000000000000000000e+00 0.000000000000000000e+00 0.000000000000000000e+00 0.000000000000000000e+00 4.892495434074408756e-04 0.000000000000000000e+00 0.000000000000000000e+00 0.000000000000000000e+00 1.336704699123195941e-03 1.315118891520381059e-03 0.000000000000000000e+00 0.000000000000000000e+00 1.324417744921126778e-03 1.298596593069564547e-03 9.627005404208319270e-04 0.000000000000000000e+00
0.000000000000000000e+00 0.000000000000000000e+00 0.000000000000000000e+00 0.000000000000000000e+00 4.939506241843981231e-04 0.000000000000000000e+00 0.000000000000000000e+00 0.000000000000000000e+00 1.329140804384456535e-03 1.303583072076083035e-03 0.000000000000000000e+00 0.000000000000000000e+00 1.319598233937825009e-03 1.289486649712718366e-03 9.621024460664315660e-04 0.000000000000000000e+00
0.000000000000000000e+00 0.000000000000000000e+00 0.000000000000000000e+00 0.000000000000000000e+00 5.071797646548008125e-04 0.000000000000000000e+00 0.000000000000000000e+00 0.000000000000000000e+00 1.359435469226303412e-03 1.335633859714453406e-03 0.000000000000000000e+00 0.000000000000000000e+00 1.340878560277004687e-03 1.311507484146041133e-03 9.712133327475082172e-04 0.000000000000000000e+00
0.000000000000000000e+00 0.000000000000000000e+00 0.000000000000000000e+00 0.000000000000000000e+00 4.874035048350123579e-04 0.000000000000000000e+00 0.000000000000000000e+00 0.000000000000000000e+00 1.342351895307090058e-03 1.316530550838410042e-03 0.000000000000000000e+00 0.000000000000000000e+00 1.328907147642327232e-03 1.299932514842411712e-03 9.721818827617966256e-04 0.000000000000000000e+00
0.000000000000000000e+00 0.000000000000000000e+00 0.000000000000000000e+00 0.000000000000000000e+00 5.041710461820230306e-04 0.000000000000000000e+00 0.000000000000000000e+00 0.000000000000000000e+00 1.342671400444751502e-03 1.310643504499746674e-03 0.000000000000000000e+00 0.000000000000000000e+00 1.329259182954301184e-03 1.292098213347212280e-03 9.547100103656622119e-04 0.000000000000000000e+00
0.000000000000000000e+00 0.000000000000000000e+00 0.000000000000000000e+00 0.000000000000000000e+00 4.847064726863988156e-04 0.000000000000000000e+00 0.000000000000000000e+00 0.000000000000000000e+00 1.322287188600293701e-03 1.291321695966810229e-03 0.000000000000000000e+00 0.000000000000000000e+00 1.310248154510032558e-03 1.273214477254602968e-03 9.630864295887544765e-04 0.000000000000000000e+00
0.000000000000000000e+00 0.000000000000000000e+00 0.000000000000000000e+00 0.000000000000000000e+00 4.807253270857773431e-04 0.000000000000000000e+00 0.000000000000000000e+00 0.000000000000000000e+00 1.331439297591964542e-03 1.306851741542601562e-03 0.000000000000000000e+00 0.000000000000000000e+00 1.317285286093626724e-03 1.288536438366654673e-03 9.691348422178302753e-04 0.000000000000000000e+00
0.000000000000000000e+00 0.000000000000000000e+00 0.000000000000000000e+00 0.000000000000000000e+00 4.904151873638756213e-04 0.000000000000000000e+00 0.000000000000000000e+00 0.000000000000000000e+00 1.341758538878894385e-03 1.320138172549323134e-03 0.000000000000000000e+00 0.000000000000000000e+00 1.328955602122836553e-03 1.300809772109108413e-03 9.699574157400712993e-04 0.000000000000000000e+00
0.000000000000000000e+00 0.000000000000000000e+00 0.000000000000000000e+00 0.000000000000000000e+00 5.051124098475887536e-04 0.000000000000000000e+00 0.000000000000000000e+00 0.000000000000000000e+00 1.340454208055041332e-03 1.305302815098972847e-03 0.000000000000000000e+00 0.000000000000000000e+00 1.324925930899119092e-03 1.283463888519610413e-03 9.635595047911406450e-04 0.000000000000000000e+00
0.000000000000000000e+00 0.000000000000000000e+00 0.000000000000000000e+00 0.000000000000000000e+00 4.759459023589786872e-04 0.000000000000000000e+00 0.000000000000000000e+00 0.000000000000000000e+00 1.310302361439426083e-03 1.290922446244939341e-03 0.000000000000000000e+00 0.000000000000000000e+00 1.293300123521820642e-03 1.269230238785417535e-03 9.688259674441814960e-04 0.000000000000000000e+00
0.000000000000000000e+00 0.000000000000000000e+00 0.000000000000000000e+00 0.000000000000000000e+00 4.921679945935535181e-04 0.000000000000000000e+00 0.000000000000000000e+00 0.000000000000000000e+00 1.351703420557367249e-03 1.330087880471541792e-03 0.000000000000000000e+00 0.000000000000000000e+00 1.336789470949786883e-03 1.310140419152979255e-03 9.749729534431467561e-04 0.000000000000000000e+00
0.000000000000000000e+00 0.000000000000000000e+00 0.000000000000000000e+00 0.000000000000000000e+00 4.802286697599979204e-04 0.000000000000000000e+00 0.000000000000000000e+00 0.000000000000000000e+00 1.349170964949854626e-03 1.326584425025602830e-03 0.000000000000000000e+00 0.000000000000000000e+00 1.332349047116756276e-03 1.303016523765135369e-03 9.748940703710917872e-04 0.000000000000000000e+00
0.000000000000000000e+00 0.000000000000000000e+00 0.000000000000000000e+00 0.000000000000000000e+00 4.804050222719494136e-04 0.000000000000000000e+00 0.000000000000000000e+00 0.000000000000000000e+00 1.328685476908917328e-03 1.305664609353739992e-03 0.000000000000000000e+00 0.000000000000000000e+00 1.312277158808942490e-03 1.282618219976452761e-03 9.629939487761854247e-04 0.000000000000000000e+00
0.000000000000000000e+00 0.000000000000000000e+00 0.000000000000000000e+00 0.000000000000000000e+00 4.866276369553497938e-04 0.000000000000000000e+00 0.000000000000000000e+00 0.000000000000000000e+00 1.336414653804670520e-03 1.311841435208095912e-03 0.000000000000000000e+00 0.000000000000000000e+00 1.325602799731808714e-03 1.295423626837262192e-03 9.737435487176879364e-04 0.000000000000000000e+00
0.000000000000000000e+00 0.000000000000000000e+00 0.000000000000000000e+00 0.000000000000000000e+00 4.993497488973901253e-04 0.000000000000000000e+00 0.000000000000000000e+00 0.000000000000000000e+00 1.344207167175158306e-03 1.315147875945668664e-03 0.000000000000000000e+00 0.000000000000000000e+00 1.329884839739605036e-03 1.293493206616228844e-03 9.728803975147873317e-04 0.000000000000000000e+00
0.000000000000000000e+00 0.000000000000000000e+00 0.000000000000000000e+00 0.000000000000000000e+00 5.112190280373499337e-04 0.000000000000000000e+00 0.000000000000000000e+00 0.000000000000000000e+00 1.359841447994658602e-03 1.333434602324681979e-03 0.000000000000000000e+00 0.000000000000000000e+00 1.327995510425758951e-03 1.291142367839309473e-03 9.711959661539046025e-04 0.000000000000000000e+00
0.000000000000000000e+00 0.000000000000000000e+00 0.000000000000000000e+00 0.000000000000000000e+00 4.797249983891338477e-04 0.000000000000000000e+00 0.000000000000000000e+00 0.000000000000000000e+00 1.321066578352262429e-03 1.298942322787976231e-03 0.000000000000000000e+00 0.000000000000000000e+00 1.307378100523701658e-03 1.280544288639065770e-03 9.647381790650829975e-04 0.000000000000000000e+00
0.000000000000000000e+00 0.000000000000000000e+00 0.000000000000000000e+00 0.000000000000000000e+00 5.032106282723380463e-04 0.000000000000000000e+00 0.000000000000000000e+00 0.000000000000000000e+00 1.369286086390143460e-03 1.339095366266725498e-03 0.000000000000000000e+00 0.000000000000000000e+00 1.354842014404971555e-03 1.318286321665778109e-03 9.676698880298202458e-04 0.000000000000000000e+00
0.000000000000000000e+00 0.000000000000000000e+00 0.000000000000000000e+00 0.000000000000000000e+00 4.895922506108493040e-04 0.000000000000000000e+00 0.000000000000000000e+00 0.000000000000000000e+00 1.341152713842961057e-03 1.309182082170316872e-03 0.000000000000000000e+00 0.000000000000000000e+00 1.325081164630614134e-03 1.286073485161952053e-03 9.670939612507274859e-04 0.000000000000000000e+00
0.000000000000000000e+00 0.000000000000000000e+00 0.000000000000000000e+00 0.000000000000000000e+00 4.982643109782262415e-04 0.000000000000000000e+00 0.000000000000000000e+00 0.000000000000000000e+00 1.340360805946020717e-03 1.316553668467475638e-03 0.000000000000000000e+00 0.000000000000000000e+00 1.318295993135893763e-03 1.288132066189550578e-03 9.764122166474330277e-04 0.000000000000000000e+00
0.000000000000000000e+00 0.000000000000000000e+00 0.000000000000000000e+00 0.000000000000000000e+00 4.771877907007021895e-04 0.000000000000000000e+00 0.000000000000000000e+00 0.000000000000000000e+00 1.326505861129000964e-03 1.303651122810721950e-03 0.000000000000000000e+00 0.000000000000000000e+00 1.306597486160925373e-03 1.277250463147024595e-03 9.752338794754318715e-04 0.000000000000000000e+00
0.000000000000000000e+00 0.000000000000000000e+00 0.000000000000000000e+00 0.000000000000000000e+00 4.890539548384649493e-04 0.000000000000000000e+00 0.000000000000000000e+00 0.000000000000000000e+00 1.339159092489983043e-03 1.312706007280099556e-03 0.000000000000000000e+00 0.000000000000000000e+00 1.321767459620588935e-03 1.289073362036922315e-03 9.691056003710809197e-04 0.000000000000000000e+00
0.000000000000000000e+00 0.000000000000000000e+00 0.000000000000000000e+00 0.000000000000000000e+00 4.822822606470861099e-04 0.000000000000000000e+00 0.000000000000000000e+00 0.000000000000000000e+00 1.323584149660193788e-03 1.303298704287842499e-03 0.000000000000000000e+00 0.000000000000000000e+00 1.302488551652100385e-03 1.271134254229905293e-03 9.799949655676467621e-04 0.000000000000000000e+00
0.000000000000000000e+00 0.000000000000000000e+00 0.000000000000000000e+00 0.000000000000000000e+00 4.899157040861608489e-04 0.000000000000000000e+00 0.000000000000000000e+00 0.000000000000000000e+00 1.347773472256438843e-03 1.319129547106825387e-03 0.000000000000000000e+00 0.000000000000000000e+00 1.332755051052767403e-03 1.300204619429444269e-03 9.727786409992081286e-04 0.000000000000000000e+00
0.000000000000000000e+00 0.000000000000000000e+00 0.000000000000000000e+00 0.000000000000000000e+00 5.001580652368619239e-04 0.000000000000000000e+00 0.000000000000000000e+00 0.000000000000000000e+00 1.333841197684122650e-03 1.317891604215625737e-03 0.000000000000000000e+00 0.000000000000000000e+00 1.320285770686325773e-03 1.297806316920220408e-03 9.726149728579083905e-04 0.000000000000000000e+00
0.000000000000000000e+00 0.000000000000000000e+00 0.000000000000000000e+00 0.000000000000000000e+00 5.083054709939854778e-04 0.000000000000000000e+00 0.000000000000000000e+00 0.000000000000000000e+00 1.333454883002799327e-03 1.295042706626454987e-03 0.000000000000000000e+00 0.000000000000000000e+00 1.319088009125138090e-03 1.275448399669550049e-03 9.688148597525918443e-04 0.000000000000000000e+00
0.000000000000000000e+00 0.000000000000000000e+00 0.000000000000000000e+00 0.000000000000000000e+00 4.763634500262595227e-04 0.000000000000000000e+00 0.000000000000000000e+00 0.000000000000000000e+00 1.337937691948650268e-03 1.312217930978648844e-03 0.000000000000000000e+00 0.000000000000000000e+00 1.308848194632137273e-03 1.274604745505290892e-03 9.644298620021510195e-04 0.000000000000000000e+00
0.000000000000000000e+00 0.000000000000000000e+00 0.000000000000000000e+00 0.000000000000000000e+00 4.917357121889885359e-04 0.000000000000000000e+00 0.000000000000000000e+00 0.000000000000000000e+00 1.333355401677715872e-03 1.307314844521617961e-03 0.000000000000000000e+00 0.000000000000000000e+00 1.315942783653597809e-03 1.282485640958734747e-03 9.693840851713062066e-04 0.000000000000000000e+00
0.000000000000000000e+00 0.000000000000000000e+00 0.000000000000000000e+00 0.000000000000000000e+00 4.953556876315268632e-04 0.000000000000000000e+00 0.000000000000000000e+00 0.000000000000000000e+00 1.346338147219822796e-03 1.324738627106526430e-03 0.000000000000000000e+00 0.000000000000000000e+00 1.339378034328836224e-03 1.308996857126581937e-03 9.763577021447880210e-04 0.000000000000000000e+00
0.000000000000000000e+00 0.000000000000000000e+00 0.000000000000000000e+00 0.000000000000000000e+00 4.887491840517476033e-04 0.000000000000000000e+00 0.000000000000000000e+00 0.000000000000000000e+00 1.358026630150936664e-03 1.334051580581316907e-03 0.000000000000000000e+00 0.000000000000000000e+00 1.342734650153574799e-03 1.310855757515766787e-03 9.694119640156201442e-04 0.000000000000000000e+00
0.000000000000000000e+00 0.000000000000000000e+00 0.000000000000000000e+00 0.000000000000000000e+00 4.983681089395509663e-04 0.000000000000000000e+00 0.000000000000000000e+00 0.000000000000000000e+00 1.367285906785031162e-03 1.338332711578100282e-03 0.000000000000000000e+00 0.000000000000000000e+00 1.346584639279817296e-03 1.312291962429584747e-03 9.741725497646497485e-04 0.000000000000000000e+00
0.000000000000000000e+00 0.000000000000000000e+00 0.000000000000000000e+00 0.000000000000000000e+00 4.977902769676965152e-04 0.000000000000000000e+00 0.000000000000000000e+00 0.000000000000000000e+00 1.353383564547088434e-03 1.329837129513220624e-03 0.000000000000000000e+00 0.000000000000000000e+00 1.333545128142321623e-03 1.304652210310001080e-03 9.693652294828485495e-04 0.000000000000000000e+00
0.000000000000000000e+00 0.000000000000000000e+00 0.000000000000000000e+00 0.000000000000000000e+00 4.908003314700995273e-04 0.000000000000000000e+00 0.000000000000000000e+00 0.000000000000000000e+00 1.354392090228736861e-03 1.324686181282046498e-03 0.000000000000000000e+00 0.000000000000000000e+00 1.331048759880149512e-03 1.295533593217038180e-03 9.731484094704835218e-04 0.000000000000000000e+00
0.000000000000000000e+00 0.000000000000000000e+00 0.000000000000000000e+00 0.000000000000000000e+00 5.031327348238446694e-04 0.000000000000000000e+00 0.000000000000000000e+00 0.000000000000000000e+00 1.348336066569565724e-03 1.312729062217080555e-03 0.000000000000000000e+00 0.000000000000000000e+00 1.331785664830030481e-03 1.289387471221861790e-03 9.764323627663841574e-04 0.000000000000000000e+00
0.000000000000000000e+00 0.000000000000000000e+00 0.000000000000000000e+00 0.000000000000000000e+00 4.911778735751462250e-04 0.000000000000000000e+00 0.000000000000000000e+00 0.000000000000000000e+00 1.361114860193502439e-03 1.340108125492390579e-03 0.000000000000000000e+00 0.000000000000000000e+00 1.343266038805938575e-03 1.316595167933661166e-03 9.776948442643364819e-04 0.000000000000000000e+00
0.000000000000000000e+00 0.000000000000000000e+00 0.000000000000000000e+00 0.000000000000000000e+00 4.743406584369096657e-04 0.000000000000000000e+00 0.000000000000000000e+00 0.000000000000000000e+00 1.332446810005721502e-03 1.307494261287340045e-03 0.000000000000000000e+00 0.000000000000000000e+00 1.316600375530989353e-03 1.287270217940113520e-03 9.720497733009768587e-04 0.000000000000000000e+00
0.000000000000000000e+00 0.000000000000000000e+00 0.000000000000000000e+00 0.000000000000000000e+00 4.916754219262967551e-04 0.000000000000000000e+00 0.000000000000000000e+00 0.000000000000000000e+00 1.338581101931701723e-03 1.310110785841772478e-03 0.000000000000000000e+00 0.000000000000000000e+00 1.312297669232986115e-03 1.276257805492176907e-03 9.671032997147751067e-04 0.000000000000000000e+00
0.000000000000000000e+00 0.000000000000000000e+00 0.000000000000000000e+00 0.000000000000000000e+00 4.953014671582835942e-04 0.000000000000000000e+00 0.000000000000000000e+00 0.000000000000000000e+00 1.326657778470719060e-03 1.298791415457314913e-03 0.000000000000000000e+00 0.000000000000000000e+00 1.311264490900959558e-03 1.277964797069097063e-03 9.722272560133851747e-04 0.000000000000000000e+00
0.000000000000000000e+00 0.000000000000000000e+00 0.000000000000000000e+00 0.000000000000000000e+00 4.958981912335400045e-04 0.000000000000000000e+00 0.000000000000000000e+00 0.000000000000000000e+00 1.349240928816226219e-03 1.321372457746859859e-03 0.000000000000000000e+00 0.000000000000000000e+00 1.325727614492796559e-03 1.290395073530416735e-03 9.741203375753650995e-04 0.000000000000000000e+00
0.000000000000000000e+00 0.000000000000000000e+00 0.000000000000000000e+00 0.000000000000000000e+00 4.994094904184976161e-04 0.000000000000000000e+00 0.000000000000000000e+00 0.000000000000000000e+00 1.357329505487038512e-03 1.324631769154535578e-03 0.000000000000000000e+00 0.000000000000000000e+00 1.342277507826623211e-03 1.302775638605399838e-03 9.655241763009524006e-04 0.000000000000000000e+00
0.000000000000000000e+00 0.000000000000000000e+00 0.000000000000000000e+00 0.000000000000000000e+00 4.674032794344761791e-04 0.000000000000000000e+00 0.000000000000000000e+00 0.000000000000000000e+00 1.312523582172439932e-03 1.289248590623745224e-03 0.000000000000000000e+00 0.000000000000000000e+00 1.301683900087152908e-03 1.274173344106235665e-03 9.633557066494026705e-04 0.000000000000000000e+00
0.000000000000000000e+00 0.000000000000000000e+00 0.000000000000000000e+00 0.000000000000000000e+00 4.969789480547462781e-04 0.000000000000000000e+00 0.000000000000000000e+00 0.000000000000000000e+00 1.350857403238291945e-03 1.325026680069095204e-03 0.000000000000000000e+00 0.000000000000000000e+00 1.328224584965867006e-03 1.293039225024763530e-03 9.638132681332427102e-04 0.000000000000000000e+00
0.000000000000000000e+00 0.000000000000000000e+00 0.000000000000000000e+00 0.000000000000000000e+00 4.774043844694775881e-04 0.000000000000000000e+00 0.000000000000000000e+00 0.000000000000000000e+00 1.333993386974927694e-03 1.313011928313119513e-03 0.000000000000000000e+00 0.000000000000000000e+00 1.318703237304479081e-03 1.291112109221581291e-03 9.639822523044903977e-04 0.000000000000000000e+00
0.000000000000000000e+00 0.000000000000000000e+00 0.000000000000000000e+00 0.000000000000000000e+00 4.904603075118608817e-04 0.000000000000000000e+00 0.000000000000000000e+00 0.000000000000000000e+00 1.335176116783588860e-03 1.308752791454979945e-03 0.000000000000000000e+00 0.000000000000000000e+00 1.324494718075589286e-03 1.292959156695391897e-03 9.686005800336001600e-04 0.000000000000000000e+00
0.000000000000000000e+00 0.000000000000000000e+00 0.000000000000000000e+00 0.000000000000000000e+00 4.891194653521311686e-04 0.000000000000000000e+00 0.000000000000000000e+00 0.000000000000000000e+00 1.332732318429045168e-03 1.302064749734696330e-03 0.000000000000000000e+00 0.000000000000000000e+00 1.316110312631539039e-03 1.279769314717449629e-03 9.591856571845816960e-04 0.000000000000000000e+00
0.000000000000000000e+00 0.000000000000000000e+00 0.000000000000000000e+00 0.000000000000000000e+00 4.728921003229160291e-04 0.000000000000000000e+00 0.000000000000000000e+00 0.000000000000000000e+00 1.319472440628507992e-03 1.302134671928243444e-03 0.000000000000000000e+00 0.000000000000000000e+00 1.308227282658996600e-03 1.284223117195030725e-03 9.688761638289450102e-04 0.000000000000000000e+00
0.000000000000000000e+00 0.000000000000000000e+00 0.000000000000000000e+00 0.000000000000000000e+00 4.916629327535195198e-04 0.000000000000000000e+00 0.000000000000000000e+00 0.000000000000000000e+00 1.330264404388551780e-03 1.298776820191184685e-03 0.000000000000000000e+00 0.000000000000000000e+00 1.310236082814575723e-03 1.273425153872421219e-03 9.698073167255416745e-04 0.000000000000000000e+00
0.000000000000000000e+00 0.000000000000000000e+00 0.000000000000000000e+00 0.000000000000000000e+00 4.802974802002178863e-04 0.000000000000000000e+00 0.000000000000000000e+00 0.000000000000000000e+00 1.314678361764792499e-03 1.297751602006992633e-03 0.000000000000000000e+00 0.000000000000000000e+00 1.298819284355820025e-03 1.276500746854649163e-03 9.591999893394797952e-04 0.000000000000000000e+00
0.000000000000000000e+00 0.000000000000000000e+00 0.000000000000000000e+00 0.000000000000000000e+00 4.869794652140983782e-04 0.000000000000000000e+00 0.000000000000000000e+00 0.000000000000000000e+00 1.341249483639459731e-03 1.314571797255369200e-03 0.000000000000000000e+00 0.000000000000000000e+00 1.327219950187834589e-03 1.295503194880465430e-03 9.683601242425164809e-04 0.000000000000000000e+00
0.000000000000000000e+00 0.000000000000000000e+00 0.000000000000000000e+00 0.000000000000000000e+00 4.839230996370641512e-04 0.000000000000000000e+00 0.000000000000000000e+00 0.000000000000000000e+00 1.333573369358777945e-03 1.304676412789143852e-03 0.000000000000000000e+00 0.000000000000000000e+00 1.311790336782338307e-03 1.277237058652291651e-03 9.717133276515815647e-04 0.000000000000000000e+00
0.000000000000000000e+00 0.000000000000000000e+00 0.000000000000000000e+00 0.000000000000000000e+00 4.835238467581381332e-04 0.000000000000000000e+00 0.000000000000000000e+00 0.000000000000000000e+00 1.336386145519916600e-03 1.314943907447180824e-03 0.000000000000000000e+00 0.000000000000000000e+00 1.317821803165947214e-03 1.290746676224822399e-03 9.687891612370150155e-04 0.000000000000000000e+00
0.000000000000000000e+00 0.000000000000000000e+00 0.000000000000000000e+00 0.000000000000000000e+00 5.089070188029284642e-04 0.000000000000000000e+00 0.000000000000000000e+00 0.000000000000000000e+00 1.345728423120066356e-03 1.318522075498246250e-03 0.000000000000000000e+00 0.000000000000000000e+00 1.330706605241949517e-03 1.299452751540078636e-03 9.632027914263389858e-04 0.000000000000000000e+00
0.000000000000000000e+00 0.000000000000000000e+00 0.000000000000000000e+00 0.000000000000000000e+00 4.870279487075222205e-04 0.000000000000000000e+00 0.000000000000000000e+00 0.000000000000000000e+00 1.338099525310262883e-03 1.315901469127636440e-03 0.000000000000000000e+00 0.000000000000000000e+00 1.319278621784371504e-03 1.289205227221270527e-03 9.750814423157554579e-04 0.000000000000000000e+00
0.000000000000000000e+00 0.000000000000000000e+00 0.000000000000000000e+00 0.000000000000000000e+00 4.784501083382768820e-04 0.000000000000000000e+00 0.000000000000000000e+00 0.000000000000000000e+00 1.353081269382481501e-03 1.333645940611305697e-03 0.000000000000000000e+00 0.000000000000000000e+00 1.335585861245558188e-03 1.310409832600999440e-03 9.812229961531247421e-04 0.000000000000000000e+00
0.000000000000000000e+00 0.000000000000000000e+00 0.000000000000000000e+00 0.000000000000000000e+00 4.941172217409632366e-04 0.000000000000000000e+00 0.000000000000000000e+00 0.000000000000000000e+00 1.349283863339899086e-03 1.328887856077492265e-03 0.000000000000000000e+00 0.000000000000000000e+00 1.334472365833689255e-03 1.307993464888035319e-03 9.619606626675946109e-04 0.000000000000000000e+00
0.000000000000000000e+00 0.000000000000000000e+00 0.000000000000000000e+00 0.000000000000000000e+00 4.759543122762600301e-04 0.000000000000000000e+00 0.000000000000000000e+00 0.000000000000000000e+00 1.332347418287142338e-03 1.311791623245287496e-03 0.000000000000000000e+00 0.000000000000000000e+00 1.303687384992284135e-03 1.275198052132414011e-03 9.698342986891758622e-04 0.000000000000000000e+00
0.000000000000000000e+00 0.000000000000000000e+00 0.000000000000000000e+00 0.000000000000000000e+00 4.731949835144964845e-04 0.000000000000000000e+00 0.000000000000000000e+00 0.000000000000000000e+00 1.325393414188633275e-03 1.303957712626677406e-03 0.000000000000000000e+00 0.000000000000000000e+00 1.310181831838572739e-03 1.284249052273336378e-03 9.598278748773337839e-04 0.000000000000000000e+00
0.000000000000000000e+00 0.000000000000000000e+00 0.000000000000000000e+00 0.000000000000000000e+00 4.886187894823008394e-04 0.000000000000000000e+00 0.000000000000000000e+00 0.000000000000000000e+00 1.351680956037558867e-03 1.325945541576671561e-03 0.000000000000000000e+00 0.000000000000000000e+00 1.331538806366321104e-03 1.297774323096974542e-03 9.733308920470784640e-04 0.000000000000000000e+00
0.000000000000000000e+00 0.000000000000000000e+00 0.000000000000000000e+00 0.000000000000000000e+00 4.901800659289251875e-04 0.000000000000000000e+00 0.000000000000000000e+00 0.000000000000000000e+00 1.334889869008788667e-03 1.314779975511293567e-03 0.000000000000000000e+00 0.000000000000000000e+00 1.313812498064616165e-03 1.288935027796432641e-03 9.721583971751814003e-04 0.000000000000000000e+00
0.000000000000000000e+00 0.000000000000000000e+00 0.000000000000000000e+00 0.000000000000000000e+00 4.978473393828430557e-04 0.000000000000000000e+00 0.000000000000000000e+00 0.000000000000000000e+00 1.342396610278498133e-03 1.316323869779627547e-03 0.000000000000000000e+00 0.000000000000000000e+00 1.328126347682395680e-03 1.297909022941699624e-03 9.656655270833204487e-04 0.000000000000000000e+00
0.000000000000000000e+00 0.000000000000000000e+00 0.000000000000000000e+00 0.000000000000000000e+00 5.007575228241045425e-04 0.000000000000000000e+00 0.000000000000000000e+00 0.000000000000000000e+00 1.342241028642651929e-03 1.316536566244736741e-03 0.000000000000000000e+00 0.000000000000000000e+00 1.322033697648154543e-03 1.286895003281384635e-03 9.701990337290810913e-04 0.000000000000000000e+00
0.000000000000000000e+00 0.000000000000000000e+00 0.000000000000000000e+00 0.000000000000000000e+00 4.998813207928556922e-04 0.000000000000000000e+00 0.000000000000000000e+00 0.000000000000000000e+00 1.355510469538679296e-03 1.336334333899095225e-03 0.000000000000000000e+00 0.000000000000000000e+00 1.337464203989667186e-03 1.309125729838249690e-03 9.650285204418250972e-04 0.000000000000000000e+00
0.000000000000000000e+00 0.000000000000000000e+00 0.000000000000000000e+00 0.000000000000000000e+00 4.674097904151792277e-04 0.000000000000000000e+00 0.000000000000000000e+00 0.000000000000000000e+00 1.340800129047680592e-03 1.314161905510494817e-03 0.000000000000000000e+00 0.000000000000000000e+00 1.321619589629133068e-03 1.288378298681241161e-03 9.724547281593215594e-04 0.000000000000000000e+00
0.000000000000000000e+00 0.000000000000000000e+00 0.000000000000000000e+00 0.000000000000000000e+00 4.907724131368343097e-04 0.000000000000000000e+00 0.000000000000000000e+00 0.000000000000000000e+00 1.338555039464821338e-03 1.311519672085665689e-03 0.000000000000000000e+00 0.000000000000000000e+00 1.324198310451893965e-03 1.290969691697942947e-03 9.712249978242900152e-04 0.000000000000000000e+00
0.000000000000000000e+00 0.000000000000000000e+00 0.000000000000000000e+00 0.000000000000000000e+00 4.989881829133703366e-04 0.000000000000000000e+00 0.000000000000000000e+00 0.000000000000000000e+00 1.334461672716374687e-03 1.307408006355413946e-03 0.000000000000000000e+00 0.000000000000000000e+00 1.324177913746947630e-03 1.294631527535384163e-03 9.648385753633671735e-04 0.000000000000000000e+00
0.000000000000000000e+00 0.000000000000000000e+00 0.000000000000000000e+00 0.000000000000000000e+00 4.765279894489955282e-04 0.000000000000000000e+00 0.000000000000000000e+00 0.000000000000000000e+00 1.317145609065929670e-03 1.299034628116633484e-03 0.000000000000000000e+00 0.000000000000000000e+00 1.293318871637621137e-03 1.270452236523958228e-03 9.641836492819346079e-04 0.000000000000000000e+00
0.000000000000000000e+00 0.000000000000000000e+00 0.000000000000000000e+00 0.000000000000000000e+00 4.924492472332011976e-04 0.000000000000000000e+00 0.000000000000000000e+00 0.000000000000000000e+00 1.349484359557936997e-03 1.324763527666934738e-03 0.000000000000000000e+00 0.000000000000000000e+00 1.326391458344613463e-03 1.293946873904269507e-03 9.715335635659910849e-04 0.000000000000000000e+00
0.000000000000000000e+00 0.000000000000000000e+00 0.000000000000000000e+00 0.000000000000000000e+00 4.979981012602189986e-04 0.000000000000000000e+00 0.000000000000000000e+00 0.000000000000000000e+00 1.344035038193388924e-03 1.316267762945482703e-03 0.000000000000000000e+00 0.000000000000000000e+00 1.320680012485712408e-03 1.285020019602962915e-03 9.665102972255957669e-04 0.000000000000000000e+00
0.000000000000000000e+00 0.000000000000000000e+00 0.000000000000000000e+00 0.000000000000000000e+00 4.985700088315335324e-04 0.000000000000000000e+00 0.000000000000000000e+00 0.000000000000000000e+00 1.336403252246648162e-03 1.306065903869680408e-03 0.000000000000000000e+00 0.000000000000000000e+00 1.315632945041055567e-03 1.277716812957813185e-03 9.749322659504468551e-04 0.000000000000000000e+00
0.000000000000000000e+00 0.000000000000000000e+00 0.000000000000000000e+00 0.000000000000000000e+00 4.989379668578313972e-04 0.000000000000000000e+00 0.000000000000000000e+00 0.000000000000000000e+00 1.341992405049990912e-03 1.312827703109950605e-03 0.000000000000000000e+00 0.000000000000000000e+00 1.321070820468469567e-03 1.284100158656800413e-03 9.680638642642158762e-04 0.000000000000000000e+00
0.000000000000000000e+00 0.000000000000000000e+00 0.000000000000000000e+00 0.000000000000000000e+00 4.784952785810750973e-04 0.000000000000000000e+00 0.000000000000000000e+00 0.000000000000000000e+00 1.334884041423670641e-03 1.313876289538635968e-03 0.000000000000000000e+00 0.000000000000000000e+00 1.315981380469467919e-03 1.288636497763622542e-03 9.661138923292586587e-04 0.000000000000000000e+00
0.000000000000000000e+00 0.000000000000000000e+00 0.000000000000000000e+00 0.000000000000000000e+00 4.841466054475251999e-04 0.000000000000000000e+00 0.000000000000000000e+00 0.000000000000000000e+00 1.332502684352238889e-03 1.305188541188643473e-03 0.000000000000000000e+00 0.000000000000000000e+00 1.312358903240264715e-03 1.276879563290369939e-03 9.786130521975166304e-04 0.000000000000000000e+00
0.000000000000000000e+00 0.000000000000000000e+00 0.000000000000000000e+00 0.000000000000000000e+00 4.795175787933186082e-04 0.000000000000000000e+00 0.000000000000000000e+00 0.000000000000000000e+00 1.322497704673686976e-03 1.301540450065996309e-03 0.000000000000000000e+00 0.000000000000000000e+00 1.302964087407212966e-03 1.277117268434096705e-03 9.616518025469525041e-04 0.000000000000000000e+00
0.000000000000000000e+00 0.000000000000000000e+00 0.000000000000000000e+00 0.000000000000000000e+00 5.049897377732196456e-04 0.000000000000000000e+00 0.000000000000000000e+00 0.000000000000000000e+00 1.330137481143692279e-03 1.302769850161378425e-03 0.000000000000000000e+00 0.000000000000000000e+00 1.322471184603063931e-03 1.288397037141384739e-03 9.676566351072408935e-04 0.000000000000000000e+00
0.000000000000000000e+00 0.000000000000000000e+00 0.000000000000000000e+00 0.000000000000000000e+00 5.048872772907725707e-04 0.000000000000000000e+00 0.000000000000000000e+00 0.000000000000000000e+00 1.361355798631484152e-03 1.334594073606618124e-03 0.000000000000000000e+00 0.000000000000000000e+00 1.338262314245325726e-03 1.304379098206440634e-03 9.802142604160362597e-04 0.000000000000000000e+00
0.000000000000000000e+00 0.000000000000000000e+00 0.000000000000000000e+00 0.000000000000000000e+00 4.880891047121885002e-04 0.000000000000000000e+00 0.000000000000000000e+00 0.000000000000000000e+00 1.329017519719818225e-03 1.302839708870999957e-03 0.000000000000000000e+00 0.000000000000000000e+00 1.311303456528388652e-03 1.282334079300234339e-03 9.687899234642589029e-04 0.000000000000000000e+00
0.000000000000000000e+00 0.000000000000000000e+00 0.000000000000000000e+00 0.000000000000000000e+00 4.831988222973119520e-04 0.000000000000000000e+00 0.000000000000000000e+00 0.000000000000000000e+00 1.327073286718120177e-03 1.309016409712998640e-03 0.000000000000000000e+00 0.000000000000000000e+00 1.308658325426387747e-03 1.284440355705487608e-03 9.688212640600567249e-04 0.000000000000000000e+00
0.000000000000000000e+00 0.000000000000000000e+00 0.000000000000000000e+00 0.000000000000000000e+00 4.906145523176710932e-04 0.000000000000000000e+00 0.000000000000000000e+00 0.000000000000000000e+00 1.318899972215902298e-03 1.294570293606804763e-03 0.000000000000000000e+00 0.000000000000000000e+00 1.294920398342308760e-03 1.262358889254562013e-03 9.624640831294753148e-04 0.000000000000000000e+00
0.000000000000000000e+00 0.000000000000000000e+00 0.000000000000000000e+00 0.000000000000000000e+00 4.902784744983507918e-04 0.000000000000000000e+00 0.000000000000000000e+00 0.000000000000000000e+00 1.344717808627100006e-03 1.322223260122347248e-03 0.000000000000000000e+00 0.000000000000000000e+00 1.321550685684050232e-03 1.293628913562076040e-03 9.628934064168761034e-04 0.000000000000000000e+00
0.000000000000000000e+00 0.000000000000000000e+00 0.000000000000000000e+00 0.000000000000000000e+00 4.743104104974925827e-04 0.000000000000000000e+00 0.000000000000000000e+00 0.000000000000000000e+00 1.332646022133557404e-03 1.313192891510910586e-03 0.000000000000000000e+00 0.000000000000000000e+00 1.312397934126882919e-03 1.284622970381466825e-03 9.638193508294248465e-04 0.000000000000000000e+00
0.000000000000000000e+00 0.000000000000000000e+00 0.000000000000000000e+00 0.000000000000000000e+00 5.102645373839915458e-04 0.000000000000000000e+00 0.000000000000000000e+00 0.000000000000000000e+00 1.336274218489286484e-03 1.309827674515860220e-03 0.000000000000000000e+00 0.000000000000000000e+00 1.322176472228382043e-03 1.288014754068729202e-03 9.690328839982827657e-04 0.000000000000000000e+00
0.000000000000000000e+00 0.000000000000000000e+00 0.000000000000000000e+00 0.000000000000000000e+00 4.819172308041634340e-04 0.000000000000000000e+00 0.000000000000000000e+00 0.000000000000000000e+00 1.323669679965693100e-03 1.300275431743263578e-03 0.000000000000000000e+00 0.000000000000000000e+00 1.303360525110427081e-03 1.272128260388361671e-03 9.690131328208483009e-04 0.000000000000000000e+00
0.000000000000000000e+00 0.000000000000000000e+00 0.000000000000000000e+00 0.000000000000000000e+00 4.863698554028154800e-04 0.000000000000000000e+00 0.000000000000000000e+00 0.000000000000000000e+00 1.326218209165964381e-03 1.303313972215957217e-03 0.000000000000000000e+00 0.000000000000000000e+00 1.312049068479985599e-03 1.282258085661766404e-03 9.636432769412449232e-04 0.000000000000000000e+00
0.000000000000000000e+00 0.000000000000000000e+00 0.000000000000000000e+00 0.000000000000000000e+00 4.914049470706487654e-04 0.000000000000000000e+00 0.000000000000000000e+00 0.000000000000000000e+00 1.326141763530231093e-03 1.296439181082375582e-03 0.000000000000000000e+00 0.000000000000000000e+00 1.312599640421890663e-03 1.276062851122896453e-03 9.668440872418259746e-04 0.000000000000000000e+00
0.000000000000000000e+00 0.000000000000000000e+00 0.000000000000000000e+00 0.000000000000000000e+00 4.868921405725725707e-04 0.000000000000000000e+00 0.000000000000000000e+00 0.000000000000000000e+00 1.337657797399754425e-03 1.311590108956779428e-03 0.000000000000000000e+00 0.000000000000000000e+00 1.320362647707464540e-03 1.288763961722208225e-03 9.697176411007945619e-04 0.000000000000000000e+00
0.000000000000000000e+00 0.000000000000000000e+00 0.000000000000000000e+00 0.000000000000000000e+00 4.948371353665446124e-04 0.000000000000000000e+00 0.000000000000000000e+00 0.000000000000000000e+00 1.357653603929195613e-03 1.323782051414868800e-03 0.000000000000000000e+00 0.000000000000000000e+00 1.335544495076133658e-03 1.294919289731489296e-03 9.708231322723996290e-04 0.000000000000000000e+00
0.000000000000000000e+00 0.000000000000000000e+00 0.000000000000000000e+00 0.000000000000000000e+00 4.804754129067105150e-04 0.000000000000000000e+00 0.000000000000000000e+00 0.000000000000000000e+00 1.331161569977919006e-03 1.312372484685694809e-03 0.000000000000000000e+00 0.000000000000000000e+00 1.318840446244038626e-03 1.295128242416542994e-03 9.669293242816610380e-04 0.000000000000000000e+00
0.000000000000000000e+00 0.000000000000000000e+00 0.000000000000000000e+00 0.000000000000000000e+00 4.754959555537134532e-04 0.000000000000000000e+00 0.000000000000000000e+00 0.000000000000000000e+00 1.323648725664068517e-03 1.296510270900374249e-03 0.000000000000000000e+00 0.000000000000000000e+00 1.307230250992676883e-03 1.273727631634542952e-03 9.683161599834545340e-04 0.000000000000000000e+00
0.000000000000000000e+00 0.000000000000000000e+00 0.000000000000000000e+00 0.000000000000000000e+00 4.854390090527909048e-04 0.000000000000000000e+00 0.000000000000000000e+00 0.000000000000000000e+00 1.337377033057271817e-03 1.313527669235607133e-03 0.000000000000000000e+00 0.000000000000000000e+00 1.324936958631500652e-03 1.296606525386453154e-03 9.606779099296318099e-04 0.000000000000000000e+00
