# {'chrom': '22', 'window_id': '0', 'statistic': 'H2', 'bounds': [16000000, 34000000], 'span': 18000000, 'n_sites': 8489302, 'coverage': 47.16, 'right_discontinuous': False, 'rows': "{0: 'Altai', 1: 'Chagyrskaya', 2: 'Denisova', 3: 'French-1', 4: 'Han-1', 5: 'Khomani_San-2', 6: 'Papuan-2', 7: 'Vindija', 8: 'Yoruba-1', 9: 'Yoruba-3'}"}
1.300000000000000000e+01 3.900000000000000000e+01 1.550000000000000000e+02 3.480000000000000000e+02 6.220000000000000000e+02 1.395000000000000000e+03 1.678000000000000000e+03 3.348000000000000000e+03 9.372000000000000000e+03 9.987000000000000000e+03 9.680000000000000000e+03 1.949600000000000000e+04 1.584600000000000000e+04 1.630700000000000000e+04 4.649100000000000000e+04 4.316200000000000000e+04 1.488720000000000000e+05 3.215950000000000000e+05 5.808210000000000000e+05
2.300000000000000000e+01 3.000000000000000000e+01 9.800000000000000000e+01 8.700000000000000000e+01 2.250000000000000000e+02 5.990000000000000000e+02 7.920000000000000000e+02 1.132000000000000000e+03 2.775000000000000000e+03 2.561000000000000000e+03 3.707000000000000000e+03 7.120000000000000000e+03 8.007000000000000000e+03 8.172000000000000000e+03 2.253300000000000000e+04 4.098000000000000000e+04 5.707800000000000000e+04 1.579940000000000000e+05 3.611100000000000000e+05
2.100000000000000000e+01 1.800000000000000000e+01 4.400000000000000000e+01 1.240000000000000000e+02 2.840000000000000000e+02 7.900000000000000000e+02 1.067000000000000000e+03 1.787000000000000000e+03 3.609000000000000000e+03 4.561000000000000000e+03 7.083000000000000000e+03 1.027200000000000000e+04 1.337000000000000000e+04 1.368800000000000000e+04 3.013000000000000000e+04 4.488400000000000000e+04 1.026680000000000000e+05 3.353030000000000000e+05 6.641610000000000000e+05
1.105000000000000000e+03 6.060000000000000000e+02 6.100000000000000000e+02 7.540000000000000000e+02 1.319000000000000000e+03 3.699000000000000000e+03 6.869000000000000000e+03 9.973000000000000000e+03 2.081400000000000000e+04 2.399800000000000000e+04 3.439400000000000000e+04 6.227000000000000000e+04 6.689500000000000000e+04 1.489610000000000000e+05 3.702540000000000000e+05 5.777870000000000000e+05 1.116107000000000000e+06 3.800836000000000000e+06 6.495907000000000000e+06
1.220000000000000000e+03 8.450000000000000000e+02 9.710000000000000000e+02 7.880000000000000000e+02 1.285000000000000000e+03 3.904000000000000000e+03 7.257000000000000000e+03 1.299100000000000000e+04 2.809100000000000000e+04 2.868600000000000000e+04 3.623800000000000000e+04 6.475800000000000000e+04 7.563900000000000000e+04 1.197680000000000000e+05 3.121290000000000000e+05 5.509470000000000000e+05 1.101160000000000000e+06 3.823279000000000000e+06 6.618905000000000000e+06
1.548000000000000000e+03 1.132000000000000000e+03 1.092000000000000000e+03 1.002000000000000000e+03 1.835000000000000000e+03 6.129000000000000000e+03 1.116700000000000000e+04 1.849400000000000000e+04 3.840300000000000000e+04 4.414700000000000000e+04 5.776800000000000000e+04 1.102010000000000000e+05 1.337340000000000000e+05 2.361820000000000000e+05 6.763730000000000000e+05 1.178725000000000000e+06 2.293574000000000000e+06 7.502452000000000000e+06 1.418272600000000000e+07
6.060000000000000000e+02 4.560000000000000000e+02 5.760000000000000000e+02 5.780000000000000000e+02 1.276000000000000000e+03 3.891000000000000000e+03 5.769000000000000000e+03 1.096400000000000000e+04 2.216300000000000000e+04 2.417600000000000000e+04 2.813200000000000000e+04 6.441100000000000000e+04 7.057700000000000000e+04 9.281000000000000000e+04 2.727010000000000000e+05 4.802400000000000000e+05 9.856350000000000000e+05 2.854325000000000000e+06 3.816845000000000000e+06
5.500000000000000000e+01 7.600000000000000000e+01 2.440000000000000000e+02 4.290000000000000000e+02 6.890000000000000000e+02 1.618000000000000000e+03 2.037000000000000000e+03 3.777000000000000000e+03 1.021100000000000000e+04 1.110400000000000000e+04 1.186900000000000000e+04 2.191200000000000000e+04 1.034300000000000000e+04 1.050600000000000000e+04 4.394400000000000000e+04 7.057400000000000000e+04 1.716330000000000000e+05 4.175420000000000000e+05 6.758730000000000000e+05
1.311000000000000000e+03 9.900000000000000000e+02 1.164000000000000000e+03 1.039000000000000000e+03 1.689000000000000000e+03 5.459000000000000000e+03 8.871000000000000000e+03 1.652300000000000000e+04 3.409100000000000000e+04 3.946100000000000000e+04 5.504700000000000000e+04 1.041790000000000000e+05 1.474030000000000000e+05 2.253380000000000000e+05 6.006410000000000000e+05 1.124110000000000000e+06 2.238239000000000000e+06 7.684580000000000000e+06 1.396404300000000000e+07
1.086000000000000000e+03 8.900000000000000000e+02 1.245000000000000000e+03 1.288000000000000000e+03 2.202000000000000000e+03 6.827000000000000000e+03 1.071000000000000000e+04 1.881700000000000000e+04 3.912800000000000000e+04 4.857300000000000000e+04 6.434900000000000000e+04 1.353140000000000000e+05 1.632650000000000000e+05 2.140750000000000000e+05 6.873330000000000000e+05 1.270368000000000000e+06 2.433735000000000000e+06 8.038739000000000000e+06 1.446917300000000000e+07
