# {'chrom': '22', 'window_id': '1', 'statistic': 'H2', 'bounds': [34000000, 52000000], 'span': 18000000, 'n_sites': 10553280, 'coverage': 58.63, 'right_discontinuous': True, 'rows': "{0: 'Altai', 1: 'Chagyrskaya', 2: 'Denisova', 3: 'French-1', 4: 'Han-1', 5: 'Khomani_San-2', 6: 'Papuan-2', 7: 'Vindija', 8: 'Yoruba-1', 9: 'Yoruba-3'}"}
1.100000000000000000e+01 1.600000000000000000e+01 3.200000000000000000e+01 8.900000000000000000e+01 2.550000000000000000e+02 8.340000000000000000e+02 1.258000000000000000e+03 2.000000000000000000e+03 4.609000000000000000e+03 5.086000000000000000e+03 7.014000000000000000e+03 1.334600000000000000e+04 1.940400000000000000e+04 3.484200000000000000e+04 8.883400000000000000e+04 5.989600000000000000e+04 1.125680000000000000e+05 2.473050000000000000e+05 3.199940000000000000e+05
5.000000000000000000e+00 4.000000000000000000e+00 1.700000000000000000e+01 1.900000000000000000e+01 3.400000000000000000e+01 3.720000000000000000e+02 7.470000000000000000e+02 1.201000000000000000e+03 2.542000000000000000e+03 2.930000000000000000e+03 3.437000000000000000e+03 3.643000000000000000e+03 4.446000000000000000e+03 7.197000000000000000e+03 1.189000000000000000e+04 3.900900000000000000e+04 4.953000000000000000e+04 1.183510000000000000e+05 6.723600000000000000e+04
8.500000000000000000e+01 8.200000000000000000e+01 1.020000000000000000e+02 1.580000000000000000e+02 3.500000000000000000e+02 1.172000000000000000e+03 1.698000000000000000e+03 2.600000000000000000e+03 6.135000000000000000e+03 6.910000000000000000e+03 1.085700000000000000e+04 2.069100000000000000e+04 2.372800000000000000e+04 3.928100000000000000e+04 8.524600000000000000e+04 1.486120000000000000e+05 2.465130000000000000e+05 7.786410000000000000e+05 1.201932000000000000e+06
1.150000000000000000e+03 8.820000000000000000e+02 1.300000000000000000e+03 1.254000000000000000e+03 1.953000000000000000e+03 6.212000000000000000e+03 1.144100000000000000e+04 1.811300000000000000e+04 4.175800000000000000e+04 5.057100000000000000e+04 6.669400000000000000e+04 1.500040000000000000e+05 1.838230000000000000e+05 2.776100000000000000e+05 7.611220000000000000e+05 1.157955000000000000e+06 2.187084000000000000e+06 6.110146000000000000e+06 1.051356800000000000e+07
1.058000000000000000e+03 4.110000000000000000e+02 7.720000000000000000e+02 9.860000000000000000e+02 1.388000000000000000e+03 4.639000000000000000e+03 8.918000000000000000e+03 1.537100000000000000e+04 3.729000000000000000e+04 4.276000000000000000e+04 5.632600000000000000e+04 1.025360000000000000e+05 1.293010000000000000e+05 2.124720000000000000e+05 6.158150000000000000e+05 8.537360000000000000e+05 1.524073000000000000e+06 4.666413000000000000e+06 7.793625000000000000e+06
7.510000000000000000e+02 7.180000000000000000e+02 9.780000000000000000e+02 1.457000000000000000e+03 2.540000000000000000e+03 8.202000000000000000e+03 1.340100000000000000e+04 2.498600000000000000e+04 5.608400000000000000e+04 6.738600000000000000e+04 9.047300000000000000e+04 1.897350000000000000e+05 2.644600000000000000e+05 4.922260000000000000e+05 1.326902000000000000e+06 2.067711000000000000e+06 3.304054000000000000e+06 1.019527800000000000e+07 1.629294900000000000e+07
5.300000000000000000e+02 2.260000000000000000e+02 4.890000000000000000e+02 5.600000000000000000e+02 9.580000000000000000e+02 3.500000000000000000e+03 6.592000000000000000e+03 1.190800000000000000e+04 2.752900000000000000e+04 3.531700000000000000e+04 4.303600000000000000e+04 6.387300000000000000e+04 7.732500000000000000e+04 1.098180000000000000e+05 3.695780000000000000e+05 5.251410000000000000e+05 7.687060000000000000e+05 2.214389000000000000e+06 4.149106000000000000e+06
1.790000000000000000e+02 2.160000000000000000e+02 3.340000000000000000e+02 1.630000000000000000e+02 3.150000000000000000e+02 1.070000000000000000e+03 1.759000000000000000e+03 3.388000000000000000e+03 6.759000000000000000e+03 8.610000000000000000e+03 1.364500000000000000e+04 1.268900000000000000e+04 8.872000000000000000e+03 2.536900000000000000e+04 2.437800000000000000e+04 5.936400000000000000e+04 1.033030000000000000e+05 2.930420000000000000e+05 4.675130000000000000e+05
1.592000000000000000e+03 9.820000000000000000e+02 1.686000000000000000e+03 1.955000000000000000e+03 2.926000000000000000e+03 8.364000000000000000e+03 1.567800000000000000e+04 2.748300000000000000e+04 6.193200000000000000e+04 7.215800000000000000e+04 1.023700000000000000e+05 1.838470000000000000e+05 2.885960000000000000e+05 5.429320000000000000e+05 1.402344000000000000e+06 2.274564000000000000e+06 3.745779000000000000e+06 1.084005800000000000e+07 1.867516500000000000e+07
1.092000000000000000e+03 7.190000000000000000e+02 1.070000000000000000e+03 1.380000000000000000e+03 2.519000000000000000e+03 7.366000000000000000e+03 1.368300000000000000e+04 2.296100000000000000e+04 5.152100000000000000e+04 6.640600000000000000e+04 9.402000000000000000e+04 1.993310000000000000e+05 2.828840000000000000e+05 5.490920000000000000e+05 1.258969000000000000e+06 1.549754000000000000e+06 3.645048000000000000e+06 1.041029000000000000e+07 1.731543200000000000e+07
