# 'name' : 'rogers_a02_b02_d00_g03'
# 'source' : 'rogers_a02_b02_d00_g03.yaml'
# 'sample_pops' : ['X', 'Y', 'D', 'N']
# 'sample_size' : 1
# 'n_reps' : 100
# 'n_windows' : 200
# 'seq_length' : 100000000.0
# 'window_length' : 500000.0
# 'recomb_rate' : 1e-08
# 'mut_rate' : 1e-08
# 'created' : None
0.000000000000000000e+00 0.000000000000000000e+00 0.000000000000000000e+00 0.000000000000000000e+00 4.835083867160965432e-04 0.000000000000000000e+00 0.000000000000000000e+00 0.000000000000000000e+00 1.298520545489397849e-03 1.269570577583540054e-03 0.000000000000000000e+00 0.000000000000000000e+00 1.283688943323969345e-03 1.250428875105927219e-03 9.678023265833262745e-04 0.000000000000000000e+00
0.000000000000000000e+00 0.000000000000000000e+00 0.000000000000000000e+00 0.000000000000000000e+00 4.834428382226672177e-04 0.000000000000000000e+00 0.000000000000000000e+00 0.000000000000000000e+00 1.301270502401217404e-03 1.267065764760878701e-03 0.000000000000000000e+00 0.000000000000000000e+00 1.280075053498361433e-03 1.241980435912971251e-03 9.592400794899138758e-04 0.000000000000000000e+00
0.000000000000000000e+00 0.000000000000000000e+00 0.000000000000000000e+00 0.000000000000000000e+00 5.025755644331239428e-04 0.000000000000000000e+00 0.000000000000000000e+00 0.000000000000000000e+00 1.317270533457263115e-03 1.284039109305392702e-03 0.000000000000000000e+00 0.000000000000000000e+00 1.301772792104684447e-03 1.259488317192417094e-03 9.813759557297922244e-04 0.000000000000000000e+00
0.000000000000000000e+00 0.000000000000000000e+00 0.000000000000000000e+00 0.000000000000000000e+00 4.839149013598255389e-04 0.000000000000000000e+00 0.000000000000000000e+00 0.000000000000000000e+00 1.294755775651346402e-03 1.270554544776187830e-03 0.000000000000000000e+00 0.000000000000000000e+00 1.285384573202287811e-03 1.254608140270453177e-03 9.720000431371786072e-04 0.000000000000000000e+00
0.000000000000000000e+00 0.000000000000000000e+00 0.000000000000000000e+00 0.000000000000000000e+00 4.752504487030629644e-04 0.000000000000000000e+00 0.000000000000000000e+00 0.000000000000000000e+00 1.302969722540410491e-03 1.275194173201491888e-03 0.000000000000000000e+00 0.000000000000000000e+00 1.295889976638010853e-03 1.263505434311000845e-03 9.610930574244339096e-04 0.000000000000000000e+00
0.000000000000000000e+00 0.000000000000000000e+00 0.000000000000000000e+00 0.000000000000000000e+00 4.979184115568737303e-04 0.000000000000000000e+00 0.000000000000000000e+00 0.000000000000000000e+00 1.313270575963585915e-03 1.276957166489664508e-03 0.000000000000000000e+00 0.000000000000000000e+00 1.298269209487032437e-03 1.256183803629786107e-03 9.654414201693764389e-04 0.000000000000000000e+00
0.000000000000000000e+00 0.000000000000000000e+00 0.000000000000000000e+00 0.000000000000000000e+00 4.723972275475332759e-04 0.000000000000000000e+00 0.000000000000000000e+00 0.000000000000000000e+00 1.305287328571003765e-03 1.279935927487607823e-03 0.000000000000000000e+00 0.000000000000000000e+00 1.289161415203234030e-03 1.257208648847488435e-03 9.754317354591998538e-04 0.000000000000000000e+00
0.000000000000000000e+00 0.000000000000000000e+00 0.000000000000000000e+00 0.000000000000000000e+00 4.892601451461930668e-04 0.000000000000000000e+00 0.000000000000000000e+00 0.000000000000000000e+00 1.302164630255613943e-03 1.271248247391530868e-03 0.000000000000000000e+00 0.000000000000000000e+00 1.286918403211660417e-03 1.249149930725252473e-03 9.650476124599861741e-04 0.000000000000000000e+00
0.000000000000000000e+00 0.000000000000000000e+00 0.000000000000000000e+00 0.000000000000000000e+00 4.642478992561626327e-04 0.000000000000000000e+00 0.000000000000000000e+00 0.000000000000000000e+00 1.299520201919958590e-03 1.281287912311275447e-03 0.000000000000000000e+00 0.000000000000000000e+00 1.279663635459769118e-03 1.254684007959203009e-03 9.749260662143411759e-04 0.000000000000000000e+00
0.000000000000000000e+00 0.000000000000000000e+00 0.000000000000000000e+00 0.000000000000000000e+00 4.695405025830393748e-04 0.000000000000000000e+00 0.000000000000000000e+00 0.000000000000000000e+00 1.308959907827569576e-03 1.287018764376672867e-03 0.000000000000000000e+00 0.000000000000000000e+00 1.278701017090389793e-03 1.248924808319931603e-03 9.757513038844111948e-04 0.000000000000000000e+00
0.000000000000000000e+00 0.000000000000000000e+00 0.000000000000000000e+00 0.000000000000000000e+00 4.860363476358592469e-04 0.000000000000000000e+00 0.000000000000000000e+00 0.000000000000000000e+00 1.303621508013798379e-03 1.275247915443379707e-03 0.000000000000000000e+00 0.000000000000000000e+00 1.290829761457933664e-03 1.255255632416782180e-03 9.716179922436138025e-04 0.000000000000000000e+00
0.000000000000000000e+00 0.000000000000000000e+00 0.000000000000000000e+00 0.000000000000000000e+00 4.817020490520273362e-04 0.000000000000000000e+00 0.000000000000000000e+00 0.000000000000000000e+00 1.314342070853177736e-03 1.284009779203157094e-03 0.000000000000000000e+00 0.000000000000000000e+00 1.296037963598895872e-03 1.259458310298168862e-03 9.592255780723756313e-04 0.000000000000000000e+00
0.000000000000000000e+00 0.000000000000000000e+00 0.000000000000000000e+00 0.000000000000000000e+00 4.794587470084896142e-04 0.000000000000000000e+00 0.000000000000000000e+00 0.000000000000000000e+00 1.304477582714118561e-03 1.278617258185241537e-03 0.000000000000000000e+00 0.000000000000000000e+00 1.289331104519095316e-03 1.259286578180684405e-03 9.708302168612078110e-04 0.000000000000000000e+00
0.000000000000000000e+00 0.000000000000000000e+00 0.000000000000000000e+00 0.000000000000000000e+00 4.928203692351112780e-04 0.000000000000000000e+00 0.000000000000000000e+00 0.000000000000000000e+00 1.305523285792626600e-03 1.272289982798358770e-03 0.000000000000000000e+00 0.000000000000000000e+00 1.290840189449959973e-03 1.253377391570043064e-03 9.682766975056513381e-04 0.000000000000000000e+00
0.000000000000000000e+00 0.000000000000000000e+00 0.000000000000000000e+00 0.000000000000000000e+00 4.696595825652068873e-04 0.000000000000000000e+00 0.000000000000000000e+00 0.000000000000000000e+00 1.302113597413412068e-03 1.278010972155786207e-03 0.000000000000000000e+00 0.000000000000000000e+00 1.282012051205436935e-03 1.251518740066090733e-03 9.675273932965745968e-04 0.000000000000000000e+00
0.000000000000000000e+00 0.000000000000000000e+00 0.000000000000000000e+00 0.000000000000000000e+00 4.801745168572525138e-04 0.000000000000000000e+00 0.000000000000000000e+00 0.000000000000000000e+00 1.298901864635903548e-03 1.272400923146355068e-03 0.000000000000000000e+00 0.000000000000000000e+00 1.282220650014116899e-03 1.251197014945022550e-03 9.739576817443966255e-04 0.000000000000000000e+00
0.000000000000000000e+00 0.000000000000000000e+00 0.000000000000000000e+00 0.000000000000000000e+00 4.983651560142458642e-04 0.000000000000000000e+00 0.000000000000000000e+00 0.000000000000000000e+00 1.310901924930331277e-03 1.277430949341492976e-03 0.000000000000000000e+00 0.000000000000000000e+00 1.290012648001925659e-03 1.247509356747361631e-03 9.622642582958324236e-04 0.000000000000000000e+00
0.000000000000000000e+00 0.000000000000000000e+00 0.000000000000000000e+00 0.000000000000000000e+00 4.853069229560120915e-04 0.000000000000000000e+00 0.000000000000000000e+00 0.000000000000000000e+00 1.304128589987237552e-03 1.276954256566491426e-03 0.000000000000000000e+00 0.000000000000000000e+00 1.284755100264683330e-03 1.249416757160791251e-03 9.721612297357722131e-04 0.000000000000000000e+00
0.000000000000000000e+00 0.000000000000000000e+00 0.000000000000000000e+00 0.000000000000000000e+00 4.791260498409398265e-04 0.000000000000000000e+00 0.000000000000000000e+00 0.000000000000000000e+00 1.298137093170938401e-03 1.268787392584517148e-03 0.000000000000000000e+00 0.000000000000000000e+00 1.279615754296056828e-03 1.243710975775610570e-03 9.625476817360661573e-04 0.000000000000000000e+00
0.000000000000000000e+00 0.000000000000000000e+00 0.000000000000000000e+00 0.000000000000000000e+00 4.779134127227354940e-04 0.000000000000000000e+00 0.000000000000000000e+00 0.000000000000000000e+00 1.305160359877900788e-03 1.278537839713102166e-03 0.000000000000000000e+00 0.000000000000000000e+00 1.294006892933541666e-03 1.262775630259554234e-03 9.668062527974873293e-04 0.000000000000000000e+00
0.000000000000000000e+00 0.000000000000000000e+00 0.000000000000000000e+00 0.000000000000000000e+00 4.742622868232698134e-04 0.000000000000000000e+00 0.000000000000000000e+00 0.000000000000000000e+00 1.297557630231694920e-03 1.271918896192425963e-03 0.000000000000000000e+00 0.000000000000000000e+00 1.278626656820437387e-03 1.246871162735662709e-03 9.680242081786349755e-04 0.000000000000000000e+00
0.000000000000000000e+00 0.000000000000000000e+00 0.000000000000000000e+00 0.000000000000000000e+00 4.924635004224741340e-04 0.000000000000000000e+00 0.000000000000000000e+00 0.000000000000000000e+00 1.301184296487575744e-03 1.270525744136086297e-03 0.000000000000000000e+00 0.000000000000000000e+00 1.284032945366386574e-03 1.246802889966099927e-03 9.631902447625280070e-04 0.000000000000000000e+00
0.000000000000000000e+00 0.000000000000000000e+00 0.000000000000000000e+00 0.000000000000000000e+00 4.830712321410062437e-04 0.000000000000000000e+00 0.000000000000000000e+00 0.000000000000000000e+00 1.291124303912767396e-03 1.261479657959995978e-03 0.000000000000000000e+00 0.000000000000000000e+00 1.269916949601537001e-03 1.236467962120651153e-03 9.697129847833714554e-04 0.000000000000000000e+00
0.000000000000000000e+00 0.000000000000000000e+00 0.000000000000000000e+00 0.000000000000000000e+00 5.000608472888677354e-04 0.000000000000000000e+00 0.000000000000000000e+00 0.000000000000000000e+00 1.311154593232141067e-03 1.272942523422178644e-03 0.000000000000000000e+00 0.000000000000000000e+00 1.295982600153987915e-03 1.251873056701437517e-03 9.602090469934819765e-04 0.000000000000000000e+00
0.000000000000000000e+00 0.000000000000000000e+00 0.000000000000000000e+00 0.000000000000000000e+00 4.759934416412385755e-04 0.000000000000000000e+00 0.000000000000000000e+00 0.000000000000000000e+00 1.302545864706231103e-03 1.276362691092285681e-03 0.000000000000000000e+00 0.000000000000000000e+00 1.285125136727290973e-03 1.253890619987331565e-03 9.663726718686097483e-04 0.000000000000000000e+00
0.000000000000000000e+00 0.000000000000000000e+00 0.000000000000000000e+00 0.000000000000000000e+00 4.821608181387011327e-04 0.000000000000000000e+00 0.000000000000000000e+00 0.000000000000000000e+00 1.295541958126816915e-03 1.268199600587636500e-03 0.000000000000000000e+00 0.000000000000000000e+00 1.272968437844209863e-03 1.240928374873359434e-03 9.649730281227678324e-04 0.000000000000000000e+00
0.000000000000000000e+00 0.000000000000000000e+00 0.000000000000000000e+00 0.000000000000000000e+00 4.797264884099512977e-04 0.000000000000000000e+00 0.000000000000000000e+00 0.000000000000000000e+00 1.295164790012349717e-03 1.269014857313762248e-03 0.000000000000000000e+00 0.000000000000000000e+00 1.284774558060690353e-03 1.254104776381920368e-03 9.619076113950568874e-04 0.000000000000000000e+00
0.000000000000000000e+00 0.000000000000000000e+00 0.000000000000000000e+00 0.000000000000000000e+00 4.859060012395496203e-04 0.000000000000000000e+00 0.000000000000000000e+00 0.000000000000000000e+00 1.302579898270344498e-03 1.272976523795539593e-03 0.000000000000000000e+00 0.000000000000000000e+00 1.288401494526242655e-03 1.250973624500350580e-03 9.717325533652006663e-04 0.000000000000000000e+00
0.000000000000000000e+00 0.000000000000000000e+00 0.000000000000000000e+00 0.000000000000000000e+00 4.805505417670141700e-04 0.000000000000000000e+00 0.000000000000000000e+00 0.000000000000000000e+00 1.302237519061028026e-03 1.274092500541443469e-03 0.000000000000000000e+00 0.000000000000000000e+00 1.287666208142879696e-03 1.252060737961612109e-03 9.738834633441365365e-04 0.000000000000000000e+00
0.000000000000000000e+00 0.000000000000000000e+00 0.000000000000000000e+00 0.000000000000000000e+00 4.809946182597585980e-04 0.000000000000000000e+00 0.000000000000000000e+00 0.000000000000000000e+00 1.284630553687648828e-03 1.261105468854614416e-03 0.000000000000000000e+00 0.000000000000000000e+00 1.274582087129333928e-03 1.245132641521235579e-03 9.649614461693206387e-04 0.000000000000000000e+00
0.000000000000000000e+00 0.000000000000000000e+00 0.000000000000000000e+00 0.000000000000000000e+00 4.710817430457941491e-04 0.000000000000000000e+00 0.000000000000000000e+00 0.000000000000000000e+00 1.295941780558740796e-03 1.273551639878944906e-03 0.000000000000000000e+00 0.000000000000000000e+00 1.273568035612361897e-03 1.241820517359696783e-03 9.680935872030034008e-04 0.000000000000000000e+00
0.000000000000000000e+00 0.000000000000000000e+00 0.000000000000000000e+00 0.000000000000000000e+00 4.804549255259261942e-04 0.000000000000000000e+00 0.000000000000000000e+00 0.000000000000000000e+00 1.303125602847093889e-03 1.276517691895764873e-03 0.000000000000000000e+00 0.000000000000000000e+00 1.280487854691256212e-03 1.247381371526040065e-03 9.733128131335495826e-04 0.000000000000000000e+00
0.000000000000000000e+00 0.000000000000000000e+00 0.000000000000000000e+00 0.000000000000000000e+00 4.765359015207423256e-04 0.000000000000000000e+00 0.000000000000000000e+00 0.000000000000000000e+00 1.301843097706972298e-03 1.279410575220055971e-03 0.000000000000000000e+00 0.000000000000000000e+00 1.290730553305697616e-03 1.262466166116823487e-03 9.638138852143980900e-04 0.000000000000000000e+00
0.000000000000000000e+00 0.000000000000000000e+00 0.000000000000000000e+00 0.000000000000000000e+00 4.793553740499217810e-04 0.000000000000000000e+00 0.000000000000000000e+00 0.000000000000000000e+00 1.290876943581731676e-03 1.267156244398715209e-03 0.000000000000000000e+00 0.000000000000000000e+00 1.273930194304695755e-03 1.243725263236981687e-03 9.636021411555724002e-04 0.000000000000000000e+00
0.000000000000000000e+00 0.000000000000000000e+00 0.000000000000000000e+00 0.000000000000000000e+00 4.828040006321551161e-04 0.000000000000000000e+00 0.000000000000000000e+00 0.000000000000000000e+00 1.309553961657382391e-03 1.279849012225399950e-03 0.000000000000000000e+00 0.000000000000000000e+00 1.297278889642687009e-03 1.263101449040144675e-03 9.652266517511100220e-04 0.000000000000000000e+00
0.000000000000000000e+00 0.000000000000000000e+00 0.000000000000000000e+00 0.000000000000000000e+00 4.850643703125274986e-04 0.000000000000000000e+00 0.000000000000000000e+00 0.000000000000000000e+00 1.302626662100926690e-03 1.278220582279396625e-03 0.000000000000000000e+00 0.000000000000000000e+00 1.284016952148467079e-03 1.251073120531297732e-03 9.682203806471298066e-04 0.000000000000000000e+00
0.000000000000000000e+00 0.000000000000000000e+00 0.000000000000000000e+00 0.000000000000000000e+00 4.795780875675663521e-04 0.000000000000000000e+00 0.000000000000000000e+00 0.000000000000000000e+00 1.295020351589437277e-03 1.270589793211891489e-03 0.000000000000000000e+00 0.000000000000000000e+00 1.283970401807564814e-03 1.253022737166203633e-03 9.581519791670759477e-04 0.000000000000000000e+00
0.000000000000000000e+00 0.000000000000000000e+00 0.000000000000000000e+00 0.000000000000000000e+00 4.856612837766783957e-04 0.000000000000000000e+00 0.000000000000000000e+00 0.000000000000000000e+00 1.309098857992793208e-03 1.277968261121837030e-03 0.000000000000000000e+00 0.000000000000000000e+00 1.298791931364338612e-03 1.262360719102357870e-03 9.685597684983393140e-04 0.000000000000000000e+00
0.000000000000000000e+00 0.000000000000000000e+00 0.000000000000000000e+00 0.000000000000000000e+00 4.969845502628737971e-04 0.000000000000000000e+00 0.000000000000000000e+00 0.000000000000000000e+00 1.299162590987877532e-03 1.264123529986645959e-03 0.000000000000000000e+00 0.000000000000000000e+00 1.290054409255536692e-03 1.245744037247358644e-03 9.602903939501641938e-04 0.000000000000000000e+00
0.000000000000000000e+00 0.000000000000000000e+00 0.000000000000000000e+00 0.000000000000000000e+00 4.789292080751745575e-04 0.000000000000000000e+00 0.000000000000000000e+00 0.000000000000000000e+00 1.302167900276524244e-03 1.272811571737724433e-03 0.000000000000000000e+00 0.000000000000000000e+00 1.285179073109960152e-03 1.250000363111132768e-03 9.634645827293485294e-04 0.000000000000000000e+00
0.000000000000000000e+00 0.000000000000000000e+00 0.000000000000000000e+00 0.000000000000000000e+00 4.732583111932132350e-04 0.000000000000000000e+00 0.000000000000000000e+00 0.000000000000000000e+00 1.302217112708574723e-03 1.276304403957111058e-03 0.000000000000000000e+00 0.000000000000000000e+00 1.284319233939259803e-03 1.251137833822419353e-03 9.770524951264280937e-04 0.000000000000000000e+00
0.000000000000000000e+00 0.000000000000000000e+00 0.000000000000000000e+00 0.000000000000000000e+00 5.062954549312513380e-04 0.000000000000000000e+00 0.000000000000000000e+00 0.000000000000000000e+00 1.318085442385731002e-03 1.280963862759492951e-03 0.000000000000000000e+00 0.000000000000000000e+00 1.306812559550262539e-03 1.264346216961293942e-03 9.659544754386739868e-04 0.000000000000000000e+00
0.000000000000000000e+00 0.000000000000000000e+00 0.000000000000000000e+00 0.000000000000000000e+00 4.845588860914579166e-04 0.000000000000000000e+00 0.000000000000000000e+00 0.000000000000000000e+00 1.297196310899871845e-03 1.269411497082502567e-03 0.000000000000000000e+00 0.000000000000000000e+00 1.288681694172661048e-03 1.252760415877464091e-03 9.678436973046018873e-04 0.000000000000000000e+00
0.000000000000000000e+00 0.000000000000000000e+00 0.000000000000000000e+00 0.000000000000000000e+00 4.826374337492392243e-04 0.000000000000000000e+00 0.000000000000000000e+00 0.000000000000000000e+00 1.296271926585348911e-03 1.269105061160961901e-03 0.000000000000000000e+00 0.000000000000000000e+00 1.282346110483374366e-03 1.249157432861125938e-03 9.634534597901261857e-04 0.000000000000000000e+00
0.000000000000000000e+00 0.000000000000000000e+00 0.000000000000000000e+00 0.000000000000000000e+00 4.768483991354890766e-04 0.000000000000000000e+00 0.000000000000000000e+00 0.000000000000000000e+00 1.297484960359139008e-03 1.270661403088878868e-03 0.000000000000000000e+00 0.000000000000000000e+00 1.284667884212351095e-03 1.250069516691542986e-03 9.671330358179680694e-04 0.000000000000000000e+00
0.000000000000000000e+00 0.000000000000000000e+00 0.000000000000000000e+00 0.000000000000000000e+00 4.856690877591429852e-04 0.000000000000000000e+00 0.000000000000000000e+00 0.000000000000000000e+00 1.294908162558163107e-03 1.264227052647775825e-03 0.000000000000000000e+00 0.000000000000000000e+00 1.277494861522501454e-03 1.243122164280784005e-03 9.673692155061108279e-04 0.000000000000000000e+00
0.000000000000000000e+00 0.000000000000000000e+00 0.000000000000000000e+00 0.000000000000000000e+00 4.937346248665803669e-04 0.000000000000000000e+00 0.000000000000000000e+00 0.000000000000000000e+00 1.296280976617098304e-03 1.265428328142621231e-03 0.000000000000000000e+00 0.000000000000000000e+00 1.284626040283358764e-03 1.247100891847974496e-03 9.673910514311821838e-04 0.000000000000000000e+00
0.000000000000000000e+00 0.000000000000000000e+00 0.000000000000000000e+00 0.000000000000000000e+00 4.793271211195982784e-04 0.000000000000000000e+00 0.000000000000000000e+00 0.000000000000000000e+00 1.291319684114425673e-03 1.265390420572342712e-03 0.000000000000000000e+00 0.000000000000000000e+00 1.285972808298318712e-03 1.253742850489501055e-03 9.692433351135920985e-04 0.000000000000000000e+00
0.000000000000000000e+00 0.000000000000000000e+00 0.000000000000000000e+00 0.000000000000000000e+00 4.968146012686166461e-04 0.000000000000000000e+00 0.000000000000000000e+00 0.000000000000000000e+00 1.307090731580068345e-03 1.272222633544848030e-03 0.000000000000000000e+00 0.000000000000000000e+00 1.291157254773933312e-03 1.251130966523492137e-03 9.586774523426015368e-04 0.000000000000000000e+00
0.000000000000000000e+00 0.000000000000000000e+00 0.000000000000000000e+00 0.000000000000000000e+00 4.904861850839711997e-04 0.000000000000000000e+00 0.000000000000000000e+00 0.000000000000000000e+00 1.298564632488421111e-03 1.267612844115131301e-03 0.000000000000000000e+00 0.000000000000000000e+00 1.289258826079653624e-03 1.251426649807629290e-03 9.687762672256561769e-04 0.000000000000000000e+00
0.000000000000000000e+00 0.000000000000000000e+00 0.000000000000000000e+00 0.000000000000000000e+00 4.837368938844272166e-04 0.000000000000000000e+00 0.000000000000000000e+00 0.000000000000000000e+00 1.306781668167958594e-03 1.274372931296812415e-03 0.000000000000000000e+00 0.000000000000000000e+00 1.294969465439273042e-03 1.257818507553021270e-03 9.677741147935882849e-04 0.000000000000000000e+00
0.000000000000000000e+00 0.000000000000000000e+00 0.000000000000000000e+00 0.000000000000000000e+00 4.888426739583453693e-04 0.000000000000000000e+00 0.000000000000000000e+00 0.000000000000000000e+00 1.307542577944675920e-03 1.276161632118428179e-03 0.000000000000000000e+00 0.000000000000000000e+00 1.297988695633905867e-03 1.259713462557782420e-03 9.608262865175714066e-04 0.000000000000000000e+00
0.000000000000000000e+00 0.000000000000000000e+00 0.000000000000000000e+00 0.000000000000000000e+00 4.795669917512564314e-04 0.000000000000000000e+00 0.000000000000000000e+00 0.000000000000000000e+00 1.306402816992939791e-03 1.282642533276526957e-03 0.000000000000000000e+00 0.000000000000000000e+00 1.291832919107427022e-03 1.259144039682409720e-03 9.656134654012804878e-04 0.000000000000000000e+00
0.000000000000000000e+00 0.000000000000000000e+00 0.000000000000000000e+00 0.000000000000000000e+00 4.746356168805030036e-04 0.000000000000000000e+00 0.000000000000000000e+00 0.000000000000000000e+00 1.295811248213430507e-03 1.271396754871333785e-03 0.000000000000000000e+00 0.000000000000000000e+00 1.284847851625290889e-03 1.254860387498678330e-03 9.702569186363634458e-04 0.000000000000000000e+00
0.000000000000000000e+00 0.000000000000000000e+00 0.000000000000000000e+00 0.000000000000000000e+00 4.874820879526092993e-04 0.000000000000000000e+00 0.000000000000000000e+00 0.000000000000000000e+00 1.308516821850978784e-03 1.278097872305021792e-03 0.000000000000000000e+00 0.000000000000000000e+00 1.298330846762055756e-03 1.261389461160610263e-03 9.700378255546142359e-04 0.000000000000000000e+00
0.000000000000000000e+00 0.000000000000000000e+00 0.000000000000000000e+00 0.000000000000000000e+00 4.782974386715046979e-04 0.000000000000000000e+00 0.000000000000000000e+00 0.000000000000000000e+00 1.304204696860494219e-03 1.279098621714656967e-03 0.000000000000000000e+00 0.000000000000000000e+00 1.291150940885350991e-03 1.261561501261465514e-03 9.632995294180340777e-04 0.000000000000000000e+00
0.000000000000000000e+00 0.000000000000000000e+00 0.000000000000000000e+00 0.000000000000000000e+00 4.806278729187048941e-04 0.000000000000000000e+00 0.000000000000000000e+00 0.000000000000000000e+00 1.307974682562939054e-03 1.277395707293300714e-03 0.000000000000000000e+00 0.000000000000000000e+00 1.295732476937005474e-03 1.263183543834737197e-03 9.618320142200022672e-04 0.000000000000000000e+00
0.000000000000000000e+00 0.000000000000000000e+00 0.000000000000000000e+00 0.000000000000000000e+00 4.714090205237075697e-04 0.000000000000000000e+00 0.000000000000000000e+00 0.000000000000000000e+00 1.310336794619571150e-03 1.283646960889204842e-03 0.000000000000000000e+00 0.000000000000000000e+00 1.299157801382859814e-03 1.267465642152626817e-03 9.703373853174234115e-04 0.000000000000000000e+00
0.000000000000000000e+00 0.000000000000000000e+00 0.000000000000000000e+00 0.000000000000000000e+00 4.748332396950710548e-04 0.000000000000000000e+00 0.000000000000000000e+00 0.000000000000000000e+00 1.304951633306294066e-03 1.281313696968832761e-03 0.000000000000000000e+00 0.000000000000000000e+00 1.289202408699368111e-03 1.258629730068990546e-03 9.705665919625107657e-04 0.000000000000000000e+00
0.000000000000000000e+00 0.000000000000000000e+00 0.000000000000000000e+00 0.000000000000000000e+00 4.802967406275829277e-04 0.000000000000000000e+00 0.000000000000000000e+00 0.000000000000000000e+00 1.298876262146566414e-03 1.269592445226642389e-03 0.000000000000000000e+00 0.000000000000000000e+00 1.276756841215642918e-03 1.239503763213849630e-03 9.727167899726397006e-04 0.000000000000000000e+00
0.000000000000000000e+00 0.000000000000000000e+00 0.000000000000000000e+00 0.000000000000000000e+00 4.703680975227679984e-04 0.000000000000000000e+00 0.000000000000000000e+00 0.000000000000000000e+00 1.300796564889682453e-03 1.280721550266116816e-03 0.000000000000000000e+00 0.000000000000000000e+00 1.280243682680704204e-03 1.252769313278286924e-03 9.673083617995205212e-04 0.000000000000000000e+00
0.000000000000000000e+00 0.000000000000000000e+00 0.000000000000000000e+00 0.000000000000000000e+00 4.933285766389439685e-04 0.000000000000000000e+00 0.000000000000000000e+00 0.000000000000000000e+00 1.312498483621001369e-03 1.279650942391409281e-03 0.000000000000000000e+00 0.000000000000000000e+00 1.297592952235825754e-03 1.259380471263662473e-03 9.679279658362417585e-04 0.000000000000000000e+00
0.000000000000000000e+00 0.000000000000000000e+00 0.000000000000000000e+00 0.000000000000000000e+00 4.906349035948396773e-04 0.000000000000000000e+00 0.000000000000000000e+00 0.000000000000000000e+00 1.300012123215394614e-03 1.269864406549347244e-03 0.000000000000000000e+00 0.000000000000000000e+00 1.278359813643291593e-03 1.243127453985204802e-03 9.719414011039770014e-04 0.000000000000000000e+00
0.000000000000000000e+00 0.000000000000000000e+00 0.000000000000000000e+00 0.000000000000000000e+00 4.958692532160531791e-04 0.000000000000000000e+00 0.000000000000000000e+00 0.000000000000000000e+00 1.314660932782097703e-03 1.281696297106647581e-03 0.000000000000000000e+00 0.000000000000000000e+00 1.300109405182578491e-03 1.264742702782445860e-03 9.726746598324538442e-04 0.000000000000000000e+00
0.000000000000000000e+00 0.000000000000000000e+00 0.000000000000000000e+00 0.000000000000000000e+00 4.961816369181124876e-04 0.000000000000000000e+00 0.000000000000000000e+00 0.000000000000000000e+00 1.298448713784929823e-03 1.266811057817263195e-03 0.000000000000000000e+00 0.000000000000000000e+00 1.289334494506509145e-03 1.250585301237307038e-03 9.692802082842741493e-04 0.000000000000000000e+00
0.000000000000000000e+00 0.000000000000000000e+00 0.000000000000000000e+00 0.000000000000000000e+00 4.741389918327214553e-04 0.000000000000000000e+00 0.000000000000000000e+00 0.000000000000000000e+00 1.293526889468391873e-03 1.271905599764466864e-03 0.000000000000000000e+00 0.000000000000000000e+00 1.268762661556192307e-03 1.239128599359203909e-03 9.674726434288908250e-04 0.000000000000000000e+00
0.000000000000000000e+00 0.000000000000000000e+00 0.000000000000000000e+00 0.000000000000000000e+00 4.871014205102503565e-04 0.000000000000000000e+00 0.000000000000000000e+00 0.000000000000000000e+00 1.302962826293924082e-03 1.273451800430096866e-03 0.000000000000000000e+00 0.000000000000000000e+00 1.293364339392710956e-03 1.258608968716404004e-03 9.674816018205009477e-04 0.000000000000000000e+00
0.000000000000000000e+00 0.000000000000000000e+00 0.000000000000000000e+00 0.000000000000000000e+00 4.849495413696442445e-04 0.000000000000000000e+00 0.000000000000000000e+00 0.000000000000000000e+00 1.296938714852466151e-03 1.268309131480186780e-03 0.000000000000000000e+00 0.000000000000000000e+00 1.272644410967358961e-03 1.238330560585068543e-03 9.651861314566930090e-04 0.000000000000000000e+00
0.000000000000000000e+00 0.000000000000000000e+00 0.000000000000000000e+00 0.000000000000000000e+00 4.953296105374987860e-04 0.000000000000000000e+00 0.000000000000000000e+00 0.000000000000000000e+00 1.313825123671418177e-03 1.278330729958681872e-03 0.000000000000000000e+00 0.000000000000000000e+00 1.297298856866947519e-03 1.257734151373386634e-03 9.655614611166657727e-04 0.000000000000000000e+00
0.000000000000000000e+00 0.000000000000000000e+00 0.000000000000000000e+00 0.000000000000000000e+00 4.831141069616121304e-04 0.000000000000000000e+00 0.000000000000000000e+00 0.000000000000000000e+00 1.294621186542137346e-03 1.265532194662254617e-03 0.000000000000000000e+00 0.000000000000000000e+00 1.276415950432773210e-03 1.243174204679754584e-03 9.738266499695129004e-04 0.000000000000000000e+00
0.000000000000000000e+00 0.000000000000000000e+00 0.000000000000000000e+00 0.000000000000000000e+00 4.856995125138286579e-04 0.000000000000000000e+00 0.000000000000000000e+00 0.000000000000000000e+00 1.300142961464614746e-03 1.268993987904843595e-03 0.000000000000000000e+00 0.000000000000000000e+00 1.281716839048523387e-03 1.245502754019747575e-03 9.656700659509836766e-04 0.000000000000000000e+00
0.000000000000000000e+00 0.000000000000000000e+00 0.000000000000000000e+00 0.000000000000000000e+00 4.819681971547235813e-04 0.000000000000000000e+00 0.000000000000000000e+00 0.000000000000000000e+00 1.297383957168896703e-03 1.271106894948258008e-03 0.000000000000000000e+00 0.000000000000000000e+00 1.290046735198743886e-03 1.257486671639955174e-03 9.697084368131109709e-04 0.000000000000000000e+00
0.000000000000000000e+00 0.000000000000000000e+00 0.000000000000000000e+00 0.000000000000000000e+00 4.744020229281862211e-04 0.000000000000000000e+00 0.000000000000000000e+00 0.000000000000000000e+00 1.312577177039019613e-03 1.288260807061467842e-03 0.000000000000000000e+00 0.000000000000000000e+00 1.291082932229471172e-03 1.258053578464940524e-03 9.743585066588320064e-04 0.000000000000000000e+00
0.000000000000000000e+00 0.000000000000000000e+00 0.000000000000000000e+00 0.000000000000000000e+00 4.857737426912512712e-04 0.000000000000000000e+00 0.000000000000000000e+00 0.000000000000000000e+00 1.293960823073265175e-03 1.270434979958443575e-03 0.000000000000000000e+00 0.000000000000000000e+00 1.278238651019208494e-03 1.248085224966147180e-03 9.607983791563352470e-04 0.000000000000000000e+00
0.000000000000000000e+00 0.000000000000000000e+00 0.000000000000000000e+00 0.000000000000000000e+00 4.806365411841184037e-04 0.000000000000000000e+00 0.000000000000000000e+00 0.000000000000000000e+00 1.301693885260410584e-03 1.277299958242031049e-03 0.000000000000000000e+00 0.000000000000000000e+00 1.292224382897846696e-03 1.262542377370643376e-03 9.677526551538851362e-04 0.000000000000000000e+00
0.000000000000000000e+00 0.000000000000000000e+00 0.000000000000000000e+00 0.000000000000000000e+00 4.993810906607572438e-04 0.000000000000000000e+00 0.000000000000000000e+00 0.000000000000000000e+00 1.308556620613363433e-03 1.280718283732385594e-03 0.000000000000000000e+00 0.000000000000000000e+00 1.292367320160406861e-03 1.254971991448997027e-03 9.662492358260929993e-04 0.000000000000000000e+00
0.000000000000000000e+00 0.000000000000000000e+00 0.000000000000000000e+00 0.000000000000000000e+00 4.862427912274697303e-04 0.000000000000000000e+00 0.000000000000000000e+00 0.000000000000000000e+00 1.298259076712453622e-03 1.269792859228017785e-03 0.000000000000000000e+00 0.000000000000000000e+00 1.282703752594475943e-03 1.250007125345850480e-03 9.712514952591774341e-04 0.000000000000000000e+00
0.000000000000000000e+00 0.000000000000000000e+00 0.000000000000000000e+00 0.000000000000000000e+00 4.754798956194898184e-04 0.000000000000000000e+00 0.000000000000000000e+00 0.000000000000000000e+00 1.305483665616416229e-03 1.280602652761147478e-03 0.000000000000000000e+00 0.000000000000000000e+00 1.289496939912527802e-03 1.259517328912266275e-03 9.797355967491180265e-04 0.000000000000000000e+00
0.000000000000000000e+00 0.000000000000000000e+00 0.000000000000000000e+00 0.000000000000000000e+00 4.808241550381019613e-04 0.000000000000000000e+00 0.000000000000000000e+00 0.000000000000000000e+00 1.291667390147590482e-03 1.264487719001087737e-03 0.000000000000000000e+00 0.000000000000000000e+00 1.274989062657732979e-03 1.241109773676650312e-03 9.736796320585738547e-04 0.000000000000000000e+00
0.000000000000000000e+00 0.000000000000000000e+00 0.000000000000000000e+00 0.000000000000000000e+00 4.828649064674083000e-04 0.000000000000000000e+00 0.000000000000000000e+00 0.000000000000000000e+00 1.308267383491013361e-03 1.279211405671872330e-03 0.000000000000000000e+00 0.000000000000000000e+00 1.297122544538693812e-03 1.264357581983616705e-03 9.642485663908347470e-04 0.000000000000000000e+00
0.000000000000000000e+00 0.000000000000000000e+00 0.000000000000000000e+00 0.000000000000000000e+00 4.910969571462489797e-04 0.000000000000000000e+00 0.000000000000000000e+00 0.000000000000000000e+00 1.308499541503343978e-03 1.274983515430135788e-03 0.000000000000000000e+00 0.000000000000000000e+00 1.292198930498835146e-03 1.253424545114028297e-03 9.623182319655599172e-04 0.000000000000000000e+00
0.000000000000000000e+00 0.000000000000000000e+00 0.000000000000000000e+00 0.000000000000000000e+00 4.703819238758662397e-04 0.000000000000000000e+00 0.000000000000000000e+00 0.000000000000000000e+00 1.300071990171569819e-03 1.274549269453373931e-03 0.000000000000000000e+00 0.000000000000000000e+00 1.281142922048220415e-03 1.249471977346885542e-03 9.739047522907372375e-04 0.000000000000000000e+00
0.000000000000000000e+00 0.000000000000000000e+00 0.000000000000000000e+00 0.000000000000000000e+00 4.823560798039661980e-04 0.000000000000000000e+00 0.000000000000000000e+00 0.000000000000000000e+00 1.302097559414298845e-03 1.272391029647519352e-03 0.000000000000000000e+00 0.000000000000000000e+00 1.280775779472731425e-03 1.244563701866367939e-03 9.663646874146309068e-04 0.000000000000000000e+00
0.000000000000000000e+00 0.000000000000000000e+00 0.000000000000000000e+00 0.000000000000000000e+00 4.737811251834185317e-04 0.000000000000000000e+00 0.000000000000000000e+00 0.000000000000000000e+00 1.299965246519329621e-03 1.271338354128080054e-03 0.000000000000000000e+00 0.000000000000000000e+00 1.288282890077280512e-03 1.255005927122899946e-03 9.692294550135838313e-04 0.000000000000000000e+00
0.000000000000000000e+00 0.000000000000000000e+00 0.000000000000000000e+00 0.000000000000000000e+00 4.930486383494861718e-04 0.000000000000000000e+00 0.000000000000000000e+00 0.000000000000000000e+00 1.312451887983339055e-03 1.277150571352406909e-03 0.000000000000000000e+00 0.000000000000000000e+00 1.293431165389480808e-03 1.250597045667533116e-03 9.715359778933817638e-04 0.000000000000000000e+00
0.000000000000000000e+00 0.000000000000000000e+00 0.000000000000000000e+00 0.000000000000000000e+00 5.035507112524145647e-04 0.000000000000000000e+00 0.000000000000000000e+00 0.000000000000000000e+00 1.312157943144144591e-03 1.275263864781502922e-03 0.000000000000000000e+00 0.000000000000000000e+00 1.290282737347302807e-03 1.246924065037842465e-03 9.734835363167264116e-04 0.000000000000000000e+00
0.000000000000000000e+00 0.000000000000000000e+00 0.000000000000000000e+00 0.000000000000000000e+00 4.838953031836133885e-04 0.000000000000000000e+00 0.000000000000000000e+00 0.000000000000000000e+00 1.299432997763068885e-03 1.269676615888111742e-03 0.000000000000000000e+00 0.000000000000000000e+00 1.286682345757560100e-03 1.251850954539127092e-03 9.673812438749700366e-04 0.000000000000000000e+00
0.000000000000000000e+00 0.000000000000000000e+00 0.000000000000000000e+00 0.000000000000000000e+00 4.910898185693612743e-04 0.000000000000000000e+00 0.000000000000000000e+00 0.000000000000000000e+00 1.305728670217142125e-03 1.274340926987017853e-03 0.000000000000000000e+00 0.000000000000000000e+00 1.285236134733062745e-03 1.246382968693519368e-03 9.646371980972278173e-04 0.000000000000000000e+00
0.000000000000000000e+00 0.000000000000000000e+00 0.000000000000000000e+00 0.000000000000000000e+00 4.775074125373636523e-04 0.000000000000000000e+00 0.000000000000000000e+00 0.000000000000000000e+00 1.294669501291792176e-03 1.271185921014634981e-03 0.000000000000000000e+00 0.000000000000000000e+00 1.280756525470072051e-03 1.253481310279891923e-03 9.688661358741453532e-04 0.000000000000000000e+00
0.000000000000000000e+00 0.000000000000000000e+00 0.000000000000000000e+00 0.000000000000000000e+00 4.939241154397893156e-04 0.000000000000000000e+00 0.000000000000000000e+00 0.000000000000000000e+00 1.302811634510215493e-03 1.272204770219667429e-03 0.000000000000000000e+00 0.000000000000000000e+00 1.296690647206582897e-03 1.261772238459477839e-03 9.629737094640565109e-04 0.000000000000000000e+00
0.000000000000000000e+00 0.000000000000000000e+00 0.000000000000000000e+00 0.000000000000000000e+00 4.840949706287362027e-04 0.000000000000000000e+00 0.000000000000000000e+00 0.000000000000000000e+00 1.298540086533319076e-03 1.271022883431836272e-03 0.000000000000000000e+00 0.000000000000000000e+00 1.286365392369811806e-03 1.252815068532953406e-03 9.682235765493618987e-04 0.000000000000000000e+00
0.000000000000000000e+00 0.000000000000000000e+00 0.000000000000000000e+00 0.000000000000000000e+00 4.947128302303115989e-04 0.000000000000000000e+00 0.000000000000000000e+00 0.000000000000000000e+00 1.312423255915195998e-03 1.276791143175398614e-03 0.000000000000000000e+00 0.000000000000000000e+00 1.296317810385937347e-03 1.257319755579895107e-03 9.643870071649654875e-04 0.000000000000000000e+00
0.000000000000000000e+00 0.000000000000000000e+00 0.000000000000000000e+00 0.000000000000000000e+00 4.705910762020360221e-04 0.000000000000000000e+00 0.000000000000000000e+00 0.000000000000000000e+00 1.293930443445296102e-03 1.273213434758412249e-03 0.000000000000000000e+00 0.000000000000000000e+00 1.272714762111559284e-03 1.247218355782629511e-03 9.667067476642173321e-04 0.000000000000000000e+00
0.000000000000000000e+00 0.000000000000000000e+00 0.000000000000000000e+00 0.000000000000000000e+00 4.843727384863985011e-04 0.000000000000000000e+00 0.000000000000000000e+00 0.000000000000000000e+00 1.300253740848526535e-03 1.274296332332874827e-03 0.000000000000000000e+00 0.000000000000000000e+00 1.288044628345076398e-03 1.251012985692338212e-03 9.655821414315332455e-04 0.000000000000000000e+00
0.000000000000000000e+00 0.000000000000000000e+00 0.000000000000000000e+00 0.000000000000000000e+00 4.805568451860126869e-04 0.000000000000000000e+00 0.000000000000000000e+00 0.000000000000000000e+00 1.298088938127348133e-03 1.273434275502341364e-03 0.000000000000000000e+00 0.000000000000000000e+00 1.285241319162198090e-03 1.253981013828949203e-03 9.641499258763390045e-04 0.000000000000000000e+00
0.000000000000000000e+00 0.000000000000000000e+00 0.000000000000000000e+00 0.000000000000000000e+00 4.742483697228476913e-04 0.000000000000000000e+00 0.000000000000000000e+00 0.000000000000000000e+00 1.301211108490740948e-03 1.276323803157594031e-03 0.000000000000000000e+00 0.000000000000000000e+00 1.288665177197498898e-03 1.258406146445115474e-03 9.766411301281119426e-04 0.000000000000000000e+00
0.000000000000000000e+00 0.000000000000000000e+00 0.000000000000000000e+00 0.000000000000000000e+00 4.728571300942940913e-04 0.000000000000000000e+00 0.000000000000000000e+00 0.000000000000000000e+00 1.301177685762164651e-03 1.279184608428283933e-03 0.000000000000000000e+00 0.000000000000000000e+00 1.288122314314771961e-03 1.259683833570815828e-03 9.665189854583893479e-04 0.000000000000000000e+00
0.000000000000000000e+00 0.000000000000000000e+00 0.000000000000000000e+00 0.000000000000000000e+00 4.807935287592706645e-04 0.000000000000000000e+00 0.000000000000000000e+00 0.000000000000000000e+00 1.307639699288501650e-03 1.277225826590407988e-03 0.000000000000000000e+00 0.000000000000000000e+00 1.294983958875853053e-03 1.258386376743203050e-03 9.674722760148616110e-04 0.000000000000000000e+00
0.000000000000000000e+00 0.000000000000000000e+00 0.000000000000000000e+00 0.000000000000000000e+00 4.927829330344485163e-04 0.000000000000000000e+00 0.000000000000000000e+00 0.000000000000000000e+00 1.305876647781344926e-03 1.272625036779149706e-03 0.000000000000000000e+00 0.000000000000000000e+00 1.290517185050362977e-03 1.251770650078130138e-03 9.703267455227529946e-04 0.000000000000000000e+00
0.000000000000000000e+00 0.000000000000000000e+00 0.000000000000000000e+00 0.000000000000000000e+00 4.935698824826870949e-04 0.000000000000000000e+00 0.000000000000000000e+00 0.000000000000000000e+00 1.314353887536025452e-03 1.284991350986072105e-03 0.000000000000000000e+00 0.000000000000000000e+00 1.303156917602095411e-03 1.265811326175383077e-03 9.729218992308184604e-04 0.000000000000000000e+00
