9.999999999999999547e-07
1.584893192461114080e-06
2.511886431509582273e-06
3.981071705534969119e-06
6.309573444801929638e-06
1.000000000000000082e-05
1.584893192461114123e-05
2.511886431509582188e-05
3.981071705534969458e-05
6.309573444801942852e-05
1.000000000000000048e-04
1.584893192461114190e-04
2.511886431509582256e-04
3.981071705534973523e-04
6.309573444801936347e-04
1.000000000000000021e-03
1.584893192461114082e-03
2.511886431509582039e-03
3.981071705534977752e-03
6.309573444801942418e-03
1.000000000000000021e-02
1.584893192461114125e-02
2.511886431509582213e-02
3.981071705534977578e-02
6.309573444801942765e-02
1.000000000000000056e-01
