# 'name' : 'rogers_a02_b02_d03_g00'
# 'source' : 'rogers_a02_b02_d03_g00.yaml'
# 'sample_pops' : ['X', 'Y', 'D', 'N']
# 'sample_size' : 1
# 'n_reps' : 100
# 'n_windows' : 200
# 'seq_length' : 100000000.0
# 'window_length' : 500000.0
# 'recomb_rate' : 1e-08
# 'mut_rate' : 1e-08
# 'created' : None
0.000000000000000000e+00 0.000000000000000000e+00 0.000000000000000000e+00 0.000000000000000000e+00 4.398218291117700351e-01 0.000000000000000000e+00 0.000000000000000000e+00 0.000000000000000000e+00 3.928198103518457107e-01 4.242691975245669322e-01 0.000000000000000000e+00 0.000000000000000000e+00 4.467790142308962764e-01 4.805415922391684247e-01 6.896126255742647537e-02 0.000000000000000000e+00
0.000000000000000000e+00 0.000000000000000000e+00 0.000000000000000000e+00 0.000000000000000000e+00 4.662122710326129793e-01 0.000000000000000000e+00 0.000000000000000000e+00 0.000000000000000000e+00 4.099878589562225284e-01 4.299271347044023583e-01 0.000000000000000000e+00 0.000000000000000000e+00 4.691376578793677310e-01 4.901760009263161910e-01 8.039307045984810107e-02 0.000000000000000000e+00
0.000000000000000000e+00 0.000000000000000000e+00 0.000000000000000000e+00 0.000000000000000000e+00 4.550336490104417431e-01 0.000000000000000000e+00 0.000000000000000000e+00 0.000000000000000000e+00 4.101797595155980414e-01 4.313722632113004551e-01 0.000000000000000000e+00 0.000000000000000000e+00 4.608343031999045381e-01 4.838948122408522345e-01 7.202530750386407221e-02 0.000000000000000000e+00
0.000000000000000000e+00 0.000000000000000000e+00 0.000000000000000000e+00 0.000000000000000000e+00 4.485882746687835931e-01 0.000000000000000000e+00 0.000000000000000000e+00 0.000000000000000000e+00 3.995019517387078944e-01 4.229933933244071631e-01 0.000000000000000000e+00 0.000000000000000000e+00 4.531304702121394246e-01 4.772544229169223828e-01 6.006182903130634354e-02 0.000000000000000000e+00
0.000000000000000000e+00 0.000000000000000000e+00 0.000000000000000000e+00 0.000000000000000000e+00 4.476834406715450299e-01 0.000000000000000000e+00 0.000000000000000000e+00 0.000000000000000000e+00 3.977567450856380749e-01 4.231045963734331172e-01 0.000000000000000000e+00 0.000000000000000000e+00 4.573848399253018226e-01 4.826999857724967313e-01 6.952654462648419353e-02 0.000000000000000000e+00
0.000000000000000000e+00 0.000000000000000000e+00 0.000000000000000000e+00 0.000000000000000000e+00 4.576914360767729839e-01 0.000000000000000000e+00 0.000000000000000000e+00 0.000000000000000000e+00 4.047834748671502170e-01 4.265928044553650156e-01 0.000000000000000000e+00 0.000000000000000000e+00 4.707270514817148421e-01 4.931267585957422872e-01 7.212304109237992200e-02 0.000000000000000000e+00
0.000000000000000000e+00 0.000000000000000000e+00 0.000000000000000000e+00 0.000000000000000000e+00 4.613513496765766497e-01 0.000000000000000000e+00 0.000000000000000000e+00 0.000000000000000000e+00 4.046349873458361390e-01 4.270281829018299780e-01 0.000000000000000000e+00 0.000000000000000000e+00 4.498703211658141576e-01 4.739276796051494767e-01 6.271088494378961042e-02 0.000000000000000000e+00
0.000000000000000000e+00 0.000000000000000000e+00 0.000000000000000000e+00 0.000000000000000000e+00 4.674963151600560751e-01 0.000000000000000000e+00 0.000000000000000000e+00 0.000000000000000000e+00 4.093378461584931127e-01 4.323043296321371076e-01 0.000000000000000000e+00 0.000000000000000000e+00 4.620952431824582041e-01 4.853988186635719293e-01 7.728860226289542557e-02 0.000000000000000000e+00
0.000000000000000000e+00 0.000000000000000000e+00 0.000000000000000000e+00 0.000000000000000000e+00 4.453129465201171588e-01 0.000000000000000000e+00 0.000000000000000000e+00 0.000000000000000000e+00 4.013683369477712981e-01 4.273226329452212147e-01 0.000000000000000000e+00 0.000000000000000000e+00 4.514397766504311127e-01 4.787282423689153132e-01 8.058196194510477972e-02 0.000000000000000000e+00
0.000000000000000000e+00 0.000000000000000000e+00 0.000000000000000000e+00 0.000000000000000000e+00 4.645362452772744399e-01 0.000000000000000000e+00 0.000000000000000000e+00 0.000000000000000000e+00 4.005247643545746250e-01 4.249874654597230461e-01 0.000000000000000000e+00 0.000000000000000000e+00 4.579792445440654114e-01 4.824699316380823277e-01 7.191373442758203227e-02 0.000000000000000000e+00
0.000000000000000000e+00 0.000000000000000000e+00 0.000000000000000000e+00 0.000000000000000000e+00 4.557967675580523736e-01 0.000000000000000000e+00 0.000000000000000000e+00 0.000000000000000000e+00 3.985463060620013653e-01 4.226706062776839357e-01 0.000000000000000000e+00 0.000000000000000000e+00 4.651875669273445868e-01 4.893169101897541506e-01 7.649586835019436815e-02 0.000000000000000000e+00
0.000000000000000000e+00 0.000000000000000000e+00 0.000000000000000000e+00 0.000000000000000000e+00 4.568905032284552581e-01 0.000000000000000000e+00 0.000000000000000000e+00 0.000000000000000000e+00 3.960490658829095012e-01 4.177139271843609558e-01 0.000000000000000000e+00 0.000000000000000000e+00 4.661110114915573144e-01 4.898007046229500561e-01 7.172985879151057287e-02 0.000000000000000000e+00
0.000000000000000000e+00 0.000000000000000000e+00 0.000000000000000000e+00 0.000000000000000000e+00 4.646647250778680460e-01 0.000000000000000000e+00 0.000000000000000000e+00 0.000000000000000000e+00 4.032024273746269150e-01 4.295781492928388290e-01 0.000000000000000000e+00 0.000000000000000000e+00 4.580889083945400841e-01 4.853592088185081921e-01 7.476393104498897657e-02 0.000000000000000000e+00
0.000000000000000000e+00 0.000000000000000000e+00 0.000000000000000000e+00 0.000000000000000000e+00 4.521964317077874496e-01 0.000000000000000000e+00 0.000000000000000000e+00 0.000000000000000000e+00 3.997729839671332330e-01 4.223188510783522642e-01 0.000000000000000000e+00 0.000000000000000000e+00 4.536234952661416520e-01 4.748097214819647083e-01 7.080291629590257374e-02 0.000000000000000000e+00
0.000000000000000000e+00 0.000000000000000000e+00 0.000000000000000000e+00 0.000000000000000000e+00 4.529251534075574015e-01 0.000000000000000000e+00 0.000000000000000000e+00 0.000000000000000000e+00 4.089554952733763793e-01 4.253739591388855934e-01 0.000000000000000000e+00 0.000000000000000000e+00 4.692407353597527475e-01 4.840917229129949595e-01 7.815986658447955648e-02 0.000000000000000000e+00
0.000000000000000000e+00 0.000000000000000000e+00 0.000000000000000000e+00 0.000000000000000000e+00 4.566451339190049086e-01 0.000000000000000000e+00 0.000000000000000000e+00 0.000000000000000000e+00 4.123451334830998127e-01 4.321899108024155334e-01 0.000000000000000000e+00 0.000000000000000000e+00 4.609781211670790912e-01 4.808685843005439109e-01 7.550164240863710408e-02 0.000000000000000000e+00
0.000000000000000000e+00 0.000000000000000000e+00 0.000000000000000000e+00 0.000000000000000000e+00 4.545748759044543896e-01 0.000000000000000000e+00 0.000000000000000000e+00 0.000000000000000000e+00 3.955223643565697889e-01 4.202693678187106596e-01 0.000000000000000000e+00 0.000000000000000000e+00 4.498647161841447528e-01 4.744779323242187541e-01 7.071778501543012074e-02 0.000000000000000000e+00
0.000000000000000000e+00 0.000000000000000000e+00 0.000000000000000000e+00 0.000000000000000000e+00 4.571004654847851678e-01 0.000000000000000000e+00 0.000000000000000000e+00 0.000000000000000000e+00 4.003727623551377457e-01 4.259383092260498604e-01 0.000000000000000000e+00 0.000000000000000000e+00 4.656528956614700010e-01 4.930115624878960157e-01 7.931197839246810488e-02 0.000000000000000000e+00
0.000000000000000000e+00 0.000000000000000000e+00 0.000000000000000000e+00 0.000000000000000000e+00 4.484278096370629130e-01 0.000000000000000000e+00 0.000000000000000000e+00 0.000000000000000000e+00 3.982942492953089331e-01 4.235463139087907725e-01 0.000000000000000000e+00 0.000000000000000000e+00 4.596067912008004464e-01 4.852368939501858769e-01 7.569227853921128846e-02 0.000000000000000000e+00
0.000000000000000000e+00 0.000000000000000000e+00 0.000000000000000000e+00 0.000000000000000000e+00 4.631674051915474766e-01 0.000000000000000000e+00 0.000000000000000000e+00 0.000000000000000000e+00 3.976418360742035030e-01 4.169202338428432131e-01 0.000000000000000000e+00 0.000000000000000000e+00 4.521714086734789362e-01 4.709142778301207977e-01 7.000904418828145237e-02 0.000000000000000000e+00
0.000000000000000000e+00 0.000000000000000000e+00 0.000000000000000000e+00 0.000000000000000000e+00 4.533265275208408496e-01 0.000000000000000000e+00 0.000000000000000000e+00 0.000000000000000000e+00 4.054431173258781218e-01 4.255818568875516794e-01 0.000000000000000000e+00 0.000000000000000000e+00 4.574831609186114645e-01 4.787181412780178169e-01 6.431312870502296775e-02 0.000000000000000000e+00
0.000000000000000000e+00 0.000000000000000000e+00 0.000000000000000000e+00 0.000000000000000000e+00 4.555468765637140094e-01 0.000000000000000000e+00 0.000000000000000000e+00 0.000000000000000000e+00 3.971183478105028697e-01 4.242806837655336283e-01 0.000000000000000000e+00 0.000000000000000000e+00 4.625479323770836926e-01 4.916699465832325422e-01 7.314148701183274814e-02 0.000000000000000000e+00
0.000000000000000000e+00 0.000000000000000000e+00 0.000000000000000000e+00 0.000000000000000000e+00 4.599041582637078407e-01 0.000000000000000000e+00 0.000000000000000000e+00 0.000000000000000000e+00 4.054576533374577574e-01 4.285030305570695086e-01 0.000000000000000000e+00 0.000000000000000000e+00 4.625196753610134048e-01 4.866589518867974751e-01 7.416242606286611860e-02 0.000000000000000000e+00
0.000000000000000000e+00 0.000000000000000000e+00 0.000000000000000000e+00 0.000000000000000000e+00 4.582980463674007354e-01 0.000000000000000000e+00 0.000000000000000000e+00 0.000000000000000000e+00 4.024107621022329218e-01 4.269807578045871077e-01 0.000000000000000000e+00 0.000000000000000000e+00 4.667964442088408661e-01 4.929173723409052132e-01 7.777393969907506199e-02 0.000000000000000000e+00
0.000000000000000000e+00 0.000000000000000000e+00 0.000000000000000000e+00 0.000000000000000000e+00 4.616097990646222393e-01 0.000000000000000000e+00 0.000000000000000000e+00 0.000000000000000000e+00 3.969753948222469742e-01 4.240289853494093042e-01 0.000000000000000000e+00 0.000000000000000000e+00 4.540214043971945168e-01 4.845536679647892142e-01 6.825854232119236975e-02 0.000000000000000000e+00
0.000000000000000000e+00 0.000000000000000000e+00 0.000000000000000000e+00 0.000000000000000000e+00 4.593462822320416583e-01 0.000000000000000000e+00 0.000000000000000000e+00 0.000000000000000000e+00 4.017101657057928210e-01 4.248132745337741545e-01 0.000000000000000000e+00 0.000000000000000000e+00 4.631148051883190453e-01 4.869726662437291465e-01 6.634576364716297803e-02 0.000000000000000000e+00
0.000000000000000000e+00 0.000000000000000000e+00 0.000000000000000000e+00 0.000000000000000000e+00 4.696503405173421686e-01 0.000000000000000000e+00 0.000000000000000000e+00 0.000000000000000000e+00 3.990094083696322791e-01 4.191311031299668755e-01 0.000000000000000000e+00 0.000000000000000000e+00 4.676719041947605127e-01 4.891771566060543752e-01 7.315787540566823233e-02 0.000000000000000000e+00
0.000000000000000000e+00 0.000000000000000000e+00 0.000000000000000000e+00 0.000000000000000000e+00 4.677998347742213792e-01 0.000000000000000000e+00 0.000000000000000000e+00 0.000000000000000000e+00 4.006386967258363518e-01 4.204910394631715120e-01 0.000000000000000000e+00 0.000000000000000000e+00 4.647635052205441042e-01 4.847834523716798016e-01 6.825840357356818822e-02 0.000000000000000000e+00
0.000000000000000000e+00 0.000000000000000000e+00 0.000000000000000000e+00 0.000000000000000000e+00 4.499852840621346162e-01 0.000000000000000000e+00 0.000000000000000000e+00 0.000000000000000000e+00 3.978544583202393015e-01 4.258450857223540220e-01 0.000000000000000000e+00 0.000000000000000000e+00 4.589085120577300336e-01 4.885835096793375021e-01 7.337840838864191639e-02 0.000000000000000000e+00
0.000000000000000000e+00 0.000000000000000000e+00 0.000000000000000000e+00 0.000000000000000000e+00 4.613516850143533632e-01 0.000000000000000000e+00 0.000000000000000000e+00 0.000000000000000000e+00 3.952244439582409674e-01 4.146332568437427479e-01 0.000000000000000000e+00 0.000000000000000000e+00 4.632187377684689467e-01 4.846459455551655471e-01 7.064925791721932136e-02 0.000000000000000000e+00
0.000000000000000000e+00 0.000000000000000000e+00 0.000000000000000000e+00 0.000000000000000000e+00 4.689072983643975956e-01 0.000000000000000000e+00 0.000000000000000000e+00 0.000000000000000000e+00 3.989359067953680005e-01 4.185920035596709110e-01 0.000000000000000000e+00 0.000000000000000000e+00 4.616196880793362323e-01 4.817836443290406945e-01 6.468817848325877917e-02 0.000000000000000000e+00
0.000000000000000000e+00 0.000000000000000000e+00 0.000000000000000000e+00 0.000000000000000000e+00 4.607411097831440316e-01 0.000000000000000000e+00 0.000000000000000000e+00 0.000000000000000000e+00 4.039051709589848715e-01 4.318107071547527820e-01 0.000000000000000000e+00 0.000000000000000000e+00 4.598700673727493804e-01 4.873086530770883718e-01 6.907643441002268847e-02 0.000000000000000000e+00
0.000000000000000000e+00 0.000000000000000000e+00 0.000000000000000000e+00 0.000000000000000000e+00 4.575030507801092217e-01 0.000000000000000000e+00 0.000000000000000000e+00 0.000000000000000000e+00 4.035008690079621152e-01 4.280873220844114702e-01 0.000000000000000000e+00 0.000000000000000000e+00 4.632664850651727062e-01 4.890965446639125025e-01 7.159630732352846583e-02 0.000000000000000000e+00
0.000000000000000000e+00 0.000000000000000000e+00 0.000000000000000000e+00 0.000000000000000000e+00 4.495332591318751403e-01 0.000000000000000000e+00 0.000000000000000000e+00 0.000000000000000000e+00 4.018225250963063377e-01 4.251227321796601233e-01 0.000000000000000000e+00 0.000000000000000000e+00 4.536178431912542552e-01 4.783849831988055690e-01 7.656608557349339761e-02 0.000000000000000000e+00
0.000000000000000000e+00 0.000000000000000000e+00 0.000000000000000000e+00 0.000000000000000000e+00 4.550090189759959936e-01 0.000000000000000000e+00 0.000000000000000000e+00 0.000000000000000000e+00 4.051286723987055916e-01 4.299597327953945114e-01 0.000000000000000000e+00 0.000000000000000000e+00 4.631823070677644760e-01 4.895949934631614320e-01 8.090834355568750358e-02 0.000000000000000000e+00
0.000000000000000000e+00 0.000000000000000000e+00 0.000000000000000000e+00 0.000000000000000000e+00 4.517687341283027069e-01 0.000000000000000000e+00 0.000000000000000000e+00 0.000000000000000000e+00 3.996383735771560919e-01 4.251645019742648635e-01 0.000000000000000000e+00 0.000000000000000000e+00 4.597998964061638105e-01 4.872063292162656656e-01 7.980082762288662201e-02 0.000000000000000000e+00
0.000000000000000000e+00 0.000000000000000000e+00 0.000000000000000000e+00 0.000000000000000000e+00 4.543756205351292543e-01 0.000000000000000000e+00 0.000000000000000000e+00 0.000000000000000000e+00 3.970199289293360190e-01 4.197953182669845740e-01 0.000000000000000000e+00 0.000000000000000000e+00 4.634390328782266311e-01 4.883816066125254984e-01 7.206914073511132279e-02 0.000000000000000000e+00
0.000000000000000000e+00 0.000000000000000000e+00 0.000000000000000000e+00 0.000000000000000000e+00 4.499292400733317931e-01 0.000000000000000000e+00 0.000000000000000000e+00 0.000000000000000000e+00 4.047243060671374959e-01 4.304046641272914475e-01 0.000000000000000000e+00 0.000000000000000000e+00 4.608902874981036790e-01 4.887526921107507305e-01 8.659040075057791719e-02 0.000000000000000000e+00
0.000000000000000000e+00 0.000000000000000000e+00 0.000000000000000000e+00 0.000000000000000000e+00 4.664495308130758855e-01 0.000000000000000000e+00 0.000000000000000000e+00 0.000000000000000000e+00 4.029706585904951899e-01 4.281785863151910676e-01 0.000000000000000000e+00 0.000000000000000000e+00 4.598366409450413417e-01 4.869156944204868775e-01 7.126919044398229153e-02 0.000000000000000000e+00
0.000000000000000000e+00 0.000000000000000000e+00 0.000000000000000000e+00 0.000000000000000000e+00 4.665800487008329167e-01 0.000000000000000000e+00 0.000000000000000000e+00 0.000000000000000000e+00 3.929255153319878846e-01 4.185803419565015115e-01 0.000000000000000000e+00 0.000000000000000000e+00 4.619773120662528654e-01 4.887512807970818551e-01 6.925922576385125373e-02 0.000000000000000000e+00
0.000000000000000000e+00 0.000000000000000000e+00 0.000000000000000000e+00 0.000000000000000000e+00 4.510947071717540391e-01 0.000000000000000000e+00 0.000000000000000000e+00 0.000000000000000000e+00 3.947776712613043637e-01 4.194934880679195843e-01 0.000000000000000000e+00 0.000000000000000000e+00 4.558581271648751154e-01 4.814741918968272194e-01 6.688065846428643824e-02 0.000000000000000000e+00
0.000000000000000000e+00 0.000000000000000000e+00 0.000000000000000000e+00 0.000000000000000000e+00 4.572100901595614331e-01 0.000000000000000000e+00 0.000000000000000000e+00 0.000000000000000000e+00 4.101739982982864907e-01 4.282869724284339430e-01 0.000000000000000000e+00 0.000000000000000000e+00 4.664610625699521229e-01 4.847608793981510455e-01 7.363001800789548135e-02 0.000000000000000000e+00
0.000000000000000000e+00 0.000000000000000000e+00 0.000000000000000000e+00 0.000000000000000000e+00 4.630168218434425609e-01 0.000000000000000000e+00 0.000000000000000000e+00 0.000000000000000000e+00 4.025481699633662314e-01 4.261199604701020327e-01 0.000000000000000000e+00 0.000000000000000000e+00 4.663566939721258131e-01 4.920376190228338276e-01 8.380803167523356856e-02 0.000000000000000000e+00
0.000000000000000000e+00 0.000000000000000000e+00 0.000000000000000000e+00 0.000000000000000000e+00 4.592340746043339084e-01 0.000000000000000000e+00 0.000000000000000000e+00 0.000000000000000000e+00 4.016382615365734488e-01 4.263640169256168178e-01 0.000000000000000000e+00 0.000000000000000000e+00 4.742251440396482720e-01 5.011315300361506297e-01 8.151487198529906719e-02 0.000000000000000000e+00
0.000000000000000000e+00 0.000000000000000000e+00 0.000000000000000000e+00 0.000000000000000000e+00 4.712432224825919280e-01 0.000000000000000000e+00 0.000000000000000000e+00 0.000000000000000000e+00 3.947418505042026848e-01 4.205886339510123140e-01 0.000000000000000000e+00 0.000000000000000000e+00 4.618268377912264633e-01 4.888363409191933129e-01 6.878265346587875140e-02 0.000000000000000000e+00
0.000000000000000000e+00 0.000000000000000000e+00 0.000000000000000000e+00 0.000000000000000000e+00 4.703412285336049381e-01 0.000000000000000000e+00 0.000000000000000000e+00 0.000000000000000000e+00 4.040877783677326862e-01 4.257574206752958168e-01 0.000000000000000000e+00 0.000000000000000000e+00 4.702672544308951763e-01 4.942799181503849115e-01 7.360799829577016617e-02 0.000000000000000000e+00
0.000000000000000000e+00 0.000000000000000000e+00 0.000000000000000000e+00 0.000000000000000000e+00 4.526060285069938294e-01 0.000000000000000000e+00 0.000000000000000000e+00 0.000000000000000000e+00 3.940575186378432182e-01 4.219463091586521108e-01 0.000000000000000000e+00 0.000000000000000000e+00 4.499387778623671341e-01 4.796126313171656386e-01 6.773138598253228282e-02 0.000000000000000000e+00
0.000000000000000000e+00 0.000000000000000000e+00 0.000000000000000000e+00 0.000000000000000000e+00 4.561547350239279486e-01 0.000000000000000000e+00 0.000000000000000000e+00 0.000000000000000000e+00 4.023265005017643836e-01 4.265106677900961651e-01 0.000000000000000000e+00 0.000000000000000000e+00 4.630863520715745030e-01 4.891623803952641070e-01 7.894392024261995267e-02 0.000000000000000000e+00
0.000000000000000000e+00 0.000000000000000000e+00 0.000000000000000000e+00 0.000000000000000000e+00 4.667096508947819467e-01 0.000000000000000000e+00 0.000000000000000000e+00 0.000000000000000000e+00 4.045710757982488026e-01 4.244519624017227821e-01 0.000000000000000000e+00 0.000000000000000000e+00 4.571280766583404320e-01 4.767820189005525511e-01 7.630318030119259687e-02 0.000000000000000000e+00
0.000000000000000000e+00 0.000000000000000000e+00 0.000000000000000000e+00 0.000000000000000000e+00 4.567157070169510225e-01 0.000000000000000000e+00 0.000000000000000000e+00 0.000000000000000000e+00 4.013490636714058812e-01 4.207302764624030744e-01 0.000000000000000000e+00 0.000000000000000000e+00 4.584705965406981609e-01 4.781339416198315262e-01 6.843887513505926556e-02 0.000000000000000000e+00
0.000000000000000000e+00 0.000000000000000000e+00 0.000000000000000000e+00 0.000000000000000000e+00 4.512218532307825658e-01 0.000000000000000000e+00 0.000000000000000000e+00 0.000000000000000000e+00 3.930219323612286209e-01 4.171059150550086581e-01 0.000000000000000000e+00 0.000000000000000000e+00 4.516361079824686708e-01 4.761670314349746858e-01 7.258527901797623416e-02 0.000000000000000000e+00
0.000000000000000000e+00 0.000000000000000000e+00 0.000000000000000000e+00 0.000000000000000000e+00 4.662618628823904654e-01 0.000000000000000000e+00 0.000000000000000000e+00 0.000000000000000000e+00 4.018187261520639320e-01 4.204211653510410707e-01 0.000000000000000000e+00 0.000000000000000000e+00 4.736593737474927290e-01 4.943618185908281726e-01 8.319685322328686239e-02 0.000000000000000000e+00
0.000000000000000000e+00 0.000000000000000000e+00 0.000000000000000000e+00 0.000000000000000000e+00 4.652700972081343367e-01 0.000000000000000000e+00 0.000000000000000000e+00 0.000000000000000000e+00 4.011436650909030455e-01 4.242232583688352321e-01 0.000000000000000000e+00 0.000000000000000000e+00 4.560572815944777814e-01 4.800249317645639557e-01 7.646572284211423931e-02 0.000000000000000000e+00
0.000000000000000000e+00 0.000000000000000000e+00 0.000000000000000000e+00 0.000000000000000000e+00 4.713481388451354892e-01 0.000000000000000000e+00 0.000000000000000000e+00 0.000000000000000000e+00 3.983497913906892118e-01 4.245180730155841964e-01 0.000000000000000000e+00 0.000000000000000000e+00 4.571602938721555653e-01 4.835807471092549159e-01 6.742955924664255363e-02 0.000000000000000000e+00
0.000000000000000000e+00 0.000000000000000000e+00 0.000000000000000000e+00 0.000000000000000000e+00 4.432407568929551678e-01 0.000000000000000000e+00 0.000000000000000000e+00 0.000000000000000000e+00 3.991213979550915503e-01 4.316571990564398442e-01 0.000000000000000000e+00 0.000000000000000000e+00 4.577882499419317353e-01 4.935812353220512816e-01 7.987633371086999556e-02 0.000000000000000000e+00
0.000000000000000000e+00 0.000000000000000000e+00 0.000000000000000000e+00 0.000000000000000000e+00 4.595952941350814336e-01 0.000000000000000000e+00 0.000000000000000000e+00 0.000000000000000000e+00 4.023142077352137580e-01 4.267163094477017804e-01 0.000000000000000000e+00 0.000000000000000000e+00 4.599290143741587844e-01 4.838599819561679727e-01 7.903009319812188960e-02 0.000000000000000000e+00
0.000000000000000000e+00 0.000000000000000000e+00 0.000000000000000000e+00 0.000000000000000000e+00 4.581397331389983063e-01 0.000000000000000000e+00 0.000000000000000000e+00 0.000000000000000000e+00 3.983857804455470664e-01 4.240752759637322344e-01 0.000000000000000000e+00 0.000000000000000000e+00 4.516084235687914394e-01 4.786971361938608949e-01 6.842596356790739409e-02 0.000000000000000000e+00
0.000000000000000000e+00 0.000000000000000000e+00 0.000000000000000000e+00 0.000000000000000000e+00 4.453343429278478482e-01 0.000000000000000000e+00 0.000000000000000000e+00 0.000000000000000000e+00 3.927323322972551267e-01 4.187780545941477417e-01 0.000000000000000000e+00 0.000000000000000000e+00 4.560679344996839135e-01 4.831771195995695489e-01 6.831859916486622553e-02 0.000000000000000000e+00
0.000000000000000000e+00 0.000000000000000000e+00 0.000000000000000000e+00 0.000000000000000000e+00 4.659090803168082773e-01 0.000000000000000000e+00 0.000000000000000000e+00 0.000000000000000000e+00 3.969899230004104718e-01 4.230491224172018838e-01 0.000000000000000000e+00 0.000000000000000000e+00 4.626707284928171515e-01 4.905721437223927173e-01 6.947539003793797019e-02 0.000000000000000000e+00
0.000000000000000000e+00 0.000000000000000000e+00 0.000000000000000000e+00 0.000000000000000000e+00 4.575996610878888537e-01 0.000000000000000000e+00 0.000000000000000000e+00 0.000000000000000000e+00 4.049429455862667560e-01 4.256162423386130045e-01 0.000000000000000000e+00 0.000000000000000000e+00 4.522688445083725139e-01 4.742517814736163517e-01 6.826584234145377517e-02 0.000000000000000000e+00
0.000000000000000000e+00 0.000000000000000000e+00 0.000000000000000000e+00 0.000000000000000000e+00 4.435952555446099344e-01 0.000000000000000000e+00 0.000000000000000000e+00 0.000000000000000000e+00 3.935718617214757908e-01 4.245111304163462496e-01 0.000000000000000000e+00 0.000000000000000000e+00 4.485279275751791195e-01 4.808741070788788985e-01 7.091026677454725924e-02 0.000000000000000000e+00
0.000000000000000000e+00 0.000000000000000000e+00 0.000000000000000000e+00 0.000000000000000000e+00 4.434782604139895223e-01 0.000000000000000000e+00 0.000000000000000000e+00 0.000000000000000000e+00 4.052556101771225827e-01 4.272714719792777838e-01 0.000000000000000000e+00 0.000000000000000000e+00 4.523739889936617131e-01 4.745087913001503899e-01 7.308637399439112114e-02 0.000000000000000000e+00
0.000000000000000000e+00 0.000000000000000000e+00 0.000000000000000000e+00 0.000000000000000000e+00 4.545961507087660780e-01 0.000000000000000000e+00 0.000000000000000000e+00 0.000000000000000000e+00 4.014939539678054059e-01 4.274810484603018823e-01 0.000000000000000000e+00 0.000000000000000000e+00 4.641243136548032222e-01 4.921796843748446060e-01 8.010483710023923176e-02 0.000000000000000000e+00
0.000000000000000000e+00 0.000000000000000000e+00 0.000000000000000000e+00 0.000000000000000000e+00 4.683950647980953397e-01 0.000000000000000000e+00 0.000000000000000000e+00 0.000000000000000000e+00 4.131478892577877260e-01 4.359635709773431733e-01 0.000000000000000000e+00 0.000000000000000000e+00 4.726540614005417251e-01 4.978943947532208925e-01 8.956041145657051006e-02 0.000000000000000000e+00
0.000000000000000000e+00 0.000000000000000000e+00 0.000000000000000000e+00 0.000000000000000000e+00 4.439481008714043497e-01 0.000000000000000000e+00 0.000000000000000000e+00 0.000000000000000000e+00 3.988339829179800011e-01 4.277369598897035052e-01 0.000000000000000000e+00 0.000000000000000000e+00 4.580924930765280512e-01 4.881494042702846925e-01 7.273813030788461864e-02 0.000000000000000000e+00
0.000000000000000000e+00 0.000000000000000000e+00 0.000000000000000000e+00 0.000000000000000000e+00 4.734529777458860722e-01 0.000000000000000000e+00 0.000000000000000000e+00 0.000000000000000000e+00 4.063445999464627145e-01 4.235205596419741036e-01 0.000000000000000000e+00 0.000000000000000000e+00 4.648428451422198515e-01 4.817504203644694116e-01 7.237138887711061508e-02 0.000000000000000000e+00
0.000000000000000000e+00 0.000000000000000000e+00 0.000000000000000000e+00 0.000000000000000000e+00 4.518381525030003010e-01 0.000000000000000000e+00 0.000000000000000000e+00 0.000000000000000000e+00 4.005397874380040024e-01 4.261857144076479642e-01 0.000000000000000000e+00 0.000000000000000000e+00 4.524999378096100089e-01 4.780324956086480781e-01 7.256500796254244934e-02 0.000000000000000000e+00
0.000000000000000000e+00 0.000000000000000000e+00 0.000000000000000000e+00 0.000000000000000000e+00 4.592420950882404318e-01 0.000000000000000000e+00 0.000000000000000000e+00 0.000000000000000000e+00 3.947139984592567541e-01 4.221921676627000686e-01 0.000000000000000000e+00 0.000000000000000000e+00 4.485998803394125600e-01 4.768630015393540145e-01 6.271386681680152231e-02 0.000000000000000000e+00
0.000000000000000000e+00 0.000000000000000000e+00 0.000000000000000000e+00 0.000000000000000000e+00 4.550744817023574251e-01 0.000000000000000000e+00 0.000000000000000000e+00 0.000000000000000000e+00 3.979844661913430337e-01 4.212341449450898723e-01 0.000000000000000000e+00 0.000000000000000000e+00 4.661193729313843348e-01 4.917568300386681579e-01 7.378977689448178168e-02 0.000000000000000000e+00
0.000000000000000000e+00 0.000000000000000000e+00 0.000000000000000000e+00 0.000000000000000000e+00 4.701834191219488313e-01 0.000000000000000000e+00 0.000000000000000000e+00 0.000000000000000000e+00 3.982031369066429405e-01 4.220737341956191102e-01 0.000000000000000000e+00 0.000000000000000000e+00 4.504492500450407722e-01 4.738253224514342166e-01 6.287447958485634092e-02 0.000000000000000000e+00
0.000000000000000000e+00 0.000000000000000000e+00 0.000000000000000000e+00 0.000000000000000000e+00 4.564492243195016341e-01 0.000000000000000000e+00 0.000000000000000000e+00 0.000000000000000000e+00 3.959847086140102501e-01 4.181922290429950229e-01 0.000000000000000000e+00 0.000000000000000000e+00 4.609411402939360136e-01 4.851216240427473902e-01 6.585033514470307880e-02 0.000000000000000000e+00
0.000000000000000000e+00 0.000000000000000000e+00 0.000000000000000000e+00 0.000000000000000000e+00 4.594621825197923726e-01 0.000000000000000000e+00 0.000000000000000000e+00 0.000000000000000000e+00 4.035260560681466213e-01 4.297095442452642522e-01 0.000000000000000000e+00 0.000000000000000000e+00 4.543161600095717567e-01 4.808379037347320084e-01 6.996941168863721194e-02 0.000000000000000000e+00
0.000000000000000000e+00 0.000000000000000000e+00 0.000000000000000000e+00 0.000000000000000000e+00 4.637698622022750627e-01 0.000000000000000000e+00 0.000000000000000000e+00 0.000000000000000000e+00 4.158419150321939206e-01 4.350649015919990648e-01 0.000000000000000000e+00 0.000000000000000000e+00 4.745906988262739157e-01 4.944119445612136787e-01 8.261134978258810602e-02 0.000000000000000000e+00
0.000000000000000000e+00 0.000000000000000000e+00 0.000000000000000000e+00 0.000000000000000000e+00 4.612978655964241614e-01 0.000000000000000000e+00 0.000000000000000000e+00 0.000000000000000000e+00 4.065450939078986692e-01 4.281156440820840237e-01 0.000000000000000000e+00 0.000000000000000000e+00 4.554590242742597161e-01 4.777925042964061841e-01 7.560394166387142401e-02 0.000000000000000000e+00
0.000000000000000000e+00 0.000000000000000000e+00 0.000000000000000000e+00 0.000000000000000000e+00 4.631049793220139987e-01 0.000000000000000000e+00 0.000000000000000000e+00 0.000000000000000000e+00 4.060748053879858488e-01 4.306575979413034827e-01 0.000000000000000000e+00 0.000000000000000000e+00 4.690262889363572829e-01 4.945381033646716329e-01 7.795527379882641328e-02 0.000000000000000000e+00
0.000000000000000000e+00 0.000000000000000000e+00 0.000000000000000000e+00 0.000000000000000000e+00 4.610788670404683542e-01 0.000000000000000000e+00 0.000000000000000000e+00 0.000000000000000000e+00 4.025509329211490739e-01 4.255950119384964703e-01 0.000000000000000000e+00 0.000000000000000000e+00 4.693701591503085524e-01 4.940705903518085029e-01 7.864989220099938283e-02 0.000000000000000000e+00
0.000000000000000000e+00 0.000000000000000000e+00 0.000000000000000000e+00 0.000000000000000000e+00 4.656008756661738079e-01 0.000000000000000000e+00 0.000000000000000000e+00 0.000000000000000000e+00 4.062032696167724444e-01 4.283825381389986253e-01 0.000000000000000000e+00 0.000000000000000000e+00 4.594900002556155938e-01 4.835375226080642630e-01 6.810582396818984363e-02 0.000000000000000000e+00
0.000000000000000000e+00 0.000000000000000000e+00 0.000000000000000000e+00 0.000000000000000000e+00 4.476334066728612782e-01 0.000000000000000000e+00 0.000000000000000000e+00 0.000000000000000000e+00 3.985376987967337303e-01 4.226190099571562331e-01 0.000000000000000000e+00 0.000000000000000000e+00 4.508343754269146242e-01 4.755546543716476227e-01 6.571785378904909658e-02 0.000000000000000000e+00
0.000000000000000000e+00 0.000000000000000000e+00 0.000000000000000000e+00 0.000000000000000000e+00 4.581243053819121780e-01 0.000000000000000000e+00 0.000000000000000000e+00 0.000000000000000000e+00 3.961843336073490596e-01 4.211425633743891561e-01 0.000000000000000000e+00 0.000000000000000000e+00 4.548858962527059235e-01 4.818185316449162814e-01 6.611453480240049585e-02 0.000000000000000000e+00
0.000000000000000000e+00 0.000000000000000000e+00 0.000000000000000000e+00 0.000000000000000000e+00 4.623928281546823560e-01 0.000000000000000000e+00 0.000000000000000000e+00 0.000000000000000000e+00 4.013094451076432145e-01 4.215169197614468399e-01 0.000000000000000000e+00 0.000000000000000000e+00 4.728549962873658252e-01 4.937823156980045702e-01 7.771280728317986330e-02 0.000000000000000000e+00
0.000000000000000000e+00 0.000000000000000000e+00 0.000000000000000000e+00 0.000000000000000000e+00 4.516099371364010184e-01 0.000000000000000000e+00 0.000000000000000000e+00 0.000000000000000000e+00 3.953761232268345749e-01 4.198505061840155927e-01 0.000000000000000000e+00 0.000000000000000000e+00 4.482112410158378690e-01 4.744644732797559938e-01 6.369640251312509716e-02 0.000000000000000000e+00
0.000000000000000000e+00 0.000000000000000000e+00 0.000000000000000000e+00 0.000000000000000000e+00 4.646709594597705495e-01 0.000000000000000000e+00 0.000000000000000000e+00 0.000000000000000000e+00 3.962825435969486998e-01 4.211944874760434332e-01 0.000000000000000000e+00 0.000000000000000000e+00 4.604554945712083236e-01 4.877748359269634681e-01 7.001748419675994650e-02 0.000000000000000000e+00
0.000000000000000000e+00 0.000000000000000000e+00 0.000000000000000000e+00 0.000000000000000000e+00 4.633987204931719894e-01 0.000000000000000000e+00 0.000000000000000000e+00 0.000000000000000000e+00 4.016639121235274779e-01 4.275156947632560156e-01 0.000000000000000000e+00 0.000000000000000000e+00 4.580589219195118078e-01 4.855068799946258284e-01 6.875234845124521266e-02 0.000000000000000000e+00
0.000000000000000000e+00 0.000000000000000000e+00 0.000000000000000000e+00 0.000000000000000000e+00 4.625540151144122980e-01 0.000000000000000000e+00 0.000000000000000000e+00 0.000000000000000000e+00 4.019110137593140952e-01 4.279281443957937414e-01 0.000000000000000000e+00 0.000000000000000000e+00 4.596818786021348857e-01 4.870067084705370086e-01 7.151154358498539032e-02 0.000000000000000000e+00
0.000000000000000000e+00 0.000000000000000000e+00 0.000000000000000000e+00 0.000000000000000000e+00 4.589269381220426602e-01 0.000000000000000000e+00 0.000000000000000000e+00 0.000000000000000000e+00 3.985440745944873742e-01 4.222752163205849008e-01 0.000000000000000000e+00 0.000000000000000000e+00 4.596618645091644639e-01 4.851475043766055872e-01 7.390016222902531795e-02 0.000000000000000000e+00
0.000000000000000000e+00 0.000000000000000000e+00 0.000000000000000000e+00 0.000000000000000000e+00 4.637101743647558116e-01 0.000000000000000000e+00 0.000000000000000000e+00 0.000000000000000000e+00 4.061867191889242945e-01 4.281030896200446745e-01 0.000000000000000000e+00 0.000000000000000000e+00 4.748380514495889049e-01 4.971543270770489853e-01 7.876235677225290610e-02 0.000000000000000000e+00
0.000000000000000000e+00 0.000000000000000000e+00 0.000000000000000000e+00 0.000000000000000000e+00 4.525380335411977040e-01 0.000000000000000000e+00 0.000000000000000000e+00 0.000000000000000000e+00 3.984453282747392189e-01 4.233047503692940472e-01 0.000000000000000000e+00 0.000000000000000000e+00 4.659129746828346574e-01 4.926307144722362197e-01 7.529089698444861589e-02 0.000000000000000000e+00
0.000000000000000000e+00 0.000000000000000000e+00 0.000000000000000000e+00 0.000000000000000000e+00 4.492523549257794735e-01 0.000000000000000000e+00 0.000000000000000000e+00 0.000000000000000000e+00 3.957909652020213387e-01 4.240353866406879058e-01 0.000000000000000000e+00 0.000000000000000000e+00 4.515347008405858342e-01 4.807213419458824522e-01 7.424498359190806474e-02 0.000000000000000000e+00
0.000000000000000000e+00 0.000000000000000000e+00 0.000000000000000000e+00 0.000000000000000000e+00 4.673146548218508611e-01 0.000000000000000000e+00 0.000000000000000000e+00 0.000000000000000000e+00 4.126256314431934191e-01 4.336999490514334976e-01 0.000000000000000000e+00 0.000000000000000000e+00 4.661321389824702455e-01 4.883039077329462962e-01 7.422709025838511443e-02 0.000000000000000000e+00
0.000000000000000000e+00 0.000000000000000000e+00 0.000000000000000000e+00 0.000000000000000000e+00 4.685750324709970771e-01 0.000000000000000000e+00 0.000000000000000000e+00 0.000000000000000000e+00 4.097904048287279166e-01 4.350665341598687341e-01 0.000000000000000000e+00 0.000000000000000000e+00 4.678399094706974792e-01 4.930743571310472473e-01 8.209211419099815554e-02 0.000000000000000000e+00
0.000000000000000000e+00 0.000000000000000000e+00 0.000000000000000000e+00 0.000000000000000000e+00 4.632584860858636744e-01 0.000000000000000000e+00 0.000000000000000000e+00 0.000000000000000000e+00 4.091458726302286686e-01 4.259613368860566962e-01 0.000000000000000000e+00 0.000000000000000000e+00 4.667342751832082026e-01 4.832568368212142862e-01 8.000590440437395368e-02 0.000000000000000000e+00
0.000000000000000000e+00 0.000000000000000000e+00 0.000000000000000000e+00 0.000000000000000000e+00 4.591074832905432945e-01 0.000000000000000000e+00 0.000000000000000000e+00 0.000000000000000000e+00 4.034014655622822909e-01 4.310496318717065845e-01 0.000000000000000000e+00 0.000000000000000000e+00 4.586970043087774118e-01 4.880436154110832647e-01 8.199442381174057437e-02 0.000000000000000000e+00
0.000000000000000000e+00 0.000000000000000000e+00 0.000000000000000000e+00 0.000000000000000000e+00 4.488028742082307287e-01 0.000000000000000000e+00 0.000000000000000000e+00 0.000000000000000000e+00 4.029423830519170413e-01 4.237858067717300004e-01 0.000000000000000000e+00 0.000000000000000000e+00 4.504939267418266446e-01 4.721273377864187437e-01 7.192644605842361816e-02 0.000000000000000000e+00
0.000000000000000000e+00 0.000000000000000000e+00 0.000000000000000000e+00 0.000000000000000000e+00 4.566014883758003906e-01 0.000000000000000000e+00 0.000000000000000000e+00 0.000000000000000000e+00 4.126215477336792059e-01 4.423903706865395802e-01 0.000000000000000000e+00 0.000000000000000000e+00 4.680383148980448160e-01 4.994998699864835467e-01 8.206595081772119493e-02 0.000000000000000000e+00
0.000000000000000000e+00 0.000000000000000000e+00 0.000000000000000000e+00 0.000000000000000000e+00 4.500869799165942431e-01 0.000000000000000000e+00 0.000000000000000000e+00 0.000000000000000000e+00 3.987766165188894041e-01 4.245187863905725556e-01 0.000000000000000000e+00 0.000000000000000000e+00 4.498501497995780474e-01 4.760715373722042010e-01 7.274745493944433095e-02 0.000000000000000000e+00
0.000000000000000000e+00 0.000000000000000000e+00 0.000000000000000000e+00 0.000000000000000000e+00 4.651828348088431486e-01 0.000000000000000000e+00 0.000000000000000000e+00 0.000000000000000000e+00 4.033468628137339418e-01 4.258620700030148476e-01 0.000000000000000000e+00 0.000000000000000000e+00 4.585769366803658653e-01 4.819133914809611285e-01 7.368629646517797782e-02 0.000000000000000000e+00
0.000000000000000000e+00 0.000000000000000000e+00 0.000000000000000000e+00 0.000000000000000000e+00 4.576246823925343432e-01 0.000000000000000000e+00 0.000000000000000000e+00 0.000000000000000000e+00 3.942076495281845450e-01 4.193263696165858700e-01 0.000000000000000000e+00 0.000000000000000000e+00 4.554093460884404143e-01 4.817962179651460453e-01 6.996946409295895508e-02 0.000000000000000000e+00
0.000000000000000000e+00 0.000000000000000000e+00 0.000000000000000000e+00 0.000000000000000000e+00 4.533497800922694498e-01 0.000000000000000000e+00 0.000000000000000000e+00 0.000000000000000000e+00 4.014110779899502379e-01 4.272888960813595594e-01 0.000000000000000000e+00 0.000000000000000000e+00 4.629629959751608292e-01 4.905765289985782873e-01 7.551344735553744414e-02 0.000000000000000000e+00
0.000000000000000000e+00 0.000000000000000000e+00 0.000000000000000000e+00 0.000000000000000000e+00 4.603438268911276277e-01 0.000000000000000000e+00 0.000000000000000000e+00 0.000000000000000000e+00 4.003619079603422115e-01 4.237984576214742782e-01 0.000000000000000000e+00 0.000000000000000000e+00 4.695785390242147028e-01 4.949825586000936029e-01 7.541171393069961981e-02 0.000000000000000000e+00
0.000000000000000000e+00 0.000000000000000000e+00 0.000000000000000000e+00 0.000000000000000000e+00 4.638796153625647789e-01 0.000000000000000000e+00 0.000000000000000000e+00 0.000000000000000000e+00 4.019767822212703123e-01 4.211057514162602211e-01 0.000000000000000000e+00 0.000000000000000000e+00 4.560971311395348171e-01 4.760235898538407451e-01 6.202778664196283848e-02 0.000000000000000000e+00
