# {'chrom': '20', 'window_id': '2', 'statistic': 'H2', 'bounds': [29000000, 46000000], 'span': 17000000, 'n_sites': 10257164, 'coverage': 60.34, 'right_discontinuous': False, 'rows': "{0: 'Altai', 1: 'Chagyrskaya', 2: 'Denisova', 3: 'French-1', 4: 'Han-1', 5: 'Khomani_San-2', 6: 'Papuan-2', 7: 'Vindija', 8: 'Yoruba-1', 9: 'Yoruba-3'}"}
5.600000000000000000e+02 3.310000000000000000e+02 3.600000000000000000e+02 3.960000000000000000e+02 7.780000000000000000e+02 1.947000000000000000e+03 3.134000000000000000e+03 4.652000000000000000e+03 8.980000000000000000e+03 8.958000000000000000e+03 1.039300000000000000e+04 1.802600000000000000e+04 2.589800000000000000e+04 4.432500000000000000e+04 1.006720000000000000e+05 1.497420000000000000e+05 3.450280000000000000e+05 7.568770000000000000e+05 1.031799000000000000e+06
5.900000000000000000e+01 7.200000000000000000e+01 1.520000000000000000e+02 2.070000000000000000e+02 2.580000000000000000e+02 6.840000000000000000e+02 9.910000000000000000e+02 1.372000000000000000e+03 2.734000000000000000e+03 2.619000000000000000e+03 3.362000000000000000e+03 6.591000000000000000e+03 9.480000000000000000e+03 1.141500000000000000e+04 3.977400000000000000e+04 5.182900000000000000e+04 9.843700000000000000e+04 1.586780000000000000e+05 3.070590000000000000e+05
3.150000000000000000e+02 2.470000000000000000e+02 4.500000000000000000e+02 3.660000000000000000e+02 5.540000000000000000e+02 1.456000000000000000e+03 2.235000000000000000e+03 2.938000000000000000e+03 5.090000000000000000e+03 5.450000000000000000e+03 6.945000000000000000e+03 1.280600000000000000e+04 9.658000000000000000e+03 1.390100000000000000e+04 5.899200000000000000e+04 7.546000000000000000e+04 1.958330000000000000e+05 3.291800000000000000e+05 4.495460000000000000e+05
1.107000000000000000e+03 8.960000000000000000e+02 1.587000000000000000e+03 1.514000000000000000e+03 2.030000000000000000e+03 5.398000000000000000e+03 8.277000000000000000e+03 1.402000000000000000e+04 3.450100000000000000e+04 3.844800000000000000e+04 5.244200000000000000e+04 9.664800000000000000e+04 1.273010000000000000e+05 2.466270000000000000e+05 6.911450000000000000e+05 9.267810000000000000e+05 2.004811000000000000e+06 5.773185000000000000e+06 8.099925000000000000e+06
6.950000000000000000e+02 6.870000000000000000e+02 1.464000000000000000e+03 1.592000000000000000e+03 2.087000000000000000e+03 4.262000000000000000e+03 7.276000000000000000e+03 1.257700000000000000e+04 3.075700000000000000e+04 3.290400000000000000e+04 4.866300000000000000e+04 8.273400000000000000e+04 9.737500000000000000e+04 2.348760000000000000e+05 4.065720000000000000e+05 6.998190000000000000e+05 1.403561000000000000e+06 4.464149000000000000e+06 7.502703000000000000e+06
4.449000000000000000e+03 1.701000000000000000e+03 2.934000000000000000e+03 2.801000000000000000e+03 3.839000000000000000e+03 9.837000000000000000e+03 1.541700000000000000e+04 2.774300000000000000e+04 5.992400000000000000e+04 6.462900000000000000e+04 1.130560000000000000e+05 1.869150000000000000e+05 2.679740000000000000e+05 4.574380000000000000e+05 1.300119000000000000e+06 2.144312000000000000e+06 4.074567000000000000e+06 1.178617400000000000e+07 1.959256700000000000e+07
1.804000000000000000e+03 9.950000000000000000e+02 1.373000000000000000e+03 1.328000000000000000e+03 1.924000000000000000e+03 5.219000000000000000e+03 7.800000000000000000e+03 1.366400000000000000e+04 2.821800000000000000e+04 3.323400000000000000e+04 4.377100000000000000e+04 7.906400000000000000e+04 7.109600000000000000e+04 1.253070000000000000e+05 4.233260000000000000e+05 6.303230000000000000e+05 1.437482000000000000e+06 4.226332000000000000e+06 7.024894000000000000e+06
4.120000000000000000e+02 2.440000000000000000e+02 3.460000000000000000e+02 3.020000000000000000e+02 5.430000000000000000e+02 1.220000000000000000e+03 1.726000000000000000e+03 2.822000000000000000e+03 6.103000000000000000e+03 4.485000000000000000e+03 8.289000000000000000e+03 1.162500000000000000e+04 1.199900000000000000e+04 1.958700000000000000e+04 5.931700000000000000e+04 1.116840000000000000e+05 1.820960000000000000e+05 3.640210000000000000e+05 6.610110000000000000e+05
2.098000000000000000e+03 1.260000000000000000e+03 2.338000000000000000e+03 2.386000000000000000e+03 3.298000000000000000e+03 8.214000000000000000e+03 1.206400000000000000e+04 2.111300000000000000e+04 5.093400000000000000e+04 5.987700000000000000e+04 9.308300000000000000e+04 1.866890000000000000e+05 2.528550000000000000e+05 4.844900000000000000e+05 1.209992000000000000e+06 1.873149000000000000e+06 3.787171000000000000e+06 1.040421100000000000e+07 1.600284400000000000e+07
2.941000000000000000e+03 1.524000000000000000e+03 2.825000000000000000e+03 3.055000000000000000e+03 3.847000000000000000e+03 1.013000000000000000e+04 1.477400000000000000e+04 2.537900000000000000e+04 5.601000000000000000e+04 6.226600000000000000e+04 1.036090000000000000e+05 1.827330000000000000e+05 2.475590000000000000e+05 4.676340000000000000e+05 1.335845000000000000e+06 1.985091000000000000e+06 4.311332000000000000e+06 1.202194700000000000e+07 1.873186700000000000e+07
