# {'chrom': '20', 'window_id': '0', 'statistic': 'H2', 'bounds': [0, 13000000], 'span': 13000000, 'n_sites': 8498299, 'coverage': 65.37, 'right_discontinuous': False, 'rows': "{0: 'Altai', 1: 'Chagyrskaya', 2: 'Denisova', 3: 'French-1', 4: 'Han-1', 5: 'Khomani_San-2', 6: 'Papuan-2', 7: 'Vindija', 8: 'Yoruba-1', 9: 'Yoruba-3'}"}
3.270000000000000000e+02 2.570000000000000000e+02 6.080000000000000000e+02 6.550000000000000000e+02 9.040000000000000000e+02 1.826000000000000000e+03 3.440000000000000000e+03 5.366000000000000000e+03 1.044700000000000000e+04 7.737000000000000000e+03 8.682000000000000000e+03 1.383700000000000000e+04 2.201000000000000000e+04 3.696600000000000000e+04 8.442000000000000000e+04 8.647300000000000000e+04 1.107470000000000000e+05 4.031120000000000000e+05 8.274970000000000000e+05
1.940000000000000000e+02 1.610000000000000000e+02 3.270000000000000000e+02 3.430000000000000000e+02 4.880000000000000000e+02 9.350000000000000000e+02 1.560000000000000000e+03 2.791000000000000000e+03 4.223000000000000000e+03 3.484000000000000000e+03 3.566000000000000000e+03 4.427000000000000000e+03 5.440000000000000000e+03 1.653000000000000000e+04 1.560300000000000000e+04 2.252700000000000000e+04 4.339200000000000000e+04 1.238300000000000000e+05 1.731180000000000000e+05
1.670000000000000000e+02 1.760000000000000000e+02 2.710000000000000000e+02 3.220000000000000000e+02 3.820000000000000000e+02 1.217000000000000000e+03 1.757000000000000000e+03 2.423000000000000000e+03 4.479000000000000000e+03 5.219000000000000000e+03 8.120000000000000000e+03 1.239700000000000000e+04 1.319900000000000000e+04 2.264300000000000000e+04 6.280100000000000000e+04 8.230700000000000000e+04 1.804350000000000000e+05 5.863420000000000000e+05 1.199282000000000000e+06
1.498000000000000000e+03 1.023000000000000000e+03 1.669000000000000000e+03 1.973000000000000000e+03 2.861000000000000000e+03 6.260000000000000000e+03 1.028700000000000000e+04 1.765600000000000000e+04 3.586700000000000000e+04 3.675100000000000000e+04 4.404400000000000000e+04 7.796300000000000000e+04 9.111700000000000000e+04 2.163320000000000000e+05 5.148200000000000000e+05 8.715860000000000000e+05 1.842061000000000000e+06 5.944268000000000000e+06 1.110054500000000000e+07
1.799000000000000000e+03 1.192000000000000000e+03 1.973000000000000000e+03 2.222000000000000000e+03 2.814000000000000000e+03 6.797000000000000000e+03 1.105600000000000000e+04 1.607500000000000000e+04 3.406600000000000000e+04 3.222600000000000000e+04 5.045700000000000000e+04 7.502800000000000000e+04 8.045400000000000000e+04 1.684780000000000000e+05 4.421270000000000000e+05 7.523080000000000000e+05 1.534537000000000000e+06 4.958366000000000000e+06 9.224488000000000000e+06
1.995000000000000000e+03 1.131000000000000000e+03 2.229000000000000000e+03 2.661000000000000000e+03 4.157000000000000000e+03 9.698000000000000000e+03 1.413200000000000000e+04 2.393300000000000000e+04 4.699700000000000000e+04 5.515200000000000000e+04 7.677000000000000000e+04 1.550270000000000000e+05 1.809710000000000000e+05 3.595540000000000000e+05 9.882290000000000000e+05 1.767214000000000000e+06 3.741242000000000000e+06 1.174827500000000000e+07 2.217170900000000000e+07
1.299000000000000000e+03 7.480000000000000000e+02 1.209000000000000000e+03 1.496000000000000000e+03 2.322000000000000000e+03 5.143000000000000000e+03 7.576000000000000000e+03 1.416100000000000000e+04 2.713600000000000000e+04 2.740600000000000000e+04 3.575700000000000000e+04 6.954500000000000000e+04 7.618700000000000000e+04 1.390570000000000000e+05 2.881860000000000000e+05 5.491740000000000000e+05 1.121749000000000000e+06 3.702174000000000000e+06 6.467679000000000000e+06
2.170000000000000000e+02 1.650000000000000000e+02 2.250000000000000000e+02 2.310000000000000000e+02 2.470000000000000000e+02 5.480000000000000000e+02 1.144000000000000000e+03 1.472000000000000000e+03 3.095000000000000000e+03 2.678000000000000000e+03 3.387000000000000000e+03 5.964000000000000000e+03 6.022000000000000000e+03 1.659100000000000000e+04 3.757800000000000000e+04 4.381100000000000000e+04 9.678500000000000000e+04 3.350700000000000000e+05 5.682220000000000000e+05
2.319000000000000000e+03 1.434000000000000000e+03 2.208000000000000000e+03 2.492000000000000000e+03 3.923000000000000000e+03 8.932000000000000000e+03 1.373100000000000000e+04 2.525800000000000000e+04 4.520000000000000000e+04 4.907500000000000000e+04 6.425800000000000000e+04 1.240150000000000000e+05 1.679060000000000000e+05 3.454360000000000000e+05 9.086600000000000000e+05 1.479533000000000000e+06 3.309515000000000000e+06 1.067069400000000000e+07 1.936546800000000000e+07
1.959000000000000000e+03 1.220000000000000000e+03 1.887000000000000000e+03 2.140000000000000000e+03 3.219000000000000000e+03 7.927000000000000000e+03 1.080800000000000000e+04 2.070800000000000000e+04 4.008300000000000000e+04 4.290500000000000000e+04 5.685900000000000000e+04 1.289390000000000000e+05 1.437120000000000000e+05 3.094710000000000000e+05 7.746740000000000000e+05 1.345774000000000000e+06 2.865179000000000000e+06 9.430578000000000000e+06 1.798510200000000000e+07
