# {'chrom': '20', 'window_id': '3', 'statistic': 'H2', 'bounds': [46000000, 63000000], 'span': 17000000, 'n_sites': 11081848, 'coverage': 65.19, 'right_discontinuous': True, 'rows': "{0: 'Altai', 1: 'Chagyrskaya', 2: 'Denisova', 3: 'French-1', 4: 'Han-1', 5: 'Khomani_San-2', 6: 'Papuan-2', 7: 'Vindija', 8: 'Yoruba-1', 9: 'Yoruba-3'}"}
3.300000000000000000e+01 6.100000000000000000e+01 1.750000000000000000e+02 2.430000000000000000e+02 4.000000000000000000e+02 1.030000000000000000e+03 1.369000000000000000e+03 2.406000000000000000e+03 4.644000000000000000e+03 4.137000000000000000e+03 7.816000000000000000e+03 1.378300000000000000e+04 1.202600000000000000e+04 1.508400000000000000e+04 6.789400000000000000e+04 8.256300000000000000e+04 1.086720000000000000e+05 4.227770000000000000e+05 6.864430000000000000e+05
1.670000000000000000e+02 1.690000000000000000e+02 4.930000000000000000e+02 4.400000000000000000e+02 2.930000000000000000e+02 9.850000000000000000e+02 1.530000000000000000e+03 2.538000000000000000e+03 3.561000000000000000e+03 4.938000000000000000e+03 6.130000000000000000e+03 1.245500000000000000e+04 1.264600000000000000e+04 1.094200000000000000e+04 3.444700000000000000e+04 4.608800000000000000e+04 1.049700000000000000e+05 2.758080000000000000e+05 2.942370000000000000e+05
8.600000000000000000e+01 7.200000000000000000e+01 2.550000000000000000e+02 3.000000000000000000e+02 5.390000000000000000e+02 1.437000000000000000e+03 2.021000000000000000e+03 3.340000000000000000e+03 7.328000000000000000e+03 7.448000000000000000e+03 7.420000000000000000e+03 1.198500000000000000e+04 1.339400000000000000e+04 2.590200000000000000e+04 6.082500000000000000e+04 9.849300000000000000e+04 1.516830000000000000e+05 5.579820000000000000e+05 8.324970000000000000e+05
1.368000000000000000e+03 9.100000000000000000e+02 1.562000000000000000e+03 1.654000000000000000e+03 2.574000000000000000e+03 6.859000000000000000e+03 9.678000000000000000e+03 1.750200000000000000e+04 3.772400000000000000e+04 4.373400000000000000e+04 6.895900000000000000e+04 1.254910000000000000e+05 1.525730000000000000e+05 2.231850000000000000e+05 5.845440000000000000e+05 8.648080000000000000e+05 1.960819000000000000e+06 5.315776000000000000e+06 8.099512000000000000e+06
8.630000000000000000e+02 7.340000000000000000e+02 1.141000000000000000e+03 1.317000000000000000e+03 2.206000000000000000e+03 5.944000000000000000e+03 8.721000000000000000e+03 1.589100000000000000e+04 3.344200000000000000e+04 3.624500000000000000e+04 4.812400000000000000e+04 8.206100000000000000e+04 8.315100000000000000e+04 1.402490000000000000e+05 5.276070000000000000e+05 7.354610000000000000e+05 1.338117000000000000e+06 4.271055000000000000e+06 6.439766000000000000e+06
8.170000000000000000e+02 8.140000000000000000e+02 1.932000000000000000e+03 2.587000000000000000e+03 4.042000000000000000e+03 9.524000000000000000e+03 1.357500000000000000e+04 2.352500000000000000e+04 4.692700000000000000e+04 4.950200000000000000e+04 7.339600000000000000e+04 1.575350000000000000e+05 2.056050000000000000e+05 3.464810000000000000e+05 1.102074000000000000e+06 1.796246000000000000e+06 3.382856000000000000e+06 9.926255000000000000e+06 1.552547600000000000e+07
7.380000000000000000e+02 5.890000000000000000e+02 1.167000000000000000e+03 1.577000000000000000e+03 2.515000000000000000e+03 6.195000000000000000e+03 9.058000000000000000e+03 1.575600000000000000e+04 3.342900000000000000e+04 4.088300000000000000e+04 6.137600000000000000e+04 1.101880000000000000e+05 1.262200000000000000e+05 1.557660000000000000e+05 3.686720000000000000e+05 6.837800000000000000e+05 1.432550000000000000e+06 3.994594000000000000e+06 6.195193000000000000e+06
2.420000000000000000e+02 2.790000000000000000e+02 7.220000000000000000e+02 7.980000000000000000e+02 8.540000000000000000e+02 2.103000000000000000e+03 1.960000000000000000e+03 2.353000000000000000e+03 3.155000000000000000e+03 4.489000000000000000e+03 5.443000000000000000e+03 1.330500000000000000e+04 1.491900000000000000e+04 1.953700000000000000e+04 3.793700000000000000e+04 4.860800000000000000e+04 8.675300000000000000e+04 3.260840000000000000e+05 5.204170000000000000e+05
8.740000000000000000e+02 7.180000000000000000e+02 1.863000000000000000e+03 2.341000000000000000e+03 3.923000000000000000e+03 9.922000000000000000e+03 1.467300000000000000e+04 2.514500000000000000e+04 5.474200000000000000e+04 5.763000000000000000e+04 8.067800000000000000e+04 1.669840000000000000e+05 2.298270000000000000e+05 3.973210000000000000e+05 1.190344000000000000e+06 1.858246000000000000e+06 3.653658000000000000e+06 1.049527800000000000e+07 1.701623500000000000e+07
1.670000000000000000e+03 1.310000000000000000e+03 2.392000000000000000e+03 2.687000000000000000e+03 4.390000000000000000e+03 1.037400000000000000e+04 1.567700000000000000e+04 2.726100000000000000e+04 5.892300000000000000e+04 6.329500000000000000e+04 9.381900000000000000e+04 1.842960000000000000e+05 2.251590000000000000e+05 3.865070000000000000e+05 1.211489000000000000e+06 1.917478000000000000e+06 3.609821000000000000e+06 1.064933400000000000e+07 1.684380500000000000e+07
