# {'chrom': '20', 'window_id': '1', 'statistic': 'H2', 'bounds': [13000000, 27000000], 'span': 14000000, 'n_sites': 8477901, 'coverage': 60.56, 'right_discontinuous': True, 'rows': "{0: 'Altai', 1: 'Chagyrskaya', 2: 'Denisova', 3: 'French-1', 4: 'Han-1', 5: 'Khomani_San-2', 6: 'Papuan-2', 7: 'Vindija', 8: 'Yoruba-1', 9: 'Yoruba-3'}"}
9.310000000000000000e+02 3.460000000000000000e+02 6.360000000000000000e+02 6.350000000000000000e+02 1.053000000000000000e+03 2.273000000000000000e+03 2.614000000000000000e+03 5.428000000000000000e+03 9.660000000000000000e+03 1.060900000000000000e+04 1.929100000000000000e+04 3.612600000000000000e+04 4.085000000000000000e+04 1.866000000000000000e+04 4.921100000000000000e+04 1.101780000000000000e+05 1.963640000000000000e+05 3.560340000000000000e+05 4.397270000000000000e+05
5.070000000000000000e+02 4.590000000000000000e+02 6.340000000000000000e+02 3.950000000000000000e+02 4.600000000000000000e+02 1.925000000000000000e+03 2.790000000000000000e+03 3.842000000000000000e+03 7.226000000000000000e+03 7.840000000000000000e+03 1.204400000000000000e+04 1.896600000000000000e+04 2.397200000000000000e+04 3.438900000000000000e+04 5.114600000000000000e+04 8.585200000000000000e+04 1.448580000000000000e+05 4.542450000000000000e+05 5.012020000000000000e+05
1.020000000000000000e+02 8.500000000000000000e+01 2.550000000000000000e+02 3.560000000000000000e+02 4.700000000000000000e+02 1.014000000000000000e+03 1.487000000000000000e+03 2.398000000000000000e+03 4.643000000000000000e+03 6.075000000000000000e+03 5.764000000000000000e+03 1.135100000000000000e+04 1.433000000000000000e+04 2.069200000000000000e+04 4.591000000000000000e+04 7.403700000000000000e+04 1.545860000000000000e+05 3.862460000000000000e+05 5.546210000000000000e+05
3.678000000000000000e+03 1.409000000000000000e+03 1.782000000000000000e+03 1.782000000000000000e+03 2.478000000000000000e+03 6.036000000000000000e+03 1.027800000000000000e+04 1.801600000000000000e+04 3.566100000000000000e+04 4.583700000000000000e+04 6.222200000000000000e+04 1.081600000000000000e+05 1.279660000000000000e+05 2.174620000000000000e+05 5.437340000000000000e+05 7.675400000000000000e+05 1.765172000000000000e+06 4.625443000000000000e+06 5.671225000000000000e+06
5.644000000000000000e+03 2.168000000000000000e+03 2.208000000000000000e+03 1.830000000000000000e+03 2.567000000000000000e+03 7.418000000000000000e+03 1.172000000000000000e+04 1.903700000000000000e+04 4.491900000000000000e+04 5.223600000000000000e+04 7.288800000000000000e+04 1.378960000000000000e+05 1.258970000000000000e+05 1.856360000000000000e+05 4.602790000000000000e+05 7.926790000000000000e+05 1.815562000000000000e+06 4.333910000000000000e+06 5.855933000000000000e+06
5.851000000000000000e+03 2.090000000000000000e+03 3.681000000000000000e+03 3.386000000000000000e+03 4.774000000000000000e+03 1.215900000000000000e+04 1.943800000000000000e+04 3.340700000000000000e+04 6.812100000000000000e+04 9.095900000000000000e+04 1.328960000000000000e+05 2.465690000000000000e+05 3.003570000000000000e+05 5.214260000000000000e+05 1.515725000000000000e+06 2.219014000000000000e+06 4.141057000000000000e+06 1.058677100000000000e+07 1.379809600000000000e+07
3.896000000000000000e+03 1.322000000000000000e+03 2.019000000000000000e+03 1.870000000000000000e+03 2.511000000000000000e+03 5.627000000000000000e+03 9.882000000000000000e+03 1.712100000000000000e+04 3.257800000000000000e+04 4.279700000000000000e+04 5.986100000000000000e+04 6.716100000000000000e+04 7.845000000000000000e+04 1.869550000000000000e+05 4.628550000000000000e+05 6.401500000000000000e+05 1.228381000000000000e+06 3.119925000000000000e+06 4.039633000000000000e+06
8.860000000000000000e+02 2.320000000000000000e+02 2.810000000000000000e+02 1.810000000000000000e+02 3.620000000000000000e+02 1.024000000000000000e+03 1.453000000000000000e+03 3.157000000000000000e+03 6.318000000000000000e+03 9.281000000000000000e+03 1.637800000000000000e+04 2.357500000000000000e+04 1.174300000000000000e+04 1.689400000000000000e+04 4.650300000000000000e+04 5.774200000000000000e+04 9.813000000000000000e+04 2.656920000000000000e+05 3.646100000000000000e+05
5.937000000000000000e+03 2.078000000000000000e+03 3.354000000000000000e+03 3.308000000000000000e+03 4.686000000000000000e+03 1.222200000000000000e+04 1.806000000000000000e+04 3.255100000000000000e+04 7.083700000000000000e+04 8.352900000000000000e+04 1.182330000000000000e+05 2.127510000000000000e+05 2.670880000000000000e+05 5.288230000000000000e+05 1.258053000000000000e+06 2.093767000000000000e+06 3.938276000000000000e+06 1.016332200000000000e+07 1.283713300000000000e+07
4.646000000000000000e+03 2.223000000000000000e+03 3.401000000000000000e+03 3.435000000000000000e+03 5.017000000000000000e+03 1.227000000000000000e+04 1.880000000000000000e+04 3.135500000000000000e+04 6.806700000000000000e+04 8.592800000000000000e+04 1.126090000000000000e+05 2.215580000000000000e+05 2.604810000000000000e+05 4.220090000000000000e+05 1.309555000000000000e+06 2.054651000000000000e+06 4.008524000000000000e+06 9.367616000000000000e+06 1.240289100000000000e+07
