# {'chrom': '4', 'window_id': '3', 'statistic': 'H2', 'bounds': [52000000, 72000000], 'span': 20000000, 'n_sites': 11203984, 'coverage': 56.02, 'right_discontinuous': False, 'rows': "{0: 'Altai', 1: 'Chagyrskaya', 2: 'Denisova', 3: 'French-1', 4: 'Han-1', 5: 'Khomani_San-2', 6: 'Papuan-2', 7: 'Vindija', 8: 'Yoruba-1', 9: 'Yoruba-3'}"}
8.540000000000000000e+02 5.820000000000000000e+02 8.020000000000000000e+02 1.023000000000000000e+03 1.489000000000000000e+03 3.557000000000000000e+03 5.444000000000000000e+03 9.067000000000000000e+03 2.224800000000000000e+04 2.433800000000000000e+04 3.262900000000000000e+04 7.667000000000000000e+04 6.895500000000000000e+04 8.129400000000000000e+04 1.889220000000000000e+05 3.040160000000000000e+05 6.774940000000000000e+05 1.781420000000000000e+06 3.190785000000000000e+06
2.520000000000000000e+02 2.390000000000000000e+02 4.690000000000000000e+02 6.070000000000000000e+02 8.690000000000000000e+02 2.017000000000000000e+03 3.103000000000000000e+03 4.498000000000000000e+03 1.168500000000000000e+04 1.191000000000000000e+04 1.295800000000000000e+04 2.243000000000000000e+04 3.280600000000000000e+04 4.900300000000000000e+04 1.246970000000000000e+05 1.784490000000000000e+05 4.219470000000000000e+05 1.003905000000000000e+06 2.106753000000000000e+06
3.340000000000000000e+02 3.220000000000000000e+02 6.930000000000000000e+02 8.920000000000000000e+02 1.277000000000000000e+03 3.103000000000000000e+03 4.205000000000000000e+03 6.586000000000000000e+03 1.424400000000000000e+04 1.771600000000000000e+04 2.085400000000000000e+04 3.339700000000000000e+04 4.148400000000000000e+04 7.945200000000000000e+04 2.420360000000000000e+05 3.628970000000000000e+05 5.292480000000000000e+05 1.712925000000000000e+06 3.696094000000000000e+06
1.099200000000000000e+04 3.899000000000000000e+03 4.215000000000000000e+03 4.182000000000000000e+03 5.764000000000000000e+03 1.574100000000000000e+04 2.413100000000000000e+04 3.521700000000000000e+04 8.011400000000000000e+04 9.453200000000000000e+04 1.425050000000000000e+05 3.137430000000000000e+05 3.257470000000000000e+05 5.873320000000000000e+05 1.573122000000000000e+06 3.051024000000000000e+06 4.883707000000000000e+06 1.632389000000000000e+07 2.773678700000000000e+07
1.176300000000000000e+04 3.321000000000000000e+03 4.003000000000000000e+03 4.014000000000000000e+03 5.668000000000000000e+03 1.695500000000000000e+04 2.496200000000000000e+04 3.460000000000000000e+04 7.468900000000000000e+04 8.785700000000000000e+04 1.193160000000000000e+05 2.644050000000000000e+05 3.548420000000000000e+05 5.086130000000000000e+05 1.594559000000000000e+06 2.267923000000000000e+06 4.450151000000000000e+06 1.505019000000000000e+07 2.553237800000000000e+07
2.799400000000000000e+04 5.039000000000000000e+03 6.663000000000000000e+03 7.384000000000000000e+03 9.291000000000000000e+03 2.593800000000000000e+04 3.617100000000000000e+04 5.996900000000000000e+04 1.246630000000000000e+05 1.497430000000000000e+05 2.275670000000000000e+05 5.647900000000000000e+05 7.218670000000000000e+05 1.358122000000000000e+06 3.625206000000000000e+06 5.730085000000000000e+06 1.046436800000000000e+07 3.488618200000000000e+07 6.057687500000000000e+07
8.839000000000000000e+03 2.351000000000000000e+03 3.455000000000000000e+03 4.036000000000000000e+03 6.052000000000000000e+03 1.688900000000000000e+04 2.203200000000000000e+04 3.263400000000000000e+04 7.125500000000000000e+04 7.947600000000000000e+04 1.239750000000000000e+05 2.967350000000000000e+05 3.569970000000000000e+05 6.408930000000000000e+05 1.819888000000000000e+06 2.131216000000000000e+06 3.396018000000000000e+06 1.395014500000000000e+07 2.023394700000000000e+07
3.161000000000000000e+03 8.040000000000000000e+02 1.036000000000000000e+03 1.190000000000000000e+03 1.690000000000000000e+03 4.019000000000000000e+03 5.825000000000000000e+03 1.111800000000000000e+04 2.210900000000000000e+04 2.286400000000000000e+04 3.642600000000000000e+04 7.258400000000000000e+04 7.742300000000000000e+04 6.568500000000000000e+04 2.045110000000000000e+05 3.473680000000000000e+05 6.893280000000000000e+05 1.948276000000000000e+06 2.767642000000000000e+06
1.674900000000000000e+04 3.365000000000000000e+03 5.121000000000000000e+03 5.159000000000000000e+03 7.214000000000000000e+03 1.793800000000000000e+04 2.568700000000000000e+04 4.396100000000000000e+04 9.318600000000000000e+04 1.014320000000000000e+05 1.633290000000000000e+05 3.970700000000000000e+05 5.089350000000000000e+05 8.672840000000000000e+05 2.578115000000000000e+06 4.340126000000000000e+06 8.298524000000000000e+06 2.801226700000000000e+07 5.221467800000000000e+07
3.165900000000000000e+04 4.547000000000000000e+03 5.717000000000000000e+03 5.774000000000000000e+03 8.392000000000000000e+03 2.470300000000000000e+04 3.723700000000000000e+04 5.392900000000000000e+04 1.104850000000000000e+05 1.329910000000000000e+05 2.021800000000000000e+05 5.084640000000000000e+05 6.864010000000000000e+05 1.091361000000000000e+06 3.606037000000000000e+06 5.842253000000000000e+06 1.073191600000000000e+07 3.517985800000000000e+07 5.897125800000000000e+07
