# {'chrom': '4', 'window_id': '4', 'statistic': 'H2', 'bounds': [72000000, 92000000], 'span': 20000000, 'n_sites': 12339785, 'coverage': 61.7, 'right_discontinuous': False, 'rows': "{0: 'Altai', 1: 'Chagyrskaya', 2: 'Denisova', 3: 'French-1', 4: 'Han-1', 5: 'Khomani_San-2', 6: 'Papuan-2', 7: 'Vindija', 8: 'Yoruba-1', 9: 'Yoruba-3'}"}
2.890000000000000000e+02 2.080000000000000000e+02 4.190000000000000000e+02 4.580000000000000000e+02 6.420000000000000000e+02 1.234000000000000000e+03 1.820000000000000000e+03 3.276000000000000000e+03 6.282000000000000000e+03 6.784000000000000000e+03 9.375000000000000000e+03 1.333700000000000000e+04 1.166100000000000000e+04 2.522300000000000000e+04 8.789200000000000000e+04 1.184200000000000000e+05 2.246940000000000000e+05 3.908780000000000000e+05 8.370600000000000000e+05
7.580000000000000000e+02 5.400000000000000000e+02 8.730000000000000000e+02 7.420000000000000000e+02 1.114000000000000000e+03 2.562000000000000000e+03 3.200000000000000000e+03 6.467000000000000000e+03 1.221300000000000000e+04 1.178700000000000000e+04 1.700600000000000000e+04 3.044200000000000000e+04 4.330800000000000000e+04 6.350600000000000000e+04 1.677090000000000000e+05 2.608350000000000000e+05 4.001610000000000000e+05 1.205519000000000000e+06 1.606499000000000000e+06
3.540000000000000000e+02 3.160000000000000000e+02 8.110000000000000000e+02 1.287000000000000000e+03 2.106000000000000000e+03 5.014000000000000000e+03 6.434000000000000000e+03 1.099900000000000000e+04 1.996600000000000000e+04 2.198000000000000000e+04 3.450600000000000000e+04 4.968900000000000000e+04 5.983100000000000000e+04 6.709000000000000000e+04 1.243010000000000000e+05 1.689400000000000000e+05 4.730430000000000000e+05 1.243802000000000000e+06 1.994385000000000000e+06
1.063800000000000000e+04 4.956000000000000000e+03 4.827000000000000000e+03 3.722000000000000000e+03 5.285000000000000000e+03 1.381400000000000000e+04 1.727200000000000000e+04 2.640700000000000000e+04 6.359800000000000000e+04 7.359100000000000000e+04 8.460200000000000000e+04 2.051250000000000000e+05 2.366020000000000000e+05 3.625790000000000000e+05 1.000234000000000000e+06 1.768650000000000000e+06 3.965650000000000000e+06 1.133825500000000000e+07 2.184800600000000000e+07
2.666000000000000000e+03 1.642000000000000000e+03 3.317000000000000000e+03 3.682000000000000000e+03 5.472000000000000000e+03 1.210600000000000000e+04 1.633700000000000000e+04 2.972600000000000000e+04 6.593600000000000000e+04 7.347200000000000000e+04 1.043500000000000000e+05 2.247770000000000000e+05 2.335400000000000000e+05 3.166110000000000000e+05 8.935360000000000000e+05 1.771229000000000000e+06 3.254374000000000000e+06 1.032624400000000000e+07 2.061962000000000000e+07
6.157000000000000000e+03 3.971000000000000000e+03 6.886000000000000000e+03 6.340000000000000000e+03 8.489000000000000000e+03 1.842700000000000000e+04 2.695300000000000000e+04 4.467800000000000000e+04 9.472400000000000000e+04 1.043950000000000000e+05 1.305500000000000000e+05 3.140050000000000000e+05 3.838300000000000000e+05 7.604660000000000000e+05 2.246853000000000000e+06 3.728525000000000000e+06 7.763841000000000000e+06 2.372913000000000000e+07 4.511598500000000000e+07
3.479000000000000000e+03 1.328000000000000000e+03 2.708000000000000000e+03 3.061000000000000000e+03 4.045000000000000000e+03 9.586000000000000000e+03 1.287200000000000000e+04 2.166700000000000000e+04 4.253300000000000000e+04 4.979800000000000000e+04 6.318100000000000000e+04 1.574810000000000000e+05 1.620170000000000000e+05 2.560850000000000000e+05 5.665000000000000000e+05 1.087924000000000000e+06 2.342661000000000000e+06 7.035849000000000000e+06 1.507048200000000000e+07
1.800000000000000000e+02 1.470000000000000000e+02 3.450000000000000000e+02 4.500000000000000000e+02 6.030000000000000000e+02 1.604000000000000000e+03 1.751000000000000000e+03 2.570000000000000000e+03 6.023000000000000000e+03 6.712000000000000000e+03 1.010100000000000000e+04 1.510800000000000000e+04 2.142300000000000000e+04 3.411500000000000000e+04 9.667900000000000000e+04 1.570950000000000000e+05 3.096990000000000000e+05 9.983020000000000000e+05 2.138427000000000000e+06
9.483000000000000000e+03 6.263000000000000000e+03 8.529000000000000000e+03 6.560000000000000000e+03 8.971000000000000000e+03 2.146400000000000000e+04 2.944500000000000000e+04 4.750200000000000000e+04 1.152080000000000000e+05 1.262530000000000000e+05 1.693850000000000000e+05 3.368190000000000000e+05 4.591250000000000000e+05 9.072750000000000000e+05 2.656619000000000000e+06 4.559632000000000000e+06 9.301928000000000000e+06 2.807578200000000000e+07 4.990987700000000000e+07
5.836000000000000000e+03 2.511000000000000000e+03 4.047000000000000000e+03 4.141000000000000000e+03 6.359000000000000000e+03 1.802100000000000000e+04 2.256300000000000000e+04 3.748300000000000000e+04 7.982800000000000000e+04 9.754900000000000000e+04 1.336590000000000000e+05 2.750290000000000000e+05 3.150330000000000000e+05 6.296910000000000000e+05 1.970681000000000000e+06 3.486614000000000000e+06 6.580613000000000000e+06 2.005923400000000000e+07 3.996831800000000000e+07
