# {'chrom': '4', 'window_id': '0', 'statistic': 'H2', 'bounds': [0, 16000000], 'span': 16000000, 'n_sites': 9566452, 'coverage': 59.79, 'right_discontinuous': False, 'rows': "{0: 'Altai', 1: 'Chagyrskaya', 2: 'Denisova', 3: 'French-1', 4: 'Han-1', 5: 'Khomani_San-2', 6: 'Papuan-2', 7: 'Vindija', 8: 'Yoruba-1', 9: 'Yoruba-3'}"}
1.060000000000000000e+02 1.260000000000000000e+02 3.630000000000000000e+02 4.360000000000000000e+02 6.540000000000000000e+02 1.491000000000000000e+03 1.912000000000000000e+03 2.866000000000000000e+03 6.264000000000000000e+03 9.947000000000000000e+03 9.197000000000000000e+03 1.326700000000000000e+04 1.747100000000000000e+04 3.548200000000000000e+04 7.268400000000000000e+04 1.085380000000000000e+05 1.668860000000000000e+05 4.357060000000000000e+05 1.287794000000000000e+06
2.400000000000000000e+01 2.500000000000000000e+01 9.800000000000000000e+01 1.740000000000000000e+02 2.780000000000000000e+02 7.480000000000000000e+02 9.930000000000000000e+02 1.191000000000000000e+03 2.659000000000000000e+03 2.973000000000000000e+03 5.830000000000000000e+03 7.444000000000000000e+03 7.022000000000000000e+03 1.494000000000000000e+04 2.359900000000000000e+04 5.217400000000000000e+04 4.259600000000000000e+04 2.195240000000000000e+05 5.068230000000000000e+05
4.800000000000000000e+01 5.800000000000000000e+01 2.160000000000000000e+02 2.980000000000000000e+02 5.460000000000000000e+02 1.503000000000000000e+03 2.117000000000000000e+03 2.978000000000000000e+03 5.997000000000000000e+03 6.374000000000000000e+03 9.391000000000000000e+03 1.540300000000000000e+04 1.538600000000000000e+04 3.279100000000000000e+04 6.722700000000000000e+04 1.116780000000000000e+05 1.982320000000000000e+05 6.344640000000000000e+05 1.309874000000000000e+06
2.607000000000000000e+03 1.623000000000000000e+03 2.632000000000000000e+03 2.345000000000000000e+03 3.882000000000000000e+03 1.016100000000000000e+04 1.504400000000000000e+04 2.881300000000000000e+04 6.432900000000000000e+04 7.513600000000000000e+04 9.402900000000000000e+04 2.044150000000000000e+05 2.425770000000000000e+05 4.133290000000000000e+05 1.206561000000000000e+06 1.753891000000000000e+06 3.425911000000000000e+06 1.038972900000000000e+07 2.266945100000000000e+07
3.782000000000000000e+03 1.838000000000000000e+03 3.030000000000000000e+03 2.076000000000000000e+03 2.919000000000000000e+03 7.816000000000000000e+03 1.206600000000000000e+04 2.035000000000000000e+04 4.594300000000000000e+04 5.780900000000000000e+04 8.077300000000000000e+04 1.532350000000000000e+05 2.035900000000000000e+05 2.877230000000000000e+05 7.128490000000000000e+05 9.244360000000000000e+05 1.959383000000000000e+06 6.464857000000000000e+06 1.480441700000000000e+07
3.306000000000000000e+03 1.626000000000000000e+03 3.083000000000000000e+03 3.257000000000000000e+03 5.791000000000000000e+03 1.403600000000000000e+04 2.162900000000000000e+04 3.659800000000000000e+04 8.616400000000000000e+04 1.039990000000000000e+05 1.525080000000000000e+05 3.009520000000000000e+05 4.018900000000000000e+05 6.805280000000000000e+05 1.985407000000000000e+06 2.922979000000000000e+06 5.659020000000000000e+06 1.719654500000000000e+07 3.801867900000000000e+07
2.432000000000000000e+03 1.502000000000000000e+03 2.577000000000000000e+03 1.697000000000000000e+03 2.768000000000000000e+03 6.583000000000000000e+03 9.440000000000000000e+03 1.657200000000000000e+04 3.834900000000000000e+04 4.650300000000000000e+04 5.551400000000000000e+04 1.071370000000000000e+05 1.234390000000000000e+05 2.384980000000000000e+05 6.398790000000000000e+05 8.060690000000000000e+05 1.416002000000000000e+06 3.599347000000000000e+06 1.051496100000000000e+07
1.960000000000000000e+02 2.060000000000000000e+02 6.080000000000000000e+02 7.700000000000000000e+02 1.093000000000000000e+03 2.559000000000000000e+03 3.749000000000000000e+03 5.969000000000000000e+03 1.280100000000000000e+04 1.561400000000000000e+04 2.061100000000000000e+04 3.859500000000000000e+04 3.909500000000000000e+04 6.609800000000000000e+04 1.765870000000000000e+05 1.681390000000000000e+05 3.370930000000000000e+05 1.027876000000000000e+06 1.777141000000000000e+06
1.352000000000000000e+03 1.082000000000000000e+03 2.645000000000000000e+03 3.038000000000000000e+03 4.815000000000000000e+03 1.196500000000000000e+04 1.763400000000000000e+04 2.772100000000000000e+04 6.316900000000000000e+04 7.984800000000000000e+04 1.098680000000000000e+05 1.951110000000000000e+05 2.601450000000000000e+05 4.614870000000000000e+05 1.396291000000000000e+06 2.200800000000000000e+06 3.934759000000000000e+06 1.208218400000000000e+07 2.879983800000000000e+07
2.663000000000000000e+03 1.674000000000000000e+03 3.020000000000000000e+03 3.456000000000000000e+03 5.158000000000000000e+03 1.313000000000000000e+04 1.948400000000000000e+04 3.343200000000000000e+04 7.269700000000000000e+04 8.565600000000000000e+04 1.220740000000000000e+05 2.568520000000000000e+05 3.252410000000000000e+05 5.721160000000000000e+05 1.695347000000000000e+06 2.645456000000000000e+06 5.051133000000000000e+06 1.492957200000000000e+07 3.272428600000000000e+07
