# {'chrom': '4', 'window_id': '2', 'statistic': 'H2', 'bounds': [32000000, 50000000], 'span': 18000000, 'n_sites': 10533087, 'coverage': 58.52, 'right_discontinuous': True, 'rows': "{0: 'Altai', 1: 'Chagyrskaya', 2: 'Denisova', 3: 'French-1', 4: 'Han-1', 5: 'Khomani_San-2', 6: 'Papuan-2', 7: 'Vindija', 8: 'Yoruba-1', 9: 'Yoruba-3'}"}
7.970000000000000000e+02 6.570000000000000000e+02 8.550000000000000000e+02 7.210000000000000000e+02 1.156000000000000000e+03 2.841000000000000000e+03 3.566000000000000000e+03 6.170000000000000000e+03 8.468000000000000000e+03 7.589000000000000000e+03 1.747500000000000000e+04 3.308300000000000000e+04 3.171000000000000000e+04 4.264700000000000000e+04 9.471500000000000000e+04 1.062970000000000000e+05 2.381100000000000000e+05 3.023980000000000000e+05 3.920630000000000000e+05
3.800000000000000000e+01 4.700000000000000000e+01 1.520000000000000000e+02 2.100000000000000000e+02 4.200000000000000000e+02 1.266000000000000000e+03 1.669000000000000000e+03 2.468000000000000000e+03 6.333000000000000000e+03 7.015000000000000000e+03 1.130000000000000000e+04 1.862800000000000000e+04 1.735500000000000000e+04 3.764800000000000000e+04 5.454900000000000000e+04 3.212200000000000000e+04 4.375900000000000000e+04 1.081320000000000000e+05 1.390800000000000000e+05
4.000000000000000000e+01 4.700000000000000000e+01 1.620000000000000000e+02 1.530000000000000000e+02 2.970000000000000000e+02 5.270000000000000000e+02 8.440000000000000000e+02 1.453000000000000000e+03 3.569000000000000000e+03 3.997000000000000000e+03 4.719000000000000000e+03 1.190700000000000000e+04 1.156600000000000000e+04 1.804100000000000000e+04 6.226800000000000000e+04 9.185300000000000000e+04 1.119510000000000000e+05 1.885700000000000000e+05 3.325660000000000000e+05
7.025000000000000000e+03 2.336000000000000000e+03 3.291000000000000000e+03 3.812000000000000000e+03 5.010000000000000000e+03 1.491700000000000000e+04 2.064300000000000000e+04 3.324300000000000000e+04 6.430200000000000000e+04 7.355100000000000000e+04 9.992000000000000000e+04 2.347670000000000000e+05 3.282040000000000000e+05 4.772700000000000000e+05 1.178733000000000000e+06 1.892777000000000000e+06 2.929446000000000000e+06 5.501900000000000000e+06 8.229966000000000000e+06
8.083000000000000000e+03 3.324000000000000000e+03 4.247000000000000000e+03 4.061000000000000000e+03 5.253000000000000000e+03 1.425800000000000000e+04 2.139900000000000000e+04 4.308200000000000000e+04 8.530500000000000000e+04 1.017110000000000000e+05 1.597280000000000000e+05 2.770500000000000000e+05 3.204840000000000000e+05 6.509860000000000000e+05 1.491090000000000000e+06 2.677473000000000000e+06 4.500791000000000000e+06 7.037422000000000000e+06 1.202051100000000000e+07
2.871000000000000000e+03 1.582000000000000000e+03 3.082000000000000000e+03 2.799000000000000000e+03 3.975000000000000000e+03 1.013800000000000000e+04 1.562100000000000000e+04 2.452100000000000000e+04 5.013300000000000000e+04 5.866900000000000000e+04 8.703000000000000000e+04 2.102640000000000000e+05 3.262880000000000000e+05 5.481900000000000000e+05 1.417553000000000000e+06 2.274347000000000000e+06 3.103899000000000000e+06 5.289960000000000000e+06 6.368994000000000000e+06
4.232000000000000000e+03 2.045000000000000000e+03 3.901000000000000000e+03 4.065000000000000000e+03 5.228000000000000000e+03 1.115900000000000000e+04 1.560500000000000000e+04 2.845200000000000000e+04 6.146000000000000000e+04 7.318700000000000000e+04 1.078190000000000000e+05 2.156240000000000000e+05 1.929780000000000000e+05 2.956440000000000000e+05 9.644770000000000000e+05 1.213877000000000000e+06 2.259071000000000000e+06 5.282166000000000000e+06 7.643787000000000000e+06
8.587000000000000000e+03 3.074000000000000000e+03 1.103000000000000000e+03 1.025000000000000000e+03 1.804000000000000000e+03 4.619000000000000000e+03 7.816000000000000000e+03 1.429500000000000000e+04 3.147200000000000000e+04 4.469100000000000000e+04 4.826600000000000000e+04 5.510000000000000000e+04 4.392300000000000000e+04 7.390600000000000000e+04 2.526190000000000000e+05 3.548310000000000000e+05 5.944920000000000000e+05 1.012616000000000000e+06 1.179298000000000000e+06
1.219800000000000000e+04 5.603000000000000000e+03 4.604000000000000000e+03 4.717000000000000000e+03 7.472000000000000000e+03 1.791500000000000000e+04 2.629300000000000000e+04 4.301200000000000000e+04 9.778000000000000000e+04 1.161590000000000000e+05 1.796820000000000000e+05 3.468000000000000000e+05 4.419260000000000000e+05 8.700710000000000000e+05 2.223508000000000000e+06 3.793229000000000000e+06 6.136258000000000000e+06 1.283525800000000000e+07 1.770217100000000000e+07
1.436200000000000000e+04 6.507000000000000000e+03 5.803000000000000000e+03 6.004000000000000000e+03 8.215000000000000000e+03 2.030700000000000000e+04 2.858700000000000000e+04 5.436900000000000000e+04 1.151730000000000000e+05 1.319010000000000000e+05 2.317800000000000000e+05 3.986220000000000000e+05 4.912550000000000000e+05 1.015776000000000000e+06 2.943858000000000000e+06 4.093049000000000000e+06 7.473293000000000000e+06 1.363668000000000000e+07 1.962510600000000000e+07
