# {'chrom': '4', 'window_id': '6', 'statistic': 'H2', 'bounds': [112000000, 132000000], 'span': 20000000, 'n_sites': 12448015, 'coverage': 62.24, 'right_discontinuous': False, 'rows': "{0: 'Altai', 1: 'Chagyrskaya', 2: 'Denisova', 3: 'French-1', 4: 'Han-1', 5: 'Khomani_San-2', 6: 'Papuan-2', 7: 'Vindija', 8: 'Yoruba-1', 9: 'Yoruba-3'}"}
3.870000000000000000e+02 2.500000000000000000e+02 5.960000000000000000e+02 7.140000000000000000e+02 1.240000000000000000e+03 3.161000000000000000e+03 4.771000000000000000e+03 7.873000000000000000e+03 1.587200000000000000e+04 1.608300000000000000e+04 3.286700000000000000e+04 6.815700000000000000e+04 6.217300000000000000e+04 7.027000000000000000e+04 1.384100000000000000e+05 1.904880000000000000e+05 4.464040000000000000e+05 1.407966000000000000e+06 1.740093000000000000e+06
3.530000000000000000e+02 2.830000000000000000e+02 7.660000000000000000e+02 7.940000000000000000e+02 1.266000000000000000e+03 3.210000000000000000e+03 4.784000000000000000e+03 8.500000000000000000e+03 1.744300000000000000e+04 1.769700000000000000e+04 3.986100000000000000e+04 8.075800000000000000e+04 7.805800000000000000e+04 9.869700000000000000e+04 1.828890000000000000e+05 2.150490000000000000e+05 5.526960000000000000e+05 1.549952000000000000e+06 2.911969000000000000e+06
5.900000000000000000e+01 9.100000000000000000e+01 2.950000000000000000e+02 4.410000000000000000e+02 7.270000000000000000e+02 1.376000000000000000e+03 8.470000000000000000e+02 1.185000000000000000e+03 4.732000000000000000e+03 3.845000000000000000e+03 4.229000000000000000e+03 7.613000000000000000e+03 1.126100000000000000e+04 1.460000000000000000e+04 3.124700000000000000e+04 4.277600000000000000e+04 9.005100000000000000e+04 2.676330000000000000e+05 3.830660000000000000e+05
3.604000000000000000e+03 1.956000000000000000e+03 3.227000000000000000e+03 3.251000000000000000e+03 4.901000000000000000e+03 1.152600000000000000e+04 1.544500000000000000e+04 2.870900000000000000e+04 6.861600000000000000e+04 7.638200000000000000e+04 1.203120000000000000e+05 2.566220000000000000e+05 2.695790000000000000e+05 4.306980000000000000e+05 1.067726000000000000e+06 2.080861000000000000e+06 4.394804000000000000e+06 1.426538300000000000e+07 2.433120100000000000e+07
7.655000000000000000e+03 2.839000000000000000e+03 4.356000000000000000e+03 4.205000000000000000e+03 5.409000000000000000e+03 1.412200000000000000e+04 2.339600000000000000e+04 3.787000000000000000e+04 8.690500000000000000e+04 1.021510000000000000e+05 1.543240000000000000e+05 3.427620000000000000e+05 4.019430000000000000e+05 7.255530000000000000e+05 1.816373000000000000e+06 3.390477000000000000e+06 7.279091000000000000e+06 2.054846100000000000e+07 3.250163200000000000e+07
5.311000000000000000e+03 3.386000000000000000e+03 6.740000000000000000e+03 6.687000000000000000e+03 8.173000000000000000e+03 1.885700000000000000e+04 2.768600000000000000e+04 4.673000000000000000e+04 9.932400000000000000e+04 1.303610000000000000e+05 1.891680000000000000e+05 3.892620000000000000e+05 5.107820000000000000e+05 8.713500000000000000e+05 2.977169000000000000e+06 4.889949000000000000e+06 1.018293100000000000e+07 3.263081000000000000e+07 5.374631100000000000e+07
1.773000000000000000e+03 1.142000000000000000e+03 2.068000000000000000e+03 2.311000000000000000e+03 3.245000000000000000e+03 7.590000000000000000e+03 1.193400000000000000e+04 1.948800000000000000e+04 4.614500000000000000e+04 5.538100000000000000e+04 8.008000000000000000e+04 1.602130000000000000e+05 2.306080000000000000e+05 3.183310000000000000e+05 8.950540000000000000e+05 1.598695000000000000e+06 2.568256000000000000e+06 7.460943000000000000e+06 1.353155900000000000e+07
3.690000000000000000e+02 3.180000000000000000e+02 8.090000000000000000e+02 8.350000000000000000e+02 1.222000000000000000e+03 3.276000000000000000e+03 4.768000000000000000e+03 8.396000000000000000e+03 1.695000000000000000e+04 1.765900000000000000e+04 3.810300000000000000e+04 8.541700000000000000e+04 6.940500000000000000e+04 9.696300000000000000e+04 1.877740000000000000e+05 3.370740000000000000e+05 6.193090000000000000e+05 1.698637000000000000e+06 2.958293000000000000e+06
6.277000000000000000e+03 4.128000000000000000e+03 5.796000000000000000e+03 5.550000000000000000e+03 8.018000000000000000e+03 1.895000000000000000e+04 2.733000000000000000e+04 4.738900000000000000e+04 1.019060000000000000e+05 1.204660000000000000e+05 1.719660000000000000e+05 4.193530000000000000e+05 5.516220000000000000e+05 9.993530000000000000e+05 2.727672000000000000e+06 4.907837000000000000e+06 9.294316000000000000e+06 2.930322600000000000e+07 4.663076900000000000e+07
6.032000000000000000e+03 3.102000000000000000e+03 4.638000000000000000e+03 4.711000000000000000e+03 6.985000000000000000e+03 1.673400000000000000e+04 2.548800000000000000e+04 4.263500000000000000e+04 9.364800000000000000e+04 1.128420000000000000e+05 1.709270000000000000e+05 3.970360000000000000e+05 5.343130000000000000e+05 9.415830000000000000e+05 2.510230000000000000e+06 4.435116000000000000e+06 9.048928000000000000e+06 2.917372400000000000e+07 4.718382000000000000e+07
