# {'chrom': '4', 'window_id': '9', 'statistic': 'H2', 'bounds': [172000000, 191000000], 'span': 19000000, 'n_sites': 12081667, 'coverage': 63.59, 'right_discontinuous': True, 'rows': "{0: 'Altai', 1: 'Chagyrskaya', 2: 'Denisova', 3: 'French-1', 4: 'Han-1', 5: 'Khomani_San-2', 6: 'Papuan-2', 7: 'Vindija', 8: 'Yoruba-1', 9: 'Yoruba-3'}"}
9.800000000000000000e+01 8.900000000000000000e+01 1.550000000000000000e+02 3.310000000000000000e+02 5.650000000000000000e+02 1.505000000000000000e+03 2.217000000000000000e+03 3.337000000000000000e+03 6.977000000000000000e+03 6.576000000000000000e+03 7.896000000000000000e+03 1.406300000000000000e+04 1.947200000000000000e+04 2.681400000000000000e+04 6.112800000000000000e+04 1.024030000000000000e+05 1.569810000000000000e+05 5.056740000000000000e+05 8.867320000000000000e+05
1.200000000000000000e+01 2.500000000000000000e+01 8.700000000000000000e+01 2.010000000000000000e+02 3.260000000000000000e+02 9.390000000000000000e+02 1.350000000000000000e+03 2.206000000000000000e+03 4.603000000000000000e+03 3.740000000000000000e+03 5.812000000000000000e+03 1.214800000000000000e+04 1.124700000000000000e+04 1.500000000000000000e+04 3.444200000000000000e+04 6.346300000000000000e+04 9.051600000000000000e+04 2.575660000000000000e+05 4.718170000000000000e+05
1.780000000000000000e+02 2.090000000000000000e+02 5.210000000000000000e+02 7.210000000000000000e+02 1.353000000000000000e+03 2.663000000000000000e+03 3.509000000000000000e+03 6.439000000000000000e+03 1.329800000000000000e+04 1.259400000000000000e+04 1.368300000000000000e+04 2.737200000000000000e+04 2.914900000000000000e+04 3.889300000000000000e+04 1.042660000000000000e+05 1.758870000000000000e+05 3.468320000000000000e+05 9.196940000000000000e+05 1.284714000000000000e+06
2.780000000000000000e+02 1.900000000000000000e+02 3.620000000000000000e+02 5.050000000000000000e+02 8.090000000000000000e+02 1.863000000000000000e+03 2.950000000000000000e+03 4.894000000000000000e+03 9.546000000000000000e+03 9.689000000000000000e+03 1.338000000000000000e+04 3.088900000000000000e+04 3.718400000000000000e+04 4.489500000000000000e+04 1.294590000000000000e+05 2.426010000000000000e+05 4.371950000000000000e+05 9.753480000000000000e+05 3.221140000000000000e+05
1.115000000000000000e+03 7.970000000000000000e+02 1.671000000000000000e+03 2.309000000000000000e+03 3.627000000000000000e+03 9.295000000000000000e+03 1.412000000000000000e+04 2.329200000000000000e+04 4.922000000000000000e+04 5.679200000000000000e+04 7.818300000000000000e+04 1.508700000000000000e+05 1.619360000000000000e+05 3.020280000000000000e+05 8.621560000000000000e+05 1.345448000000000000e+06 2.877768000000000000e+06 7.853650000000000000e+06 1.207325100000000000e+07
1.629000000000000000e+03 1.159000000000000000e+03 2.388000000000000000e+03 3.505000000000000000e+03 5.959000000000000000e+03 1.400700000000000000e+04 1.919900000000000000e+04 3.172700000000000000e+04 6.979800000000000000e+04 8.071300000000000000e+04 1.205370000000000000e+05 2.515050000000000000e+05 3.119790000000000000e+05 5.380070000000000000e+05 1.688143000000000000e+06 2.823627000000000000e+06 5.159588000000000000e+06 1.544981000000000000e+07 2.288954800000000000e+07
8.900000000000000000e+02 9.440000000000000000e+02 2.411000000000000000e+03 3.507000000000000000e+03 5.824000000000000000e+03 1.433500000000000000e+04 1.689400000000000000e+04 2.503900000000000000e+04 5.645100000000000000e+04 5.290400000000000000e+04 7.833600000000000000e+04 1.678370000000000000e+05 1.971230000000000000e+05 2.660030000000000000e+05 7.849030000000000000e+05 1.305199000000000000e+06 2.746506000000000000e+06 7.286367000000000000e+06 1.132496200000000000e+07
1.050000000000000000e+02 1.490000000000000000e+02 3.240000000000000000e+02 5.660000000000000000e+02 9.780000000000000000e+02 2.503000000000000000e+03 3.531000000000000000e+03 5.568000000000000000e+03 8.519000000000000000e+03 1.564200000000000000e+04 1.743000000000000000e+04 2.080300000000000000e+04 1.917300000000000000e+04 2.719500000000000000e+04 6.687700000000000000e+04 9.223500000000000000e+04 1.488050000000000000e+05 3.884140000000000000e+05 6.746020000000000000e+05
9.640000000000000000e+02 8.450000000000000000e+02 2.112000000000000000e+03 3.055000000000000000e+03 4.817000000000000000e+03 1.168700000000000000e+04 1.746600000000000000e+04 2.869900000000000000e+04 6.240200000000000000e+04 6.970400000000000000e+04 1.006240000000000000e+05 2.185480000000000000e+05 2.782030000000000000e+05 4.920900000000000000e+05 1.461348000000000000e+06 2.425397000000000000e+06 4.645629000000000000e+06 1.385937400000000000e+07 1.966462000000000000e+07
2.718000000000000000e+03 1.656000000000000000e+03 2.991000000000000000e+03 3.934000000000000000e+03 6.174000000000000000e+03 1.529700000000000000e+04 2.167700000000000000e+04 3.487000000000000000e+04 7.591500000000000000e+04 8.774100000000000000e+04 1.136710000000000000e+05 2.577700000000000000e+05 3.428280000000000000e+05 6.049620000000000000e+05 1.643879000000000000e+06 2.709881000000000000e+06 5.338445000000000000e+06 1.555000700000000000e+07 2.346735700000000000e+07
