# {'chrom': '4', 'window_id': '5', 'statistic': 'H2', 'bounds': [92000000, 112000000], 'span': 20000000, 'n_sites': 12379689, 'coverage': 61.9, 'right_discontinuous': False, 'rows': "{0: 'Altai', 1: 'Chagyrskaya', 2: 'Denisova', 3: 'French-1', 4: 'Han-1', 5: 'Khomani_San-2', 6: 'Papuan-2', 7: 'Vindija', 8: 'Yoruba-1', 9: 'Yoruba-3'}"}
1.170000000000000000e+02 1.810000000000000000e+02 5.240000000000000000e+02 6.120000000000000000e+02 9.370000000000000000e+02 2.012000000000000000e+03 2.690000000000000000e+03 4.746000000000000000e+03 1.034200000000000000e+04 1.115000000000000000e+04 1.795200000000000000e+04 2.574100000000000000e+04 2.446300000000000000e+04 5.101400000000000000e+04 8.937900000000000000e+04 1.867520000000000000e+05 2.870490000000000000e+05 7.710800000000000000e+05 2.164116000000000000e+06
1.000000000000000000e+02 1.120000000000000000e+02 2.580000000000000000e+02 3.740000000000000000e+02 4.920000000000000000e+02 8.560000000000000000e+02 1.418000000000000000e+03 2.087000000000000000e+03 5.254000000000000000e+03 4.611000000000000000e+03 9.279000000000000000e+03 1.315300000000000000e+04 5.906000000000000000e+03 1.550900000000000000e+04 2.951900000000000000e+04 3.723100000000000000e+04 8.471500000000000000e+04 6.997500000000000000e+04 8.978200000000000000e+05
5.650000000000000000e+02 3.360000000000000000e+02 6.770000000000000000e+02 6.620000000000000000e+02 9.110000000000000000e+02 2.630000000000000000e+03 3.662000000000000000e+03 5.886000000000000000e+03 9.050000000000000000e+03 1.133900000000000000e+04 1.315300000000000000e+04 2.002200000000000000e+04 2.181500000000000000e+04 3.336500000000000000e+04 1.041550000000000000e+05 1.574050000000000000e+05 3.293090000000000000e+05 9.426630000000000000e+05 1.470465000000000000e+06
4.806000000000000000e+03 1.562000000000000000e+03 2.755000000000000000e+03 3.519000000000000000e+03 5.696000000000000000e+03 1.413100000000000000e+04 1.720000000000000000e+04 3.180400000000000000e+04 7.181200000000000000e+04 8.001800000000000000e+04 1.092970000000000000e+05 1.916100000000000000e+05 2.889360000000000000e+05 4.899090000000000000e+05 1.402180000000000000e+06 2.309522000000000000e+06 4.189276000000000000e+06 1.271176000000000000e+07 2.192660000000000000e+07
4.853000000000000000e+03 1.871000000000000000e+03 3.478000000000000000e+03 3.046000000000000000e+03 4.814000000000000000e+03 1.265200000000000000e+04 1.752800000000000000e+04 3.069000000000000000e+04 6.937400000000000000e+04 7.271800000000000000e+04 1.000460000000000000e+05 1.770210000000000000e+05 2.028810000000000000e+05 3.550660000000000000e+05 1.107498000000000000e+06 1.826893000000000000e+06 3.864610000000000000e+06 1.149610200000000000e+07 2.376741500000000000e+07
1.527600000000000000e+04 2.312000000000000000e+03 4.525000000000000000e+03 5.163000000000000000e+03 7.370000000000000000e+03 1.929500000000000000e+04 3.205300000000000000e+04 4.507400000000000000e+04 1.077420000000000000e+05 1.371790000000000000e+05 1.951010000000000000e+05 4.131210000000000000e+05 5.110240000000000000e+05 8.237130000000000000e+05 2.075186000000000000e+06 4.073843000000000000e+06 7.182319000000000000e+06 2.254352100000000000e+07 4.232436600000000000e+07
1.393600000000000000e+04 1.910000000000000000e+03 3.651000000000000000e+03 3.316000000000000000e+03 4.568000000000000000e+03 1.111000000000000000e+04 2.430000000000000000e+04 3.220600000000000000e+04 8.582300000000000000e+04 1.076460000000000000e+05 1.402360000000000000e+05 2.080040000000000000e+05 2.363010000000000000e+05 3.814360000000000000e+05 9.244030000000000000e+05 1.597736000000000000e+06 3.283970000000000000e+06 1.047834800000000000e+07 1.825199300000000000e+07
1.680000000000000000e+02 2.110000000000000000e+02 5.220000000000000000e+02 7.620000000000000000e+02 1.313000000000000000e+03 2.865000000000000000e+03 3.921000000000000000e+03 6.261000000000000000e+03 1.308200000000000000e+04 1.452500000000000000e+04 2.057500000000000000e+04 4.040100000000000000e+04 3.919900000000000000e+04 4.779900000000000000e+04 1.560370000000000000e+05 2.658510000000000000e+05 4.492130000000000000e+05 1.464648000000000000e+06 2.287482000000000000e+06
6.918000000000000000e+03 3.486000000000000000e+03 5.061000000000000000e+03 5.416000000000000000e+03 7.562000000000000000e+03 1.816000000000000000e+04 2.627000000000000000e+04 4.292800000000000000e+04 9.542600000000000000e+04 1.138810000000000000e+05 1.587670000000000000e+05 3.335280000000000000e+05 4.358780000000000000e+05 6.812780000000000000e+05 2.258743000000000000e+06 3.973307000000000000e+06 7.604757000000000000e+06 2.344329900000000000e+07 4.635059800000000000e+07
1.374000000000000000e+04 2.681000000000000000e+03 4.562000000000000000e+03 5.063000000000000000e+03 6.706000000000000000e+03 1.518600000000000000e+04 3.021400000000000000e+04 4.037500000000000000e+04 9.748500000000000000e+04 1.327540000000000000e+05 1.794510000000000000e+05 3.641500000000000000e+05 4.050060000000000000e+05 7.098720000000000000e+05 2.099170000000000000e+06 3.744681000000000000e+06 7.139652000000000000e+06 2.285720800000000000e+07 3.853192500000000000e+07
