# {'chrom': '4', 'window_id': '7', 'statistic': 'H2', 'bounds': [132000000, 152000000], 'span': 20000000, 'n_sites': 12301440, 'coverage': 61.51, 'right_discontinuous': False, 'rows': "{0: 'Altai', 1: 'Chagyrskaya', 2: 'Denisova', 3: 'French-1', 4: 'Han-1', 5: 'Khomani_San-2', 6: 'Papuan-2', 7: 'Vindija', 8: 'Yoruba-1', 9: 'Yoruba-3'}"}
1.610000000000000000e+02 7.000000000000000000e+01 2.150000000000000000e+02 1.620000000000000000e+02 1.980000000000000000e+02 4.560000000000000000e+02 5.380000000000000000e+02 1.215000000000000000e+03 2.208000000000000000e+03 2.060000000000000000e+03 3.358000000000000000e+03 6.700000000000000000e+03 9.149000000000000000e+03 1.187900000000000000e+04 2.431800000000000000e+04 2.512600000000000000e+04 1.548700000000000000e+04 1.016400000000000000e+04 1.737900000000000000e+04
4.850000000000000000e+02 3.370000000000000000e+02 1.038000000000000000e+03 1.183000000000000000e+03 1.648000000000000000e+03 3.933000000000000000e+03 5.848000000000000000e+03 9.117000000000000000e+03 1.962800000000000000e+04 2.423600000000000000e+04 2.663600000000000000e+04 5.935000000000000000e+04 5.728500000000000000e+04 8.516300000000000000e+04 1.667420000000000000e+05 2.623150000000000000e+05 7.434780000000000000e+05 1.768110000000000000e+06 3.647399000000000000e+06
2.260000000000000000e+02 1.780000000000000000e+02 3.120000000000000000e+02 2.670000000000000000e+02 3.360000000000000000e+02 7.760000000000000000e+02 1.229000000000000000e+03 2.146000000000000000e+03 2.577000000000000000e+03 3.764000000000000000e+03 5.239000000000000000e+03 7.099000000000000000e+03 6.979000000000000000e+03 1.880700000000000000e+04 3.096200000000000000e+04 7.299000000000000000e+04 1.442890000000000000e+05 3.523870000000000000e+05 5.551800000000000000e+05
3.862000000000000000e+03 2.585000000000000000e+03 4.356000000000000000e+03 4.359000000000000000e+03 5.957000000000000000e+03 1.402500000000000000e+04 2.281800000000000000e+04 3.469500000000000000e+04 7.815700000000000000e+04 8.721800000000000000e+04 1.157930000000000000e+05 2.502180000000000000e+05 3.049890000000000000e+05 4.594840000000000000e+05 1.443327000000000000e+06 2.671545000000000000e+06 4.794875000000000000e+06 1.235717700000000000e+07 2.194215900000000000e+07
6.046000000000000000e+03 2.240000000000000000e+03 3.717000000000000000e+03 3.686000000000000000e+03 5.660000000000000000e+03 1.229100000000000000e+04 2.219700000000000000e+04 3.505900000000000000e+04 7.118500000000000000e+04 7.063100000000000000e+04 9.938800000000000000e+04 2.267670000000000000e+05 2.757540000000000000e+05 4.838570000000000000e+05 1.400755000000000000e+06 2.223179000000000000e+06 3.677707000000000000e+06 1.040636000000000000e+07 1.939676900000000000e+07
8.549000000000000000e+03 3.874000000000000000e+03 5.696000000000000000e+03 5.979000000000000000e+03 8.349000000000000000e+03 2.092100000000000000e+04 3.175700000000000000e+04 4.896300000000000000e+04 9.873800000000000000e+04 1.215790000000000000e+05 1.733200000000000000e+05 3.751250000000000000e+05 4.643690000000000000e+05 9.178280000000000000e+05 2.785265000000000000e+06 4.500489000000000000e+06 8.428823000000000000e+06 2.072391500000000000e+07 3.897863900000000000e+07
3.295000000000000000e+03 2.203000000000000000e+03 3.281000000000000000e+03 3.322000000000000000e+03 4.714000000000000000e+03 9.430000000000000000e+03 1.571700000000000000e+04 2.460300000000000000e+04 5.134100000000000000e+04 5.901900000000000000e+04 7.759500000000000000e+04 1.698310000000000000e+05 2.193960000000000000e+05 2.958910000000000000e+05 7.244680000000000000e+05 1.360426000000000000e+06 2.390292000000000000e+06 7.031926000000000000e+06 1.286150700000000000e+07
3.430000000000000000e+02 2.430000000000000000e+02 7.170000000000000000e+02 8.590000000000000000e+02 1.246000000000000000e+03 2.981000000000000000e+03 4.408000000000000000e+03 6.716000000000000000e+03 1.486800000000000000e+04 1.821000000000000000e+04 2.088000000000000000e+04 3.626600000000000000e+04 2.354400000000000000e+04 5.871900000000000000e+04 8.490100000000000000e+04 1.213060000000000000e+05 3.698280000000000000e+05 6.233130000000000000e+05 1.434488000000000000e+06
6.289000000000000000e+03 2.787000000000000000e+03 5.490000000000000000e+03 5.638000000000000000e+03 8.089000000000000000e+03 1.842300000000000000e+04 2.884100000000000000e+04 4.793500000000000000e+04 9.624200000000000000e+04 1.089310000000000000e+05 1.694650000000000000e+05 3.587800000000000000e+05 5.133180000000000000e+05 8.078270000000000000e+05 2.214913000000000000e+06 3.804266000000000000e+06 7.262080000000000000e+06 2.105864100000000000e+07 3.877324900000000000e+07
5.421000000000000000e+03 3.218000000000000000e+03 5.417000000000000000e+03 5.176000000000000000e+03 7.565000000000000000e+03 1.874000000000000000e+04 2.748500000000000000e+04 4.442200000000000000e+04 9.182300000000000000e+04 1.136990000000000000e+05 1.524080000000000000e+05 3.399800000000000000e+05 4.347910000000000000e+05 8.259930000000000000e+05 2.414931000000000000e+06 4.147267000000000000e+06 7.431597000000000000e+06 1.883374000000000000e+07 3.488809400000000000e+07
