# {'chrom': '11', 'window_id': '4', 'statistic': 'H2', 'bounds': [75000000, 95000000], 'span': 20000000, 'n_sites': 12218226, 'coverage': 61.09, 'right_discontinuous': False, 'rows': "{0: 'Altai', 1: 'Chagyrskaya', 2: 'Denisova', 3: 'French-1', 4: 'Han-1', 5: 'Khomani_San-2', 6: 'Papuan-2', 7: 'Vindija', 8: 'Yoruba-1', 9: 'Yoruba-3'}"}
1.080000000000000000e+02 1.220000000000000000e+02 3.170000000000000000e+02 4.410000000000000000e+02 5.500000000000000000e+02 1.392000000000000000e+03 1.579000000000000000e+03 2.616000000000000000e+03 5.548000000000000000e+03 7.674000000000000000e+03 9.721000000000000000e+03 1.457800000000000000e+04 1.706900000000000000e+04 2.752300000000000000e+04 7.186200000000000000e+04 1.049960000000000000e+05 2.128380000000000000e+05 4.103750000000000000e+05 9.360640000000000000e+05
1.400000000000000000e+01 1.900000000000000000e+01 3.900000000000000000e+01 2.800000000000000000e+01 6.500000000000000000e+01 1.370000000000000000e+02 2.250000000000000000e+02 4.280000000000000000e+02 7.660000000000000000e+02 5.980000000000000000e+02 3.540000000000000000e+02 4.180000000000000000e+02 3.740000000000000000e+02 2.800000000000000000e+03 3.496000000000000000e+03 3.788000000000000000e+03 1.337600000000000000e+04 4.892300000000000000e+04 1.068010000000000000e+05
1.380000000000000000e+02 1.390000000000000000e+02 3.200000000000000000e+02 3.850000000000000000e+02 6.820000000000000000e+02 1.308000000000000000e+03 2.026000000000000000e+03 3.379000000000000000e+03 6.800000000000000000e+03 8.153000000000000000e+03 1.380500000000000000e+04 2.279700000000000000e+04 2.422800000000000000e+04 4.704400000000000000e+04 9.092200000000000000e+04 1.330670000000000000e+05 2.809490000000000000e+05 9.051500000000000000e+05 1.889664000000000000e+06
2.091000000000000000e+03 1.576000000000000000e+03 3.183000000000000000e+03 3.541000000000000000e+03 4.999000000000000000e+03 1.233500000000000000e+04 1.719500000000000000e+04 2.993900000000000000e+04 7.648900000000000000e+04 8.789000000000000000e+04 1.147050000000000000e+05 2.509090000000000000e+05 2.588120000000000000e+05 5.449060000000000000e+05 1.653867000000000000e+06 2.550556000000000000e+06 5.000554000000000000e+06 1.456327000000000000e+07 2.906898200000000000e+07
2.722000000000000000e+03 1.883000000000000000e+03 3.129000000000000000e+03 2.863000000000000000e+03 4.442000000000000000e+03 1.078600000000000000e+04 1.630100000000000000e+04 2.688800000000000000e+04 6.834300000000000000e+04 7.616900000000000000e+04 1.072510000000000000e+05 2.047040000000000000e+05 2.404870000000000000e+05 4.457280000000000000e+05 1.155927000000000000e+06 2.077943000000000000e+06 3.962010000000000000e+06 1.239611300000000000e+07 2.251378200000000000e+07
3.542000000000000000e+03 2.712000000000000000e+03 5.219000000000000000e+03 5.060000000000000000e+03 7.730000000000000000e+03 1.931700000000000000e+04 2.800000000000000000e+04 4.629400000000000000e+04 1.089390000000000000e+05 1.286160000000000000e+05 1.910860000000000000e+05 4.269900000000000000e+05 6.232110000000000000e+05 1.176318000000000000e+06 3.471433000000000000e+06 5.666861000000000000e+06 1.092003400000000000e+07 3.317750900000000000e+07 6.076094700000000000e+07
1.119000000000000000e+03 8.830000000000000000e+02 1.750000000000000000e+03 1.628000000000000000e+03 2.418000000000000000e+03 5.478000000000000000e+03 8.511000000000000000e+03 1.418000000000000000e+04 3.522400000000000000e+04 3.989700000000000000e+04 5.135700000000000000e+04 1.014120000000000000e+05 9.349000000000000000e+04 2.305240000000000000e+05 5.074220000000000000e+05 9.565620000000000000e+05 1.463501000000000000e+06 2.827980000000000000e+06 8.466596000000000000e+06
1.680000000000000000e+02 1.300000000000000000e+02 2.870000000000000000e+02 4.050000000000000000e+02 5.780000000000000000e+02 1.294000000000000000e+03 2.087000000000000000e+03 2.971000000000000000e+03 7.990000000000000000e+03 7.409000000000000000e+03 1.090100000000000000e+04 1.289300000000000000e+04 1.181300000000000000e+04 1.381400000000000000e+04 6.215400000000000000e+04 1.041270000000000000e+05 1.161510000000000000e+05 3.013220000000000000e+05 7.476040000000000000e+05
2.698000000000000000e+03 2.044000000000000000e+03 4.122000000000000000e+03 4.422000000000000000e+03 7.109000000000000000e+03 1.664200000000000000e+04 2.438900000000000000e+04 4.198000000000000000e+04 9.847700000000000000e+04 1.168550000000000000e+05 1.794120000000000000e+05 3.701900000000000000e+05 5.060540000000000000e+05 9.801920000000000000e+05 2.808474000000000000e+06 4.672343000000000000e+06 9.040534000000000000e+06 2.688887200000000000e+07 5.001358000000000000e+07
5.062000000000000000e+03 2.996000000000000000e+03 4.836000000000000000e+03 4.902000000000000000e+03 7.499000000000000000e+03 1.919200000000000000e+04 2.628100000000000000e+04 4.520100000000000000e+04 1.104230000000000000e+05 1.304530000000000000e+05 1.807490000000000000e+05 3.798970000000000000e+05 5.246670000000000000e+05 9.669950000000000000e+05 2.752095000000000000e+06 4.415431000000000000e+06 8.398116000000000000e+06 2.562102300000000000e+07 4.820625400000000000e+07
