# {'chrom': '11', 'window_id': '0', 'statistic': 'H2', 'bounds': [0, 17000000], 'span': 17000000, 'n_sites': 10518327, 'coverage': 61.87, 'right_discontinuous': False, 'rows': "{0: 'Altai', 1: 'Chagyrskaya', 2: 'Denisova', 3: 'French-1', 4: 'Han-1', 5: 'Khomani_San-2', 6: 'Papuan-2', 7: 'Vindija', 8: 'Yoruba-1', 9: 'Yoruba-3'}"}
6.900000000000000000e+01 6.800000000000000000e+01 2.830000000000000000e+02 4.470000000000000000e+02 6.720000000000000000e+02 1.534000000000000000e+03 1.754000000000000000e+03 3.577000000000000000e+03 4.970000000000000000e+03 5.334000000000000000e+03 7.027000000000000000e+03 1.325000000000000000e+04 6.251000000000000000e+03 1.915800000000000000e+04 4.291600000000000000e+04 7.310200000000000000e+04 1.592870000000000000e+05 4.100170000000000000e+05 7.590880000000000000e+05
7.500000000000000000e+01 7.600000000000000000e+01 1.920000000000000000e+02 2.210000000000000000e+02 3.310000000000000000e+02 8.860000000000000000e+02 1.116000000000000000e+03 1.915000000000000000e+03 4.178000000000000000e+03 3.417000000000000000e+03 5.016000000000000000e+03 6.330000000000000000e+03 6.565000000000000000e+03 1.231000000000000000e+04 3.684200000000000000e+04 6.556400000000000000e+04 1.358820000000000000e+05 3.992360000000000000e+05 6.954170000000000000e+05
1.940000000000000000e+02 1.890000000000000000e+02 4.270000000000000000e+02 4.370000000000000000e+02 6.200000000000000000e+02 1.433000000000000000e+03 1.749000000000000000e+03 3.167000000000000000e+03 5.827000000000000000e+03 6.709000000000000000e+03 7.557000000000000000e+03 1.151800000000000000e+04 2.262300000000000000e+04 3.450000000000000000e+04 7.475500000000000000e+04 1.085130000000000000e+05 2.148370000000000000e+05 5.872700000000000000e+05 1.077333000000000000e+06
3.029000000000000000e+03 1.779000000000000000e+03 2.979000000000000000e+03 3.019000000000000000e+03 4.254000000000000000e+03 9.500000000000000000e+03 1.516800000000000000e+04 2.936500000000000000e+04 6.355900000000000000e+04 7.759200000000000000e+04 1.065110000000000000e+05 1.685780000000000000e+05 2.030020000000000000e+05 3.507270000000000000e+05 1.012462000000000000e+06 2.059680000000000000e+06 3.668735000000000000e+06 1.017198200000000000e+07 1.905338300000000000e+07
2.011000000000000000e+03 1.151000000000000000e+03 2.276000000000000000e+03 2.166000000000000000e+03 3.241000000000000000e+03 6.994000000000000000e+03 1.158900000000000000e+04 2.013800000000000000e+04 4.322400000000000000e+04 5.402200000000000000e+04 7.447700000000000000e+04 1.183810000000000000e+05 1.436890000000000000e+05 2.662490000000000000e+05 7.055060000000000000e+05 1.126720000000000000e+06 2.212804000000000000e+06 7.165032000000000000e+06 1.372697100000000000e+07
2.692000000000000000e+03 2.010000000000000000e+03 4.224000000000000000e+03 4.328000000000000000e+03 5.978000000000000000e+03 1.421300000000000000e+04 2.113000000000000000e+04 3.623900000000000000e+04 7.991200000000000000e+04 1.028840000000000000e+05 1.410550000000000000e+05 2.485020000000000000e+05 3.253530000000000000e+05 6.292620000000000000e+05 1.978720000000000000e+06 3.231748000000000000e+06 6.323557000000000000e+06 1.921334100000000000e+07 3.512369600000000000e+07
3.002000000000000000e+03 1.176000000000000000e+03 1.855000000000000000e+03 1.967000000000000000e+03 3.009000000000000000e+03 7.287000000000000000e+03 1.215300000000000000e+04 2.086600000000000000e+04 4.344800000000000000e+04 5.199800000000000000e+04 6.856300000000000000e+04 1.193450000000000000e+05 1.337820000000000000e+05 2.400890000000000000e+05 6.668890000000000000e+05 1.104981000000000000e+06 1.998335000000000000e+06 6.015347000000000000e+06 1.021756100000000000e+07
1.850000000000000000e+02 1.670000000000000000e+02 3.960000000000000000e+02 4.770000000000000000e+02 8.380000000000000000e+02 1.798000000000000000e+03 2.226000000000000000e+03 4.092000000000000000e+03 6.959000000000000000e+03 6.833000000000000000e+03 9.014000000000000000e+03 1.902900000000000000e+04 1.236200000000000000e+04 3.093000000000000000e+04 8.297000000000000000e+04 9.237700000000000000e+04 1.525650000000000000e+05 5.310820000000000000e+05 8.732270000000000000e+05
4.258000000000000000e+03 2.261000000000000000e+03 3.971000000000000000e+03 3.627000000000000000e+03 5.032000000000000000e+03 1.300300000000000000e+04 2.009100000000000000e+04 3.373500000000000000e+04 7.506900000000000000e+04 8.996100000000000000e+04 1.285220000000000000e+05 2.285260000000000000e+05 2.738100000000000000e+05 6.200750000000000000e+05 1.749728000000000000e+06 2.970601000000000000e+06 5.429206000000000000e+06 1.648989600000000000e+07 3.059433100000000000e+07
3.789000000000000000e+03 1.844000000000000000e+03 3.373000000000000000e+03 3.160000000000000000e+03 4.621000000000000000e+03 1.082200000000000000e+04 1.672500000000000000e+04 3.053700000000000000e+04 6.612200000000000000e+04 7.399600000000000000e+04 1.066500000000000000e+05 1.870360000000000000e+05 2.503240000000000000e+05 5.178500000000000000e+05 1.517201000000000000e+06 2.252227000000000000e+06 4.973356000000000000e+06 1.472493900000000000e+07 2.686788400000000000e+07
