# {'chrom': '11', 'window_id': '3', 'statistic': 'H2', 'bounds': [54000000, 75000000], 'span': 21000000, 'n_sites': 10968202, 'coverage': 52.23, 'right_discontinuous': False, 'rows': "{0: 'Altai', 1: 'Chagyrskaya', 2: 'Denisova', 3: 'French-1', 4: 'Han-1', 5: 'Khomani_San-2', 6: 'Papuan-2', 7: 'Vindija', 8: 'Yoruba-1', 9: 'Yoruba-3'}"}
1.468000000000000000e+03 1.327000000000000000e+03 2.457000000000000000e+03 1.634000000000000000e+03 1.508000000000000000e+03 5.222000000000000000e+03 5.392000000000000000e+03 5.531000000000000000e+03 1.095500000000000000e+04 1.221900000000000000e+04 1.427500000000000000e+04 1.777900000000000000e+04 2.763600000000000000e+04 5.179200000000000000e+04 1.226650000000000000e+05 1.891310000000000000e+05 3.385190000000000000e+05 1.133433000000000000e+06 1.636322000000000000e+06
5.930000000000000000e+02 5.950000000000000000e+02 9.490000000000000000e+02 5.770000000000000000e+02 5.160000000000000000e+02 1.808000000000000000e+03 2.301000000000000000e+03 1.539000000000000000e+03 3.236000000000000000e+03 2.337000000000000000e+03 2.983000000000000000e+03 6.211000000000000000e+03 6.084000000000000000e+03 1.147400000000000000e+04 2.916500000000000000e+04 3.803800000000000000e+04 1.108860000000000000e+05 2.143440000000000000e+05 2.667770000000000000e+05
9.580000000000000000e+02 8.880000000000000000e+02 1.649000000000000000e+03 9.880000000000000000e+02 7.290000000000000000e+02 3.356000000000000000e+03 3.530000000000000000e+03 2.958000000000000000e+03 6.336000000000000000e+03 7.177000000000000000e+03 6.286000000000000000e+03 1.167600000000000000e+04 2.410000000000000000e+04 3.379800000000000000e+04 6.633700000000000000e+04 1.036350000000000000e+05 2.022430000000000000e+05 6.716790000000000000e+05 1.490451000000000000e+06
2.866000000000000000e+03 1.547000000000000000e+03 2.046000000000000000e+03 1.985000000000000000e+03 2.903000000000000000e+03 6.988000000000000000e+03 1.295700000000000000e+04 2.116400000000000000e+04 4.242200000000000000e+04 5.319200000000000000e+04 9.114200000000000000e+04 2.390640000000000000e+05 2.860960000000000000e+05 3.576260000000000000e+05 7.068590000000000000e+05 1.103424000000000000e+06 1.942799000000000000e+06 5.338065000000000000e+06 1.260088900000000000e+07
8.550000000000000000e+02 5.790000000000000000e+02 9.760000000000000000e+02 1.180000000000000000e+03 1.676000000000000000e+03 4.358000000000000000e+03 6.732000000000000000e+03 1.149300000000000000e+04 2.631700000000000000e+04 2.803500000000000000e+04 3.652400000000000000e+04 7.413500000000000000e+04 9.066000000000000000e+04 1.405410000000000000e+05 3.898420000000000000e+05 6.846800000000000000e+05 1.346877000000000000e+06 4.378037000000000000e+06 9.262510000000000000e+06
1.007500000000000000e+04 8.538000000000000000e+03 1.555500000000000000e+04 1.215900000000000000e+04 1.073400000000000000e+04 4.058300000000000000e+04 4.977300000000000000e+04 6.014200000000000000e+04 1.504700000000000000e+05 1.591420000000000000e+05 2.410980000000000000e+05 3.911440000000000000e+05 5.823280000000000000e+05 8.538560000000000000e+05 2.013991000000000000e+06 3.373637000000000000e+06 5.769783000000000000e+06 1.563823200000000000e+07 3.234332700000000000e+07
2.988000000000000000e+03 1.605000000000000000e+03 2.457000000000000000e+03 2.154000000000000000e+03 2.969000000000000000e+03 6.594000000000000000e+03 1.294900000000000000e+04 2.169600000000000000e+04 4.336200000000000000e+04 5.054600000000000000e+04 8.208100000000000000e+04 1.954450000000000000e+05 2.006470000000000000e+05 2.904690000000000000e+05 5.504280000000000000e+05 1.041234000000000000e+06 2.126460000000000000e+06 5.428638000000000000e+06 9.770711000000000000e+06
1.005000000000000000e+03 9.400000000000000000e+02 1.762000000000000000e+03 1.182000000000000000e+03 8.210000000000000000e+02 3.743000000000000000e+03 3.740000000000000000e+03 2.752000000000000000e+03 6.232000000000000000e+03 6.708000000000000000e+03 8.812000000000000000e+03 1.364900000000000000e+04 1.215900000000000000e+04 2.798500000000000000e+04 5.413800000000000000e+04 7.492900000000000000e+04 1.514980000000000000e+05 5.067820000000000000e+05 9.282350000000000000e+05
3.721000000000000000e+03 2.490000000000000000e+03 3.883000000000000000e+03 3.259000000000000000e+03 4.340000000000000000e+03 1.212600000000000000e+04 1.812600000000000000e+04 3.278600000000000000e+04 7.208600000000000000e+04 8.250400000000000000e+04 1.180490000000000000e+05 2.743280000000000000e+05 3.278580000000000000e+05 5.961270000000000000e+05 1.663441000000000000e+06 2.878415000000000000e+06 4.888366000000000000e+06 1.457878700000000000e+07 3.076892800000000000e+07
2.567000000000000000e+03 1.692000000000000000e+03 2.545000000000000000e+03 2.843000000000000000e+03 4.034000000000000000e+03 9.725000000000000000e+03 1.505100000000000000e+04 2.682500000000000000e+04 6.070600000000000000e+04 7.135500000000000000e+04 9.655400000000000000e+04 1.849150000000000000e+05 2.420300000000000000e+05 4.907570000000000000e+05 1.303732000000000000e+06 2.332589000000000000e+06 4.495289000000000000e+06 1.413151100000000000e+07 2.746991300000000000e+07
