# {'chrom': '11', 'window_id': '5', 'statistic': 'H2', 'bounds': [95000000, 115000000], 'span': 20000000, 'n_sites': 12718655, 'coverage': 63.59, 'right_discontinuous': False, 'rows': "{0: 'Altai', 1: 'Chagyrskaya', 2: 'Denisova', 3: 'French-1', 4: 'Han-1', 5: 'Khomani_San-2', 6: 'Papuan-2', 7: 'Vindija', 8: 'Yoruba-1', 9: 'Yoruba-3'}"}
1.610000000000000000e+02 9.600000000000000000e+01 2.320000000000000000e+02 2.300000000000000000e+02 3.350000000000000000e+02 8.180000000000000000e+02 1.073000000000000000e+03 2.166000000000000000e+03 4.704000000000000000e+03 5.165000000000000000e+03 5.120000000000000000e+03 1.096600000000000000e+04 9.647000000000000000e+03 1.431900000000000000e+04 5.540900000000000000e+04 7.383300000000000000e+04 1.367600000000000000e+05 4.481050000000000000e+05 9.009110000000000000e+05
1.780000000000000000e+02 1.040000000000000000e+02 2.860000000000000000e+02 2.090000000000000000e+02 3.380000000000000000e+02 8.240000000000000000e+02 1.120000000000000000e+03 1.960000000000000000e+03 3.986000000000000000e+03 3.828000000000000000e+03 5.506000000000000000e+03 1.015800000000000000e+04 1.060000000000000000e+04 1.657500000000000000e+04 6.419300000000000000e+04 7.391200000000000000e+04 1.239610000000000000e+05 3.745920000000000000e+05 7.644120000000000000e+05
3.480000000000000000e+02 2.570000000000000000e+02 4.890000000000000000e+02 4.910000000000000000e+02 8.440000000000000000e+02 2.062000000000000000e+03 2.935000000000000000e+03 5.092000000000000000e+03 9.722000000000000000e+03 1.153000000000000000e+04 1.991300000000000000e+04 3.750000000000000000e+04 4.851600000000000000e+04 6.936200000000000000e+04 1.922880000000000000e+05 2.436870000000000000e+05 4.101760000000000000e+05 1.229662000000000000e+06 2.150330000000000000e+06
5.496000000000000000e+03 1.907000000000000000e+03 3.561000000000000000e+03 3.948000000000000000e+03 5.539000000000000000e+03 1.378900000000000000e+04 2.013100000000000000e+04 3.792500000000000000e+04 7.970000000000000000e+04 8.689900000000000000e+04 1.280310000000000000e+05 2.647530000000000000e+05 3.155380000000000000e+05 5.051090000000000000e+05 1.738417000000000000e+06 2.386096000000000000e+06 5.611834000000000000e+06 1.528497800000000000e+07 2.368087500000000000e+07
3.662000000000000000e+03 1.338000000000000000e+03 2.346000000000000000e+03 3.008000000000000000e+03 4.125000000000000000e+03 1.021800000000000000e+04 1.498300000000000000e+04 2.731500000000000000e+04 5.476000000000000000e+04 6.347500000000000000e+04 9.162100000000000000e+04 1.649640000000000000e+05 2.064600000000000000e+05 3.068730000000000000e+05 9.785410000000000000e+05 1.646356000000000000e+06 3.332269000000000000e+06 1.031758700000000000e+07 1.706832300000000000e+07
5.721000000000000000e+03 2.429000000000000000e+03 4.133000000000000000e+03 4.456000000000000000e+03 6.990000000000000000e+03 1.625300000000000000e+04 2.276200000000000000e+04 4.127000000000000000e+04 9.424200000000000000e+04 1.045950000000000000e+05 1.631010000000000000e+05 3.367900000000000000e+05 4.669080000000000000e+05 6.977930000000000000e+05 2.471871000000000000e+06 3.322066000000000000e+06 6.997087000000000000e+06 2.078027300000000000e+07 3.261233000000000000e+07
3.781000000000000000e+03 1.438000000000000000e+03 2.552000000000000000e+03 2.063000000000000000e+03 2.938000000000000000e+03 8.271000000000000000e+03 1.219400000000000000e+04 2.190700000000000000e+04 4.967900000000000000e+04 5.726800000000000000e+04 7.974700000000000000e+04 1.657880000000000000e+05 1.747520000000000000e+05 2.266010000000000000e+05 7.602350000000000000e+05 1.261326000000000000e+06 2.777245000000000000e+06 6.658753000000000000e+06 4.681898000000000000e+06
1.480000000000000000e+02 1.150000000000000000e+02 2.380000000000000000e+02 2.880000000000000000e+02 4.450000000000000000e+02 1.046000000000000000e+03 1.520000000000000000e+03 2.449000000000000000e+03 4.908000000000000000e+03 4.973000000000000000e+03 6.506000000000000000e+03 1.326700000000000000e+04 1.727500000000000000e+04 2.467800000000000000e+04 8.255300000000000000e+04 1.138830000000000000e+05 1.956810000000000000e+05 5.168600000000000000e+05 9.551590000000000000e+05
6.052000000000000000e+03 2.430000000000000000e+03 4.097000000000000000e+03 4.305000000000000000e+03 6.510000000000000000e+03 1.600300000000000000e+04 2.403200000000000000e+04 4.267000000000000000e+04 9.399900000000000000e+04 1.095670000000000000e+05 1.687420000000000000e+05 3.525950000000000000e+05 4.385270000000000000e+05 6.370160000000000000e+05 2.338131000000000000e+06 3.709927000000000000e+06 8.168450000000000000e+06 2.323806800000000000e+07 3.586039200000000000e+07
6.390000000000000000e+03 2.680000000000000000e+03 4.399000000000000000e+03 4.343000000000000000e+03 6.461000000000000000e+03 1.666200000000000000e+04 2.380000000000000000e+04 4.396300000000000000e+04 9.530000000000000000e+04 9.717700000000000000e+04 1.563720000000000000e+05 3.436110000000000000e+05 4.680760000000000000e+05 7.056660000000000000e+05 2.339830000000000000e+06 3.700044000000000000e+06 7.554188000000000000e+06 2.304769300000000000e+07 3.624946900000000000e+07
