# {'chrom': '11', 'window_id': '2', 'statistic': 'H2', 'bounds': [34000000, 52000000], 'span': 18000000, 'n_sites': 9350215, 'coverage': 51.95, 'right_discontinuous': True, 'rows': "{0: 'Altai', 1: 'Chagyrskaya', 2: 'Denisova', 3: 'French-1', 4: 'Han-1', 5: 'Khomani_San-2', 6: 'Papuan-2', 7: 'Vindija', 8: 'Yoruba-1', 9: 'Yoruba-3'}"}
5.460000000000000000e+02 4.140000000000000000e+02 6.520000000000000000e+02 6.590000000000000000e+02 9.630000000000000000e+02 2.104000000000000000e+03 3.118000000000000000e+03 5.351000000000000000e+03 1.120300000000000000e+04 1.175500000000000000e+04 1.778600000000000000e+04 3.638100000000000000e+04 3.830600000000000000e+04 6.995900000000000000e+04 1.512340000000000000e+05 2.292820000000000000e+05 3.206640000000000000e+05 9.235640000000000000e+05 4.903690000000000000e+05
3.100000000000000000e+02 2.200000000000000000e+02 2.530000000000000000e+02 3.640000000000000000e+02 5.790000000000000000e+02 1.286000000000000000e+03 1.888000000000000000e+03 2.794000000000000000e+03 6.000000000000000000e+03 7.239000000000000000e+03 1.207800000000000000e+04 1.749700000000000000e+04 2.130500000000000000e+04 3.337000000000000000e+04 8.671500000000000000e+04 1.569570000000000000e+05 2.917920000000000000e+05 6.128300000000000000e+05 1.656100000000000000e+05
8.090000000000000000e+02 4.200000000000000000e+02 4.710000000000000000e+02 4.550000000000000000e+02 6.550000000000000000e+02 1.880000000000000000e+03 2.388000000000000000e+03 3.453000000000000000e+03 8.763000000000000000e+03 1.117400000000000000e+04 2.139400000000000000e+04 3.352800000000000000e+04 4.215700000000000000e+04 7.483000000000000000e+04 1.384290000000000000e+05 1.501110000000000000e+05 2.868040000000000000e+05 9.494150000000000000e+05 8.020750000000000000e+05
3.728000000000000000e+03 1.690000000000000000e+03 2.291000000000000000e+03 2.253000000000000000e+03 3.260000000000000000e+03 8.260000000000000000e+03 1.352800000000000000e+04 2.146400000000000000e+04 4.573800000000000000e+04 5.430900000000000000e+04 8.726300000000000000e+04 1.767380000000000000e+05 2.577140000000000000e+05 3.119000000000000000e+05 9.753530000000000000e+05 1.680288000000000000e+06 2.514218000000000000e+06 7.319585000000000000e+06 6.669297000000000000e+06
2.460000000000000000e+03 1.351000000000000000e+03 2.002000000000000000e+03 2.050000000000000000e+03 3.056000000000000000e+03 7.337000000000000000e+03 1.208400000000000000e+04 1.745700000000000000e+04 3.992000000000000000e+04 4.988100000000000000e+04 7.346400000000000000e+04 1.505280000000000000e+05 1.870210000000000000e+05 2.502820000000000000e+05 7.899180000000000000e+05 1.076708000000000000e+06 1.647539000000000000e+06 4.877878000000000000e+06 5.072062000000000000e+06
5.727000000000000000e+03 3.311000000000000000e+03 4.601000000000000000e+03 4.440000000000000000e+03 6.195000000000000000e+03 1.599200000000000000e+04 2.533400000000000000e+04 3.958600000000000000e+04 8.509600000000000000e+04 1.023050000000000000e+05 1.616120000000000000e+05 3.729440000000000000e+05 5.916540000000000000e+05 8.899590000000000000e+05 2.404836000000000000e+06 3.410760000000000000e+06 6.050466000000000000e+06 1.778126300000000000e+07 1.780898200000000000e+07
2.719000000000000000e+03 1.355000000000000000e+03 1.899000000000000000e+03 1.778000000000000000e+03 2.478000000000000000e+03 6.352000000000000000e+03 9.482000000000000000e+03 1.395900000000000000e+04 3.313200000000000000e+04 3.959200000000000000e+04 5.891300000000000000e+04 8.971700000000000000e+04 1.578770000000000000e+05 1.775110000000000000e+05 4.247700000000000000e+05 6.145160000000000000e+05 1.054203000000000000e+06 3.323996000000000000e+06 3.597572000000000000e+06
5.800000000000000000e+01 9.600000000000000000e+01 2.690000000000000000e+02 4.370000000000000000e+02 7.020000000000000000e+02 1.434000000000000000e+03 1.826000000000000000e+03 3.316000000000000000e+03 6.459000000000000000e+03 7.642000000000000000e+03 9.140000000000000000e+03 2.021800000000000000e+04 2.016600000000000000e+04 1.503700000000000000e+04 6.893700000000000000e+04 1.085560000000000000e+05 1.807670000000000000e+05 4.787360000000000000e+05 4.274590000000000000e+05
8.898000000000000000e+03 2.939000000000000000e+03 4.016000000000000000e+03 3.945000000000000000e+03 5.765000000000000000e+03 1.618000000000000000e+04 2.198400000000000000e+04 3.370300000000000000e+04 7.353500000000000000e+04 8.461700000000000000e+04 1.253900000000000000e+05 3.158390000000000000e+05 4.506930000000000000e+05 6.611300000000000000e+05 2.061372000000000000e+06 2.989057000000000000e+06 5.006192000000000000e+06 1.327817100000000000e+07 1.474678300000000000e+07
4.765000000000000000e+03 1.821000000000000000e+03 2.776000000000000000e+03 2.904000000000000000e+03 4.564000000000000000e+03 1.276100000000000000e+04 1.787200000000000000e+04 2.750600000000000000e+04 6.053000000000000000e+04 7.131400000000000000e+04 1.172570000000000000e+05 2.768110000000000000e+05 3.760520000000000000e+05 6.241480000000000000e+05 1.881165000000000000e+06 2.559473000000000000e+06 3.979262000000000000e+06 1.336214100000000000e+07 1.188840100000000000e+07
