# {'chrom': '2', 'window_id': '7', 'statistic': 'H2', 'bounds': [137000000, 158000000], 'span': 21000000, 'n_sites': 14070587, 'coverage': 67.0, 'right_discontinuous': False, 'rows': "{0: 'Altai', 1: 'Chagyrskaya', 2: 'Denisova', 3: 'French-1', 4: 'Han-1', 5: 'Khomani_San-2', 6: 'Papuan-2', 7: 'Vindija', 8: 'Yoruba-1', 9: 'Yoruba-3'}"}
6.200000000000000000e+01 5.900000000000000000e+01 1.990000000000000000e+02 3.270000000000000000e+02 5.190000000000000000e+02 1.227000000000000000e+03 1.481000000000000000e+03 2.820000000000000000e+03 6.147000000000000000e+03 6.294000000000000000e+03 1.036300000000000000e+04 1.562600000000000000e+04 1.526000000000000000e+04 2.997200000000000000e+04 7.888000000000000000e+04 9.749600000000000000e+04 2.103310000000000000e+05 7.334840000000000000e+05 1.274720000000000000e+06
1.460000000000000000e+02 1.230000000000000000e+02 2.260000000000000000e+02 3.060000000000000000e+02 5.380000000000000000e+02 1.437000000000000000e+03 1.943000000000000000e+03 3.306000000000000000e+03 5.741000000000000000e+03 9.103000000000000000e+03 6.561000000000000000e+03 9.839000000000000000e+03 1.123900000000000000e+04 2.118900000000000000e+04 5.261600000000000000e+04 1.020730000000000000e+05 1.523000000000000000e+05 3.664550000000000000e+05 5.090120000000000000e+05
5.100000000000000000e+01 1.210000000000000000e+02 3.410000000000000000e+02 4.030000000000000000e+02 5.830000000000000000e+02 1.309000000000000000e+03 1.917000000000000000e+03 2.968000000000000000e+03 5.756000000000000000e+03 7.299000000000000000e+03 1.033100000000000000e+04 1.831500000000000000e+04 1.957400000000000000e+04 4.644700000000000000e+04 1.074280000000000000e+05 1.736090000000000000e+05 3.822650000000000000e+05 1.069776000000000000e+06 1.871199000000000000e+06
4.253000000000000000e+03 3.046000000000000000e+03 4.353000000000000000e+03 3.024000000000000000e+03 4.509000000000000000e+03 1.116100000000000000e+04 2.165800000000000000e+04 3.515800000000000000e+04 7.740700000000000000e+04 8.899500000000000000e+04 1.161080000000000000e+05 2.408730000000000000e+05 2.810600000000000000e+05 5.259950000000000000e+05 1.564454000000000000e+06 2.397126000000000000e+06 5.020629000000000000e+06 1.589816500000000000e+07 2.908323700000000000e+07
1.752000000000000000e+03 1.720000000000000000e+03 2.794000000000000000e+03 2.516000000000000000e+03 3.821000000000000000e+03 8.954000000000000000e+03 1.508000000000000000e+04 2.535600000000000000e+04 5.848300000000000000e+04 5.918900000000000000e+04 7.285800000000000000e+04 1.769770000000000000e+05 1.826690000000000000e+05 2.679750000000000000e+05 9.638340000000000000e+05 1.616049000000000000e+06 3.158529000000000000e+06 9.238338000000000000e+06 1.855345000000000000e+07
3.296000000000000000e+03 3.120000000000000000e+03 5.084000000000000000e+03 4.628000000000000000e+03 7.351000000000000000e+03 1.827300000000000000e+04 2.831400000000000000e+04 4.973800000000000000e+04 1.101900000000000000e+05 1.241810000000000000e+05 1.533720000000000000e+05 3.635970000000000000e+05 5.123770000000000000e+05 9.783130000000000000e+05 2.921027000000000000e+06 4.717023000000000000e+06 9.187147000000000000e+06 2.970730700000000000e+07 5.585941400000000000e+07
2.367000000000000000e+03 1.964000000000000000e+03 2.725000000000000000e+03 2.255000000000000000e+03 2.947000000000000000e+03 8.275000000000000000e+03 1.436100000000000000e+04 2.386400000000000000e+04 5.437100000000000000e+04 5.792500000000000000e+04 7.061600000000000000e+04 1.347370000000000000e+05 1.530340000000000000e+05 2.779520000000000000e+05 9.618690000000000000e+05 1.421977000000000000e+06 2.429880000000000000e+06 8.499485000000000000e+06 1.598622300000000000e+07
2.300000000000000000e+01 2.700000000000000000e+01 7.900000000000000000e+01 1.000000000000000000e+02 2.120000000000000000e+02 5.480000000000000000e+02 7.500000000000000000e+02 1.388000000000000000e+03 3.035000000000000000e+03 3.575000000000000000e+03 4.500000000000000000e+03 7.190000000000000000e+03 8.886000000000000000e+03 1.324200000000000000e+04 2.883100000000000000e+04 4.855500000000000000e+04 7.782900000000000000e+04 3.329470000000000000e+05 6.733330000000000000e+05
3.067000000000000000e+03 2.179000000000000000e+03 3.940000000000000000e+03 3.781000000000000000e+03 5.947000000000000000e+03 1.515400000000000000e+04 2.468700000000000000e+04 4.229200000000000000e+04 8.711100000000000000e+04 9.403000000000000000e+04 1.293170000000000000e+05 3.166080000000000000e+05 3.906980000000000000e+05 7.965310000000000000e+05 2.374634000000000000e+06 3.875166000000000000e+06 7.218117000000000000e+06 2.376664200000000000e+07 4.290331800000000000e+07
2.345000000000000000e+03 2.237000000000000000e+03 4.123000000000000000e+03 4.031000000000000000e+03 6.265000000000000000e+03 1.614700000000000000e+04 2.471900000000000000e+04 3.959100000000000000e+04 9.017700000000000000e+04 9.963800000000000000e+04 1.367650000000000000e+05 3.160700000000000000e+05 4.176260000000000000e+05 7.880610000000000000e+05 2.400845000000000000e+06 3.840691000000000000e+06 7.560764000000000000e+06 2.351582300000000000e+07 4.580160500000000000e+07
