# {'chrom': '2', 'window_id': '9', 'statistic': 'H2', 'bounds': [179000000, 200000000], 'span': 21000000, 'n_sites': 13529339, 'coverage': 64.43, 'right_discontinuous': False, 'rows': "{0: 'Altai', 1: 'Chagyrskaya', 2: 'Denisova', 3: 'French-1', 4: 'Han-1', 5: 'Khomani_San-2', 6: 'Papuan-2', 7: 'Vindija', 8: 'Yoruba-1', 9: 'Yoruba-3'}"}
6.970000000000000000e+02 3.220000000000000000e+02 4.190000000000000000e+02 3.520000000000000000e+02 5.640000000000000000e+02 1.488000000000000000e+03 2.281000000000000000e+03 4.500000000000000000e+03 7.952000000000000000e+03 8.377000000000000000e+03 9.479000000000000000e+03 2.441200000000000000e+04 2.514900000000000000e+04 3.577300000000000000e+04 9.997300000000000000e+04 1.743830000000000000e+05 3.455400000000000000e+05 1.000252000000000000e+06 1.436649000000000000e+06
8.340000000000000000e+02 4.100000000000000000e+02 2.550000000000000000e+02 2.420000000000000000e+02 3.860000000000000000e+02 1.180000000000000000e+03 2.072000000000000000e+03 3.280000000000000000e+03 5.346000000000000000e+03 6.417000000000000000e+03 7.484000000000000000e+03 1.399200000000000000e+04 1.636500000000000000e+04 2.055200000000000000e+04 7.720200000000000000e+04 1.108240000000000000e+05 2.295330000000000000e+05 5.560340000000000000e+05 8.078960000000000000e+05
2.398000000000000000e+03 6.000000000000000000e+02 7.590000000000000000e+02 7.610000000000000000e+02 7.520000000000000000e+02 1.575000000000000000e+03 4.784000000000000000e+03 6.096000000000000000e+03 1.095600000000000000e+04 1.007200000000000000e+04 3.056100000000000000e+04 4.108900000000000000e+04 4.489100000000000000e+04 5.545400000000000000e+04 9.701100000000000000e+04 1.613190000000000000e+05 3.496480000000000000e+05 1.078771000000000000e+06 1.753313000000000000e+06
9.262000000000000000e+03 2.464000000000000000e+03 3.077000000000000000e+03 2.326000000000000000e+03 3.363000000000000000e+03 1.043200000000000000e+04 1.900900000000000000e+04 3.085600000000000000e+04 6.729600000000000000e+04 8.995300000000000000e+04 1.246150000000000000e+05 2.487080000000000000e+05 3.064160000000000000e+05 4.296490000000000000e+05 1.215794000000000000e+06 1.852682000000000000e+06 3.674865000000000000e+06 1.078894700000000000e+07 1.622378200000000000e+07
7.846000000000000000e+03 1.204000000000000000e+03 2.435000000000000000e+03 1.838000000000000000e+03 3.071000000000000000e+03 7.541000000000000000e+03 1.712400000000000000e+04 2.435800000000000000e+04 5.416200000000000000e+04 6.542500000000000000e+04 9.112100000000000000e+04 1.651490000000000000e+05 1.985910000000000000e+05 3.511100000000000000e+05 7.851570000000000000e+05 1.370712000000000000e+06 2.926299000000000000e+06 8.211292000000000000e+06 1.204569000000000000e+07
8.879000000000000000e+03 4.046000000000000000e+03 5.081000000000000000e+03 4.177000000000000000e+03 6.225000000000000000e+03 1.945200000000000000e+04 2.855800000000000000e+04 4.990300000000000000e+04 1.033290000000000000e+05 1.207980000000000000e+05 1.715980000000000000e+05 4.379110000000000000e+05 5.284840000000000000e+05 8.870580000000000000e+05 2.603910000000000000e+06 4.476426000000000000e+06 8.470372000000000000e+06 2.471882000000000000e+07 3.953744700000000000e+07
5.202000000000000000e+03 1.541000000000000000e+03 2.515000000000000000e+03 2.204000000000000000e+03 2.577000000000000000e+03 6.345000000000000000e+03 1.373500000000000000e+04 1.960400000000000000e+04 4.728500000000000000e+04 5.967500000000000000e+04 9.351200000000000000e+04 1.814460000000000000e+05 1.416130000000000000e+05 2.127060000000000000e+05 5.411920000000000000e+05 8.443420000000000000e+05 1.833862000000000000e+06 4.903900000000000000e+06 8.701917000000000000e+06
6.280000000000000000e+02 1.910000000000000000e+02 2.650000000000000000e+02 2.750000000000000000e+02 4.520000000000000000e+02 1.217000000000000000e+03 1.640000000000000000e+03 3.332000000000000000e+03 5.507000000000000000e+03 5.253000000000000000e+03 7.711000000000000000e+03 1.700200000000000000e+04 2.200000000000000000e+04 2.400700000000000000e+04 9.947800000000000000e+04 1.189230000000000000e+05 2.560410000000000000e+05 7.429130000000000000e+05 1.239015000000000000e+06
1.102500000000000000e+04 4.572000000000000000e+03 5.344000000000000000e+03 4.569000000000000000e+03 6.653000000000000000e+03 1.984900000000000000e+04 2.877200000000000000e+04 5.549400000000000000e+04 1.186110000000000000e+05 1.435020000000000000e+05 2.075910000000000000e+05 4.741660000000000000e+05 6.218990000000000000e+05 9.785230000000000000e+05 3.106350000000000000e+06 5.127876000000000000e+06 9.429703000000000000e+06 2.690937500000000000e+07 4.324361700000000000e+07
1.097700000000000000e+04 4.512000000000000000e+03 5.761000000000000000e+03 4.409000000000000000e+03 6.467000000000000000e+03 1.842900000000000000e+04 2.957500000000000000e+04 5.008800000000000000e+04 1.094310000000000000e+05 1.436560000000000000e+05 2.154750000000000000e+05 4.417690000000000000e+05 5.778450000000000000e+05 8.281350000000000000e+05 2.853732000000000000e+06 4.575227000000000000e+06 8.808449000000000000e+06 2.514323600000000000e+07 3.775835400000000000e+07
