# {'chrom': '2', 'window_id': '1', 'statistic': 'H2', 'bounds': [18000000, 36000000], 'span': 18000000, 'n_sites': 11651189, 'coverage': 64.73, 'right_discontinuous': False, 'rows': "{0: 'Altai', 1: 'Chagyrskaya', 2: 'Denisova', 3: 'French-1', 4: 'Han-1', 5: 'Khomani_San-2', 6: 'Papuan-2', 7: 'Vindija', 8: 'Yoruba-1', 9: 'Yoruba-3'}"}
9.200000000000000000e+01 7.300000000000000000e+01 1.970000000000000000e+02 2.280000000000000000e+02 2.390000000000000000e+02 8.750000000000000000e+02 1.203000000000000000e+03 1.354000000000000000e+03 4.159000000000000000e+03 4.243000000000000000e+03 4.154000000000000000e+03 1.096800000000000000e+04 1.175800000000000000e+04 2.160800000000000000e+04 4.243800000000000000e+04 6.459900000000000000e+04 1.117160000000000000e+05 4.146940000000000000e+05 7.205070000000000000e+05
7.800000000000000000e+01 5.800000000000000000e+01 9.600000000000000000e+01 1.200000000000000000e+02 9.300000000000000000e+01 3.970000000000000000e+02 6.880000000000000000e+02 1.222000000000000000e+03 2.753000000000000000e+03 2.952000000000000000e+03 5.021000000000000000e+03 8.627000000000000000e+03 1.017000000000000000e+04 1.596100000000000000e+04 2.508200000000000000e+04 3.464400000000000000e+04 1.042480000000000000e+05 2.702360000000000000e+05 6.445990000000000000e+05
2.500000000000000000e+01 4.100000000000000000e+01 7.300000000000000000e+01 9.800000000000000000e+01 2.490000000000000000e+02 7.040000000000000000e+02 8.050000000000000000e+02 1.332000000000000000e+03 3.339000000000000000e+03 4.164000000000000000e+03 5.211000000000000000e+03 8.846000000000000000e+03 1.110100000000000000e+04 1.836000000000000000e+04 5.409400000000000000e+04 7.106800000000000000e+04 1.397170000000000000e+05 4.452550000000000000e+05 9.221060000000000000e+05
1.472000000000000000e+03 7.110000000000000000e+02 1.413000000000000000e+03 1.663000000000000000e+03 2.667000000000000000e+03 7.523000000000000000e+03 1.225600000000000000e+04 2.115700000000000000e+04 4.675900000000000000e+04 5.412800000000000000e+04 7.212600000000000000e+04 1.684040000000000000e+05 1.928760000000000000e+05 2.464070000000000000e+05 1.014262000000000000e+06 1.475846000000000000e+06 2.930336000000000000e+06 9.241366000000000000e+06 1.901120500000000000e+07
1.027000000000000000e+03 6.440000000000000000e+02 9.130000000000000000e+02 1.186000000000000000e+03 1.879000000000000000e+03 6.113000000000000000e+03 9.179000000000000000e+03 1.669200000000000000e+04 3.857600000000000000e+04 4.342700000000000000e+04 5.660000000000000000e+04 1.126210000000000000e+05 1.541430000000000000e+05 2.194370000000000000e+05 6.049090000000000000e+05 1.007102000000000000e+06 2.225312000000000000e+06 6.155165000000000000e+06 1.318369200000000000e+07
2.840000000000000000e+03 1.426000000000000000e+03 2.685000000000000000e+03 3.086000000000000000e+03 4.573000000000000000e+03 1.306200000000000000e+04 2.169100000000000000e+04 3.751500000000000000e+04 8.275800000000000000e+04 9.509500000000000000e+04 1.324960000000000000e+05 2.947840000000000000e+05 4.036230000000000000e+05 7.016110000000000000e+05 2.010722000000000000e+06 3.348736000000000000e+06 6.821316000000000000e+06 2.149550900000000000e+07 4.328903900000000000e+07
2.879000000000000000e+03 1.129000000000000000e+03 1.417000000000000000e+03 1.429000000000000000e+03 1.925000000000000000e+03 7.032000000000000000e+03 1.064300000000000000e+04 2.108200000000000000e+04 4.150200000000000000e+04 4.297600000000000000e+04 6.215200000000000000e+04 1.408140000000000000e+05 1.730980000000000000e+05 2.675870000000000000e+05 6.069960000000000000e+05 1.165438000000000000e+06 2.312079000000000000e+06 6.745379000000000000e+06 1.127824700000000000e+07
6.600000000000000000e+01 6.400000000000000000e+01 1.740000000000000000e+02 2.820000000000000000e+02 4.050000000000000000e+02 1.080000000000000000e+03 1.427000000000000000e+03 2.288000000000000000e+03 4.397000000000000000e+03 5.672000000000000000e+03 5.137000000000000000e+03 1.311200000000000000e+04 1.707300000000000000e+04 2.922800000000000000e+04 6.450000000000000000e+04 9.340500000000000000e+04 2.262690000000000000e+05 6.928810000000000000e+05 1.148973000000000000e+06
4.262000000000000000e+03 1.073000000000000000e+03 1.815000000000000000e+03 2.250000000000000000e+03 3.967000000000000000e+03 1.250500000000000000e+04 1.958600000000000000e+04 3.388900000000000000e+04 7.190400000000000000e+04 8.337500000000000000e+04 1.053700000000000000e+05 2.807840000000000000e+05 3.870840000000000000e+05 6.693280000000000000e+05 1.833796000000000000e+06 3.142981000000000000e+06 6.325512000000000000e+06 1.957928500000000000e+07 3.881696800000000000e+07
5.981000000000000000e+03 1.101000000000000000e+03 1.613000000000000000e+03 2.178000000000000000e+03 3.777000000000000000e+03 1.068100000000000000e+04 1.706600000000000000e+04 3.242700000000000000e+04 6.518300000000000000e+04 7.621000000000000000e+04 9.722900000000000000e+04 2.299160000000000000e+05 3.281220000000000000e+05 6.053960000000000000e+05 1.623029000000000000e+06 2.765729000000000000e+06 5.363302000000000000e+06 1.681474200000000000e+07 3.497677400000000000e+07
