# {'chrom': '2', 'window_id': '11', 'statistic': 'H2', 'bounds': [222000000, 244000000], 'span': 22000000, 'n_sites': 13661135, 'coverage': 62.1, 'right_discontinuous': True, 'rows': "{0: 'Altai', 1: 'Chagyrskaya', 2: 'Denisova', 3: 'French-1', 4: 'Han-1', 5: 'Khomani_San-2', 6: 'Papuan-2', 7: 'Vindija', 8: 'Yoruba-1', 9: 'Yoruba-3'}"}
3.370000000000000000e+02 2.160000000000000000e+02 2.440000000000000000e+02 2.850000000000000000e+02 2.160000000000000000e+02 4.920000000000000000e+02 1.121000000000000000e+03 1.991000000000000000e+03 1.982000000000000000e+03 2.534000000000000000e+03 2.719000000000000000e+03 6.811000000000000000e+03 7.306000000000000000e+03 1.004000000000000000e+04 3.649400000000000000e+04 4.462700000000000000e+04 8.890300000000000000e+04 2.010870000000000000e+05 3.192290000000000000e+05
4.200000000000000000e+01 7.900000000000000000e+01 1.820000000000000000e+02 2.530000000000000000e+02 3.530000000000000000e+02 8.030000000000000000e+02 1.127000000000000000e+03 1.760000000000000000e+03 3.602000000000000000e+03 4.382000000000000000e+03 6.752000000000000000e+03 1.074300000000000000e+04 6.963000000000000000e+03 1.776300000000000000e+04 4.307200000000000000e+04 7.357200000000000000e+04 1.536580000000000000e+05 3.568300000000000000e+05 4.087980000000000000e+05
1.880000000000000000e+02 1.970000000000000000e+02 5.210000000000000000e+02 5.950000000000000000e+02 1.068000000000000000e+03 2.663000000000000000e+03 3.965000000000000000e+03 6.069000000000000000e+03 1.307100000000000000e+04 1.261700000000000000e+04 1.789800000000000000e+04 4.021500000000000000e+04 4.177200000000000000e+04 6.320100000000000000e+04 1.064830000000000000e+05 1.508920000000000000e+05 3.258800000000000000e+05 1.031282000000000000e+06 1.473897000000000000e+06
1.530000000000000000e+03 9.540000000000000000e+02 1.468000000000000000e+03 1.911000000000000000e+03 3.396000000000000000e+03 9.401000000000000000e+03 1.508300000000000000e+04 2.366200000000000000e+04 5.159700000000000000e+04 5.498300000000000000e+04 7.912400000000000000e+04 1.522340000000000000e+05 1.718920000000000000e+05 3.344210000000000000e+05 1.000090000000000000e+06 1.578444000000000000e+06 3.235701000000000000e+06 9.346618000000000000e+06 1.405510200000000000e+07
8.850000000000000000e+02 1.017000000000000000e+03 1.972000000000000000e+03 2.280000000000000000e+03 3.664000000000000000e+03 9.804000000000000000e+03 1.590100000000000000e+04 2.598800000000000000e+04 4.952700000000000000e+04 5.010600000000000000e+04 6.935000000000000000e+04 1.321220000000000000e+05 1.482100000000000000e+05 2.708050000000000000e+05 8.613070000000000000e+05 1.366816000000000000e+06 2.741908000000000000e+06 7.787764000000000000e+06 1.221725300000000000e+07
5.802000000000000000e+03 2.148000000000000000e+03 3.066000000000000000e+03 3.115000000000000000e+03 5.798000000000000000e+03 1.686500000000000000e+04 2.479900000000000000e+04 4.436100000000000000e+04 8.719400000000000000e+04 9.282900000000000000e+04 1.275040000000000000e+05 2.990410000000000000e+05 3.420310000000000000e+05 6.879070000000000000e+05 2.023550000000000000e+06 3.090404000000000000e+06 6.392101000000000000e+06 1.800255500000000000e+07 2.783541800000000000e+07
9.110000000000000000e+02 7.060000000000000000e+02 1.110000000000000000e+03 1.252000000000000000e+03 2.512000000000000000e+03 7.339000000000000000e+03 1.172600000000000000e+04 1.941400000000000000e+04 4.179500000000000000e+04 4.131100000000000000e+04 5.239500000000000000e+04 9.744500000000000000e+04 1.371200000000000000e+05 2.426080000000000000e+05 6.348680000000000000e+05 7.712480000000000000e+05 1.871309000000000000e+06 5.122368000000000000e+06 7.836744000000000000e+06
4.400000000000000000e+01 8.900000000000000000e+01 2.400000000000000000e+02 3.330000000000000000e+02 4.900000000000000000e+02 1.205000000000000000e+03 1.662000000000000000e+03 3.407000000000000000e+03 6.331000000000000000e+03 6.639000000000000000e+03 8.539000000000000000e+03 1.411700000000000000e+04 1.607000000000000000e+04 2.868200000000000000e+04 8.141100000000000000e+04 1.251580000000000000e+05 2.164690000000000000e+05 6.583210000000000000e+05 7.571930000000000000e+05
7.766000000000000000e+03 2.685000000000000000e+03 3.429000000000000000e+03 3.614000000000000000e+03 6.228000000000000000e+03 1.844700000000000000e+04 2.728700000000000000e+04 4.525500000000000000e+04 8.692500000000000000e+04 9.524100000000000000e+04 1.317120000000000000e+05 2.854540000000000000e+05 3.154400000000000000e+05 6.806410000000000000e+05 1.988683000000000000e+06 3.176537000000000000e+06 6.437733000000000000e+06 1.817438600000000000e+07 2.671143400000000000e+07
6.610000000000000000e+03 2.463000000000000000e+03 2.402000000000000000e+03 2.769000000000000000e+03 4.914000000000000000e+03 1.500800000000000000e+04 2.469200000000000000e+04 3.931300000000000000e+04 8.398200000000000000e+04 8.931000000000000000e+04 1.309050000000000000e+05 2.459200000000000000e+05 3.123570000000000000e+05 6.475660000000000000e+05 1.692489000000000000e+06 2.893823000000000000e+06 5.831207000000000000e+06 1.677522900000000000e+07 2.423737800000000000e+07
