# {'chrom': '2', 'window_id': '0', 'statistic': 'H2', 'bounds': [0, 18000000], 'span': 18000000, 'n_sites': 12181100, 'coverage': 67.67, 'right_discontinuous': False, 'rows': "{0: 'Altai', 1: 'Chagyrskaya', 2: 'Denisova', 3: 'French-1', 4: 'Han-1', 5: 'Khomani_San-2', 6: 'Papuan-2', 7: 'Vindija', 8: 'Yoruba-1', 9: 'Yoruba-3'}"}
4.276000000000000000e+03 3.190000000000000000e+02 3.280000000000000000e+02 5.920000000000000000e+02 1.269000000000000000e+03 5.896000000000000000e+03 8.552000000000000000e+03 1.573800000000000000e+04 2.788100000000000000e+04 3.738700000000000000e+04 3.360800000000000000e+04 3.915500000000000000e+04 3.260300000000000000e+04 6.520000000000000000e+04 2.234870000000000000e+05 2.472670000000000000e+05 3.417330000000000000e+05 8.141700000000000000e+05 1.360082000000000000e+06
5.860000000000000000e+02 1.720000000000000000e+02 2.320000000000000000e+02 2.810000000000000000e+02 4.290000000000000000e+02 1.848000000000000000e+03 2.323000000000000000e+03 3.206000000000000000e+03 8.985000000000000000e+03 6.608000000000000000e+03 6.058000000000000000e+03 1.181100000000000000e+04 1.034800000000000000e+04 2.374500000000000000e+04 5.651600000000000000e+04 9.266600000000000000e+04 1.363950000000000000e+05 4.455050000000000000e+05 7.052000000000000000e+05
1.850000000000000000e+02 9.600000000000000000e+01 2.240000000000000000e+02 1.810000000000000000e+02 3.950000000000000000e+02 1.008000000000000000e+03 1.497000000000000000e+03 2.242000000000000000e+03 3.933000000000000000e+03 4.407000000000000000e+03 5.825000000000000000e+03 1.230900000000000000e+04 1.168000000000000000e+04 1.958100000000000000e+04 6.022500000000000000e+04 1.066890000000000000e+05 2.136890000000000000e+05 5.263420000000000000e+05 9.734240000000000000e+05
8.294000000000000000e+03 1.818000000000000000e+03 2.311000000000000000e+03 1.800000000000000000e+03 2.814000000000000000e+03 9.181000000000000000e+03 1.429900000000000000e+04 2.309500000000000000e+04 5.224600000000000000e+04 5.597500000000000000e+04 7.540000000000000000e+04 1.469670000000000000e+05 1.586920000000000000e+05 2.847240000000000000e+05 8.320750000000000000e+05 1.437394000000000000e+06 2.661189000000000000e+06 7.634152000000000000e+06 1.692450300000000000e+07
8.737000000000000000e+03 1.441000000000000000e+03 1.888000000000000000e+03 2.120000000000000000e+03 3.061000000000000000e+03 9.967000000000000000e+03 1.788100000000000000e+04 2.765700000000000000e+04 5.885000000000000000e+04 6.159700000000000000e+04 7.855400000000000000e+04 1.782450000000000000e+05 1.848580000000000000e+05 3.520290000000000000e+05 9.537120000000000000e+05 1.472984000000000000e+06 2.514653000000000000e+06 6.199244000000000000e+06 1.276517000000000000e+07
1.560800000000000000e+04 2.503000000000000000e+03 4.069000000000000000e+03 3.684000000000000000e+03 7.201000000000000000e+03 2.109200000000000000e+04 3.146400000000000000e+04 5.217300000000000000e+04 1.120400000000000000e+05 1.265520000000000000e+05 1.814360000000000000e+05 3.695260000000000000e+05 4.814280000000000000e+05 8.199860000000000000e+05 2.298558000000000000e+06 3.851351000000000000e+06 7.204956000000000000e+06 2.024609700000000000e+07 4.287654500000000000e+07
1.359100000000000000e+04 1.628000000000000000e+03 2.475000000000000000e+03 1.984000000000000000e+03 2.596000000000000000e+03 8.705000000000000000e+03 1.434800000000000000e+04 2.485900000000000000e+04 5.572600000000000000e+04 5.893900000000000000e+04 6.877200000000000000e+04 1.210940000000000000e+05 1.446860000000000000e+05 2.500830000000000000e+05 7.480720000000000000e+05 1.102880000000000000e+06 1.954593000000000000e+06 4.690691000000000000e+06 9.550171000000000000e+06
4.510000000000000000e+02 1.180000000000000000e+02 1.930000000000000000e+02 3.070000000000000000e+02 4.500000000000000000e+02 1.725000000000000000e+03 2.111000000000000000e+03 3.132000000000000000e+03 7.817000000000000000e+03 6.675000000000000000e+03 8.175000000000000000e+03 2.143800000000000000e+04 1.342200000000000000e+04 1.954600000000000000e+04 4.814900000000000000e+04 1.067410000000000000e+05 1.660030000000000000e+05 4.962140000000000000e+05 1.081545000000000000e+06
9.392000000000000000e+03 1.827000000000000000e+03 2.771000000000000000e+03 3.717000000000000000e+03 5.852000000000000000e+03 1.889400000000000000e+04 2.757700000000000000e+04 4.369300000000000000e+04 1.037110000000000000e+05 9.914800000000000000e+04 1.438510000000000000e+05 2.840960000000000000e+05 3.687410000000000000e+05 7.330720000000000000e+05 2.018170000000000000e+06 3.250204000000000000e+06 6.070826000000000000e+06 1.656774800000000000e+07 3.587815600000000000e+07
1.340200000000000000e+04 2.011000000000000000e+03 2.818000000000000000e+03 3.235000000000000000e+03 5.229000000000000000e+03 1.783900000000000000e+04 2.921000000000000000e+04 4.603000000000000000e+04 1.001610000000000000e+05 1.124990000000000000e+05 1.505510000000000000e+05 3.080260000000000000e+05 3.414830000000000000e+05 6.902420000000000000e+05 2.054077000000000000e+06 3.327061000000000000e+06 6.018882000000000000e+06 1.600153900000000000e+07 3.362321800000000000e+07
