# {'chrom': '2', 'window_id': '10', 'statistic': 'H2', 'bounds': [200000000, 222000000], 'span': 22000000, 'n_sites': 14287428, 'coverage': 64.94, 'right_discontinuous': False, 'rows': "{0: 'Altai', 1: 'Chagyrskaya', 2: 'Denisova', 3: 'French-1', 4: 'Han-1', 5: 'Khomani_San-2', 6: 'Papuan-2', 7: 'Vindija', 8: 'Yoruba-1', 9: 'Yoruba-3'}"}
2.900000000000000000e+01 3.900000000000000000e+01 8.300000000000000000e+01 1.290000000000000000e+02 3.040000000000000000e+02 6.870000000000000000e+02 1.109000000000000000e+03 1.662000000000000000e+03 4.259000000000000000e+03 5.506000000000000000e+03 7.599000000000000000e+03 8.941000000000000000e+03 7.670000000000000000e+03 9.841000000000000000e+03 2.517000000000000000e+04 3.266200000000000000e+04 1.071780000000000000e+05 2.848030000000000000e+05 3.411830000000000000e+05
3.600000000000000000e+01 3.500000000000000000e+01 8.800000000000000000e+01 1.230000000000000000e+02 3.390000000000000000e+02 8.990000000000000000e+02 1.528000000000000000e+03 2.402000000000000000e+03 5.432000000000000000e+03 6.152000000000000000e+03 9.275000000000000000e+03 1.538500000000000000e+04 1.495800000000000000e+04 2.548300000000000000e+04 5.263700000000000000e+04 6.177300000000000000e+04 1.360030000000000000e+05 3.312320000000000000e+05 5.991110000000000000e+05
8.500000000000000000e+01 5.900000000000000000e+01 1.330000000000000000e+02 2.050000000000000000e+02 4.610000000000000000e+02 1.463000000000000000e+03 2.023000000000000000e+03 3.656000000000000000e+03 8.293000000000000000e+03 1.113900000000000000e+04 1.604100000000000000e+04 2.307900000000000000e+04 2.539700000000000000e+04 5.029600000000000000e+04 1.233590000000000000e+05 2.209660000000000000e+05 3.642610000000000000e+05 7.543520000000000000e+05 1.546267000000000000e+06
3.637000000000000000e+03 1.463000000000000000e+03 1.981000000000000000e+03 2.450000000000000000e+03 4.087000000000000000e+03 1.088400000000000000e+04 1.884000000000000000e+04 3.250800000000000000e+04 6.773900000000000000e+04 7.597200000000000000e+04 1.016210000000000000e+05 1.578340000000000000e+05 1.916630000000000000e+05 3.878260000000000000e+05 9.961350000000000000e+05 1.555372000000000000e+06 3.538119000000000000e+06 9.887604000000000000e+06 1.850835400000000000e+07
3.515000000000000000e+03 1.505000000000000000e+03 1.726000000000000000e+03 2.012000000000000000e+03 3.283000000000000000e+03 8.758000000000000000e+03 1.606100000000000000e+04 2.834200000000000000e+04 6.033500000000000000e+04 7.415500000000000000e+04 9.788300000000000000e+04 1.565770000000000000e+05 1.741650000000000000e+05 3.290480000000000000e+05 8.878520000000000000e+05 1.288722000000000000e+06 3.029774000000000000e+06 8.626012000000000000e+06 1.624612700000000000e+07
4.872000000000000000e+03 2.493000000000000000e+03 3.533000000000000000e+03 3.386000000000000000e+03 5.055000000000000000e+03 1.480500000000000000e+04 2.628400000000000000e+04 4.687900000000000000e+04 9.526600000000000000e+04 1.214940000000000000e+05 1.676660000000000000e+05 3.311910000000000000e+05 4.952050000000000000e+05 8.064760000000000000e+05 2.395844000000000000e+06 3.507975000000000000e+06 7.034041000000000000e+06 2.029404700000000000e+07 3.670241200000000000e+07
1.874000000000000000e+03 1.228000000000000000e+03 1.751000000000000000e+03 1.528000000000000000e+03 2.366000000000000000e+03 6.619000000000000000e+03 1.231200000000000000e+04 2.128400000000000000e+04 4.220900000000000000e+04 5.186400000000000000e+04 7.157100000000000000e+04 1.080740000000000000e+05 1.240400000000000000e+05 2.185530000000000000e+05 5.756520000000000000e+05 8.156020000000000000e+05 1.989288000000000000e+06 4.969305000000000000e+06 9.945984000000000000e+06
1.480000000000000000e+02 1.470000000000000000e+02 3.250000000000000000e+02 2.990000000000000000e+02 5.590000000000000000e+02 1.566000000000000000e+03 2.524000000000000000e+03 4.702000000000000000e+03 1.070600000000000000e+04 1.452900000000000000e+04 2.150400000000000000e+04 4.251600000000000000e+04 3.049300000000000000e+04 3.843000000000000000e+04 1.196680000000000000e+05 1.281170000000000000e+05 2.821880000000000000e+05 9.772220000000000000e+05 1.540418000000000000e+06
3.787000000000000000e+03 2.127000000000000000e+03 2.901000000000000000e+03 3.211000000000000000e+03 5.432000000000000000e+03 1.511900000000000000e+04 2.322500000000000000e+04 3.889000000000000000e+04 8.371100000000000000e+04 1.009150000000000000e+05 1.452650000000000000e+05 2.987550000000000000e+05 4.051950000000000000e+05 7.295980000000000000e+05 2.236250000000000000e+06 3.347846000000000000e+06 6.988275000000000000e+06 2.154612100000000000e+07 4.034195500000000000e+07
4.437000000000000000e+03 3.053000000000000000e+03 3.613000000000000000e+03 3.396000000000000000e+03 5.427000000000000000e+03 1.531800000000000000e+04 2.218700000000000000e+04 4.006900000000000000e+04 9.240700000000000000e+04 1.160050000000000000e+05 1.624660000000000000e+05 3.102140000000000000e+05 4.279690000000000000e+05 6.830040000000000000e+05 2.103812000000000000e+06 3.037286000000000000e+06 6.488119000000000000e+06 1.910071200000000000e+07 3.698590600000000000e+07
