# {'chrom': '2', 'window_id': '4', 'statistic': 'H2', 'bounds': [72000000, 93000000], 'span': 21000000, 'n_sites': 10181685, 'coverage': 48.48, 'right_discontinuous': True, 'rows': "{0: 'Altai', 1: 'Chagyrskaya', 2: 'Denisova', 3: 'French-1', 4: 'Han-1', 5: 'Khomani_San-2', 6: 'Papuan-2', 7: 'Vindija', 8: 'Yoruba-1', 9: 'Yoruba-3'}"}
1.722000000000000000e+03 8.980000000000000000e+02 1.726000000000000000e+03 1.549000000000000000e+03 1.912000000000000000e+03 3.735000000000000000e+03 7.351000000000000000e+03 1.209900000000000000e+04 2.018700000000000000e+04 2.582200000000000000e+04 2.348300000000000000e+04 4.464300000000000000e+04 2.546000000000000000e+04 6.514100000000000000e+04 1.785050000000000000e+05 2.807340000000000000e+05 4.732340000000000000e+05 1.307243000000000000e+06 1.548927000000000000e+06
1.080000000000000000e+02 7.600000000000000000e+01 4.900000000000000000e+01 4.600000000000000000e+01 1.710000000000000000e+02 4.220000000000000000e+02 5.660000000000000000e+02 7.350000000000000000e+02 1.449000000000000000e+03 1.325000000000000000e+03 1.952000000000000000e+03 4.218000000000000000e+03 4.876000000000000000e+03 6.183000000000000000e+03 1.921200000000000000e+04 1.947600000000000000e+04 2.566300000000000000e+04 8.703300000000000000e+04 1.145290000000000000e+05
1.890000000000000000e+02 9.100000000000000000e+01 1.620000000000000000e+02 1.750000000000000000e+02 2.630000000000000000e+02 7.440000000000000000e+02 1.138000000000000000e+03 1.901000000000000000e+03 3.642000000000000000e+03 3.804000000000000000e+03 6.756000000000000000e+03 1.258200000000000000e+04 1.289800000000000000e+04 2.078000000000000000e+04 5.070400000000000000e+04 1.005750000000000000e+05 1.211560000000000000e+05 1.269150000000000000e+05 3.259190000000000000e+05
4.029000000000000000e+03 1.656000000000000000e+03 2.108000000000000000e+03 1.887000000000000000e+03 2.886000000000000000e+03 7.879000000000000000e+03 1.231300000000000000e+04 2.412800000000000000e+04 5.518600000000000000e+04 6.875700000000000000e+04 9.913900000000000000e+04 1.663750000000000000e+05 2.013300000000000000e+05 2.888600000000000000e+05 8.082290000000000000e+05 1.276758000000000000e+06 2.424216000000000000e+06 7.625580000000000000e+06 8.745553000000000000e+06
2.429000000000000000e+03 1.146000000000000000e+03 2.027000000000000000e+03 2.157000000000000000e+03 3.307000000000000000e+03 8.083000000000000000e+03 1.192300000000000000e+04 2.184200000000000000e+04 5.349500000000000000e+04 6.370800000000000000e+04 8.423600000000000000e+04 1.477290000000000000e+05 2.056360000000000000e+05 2.850070000000000000e+05 6.965220000000000000e+05 1.275401000000000000e+06 2.319859000000000000e+06 6.970292000000000000e+06 7.415132000000000000e+06
8.933000000000000000e+03 3.393000000000000000e+03 3.606000000000000000e+03 3.275000000000000000e+03 4.846000000000000000e+03 1.276300000000000000e+04 2.222200000000000000e+04 3.774700000000000000e+04 8.649400000000000000e+04 9.986000000000000000e+04 1.498200000000000000e+05 3.031180000000000000e+05 3.998860000000000000e+05 8.312980000000000000e+05 1.831603000000000000e+06 2.761097000000000000e+06 4.794335000000000000e+06 1.301636700000000000e+07 1.638763900000000000e+07
2.734000000000000000e+03 1.336000000000000000e+03 1.668000000000000000e+03 1.694000000000000000e+03 2.514000000000000000e+03 6.704000000000000000e+03 1.142200000000000000e+04 1.869800000000000000e+04 4.560800000000000000e+04 5.949800000000000000e+04 8.753600000000000000e+04 1.686930000000000000e+05 1.666740000000000000e+05 1.866720000000000000e+05 4.752660000000000000e+05 7.879260000000000000e+05 1.395130000000000000e+06 4.235573000000000000e+06 5.406624000000000000e+06
6.690000000000000000e+02 4.960000000000000000e+02 1.148000000000000000e+03 1.010000000000000000e+03 1.202000000000000000e+03 1.637000000000000000e+03 3.410000000000000000e+03 5.781000000000000000e+03 7.212000000000000000e+03 5.246000000000000000e+03 4.647000000000000000e+03 1.038200000000000000e+04 1.126100000000000000e+04 1.505600000000000000e+04 4.094300000000000000e+04 8.260600000000000000e+04 8.363900000000000000e+04 2.451770000000000000e+05 4.346610000000000000e+05
5.271000000000000000e+03 2.446000000000000000e+03 2.859000000000000000e+03 3.047000000000000000e+03 5.022000000000000000e+03 1.274400000000000000e+04 1.998300000000000000e+04 3.234000000000000000e+04 7.662600000000000000e+04 9.030300000000000000e+04 1.163490000000000000e+05 2.981970000000000000e+05 4.435050000000000000e+05 6.260500000000000000e+05 1.390382000000000000e+06 2.727011000000000000e+06 4.950005000000000000e+06 1.352186100000000000e+07 1.550432400000000000e+07
4.268000000000000000e+03 2.210000000000000000e+03 3.623000000000000000e+03 3.416000000000000000e+03 5.470000000000000000e+03 1.386000000000000000e+04 2.190800000000000000e+04 3.656500000000000000e+04 9.222700000000000000e+04 1.019160000000000000e+05 1.511790000000000000e+05 3.863600000000000000e+05 4.173540000000000000e+05 7.821150000000000000e+05 2.057586000000000000e+06 3.152301000000000000e+06 5.515417000000000000e+06 1.544351100000000000e+07 1.860558100000000000e+07
