# {'chrom': '2', 'window_id': '3', 'statistic': 'H2', 'bounds': [54000000, 72000000], 'span': 18000000, 'n_sites': 11447176, 'coverage': 63.6, 'right_discontinuous': False, 'rows': "{0: 'Altai', 1: 'Chagyrskaya', 2: 'Denisova', 3: 'French-1', 4: 'Han-1', 5: 'Khomani_San-2', 6: 'Papuan-2', 7: 'Vindija', 8: 'Yoruba-1', 9: 'Yoruba-3'}"}
1.650000000000000000e+02 1.070000000000000000e+02 1.250000000000000000e+02 1.920000000000000000e+02 3.520000000000000000e+02 1.120000000000000000e+03 1.699000000000000000e+03 3.373000000000000000e+03 7.547000000000000000e+03 8.522000000000000000e+03 1.021700000000000000e+04 1.922700000000000000e+04 2.846300000000000000e+04 3.623200000000000000e+04 9.767100000000000000e+04 1.229000000000000000e+05 2.396210000000000000e+05 6.618410000000000000e+05 1.252602000000000000e+06
5.300000000000000000e+01 4.900000000000000000e+01 2.200000000000000000e+01 4.600000000000000000e+01 1.160000000000000000e+02 4.040000000000000000e+02 6.030000000000000000e+02 1.198000000000000000e+03 2.412000000000000000e+03 2.318000000000000000e+03 3.471000000000000000e+03 5.628000000000000000e+03 6.869000000000000000e+03 1.358900000000000000e+04 3.264800000000000000e+04 4.546100000000000000e+04 7.820400000000000000e+04 2.262530000000000000e+05 4.577110000000000000e+05
3.700000000000000000e+01 2.500000000000000000e+01 7.100000000000000000e+01 1.730000000000000000e+02 2.640000000000000000e+02 7.450000000000000000e+02 1.376000000000000000e+03 2.249000000000000000e+03 4.752000000000000000e+03 5.721000000000000000e+03 7.651000000000000000e+03 1.720700000000000000e+04 2.194300000000000000e+04 3.552500000000000000e+04 7.635700000000000000e+04 1.285170000000000000e+05 2.437840000000000000e+05 7.813170000000000000e+05 1.034467000000000000e+06
1.014000000000000000e+03 7.250000000000000000e+02 1.629000000000000000e+03 2.260000000000000000e+03 3.301000000000000000e+03 8.730000000000000000e+03 1.519600000000000000e+04 2.630700000000000000e+04 6.491500000000000000e+04 7.971400000000000000e+04 1.076650000000000000e+05 2.775070000000000000e+05 3.633210000000000000e+05 6.093220000000000000e+05 1.634466000000000000e+06 2.470256000000000000e+06 4.985806000000000000e+06 1.287900900000000000e+07 2.053567300000000000e+07
1.552000000000000000e+03 9.740000000000000000e+02 1.456000000000000000e+03 1.973000000000000000e+03 3.047000000000000000e+03 8.202000000000000000e+03 1.424900000000000000e+04 2.602600000000000000e+04 6.479300000000000000e+04 7.398900000000000000e+04 1.068110000000000000e+05 2.224310000000000000e+05 2.589940000000000000e+05 4.328220000000000000e+05 1.311784000000000000e+06 2.139589000000000000e+06 4.099414000000000000e+06 1.146241100000000000e+07 1.966901300000000000e+07
2.174000000000000000e+03 1.192000000000000000e+03 1.751000000000000000e+03 2.276000000000000000e+03 3.557000000000000000e+03 1.009900000000000000e+04 1.698500000000000000e+04 3.081200000000000000e+04 7.104400000000000000e+04 8.683700000000000000e+04 1.220580000000000000e+05 2.929430000000000000e+05 3.758520000000000000e+05 7.001660000000000000e+05 1.943814000000000000e+06 3.246885000000000000e+06 6.730394000000000000e+06 1.904034700000000000e+07 3.317736800000000000e+07
5.840000000000000000e+02 4.760000000000000000e+02 8.630000000000000000e+02 1.406000000000000000e+03 2.304000000000000000e+03 5.852000000000000000e+03 9.544000000000000000e+03 1.788500000000000000e+04 4.430500000000000000e+04 5.476300000000000000e+04 6.995200000000000000e+04 1.465930000000000000e+05 1.357750000000000000e+05 2.503560000000000000e+05 7.439470000000000000e+05 1.087759000000000000e+06 2.596742000000000000e+06 5.279479000000000000e+06 7.573823000000000000e+06
1.200000000000000000e+02 3.200000000000000000e+01 9.900000000000000000e+01 1.330000000000000000e+02 3.160000000000000000e+02 7.720000000000000000e+02 1.212000000000000000e+03 2.201000000000000000e+03 5.115000000000000000e+03 6.267000000000000000e+03 8.726000000000000000e+03 1.479400000000000000e+04 1.777800000000000000e+04 2.781600000000000000e+04 7.088100000000000000e+04 9.945100000000000000e+04 2.295610000000000000e+05 6.382110000000000000e+05 8.382420000000000000e+05
1.799000000000000000e+03 1.317000000000000000e+03 1.769000000000000000e+03 2.239000000000000000e+03 4.064000000000000000e+03 1.216600000000000000e+04 1.875400000000000000e+04 3.434300000000000000e+04 8.073900000000000000e+04 9.193900000000000000e+04 1.400640000000000000e+05 3.243480000000000000e+05 4.307420000000000000e+05 8.633820000000000000e+05 2.292523000000000000e+06 3.354074000000000000e+06 7.440747000000000000e+06 1.854011200000000000e+07 3.295294800000000000e+07
1.494000000000000000e+03 7.900000000000000000e+02 1.298000000000000000e+03 1.777000000000000000e+03 3.372000000000000000e+03 9.692000000000000000e+03 1.540700000000000000e+04 2.940800000000000000e+04 6.966600000000000000e+04 8.607200000000000000e+04 1.290510000000000000e+05 2.915680000000000000e+05 3.896030000000000000e+05 7.321570000000000000e+05 1.829446000000000000e+06 2.620099000000000000e+06 6.153709000000000000e+06 1.657639200000000000e+07 2.881095000000000000e+07
