# {'chrom': '2', 'window_id': '2', 'statistic': 'H2', 'bounds': [36000000, 54000000], 'span': 18000000, 'n_sites': 11715578, 'coverage': 65.09, 'right_discontinuous': False, 'rows': "{0: 'Altai', 1: 'Chagyrskaya', 2: 'Denisova', 3: 'French-1', 4: 'Han-1', 5: 'Khomani_San-2', 6: 'Papuan-2', 7: 'Vindija', 8: 'Yoruba-1', 9: 'Yoruba-3'}"}
2.700000000000000000e+01 2.200000000000000000e+01 2.700000000000000000e+01 1.660000000000000000e+02 4.220000000000000000e+02 1.069000000000000000e+03 1.389000000000000000e+03 2.503000000000000000e+03 6.543000000000000000e+03 8.165000000000000000e+03 7.871000000000000000e+03 9.509000000000000000e+03 1.325000000000000000e+04 1.259100000000000000e+04 3.833400000000000000e+04 5.587700000000000000e+04 1.355500000000000000e+05 5.319110000000000000e+05 9.526650000000000000e+05
1.400000000000000000e+01 2.600000000000000000e+01 5.600000000000000000e+01 1.590000000000000000e+02 3.880000000000000000e+02 1.172000000000000000e+03 1.996000000000000000e+03 3.482000000000000000e+03 7.398000000000000000e+03 1.029700000000000000e+04 1.211800000000000000e+04 2.244400000000000000e+04 2.335200000000000000e+04 3.913900000000000000e+04 1.218780000000000000e+05 1.502000000000000000e+05 2.612800000000000000e+05 7.754350000000000000e+05 1.498126000000000000e+06
6.500000000000000000e+01 4.200000000000000000e+01 4.100000000000000000e+01 1.600000000000000000e+02 1.890000000000000000e+02 6.320000000000000000e+02 9.720000000000000000e+02 1.701000000000000000e+03 4.500000000000000000e+03 5.428000000000000000e+03 7.292000000000000000e+03 9.845000000000000000e+03 1.427500000000000000e+04 3.150800000000000000e+04 5.944500000000000000e+04 1.123230000000000000e+05 2.393940000000000000e+05 7.776220000000000000e+05 1.467119000000000000e+06
4.100000000000000000e+02 3.310000000000000000e+02 6.910000000000000000e+02 1.287000000000000000e+03 2.902000000000000000e+03 9.104000000000000000e+03 1.429400000000000000e+04 2.803200000000000000e+04 6.944400000000000000e+04 9.025000000000000000e+04 1.325980000000000000e+05 2.354620000000000000e+05 3.035510000000000000e+05 6.417670000000000000e+05 1.601703000000000000e+06 2.396101000000000000e+06 4.982497000000000000e+06 1.638954700000000000e+07 2.987441600000000000e+07
6.580000000000000000e+02 3.880000000000000000e+02 6.050000000000000000e+02 8.420000000000000000e+02 1.997000000000000000e+03 6.723000000000000000e+03 1.154500000000000000e+04 2.231000000000000000e+04 5.394800000000000000e+04 6.663600000000000000e+04 9.752300000000000000e+04 2.099050000000000000e+05 2.727550000000000000e+05 4.597140000000000000e+05 1.260909000000000000e+06 1.952684000000000000e+06 4.036677000000000000e+06 1.352403300000000000e+07 2.336555700000000000e+07
4.840000000000000000e+02 5.140000000000000000e+02 9.950000000000000000e+02 1.766000000000000000e+03 4.246000000000000000e+03 1.360500000000000000e+04 2.170900000000000000e+04 4.051800000000000000e+04 1.018650000000000000e+05 1.352590000000000000e+05 2.092490000000000000e+05 4.439840000000000000e+05 5.789510000000000000e+05 1.138864000000000000e+06 3.033797000000000000e+06 5.171764000000000000e+06 1.059243900000000000e+07 3.277931800000000000e+07 5.487717900000000000e+07
1.020000000000000000e+02 1.380000000000000000e+02 2.900000000000000000e+02 6.440000000000000000e+02 1.362000000000000000e+03 4.077000000000000000e+03 7.160000000000000000e+03 1.299500000000000000e+04 3.027600000000000000e+04 3.914600000000000000e+04 5.881500000000000000e+04 1.218250000000000000e+05 1.316470000000000000e+05 1.831490000000000000e+05 4.632540000000000000e+05 8.886660000000000000e+05 1.602881000000000000e+06 6.195753000000000000e+06 1.111107800000000000e+07
2.500000000000000000e+01 5.000000000000000000e+01 8.900000000000000000e+01 2.220000000000000000e+02 5.380000000000000000e+02 1.798000000000000000e+03 2.825000000000000000e+03 4.921000000000000000e+03 1.017300000000000000e+04 1.390600000000000000e+04 1.817600000000000000e+04 4.019000000000000000e+04 4.265400000000000000e+04 6.064400000000000000e+04 1.207400000000000000e+05 1.604740000000000000e+05 3.495490000000000000e+05 1.216102000000000000e+06 2.275846000000000000e+06
5.830000000000000000e+02 4.950000000000000000e+02 9.730000000000000000e+02 1.602000000000000000e+03 3.885000000000000000e+03 1.227400000000000000e+04 1.954300000000000000e+04 3.774200000000000000e+04 9.517900000000000000e+04 1.263220000000000000e+05 1.963330000000000000e+05 3.741850000000000000e+05 5.140770000000000000e+05 9.907090000000000000e+05 2.640908000000000000e+06 4.289855000000000000e+06 9.075541000000000000e+06 3.024491900000000000e+07 5.171643700000000000e+07
3.720000000000000000e+02 2.740000000000000000e+02 6.850000000000000000e+02 1.476000000000000000e+03 3.576000000000000000e+03 1.163000000000000000e+04 1.813900000000000000e+04 3.480200000000000000e+04 8.721800000000000000e+04 1.143690000000000000e+05 1.745820000000000000e+05 3.546500000000000000e+05 4.478490000000000000e+05 8.976710000000000000e+05 2.249732000000000000e+06 4.097803000000000000e+06 8.286182000000000000e+06 2.690409600000000000e+07 4.534255900000000000e+07
