# {'chrom': '2', 'window_id': '5', 'statistic': 'H2', 'bounds': [95000000, 116000000], 'span': 21000000, 'n_sites': 11074633, 'coverage': 52.74, 'right_discontinuous': False, 'rows': "{0: 'Altai', 1: 'Chagyrskaya', 2: 'Denisova', 3: 'French-1', 4: 'Han-1', 5: 'Khomani_San-2', 6: 'Papuan-2', 7: 'Vindija', 8: 'Yoruba-1', 9: 'Yoruba-3'}"}
4.600000000000000000e+02 3.300000000000000000e+02 5.650000000000000000e+02 6.400000000000000000e+02 9.360000000000000000e+02 2.677000000000000000e+03 3.481000000000000000e+03 5.083000000000000000e+03 1.169900000000000000e+04 1.220900000000000000e+04 1.238100000000000000e+04 1.654900000000000000e+04 2.536500000000000000e+04 4.072400000000000000e+04 1.146740000000000000e+05 1.494920000000000000e+05 3.092630000000000000e+05 8.219560000000000000e+05 1.425637000000000000e+06
1.304000000000000000e+03 2.540000000000000000e+02 3.870000000000000000e+02 3.900000000000000000e+02 4.720000000000000000e+02 2.429000000000000000e+03 2.490000000000000000e+03 3.689000000000000000e+03 8.360000000000000000e+03 1.017800000000000000e+04 1.328500000000000000e+04 2.580600000000000000e+04 3.748100000000000000e+04 3.827800000000000000e+04 5.743000000000000000e+04 1.000650000000000000e+05 2.404310000000000000e+05 8.767610000000000000e+05 1.625108000000000000e+06
1.470000000000000000e+03 5.810000000000000000e+02 1.950000000000000000e+02 2.750000000000000000e+02 2.780000000000000000e+02 1.259000000000000000e+03 1.486000000000000000e+03 1.881000000000000000e+03 5.445000000000000000e+03 6.007000000000000000e+03 5.894000000000000000e+03 1.309100000000000000e+04 1.692600000000000000e+04 3.284500000000000000e+04 7.135400000000000000e+04 1.363270000000000000e+05 2.356310000000000000e+05 7.058930000000000000e+05 1.230488000000000000e+06
7.131000000000000000e+03 2.235000000000000000e+03 2.701000000000000000e+03 2.025000000000000000e+03 3.185000000000000000e+03 1.152100000000000000e+04 1.503100000000000000e+04 2.506300000000000000e+04 5.792000000000000000e+04 6.628800000000000000e+04 1.011270000000000000e+05 1.896170000000000000e+05 2.299270000000000000e+05 3.901930000000000000e+05 1.102113000000000000e+06 2.025504000000000000e+06 3.432012000000000000e+06 8.608436000000000000e+06 1.707043200000000000e+07
5.411000000000000000e+03 2.172000000000000000e+03 2.801000000000000000e+03 2.282000000000000000e+03 3.207000000000000000e+03 9.749000000000000000e+03 1.454200000000000000e+04 2.349800000000000000e+04 5.441400000000000000e+04 5.619400000000000000e+04 8.138200000000000000e+04 1.863530000000000000e+05 2.155100000000000000e+05 4.066030000000000000e+05 9.598990000000000000e+05 1.629070000000000000e+06 3.203576000000000000e+06 8.249415000000000000e+06 1.510683400000000000e+07
8.961000000000000000e+03 3.611000000000000000e+03 3.222000000000000000e+03 2.896000000000000000e+03 4.589000000000000000e+03 1.535600000000000000e+04 2.295500000000000000e+04 3.430900000000000000e+04 7.013700000000000000e+04 9.198800000000000000e+04 1.310340000000000000e+05 2.555380000000000000e+05 3.790980000000000000e+05 6.270990000000000000e+05 1.670427000000000000e+06 3.120599000000000000e+06 6.234032000000000000e+06 1.639348200000000000e+07 3.044452800000000000e+07
3.884000000000000000e+03 1.211000000000000000e+03 1.260000000000000000e+03 1.221000000000000000e+03 1.679000000000000000e+03 6.767000000000000000e+03 9.436000000000000000e+03 1.499200000000000000e+04 3.507000000000000000e+04 3.303400000000000000e+04 4.285000000000000000e+04 9.205400000000000000e+04 1.025500000000000000e+05 1.730970000000000000e+05 3.959150000000000000e+05 8.094470000000000000e+05 1.389786000000000000e+06 4.394990000000000000e+06 8.440736000000000000e+06
7.580000000000000000e+02 4.110000000000000000e+02 5.680000000000000000e+02 3.230000000000000000e+02 5.130000000000000000e+02 1.408000000000000000e+03 1.907000000000000000e+03 3.511000000000000000e+03 8.490000000000000000e+03 1.052000000000000000e+04 1.364800000000000000e+04 2.201200000000000000e+04 2.059900000000000000e+04 6.599200000000000000e+04 1.077020000000000000e+05 2.107670000000000000e+05 2.821700000000000000e+05 7.458040000000000000e+05 9.506600000000000000e+05
6.950000000000000000e+03 2.499000000000000000e+03 3.418000000000000000e+03 3.304000000000000000e+03 5.376000000000000000e+03 1.664700000000000000e+04 2.235700000000000000e+04 3.508200000000000000e+04 8.649600000000000000e+04 9.170500000000000000e+04 1.243550000000000000e+05 2.836650000000000000e+05 4.003410000000000000e+05 6.950400000000000000e+05 2.004232000000000000e+06 3.581984000000000000e+06 6.939543000000000000e+06 1.828789000000000000e+07 3.498023400000000000e+07
7.114000000000000000e+03 2.379000000000000000e+03 2.811000000000000000e+03 2.387000000000000000e+03 3.845000000000000000e+03 1.368700000000000000e+04 1.985800000000000000e+04 3.087800000000000000e+04 7.019400000000000000e+04 7.822100000000000000e+04 9.884200000000000000e+04 2.261530000000000000e+05 3.339420000000000000e+05 5.790200000000000000e+05 1.695675000000000000e+06 2.970676000000000000e+06 5.935012000000000000e+06 1.501969900000000000e+07 2.818665200000000000e+07
