# [0.e+00 1.e-07 2.e-07 5.e-07 1.e-06 2.e-06 5.e-06 1.e-05 2.e-05 5.e-05
#  1.e-04 2.e-04 5.e-04 1.e-03 2.e-03 5.e-03 1.e-02 2.e-02 5.e-02 1.e-01
#  2.e-01 5.e-01]
5.124430754000000000e+09
3.258879112000000000e+09
4.848964939000000000e+09
4.963172473000000000e+09
7.528895769000000000e+09
1.756679493900000000e+10
2.947082377500000000e+10
4.547224350600000000e+10
1.027520529680000000e+11
1.315355816700000000e+11
1.810775211930000000e+11
4.010441450960000000e+11
5.688999121940000000e+11
8.403359229270000000e+11
2.090753794480000000e+12
3.547863412909000000e+12
5.901496623607000000e+12
1.670394820301500000e+13
2.992238172621100000e+13
6.376335013441000000e+13
5.703628185612400000e+13
