# 'name' : 'rogers_a02_b02_d00_g06'
# 'source' : 'rogers_a02_b02_d00_g06.yaml'
# 'sample_pops' : ['X', 'Y', 'D', 'N']
# 'sample_size' : 1
# 'n_reps' : 100
# 'n_windows' : 200
# 'seq_length' : 100000000.0
# 'window_length' : 500000.0
# 'recomb_rate' : 1e-08
# 'mut_rate' : 1e-08
# 'created' : None
0.000000000000000000e+00 0.000000000000000000e+00 0.000000000000000000e+00 0.000000000000000000e+00 3.119026241646288594e-04 0.000000000000000000e+00 0.000000000000000000e+00 0.000000000000000000e+00 7.320672047921636784e-04 7.324575418874986832e-04 0.000000000000000000e+00 0.000000000000000000e+00 7.780587555306378187e-04 7.680864893450090308e-04 1.284997431972912697e-04 0.000000000000000000e+00
0.000000000000000000e+00 0.000000000000000000e+00 0.000000000000000000e+00 0.000000000000000000e+00 3.180339007856930618e-04 0.000000000000000000e+00 0.000000000000000000e+00 0.000000000000000000e+00 7.417849897756475077e-04 7.304859922188348823e-04 0.000000000000000000e+00 0.000000000000000000e+00 8.036911707755386080e-04 7.838477942359535402e-04 1.394619350220908526e-04 0.000000000000000000e+00
0.000000000000000000e+00 0.000000000000000000e+00 0.000000000000000000e+00 0.000000000000000000e+00 3.119474541188422211e-04 0.000000000000000000e+00 0.000000000000000000e+00 0.000000000000000000e+00 7.392247046639209866e-04 7.325736784360929298e-04 0.000000000000000000e+00 0.000000000000000000e+00 7.913929169860900621e-04 7.801933408221665934e-04 1.223543494500501695e-04 0.000000000000000000e+00
0.000000000000000000e+00 0.000000000000000000e+00 0.000000000000000000e+00 0.000000000000000000e+00 3.187267578484375124e-04 0.000000000000000000e+00 0.000000000000000000e+00 0.000000000000000000e+00 7.328765185302087148e-04 7.198355367711068873e-04 0.000000000000000000e+00 0.000000000000000000e+00 8.015186946539645373e-04 7.847801953162688053e-04 1.228048468117765284e-04 0.000000000000000000e+00
0.000000000000000000e+00 0.000000000000000000e+00 0.000000000000000000e+00 0.000000000000000000e+00 3.272363239221763630e-04 0.000000000000000000e+00 0.000000000000000000e+00 0.000000000000000000e+00 7.238613155768522074e-04 7.109591892878537774e-04 0.000000000000000000e+00 0.000000000000000000e+00 8.012039063716575298e-04 7.843553054184507645e-04 1.321635635775739604e-04 0.000000000000000000e+00
0.000000000000000000e+00 0.000000000000000000e+00 0.000000000000000000e+00 0.000000000000000000e+00 3.183369294612535777e-04 0.000000000000000000e+00 0.000000000000000000e+00 0.000000000000000000e+00 7.387182517323928220e-04 7.299965533796121077e-04 0.000000000000000000e+00 0.000000000000000000e+00 8.106530774643197273e-04 7.941497263448372111e-04 1.476679004874860174e-04 0.000000000000000000e+00
0.000000000000000000e+00 0.000000000000000000e+00 0.000000000000000000e+00 0.000000000000000000e+00 3.108610557883079509e-04 0.000000000000000000e+00 0.000000000000000000e+00 0.000000000000000000e+00 7.373677962239192111e-04 7.314056815340254716e-04 0.000000000000000000e+00 0.000000000000000000e+00 8.023591908121900434e-04 7.928948782456988640e-04 1.252500167852502275e-04 0.000000000000000000e+00
0.000000000000000000e+00 0.000000000000000000e+00 0.000000000000000000e+00 0.000000000000000000e+00 3.031748724879089821e-04 0.000000000000000000e+00 0.000000000000000000e+00 0.000000000000000000e+00 7.204992063063889521e-04 7.182084101272436004e-04 0.000000000000000000e+00 0.000000000000000000e+00 7.808361678694454794e-04 7.734690034820816381e-04 1.281383912708024589e-04 0.000000000000000000e+00
0.000000000000000000e+00 0.000000000000000000e+00 0.000000000000000000e+00 0.000000000000000000e+00 3.200019738160048187e-04 0.000000000000000000e+00 0.000000000000000000e+00 0.000000000000000000e+00 7.284148716332919469e-04 7.214846071913681410e-04 0.000000000000000000e+00 0.000000000000000000e+00 8.174676301212187648e-04 8.079328804601923052e-04 1.402285019226807723e-04 0.000000000000000000e+00
0.000000000000000000e+00 0.000000000000000000e+00 0.000000000000000000e+00 0.000000000000000000e+00 3.219589105951359254e-04 0.000000000000000000e+00 0.000000000000000000e+00 0.000000000000000000e+00 7.335666431530534414e-04 7.156077927308591947e-04 0.000000000000000000e+00 0.000000000000000000e+00 7.871230366247866780e-04 7.630941699344137314e-04 1.163962180435941681e-04 0.000000000000000000e+00
0.000000000000000000e+00 0.000000000000000000e+00 0.000000000000000000e+00 0.000000000000000000e+00 3.244334130697581423e-04 0.000000000000000000e+00 0.000000000000000000e+00 0.000000000000000000e+00 7.308678476975268186e-04 7.173167161991595092e-04 0.000000000000000000e+00 0.000000000000000000e+00 7.984806462061909459e-04 7.831396205042047377e-04 1.233184848616708604e-04 0.000000000000000000e+00
0.000000000000000000e+00 0.000000000000000000e+00 0.000000000000000000e+00 0.000000000000000000e+00 3.181241161819440893e-04 0.000000000000000000e+00 0.000000000000000000e+00 0.000000000000000000e+00 7.415181899143521863e-04 7.121965926432951254e-04 0.000000000000000000e+00 0.000000000000000000e+00 8.141012309145543137e-04 7.798226919255713116e-04 1.446845796023994810e-04 0.000000000000000000e+00
0.000000000000000000e+00 0.000000000000000000e+00 0.000000000000000000e+00 0.000000000000000000e+00 3.166149742723356605e-04 0.000000000000000000e+00 0.000000000000000000e+00 0.000000000000000000e+00 7.212597691223530732e-04 7.110927229202182367e-04 0.000000000000000000e+00 0.000000000000000000e+00 7.954224202841616957e-04 7.843322148452532396e-04 1.182342514856354236e-04 0.000000000000000000e+00
0.000000000000000000e+00 0.000000000000000000e+00 0.000000000000000000e+00 0.000000000000000000e+00 3.038964149181001004e-04 0.000000000000000000e+00 0.000000000000000000e+00 0.000000000000000000e+00 7.256239120903182046e-04 7.196769533160826899e-04 0.000000000000000000e+00 0.000000000000000000e+00 7.863161952644535978e-04 7.732161572962683140e-04 1.365672870670753877e-04 0.000000000000000000e+00
0.000000000000000000e+00 0.000000000000000000e+00 0.000000000000000000e+00 0.000000000000000000e+00 3.142711595747781691e-04 0.000000000000000000e+00 0.000000000000000000e+00 0.000000000000000000e+00 7.412201175220076502e-04 7.384532702302708035e-04 0.000000000000000000e+00 0.000000000000000000e+00 8.001937872894774673e-04 7.906670026925689300e-04 1.290605521761465095e-04 0.000000000000000000e+00
0.000000000000000000e+00 0.000000000000000000e+00 0.000000000000000000e+00 0.000000000000000000e+00 3.004427509554926084e-04 0.000000000000000000e+00 0.000000000000000000e+00 0.000000000000000000e+00 7.328397112982297295e-04 7.285018807574789902e-04 0.000000000000000000e+00 0.000000000000000000e+00 7.826791922721349458e-04 7.721739525572078296e-04 1.174141642688701512e-04 0.000000000000000000e+00
0.000000000000000000e+00 0.000000000000000000e+00 0.000000000000000000e+00 0.000000000000000000e+00 3.148639052764252446e-04 0.000000000000000000e+00 0.000000000000000000e+00 0.000000000000000000e+00 7.270316466113206384e-04 7.148663351070189392e-04 0.000000000000000000e+00 0.000000000000000000e+00 8.048449189859662985e-04 7.841076542422474333e-04 1.408198508426802007e-04 0.000000000000000000e+00
0.000000000000000000e+00 0.000000000000000000e+00 0.000000000000000000e+00 0.000000000000000000e+00 3.165956538804503553e-04 0.000000000000000000e+00 0.000000000000000000e+00 0.000000000000000000e+00 7.358788539490233958e-04 7.236315405579256486e-04 0.000000000000000000e+00 0.000000000000000000e+00 8.032905313799987203e-04 7.850563116061351140e-04 1.222556921786209939e-04 0.000000000000000000e+00
0.000000000000000000e+00 0.000000000000000000e+00 0.000000000000000000e+00 0.000000000000000000e+00 3.068101624426347812e-04 0.000000000000000000e+00 0.000000000000000000e+00 0.000000000000000000e+00 7.364661455864788186e-04 7.337002509121426245e-04 0.000000000000000000e+00 0.000000000000000000e+00 7.924623302836196438e-04 7.856555394772451149e-04 1.248540416186669894e-04 0.000000000000000000e+00
0.000000000000000000e+00 0.000000000000000000e+00 0.000000000000000000e+00 0.000000000000000000e+00 3.101120175390913560e-04 0.000000000000000000e+00 0.000000000000000000e+00 0.000000000000000000e+00 7.291167118806272853e-04 7.267458518827183333e-04 0.000000000000000000e+00 0.000000000000000000e+00 7.970218751593934926e-04 7.880170609899310018e-04 1.334044206917226133e-04 0.000000000000000000e+00
0.000000000000000000e+00 0.000000000000000000e+00 0.000000000000000000e+00 0.000000000000000000e+00 3.124792665548892191e-04 0.000000000000000000e+00 0.000000000000000000e+00 0.000000000000000000e+00 7.204329479360603930e-04 7.193869884176736906e-04 0.000000000000000000e+00 0.000000000000000000e+00 7.771422682990867040e-04 7.723202432975437379e-04 1.066309087119473648e-04 0.000000000000000000e+00
0.000000000000000000e+00 0.000000000000000000e+00 0.000000000000000000e+00 0.000000000000000000e+00 3.052456427760702668e-04 0.000000000000000000e+00 0.000000000000000000e+00 0.000000000000000000e+00 7.288014943648224659e-04 7.223110504837043514e-04 0.000000000000000000e+00 0.000000000000000000e+00 7.845696391783807313e-04 7.695916749946772563e-04 1.158764586576553802e-04 0.000000000000000000e+00
0.000000000000000000e+00 0.000000000000000000e+00 0.000000000000000000e+00 0.000000000000000000e+00 3.129344070948073095e-04 0.000000000000000000e+00 0.000000000000000000e+00 0.000000000000000000e+00 7.413005743001697782e-04 7.347809677620934258e-04 0.000000000000000000e+00 0.000000000000000000e+00 8.052726901843934668e-04 7.920320935921633387e-04 1.298268058555328709e-04 0.000000000000000000e+00
0.000000000000000000e+00 0.000000000000000000e+00 0.000000000000000000e+00 0.000000000000000000e+00 3.107154742447282140e-04 0.000000000000000000e+00 0.000000000000000000e+00 0.000000000000000000e+00 7.294954067810518030e-04 7.318983671982089373e-04 0.000000000000000000e+00 0.000000000000000000e+00 7.940549678333504472e-04 7.893051110121304973e-04 1.227805097478562168e-04 0.000000000000000000e+00
0.000000000000000000e+00 0.000000000000000000e+00 0.000000000000000000e+00 0.000000000000000000e+00 3.086486945150441249e-04 0.000000000000000000e+00 0.000000000000000000e+00 0.000000000000000000e+00 7.312681794393475826e-04 7.303192062711083739e-04 0.000000000000000000e+00 0.000000000000000000e+00 7.926994372073218947e-04 7.836042336821498304e-04 1.256816803858550155e-04 0.000000000000000000e+00
0.000000000000000000e+00 0.000000000000000000e+00 0.000000000000000000e+00 0.000000000000000000e+00 3.126780444242869389e-04 0.000000000000000000e+00 0.000000000000000000e+00 0.000000000000000000e+00 7.217803474545924323e-04 7.059814969484127069e-04 0.000000000000000000e+00 0.000000000000000000e+00 8.004153551703978254e-04 7.789801730843872894e-04 1.259315229177663501e-04 0.000000000000000000e+00
0.000000000000000000e+00 0.000000000000000000e+00 0.000000000000000000e+00 0.000000000000000000e+00 3.142498919519434632e-04 0.000000000000000000e+00 0.000000000000000000e+00 0.000000000000000000e+00 7.239460805165185255e-04 7.121744020894407246e-04 0.000000000000000000e+00 0.000000000000000000e+00 7.934073207233170331e-04 7.768872840022630899e-04 1.156978444040192007e-04 0.000000000000000000e+00
0.000000000000000000e+00 0.000000000000000000e+00 0.000000000000000000e+00 0.000000000000000000e+00 3.116769783321906391e-04 0.000000000000000000e+00 0.000000000000000000e+00 0.000000000000000000e+00 7.286441770371427295e-04 7.199789714935532709e-04 0.000000000000000000e+00 0.000000000000000000e+00 7.952144423479884589e-04 7.774768667893566885e-04 1.202910346195774726e-04 0.000000000000000000e+00
0.000000000000000000e+00 0.000000000000000000e+00 0.000000000000000000e+00 0.000000000000000000e+00 3.116538888373695973e-04 0.000000000000000000e+00 0.000000000000000000e+00 0.000000000000000000e+00 7.306477689395711548e-04 7.207909560230571760e-04 0.000000000000000000e+00 0.000000000000000000e+00 8.112186464714298256e-04 7.969080628497948477e-04 1.353797219023871313e-04 0.000000000000000000e+00
0.000000000000000000e+00 0.000000000000000000e+00 0.000000000000000000e+00 0.000000000000000000e+00 3.100238890448872792e-04 0.000000000000000000e+00 0.000000000000000000e+00 0.000000000000000000e+00 7.159600648446866637e-04 7.083737590321554766e-04 0.000000000000000000e+00 0.000000000000000000e+00 7.697435522811082488e-04 7.569761313533923805e-04 1.193575226520023546e-04 0.000000000000000000e+00
0.000000000000000000e+00 0.000000000000000000e+00 0.000000000000000000e+00 0.000000000000000000e+00 3.107353519188473336e-04 0.000000000000000000e+00 0.000000000000000000e+00 0.000000000000000000e+00 7.333771744223222975e-04 7.204616734365257682e-04 0.000000000000000000e+00 0.000000000000000000e+00 7.949749217555342543e-04 7.756220678254489333e-04 1.284408074702255678e-04 0.000000000000000000e+00
0.000000000000000000e+00 0.000000000000000000e+00 0.000000000000000000e+00 0.000000000000000000e+00 3.162760458600278441e-04 0.000000000000000000e+00 0.000000000000000000e+00 0.000000000000000000e+00 7.157322257078679341e-04 7.156363514281943424e-04 0.000000000000000000e+00 0.000000000000000000e+00 7.878825284290081818e-04 7.786686326150331046e-04 1.259006588531774978e-04 0.000000000000000000e+00
0.000000000000000000e+00 0.000000000000000000e+00 0.000000000000000000e+00 0.000000000000000000e+00 3.118028977433702238e-04 0.000000000000000000e+00 0.000000000000000000e+00 0.000000000000000000e+00 7.185895351783584987e-04 7.190516604103074517e-04 0.000000000000000000e+00 0.000000000000000000e+00 7.941482733479524004e-04 7.878044200525901718e-04 1.340600501736565712e-04 0.000000000000000000e+00
0.000000000000000000e+00 0.000000000000000000e+00 0.000000000000000000e+00 0.000000000000000000e+00 3.118144364467005506e-04 0.000000000000000000e+00 0.000000000000000000e+00 0.000000000000000000e+00 7.330464441265579058e-04 7.228939083749534415e-04 0.000000000000000000e+00 0.000000000000000000e+00 7.906128193816671160e-04 7.749228303396298902e-04 1.349207051405596196e-04 0.000000000000000000e+00
0.000000000000000000e+00 0.000000000000000000e+00 0.000000000000000000e+00 0.000000000000000000e+00 2.984729894928450666e-04 0.000000000000000000e+00 0.000000000000000000e+00 0.000000000000000000e+00 7.299692482388063725e-04 7.199130835208828946e-04 0.000000000000000000e+00 0.000000000000000000e+00 8.123852523479571956e-04 7.991346752380790565e-04 1.369823608029312168e-04 0.000000000000000000e+00
0.000000000000000000e+00 0.000000000000000000e+00 0.000000000000000000e+00 0.000000000000000000e+00 3.114004972223575595e-04 0.000000000000000000e+00 0.000000000000000000e+00 0.000000000000000000e+00 7.515930346798292650e-04 7.485150020811508426e-04 0.000000000000000000e+00 0.000000000000000000e+00 8.197570297953503827e-04 8.114684728070020768e-04 1.574659515921993504e-04 0.000000000000000000e+00
0.000000000000000000e+00 0.000000000000000000e+00 0.000000000000000000e+00 0.000000000000000000e+00 3.139661612925805242e-04 0.000000000000000000e+00 0.000000000000000000e+00 0.000000000000000000e+00 7.447368541304426630e-04 7.354299557191618054e-04 0.000000000000000000e+00 0.000000000000000000e+00 7.917571629105697208e-04 7.739486014500530616e-04 1.399592835858102092e-04 0.000000000000000000e+00
0.000000000000000000e+00 0.000000000000000000e+00 0.000000000000000000e+00 0.000000000000000000e+00 3.134749620769368894e-04 0.000000000000000000e+00 0.000000000000000000e+00 0.000000000000000000e+00 7.403664340427845757e-04 7.344823023455629256e-04 0.000000000000000000e+00 0.000000000000000000e+00 8.136341362840970003e-04 8.058073294695628159e-04 1.437728570728068959e-04 0.000000000000000000e+00
0.000000000000000000e+00 0.000000000000000000e+00 0.000000000000000000e+00 0.000000000000000000e+00 3.119248047996344775e-04 0.000000000000000000e+00 0.000000000000000000e+00 0.000000000000000000e+00 7.464137115347903133e-04 7.317945493514932441e-04 0.000000000000000000e+00 0.000000000000000000e+00 8.099763949095530957e-04 7.922372589787751631e-04 1.279916507853546301e-04 0.000000000000000000e+00
0.000000000000000000e+00 0.000000000000000000e+00 0.000000000000000000e+00 0.000000000000000000e+00 3.041587732619564300e-04 0.000000000000000000e+00 0.000000000000000000e+00 0.000000000000000000e+00 7.335555294703429959e-04 7.286038741233289264e-04 0.000000000000000000e+00 0.000000000000000000e+00 8.122069217464298295e-04 8.037960003227051465e-04 1.321768067383827380e-04 0.000000000000000000e+00
0.000000000000000000e+00 0.000000000000000000e+00 0.000000000000000000e+00 0.000000000000000000e+00 3.027642359705916080e-04 0.000000000000000000e+00 0.000000000000000000e+00 0.000000000000000000e+00 7.394557703889788206e-04 7.368629725126515928e-04 0.000000000000000000e+00 0.000000000000000000e+00 7.951197030805441440e-04 7.881450213096342569e-04 1.130622506493802890e-04 0.000000000000000000e+00
0.000000000000000000e+00 0.000000000000000000e+00 0.000000000000000000e+00 0.000000000000000000e+00 3.232516932748587301e-04 0.000000000000000000e+00 0.000000000000000000e+00 0.000000000000000000e+00 7.242406217689645667e-04 7.082083219241322013e-04 0.000000000000000000e+00 0.000000000000000000e+00 8.010027129205883265e-04 7.805337396642539208e-04 1.224362535844979551e-04 0.000000000000000000e+00
0.000000000000000000e+00 0.000000000000000000e+00 0.000000000000000000e+00 0.000000000000000000e+00 3.223126374561960644e-04 0.000000000000000000e+00 0.000000000000000000e+00 0.000000000000000000e+00 7.233303687380394529e-04 7.191650885252385888e-04 0.000000000000000000e+00 0.000000000000000000e+00 7.884433355362271663e-04 7.786306053788441582e-04 1.324102562998209537e-04 0.000000000000000000e+00
0.000000000000000000e+00 0.000000000000000000e+00 0.000000000000000000e+00 0.000000000000000000e+00 3.149321778251476999e-04 0.000000000000000000e+00 0.000000000000000000e+00 0.000000000000000000e+00 7.476780226743635731e-04 7.418430805808355752e-04 0.000000000000000000e+00 0.000000000000000000e+00 7.892790053985441773e-04 7.780587498525432140e-04 1.359168051107837642e-04 0.000000000000000000e+00
0.000000000000000000e+00 0.000000000000000000e+00 0.000000000000000000e+00 0.000000000000000000e+00 3.166002073525511968e-04 0.000000000000000000e+00 0.000000000000000000e+00 0.000000000000000000e+00 7.342713746238963479e-04 7.151560996593215886e-04 0.000000000000000000e+00 0.000000000000000000e+00 7.977989540563141559e-04 7.772381087627229772e-04 1.225481975105358599e-04 0.000000000000000000e+00
0.000000000000000000e+00 0.000000000000000000e+00 0.000000000000000000e+00 0.000000000000000000e+00 3.269313449392007693e-04 0.000000000000000000e+00 0.000000000000000000e+00 0.000000000000000000e+00 7.387791583181981328e-04 7.238096543047320940e-04 0.000000000000000000e+00 0.000000000000000000e+00 8.034579862011101848e-04 7.829131855754113646e-04 1.224441955917253606e-04 0.000000000000000000e+00
0.000000000000000000e+00 0.000000000000000000e+00 0.000000000000000000e+00 0.000000000000000000e+00 3.049967753298026170e-04 0.000000000000000000e+00 0.000000000000000000e+00 0.000000000000000000e+00 7.320854491069584856e-04 7.314715407574405928e-04 0.000000000000000000e+00 0.000000000000000000e+00 8.035232371786492226e-04 7.962395018832468937e-04 1.316103207442587304e-04 0.000000000000000000e+00
0.000000000000000000e+00 0.000000000000000000e+00 0.000000000000000000e+00 0.000000000000000000e+00 3.138476630712209417e-04 0.000000000000000000e+00 0.000000000000000000e+00 0.000000000000000000e+00 7.271787519249371190e-04 7.266778593513791278e-04 0.000000000000000000e+00 0.000000000000000000e+00 7.915846342690968955e-04 7.869900185929611536e-04 1.356427026413599987e-04 0.000000000000000000e+00
0.000000000000000000e+00 0.000000000000000000e+00 0.000000000000000000e+00 0.000000000000000000e+00 3.042368016006618712e-04 0.000000000000000000e+00 0.000000000000000000e+00 0.000000000000000000e+00 7.300012570088119978e-04 7.261624772547409668e-04 0.000000000000000000e+00 0.000000000000000000e+00 7.904736266594482698e-04 7.797738201200146409e-04 1.328595022396110480e-04 0.000000000000000000e+00
0.000000000000000000e+00 0.000000000000000000e+00 0.000000000000000000e+00 0.000000000000000000e+00 3.288546940462114048e-04 0.000000000000000000e+00 0.000000000000000000e+00 0.000000000000000000e+00 7.231657926289721200e-04 7.084125929459764506e-04 0.000000000000000000e+00 0.000000000000000000e+00 8.098204639649163403e-04 7.890406571203853079e-04 1.303573119254422075e-04 0.000000000000000000e+00
0.000000000000000000e+00 0.000000000000000000e+00 0.000000000000000000e+00 0.000000000000000000e+00 3.027537619122860901e-04 0.000000000000000000e+00 0.000000000000000000e+00 0.000000000000000000e+00 7.222124879623896413e-04 7.187823393767814014e-04 0.000000000000000000e+00 0.000000000000000000e+00 7.986644197382742304e-04 7.905145233189805713e-04 1.348888588380350590e-04 0.000000000000000000e+00
0.000000000000000000e+00 0.000000000000000000e+00 0.000000000000000000e+00 0.000000000000000000e+00 3.157447703154115737e-04 0.000000000000000000e+00 0.000000000000000000e+00 0.000000000000000000e+00 7.440557198956855751e-04 7.358785421217586484e-04 0.000000000000000000e+00 0.000000000000000000e+00 7.981126135077264106e-04 7.857970348355514069e-04 1.387713366017365179e-04 0.000000000000000000e+00
0.000000000000000000e+00 0.000000000000000000e+00 0.000000000000000000e+00 0.000000000000000000e+00 2.969699282360479305e-04 0.000000000000000000e+00 0.000000000000000000e+00 0.000000000000000000e+00 7.159838766361230735e-04 7.134906054891832069e-04 0.000000000000000000e+00 0.000000000000000000e+00 7.709457663545361307e-04 7.586640890556332418e-04 1.247016963679074949e-04 0.000000000000000000e+00
0.000000000000000000e+00 0.000000000000000000e+00 0.000000000000000000e+00 0.000000000000000000e+00 3.221576484505986088e-04 0.000000000000000000e+00 0.000000000000000000e+00 0.000000000000000000e+00 7.273286988116377466e-04 7.258325256843415826e-04 0.000000000000000000e+00 0.000000000000000000e+00 7.888060591227132046e-04 7.809737493211470335e-04 1.184269989911778336e-04 0.000000000000000000e+00
0.000000000000000000e+00 0.000000000000000000e+00 0.000000000000000000e+00 0.000000000000000000e+00 3.113836766112635279e-04 0.000000000000000000e+00 0.000000000000000000e+00 0.000000000000000000e+00 7.209393566065966591e-04 7.196934846102760438e-04 0.000000000000000000e+00 0.000000000000000000e+00 7.886170377806926658e-04 7.781437193499250249e-04 1.200649012706657453e-04 0.000000000000000000e+00
0.000000000000000000e+00 0.000000000000000000e+00 0.000000000000000000e+00 0.000000000000000000e+00 3.190667103943004707e-04 0.000000000000000000e+00 0.000000000000000000e+00 0.000000000000000000e+00 7.301379056629412950e-04 7.263902798101863493e-04 0.000000000000000000e+00 0.000000000000000000e+00 8.085971005154493543e-04 7.978982079857185016e-04 1.215660626879523306e-04 0.000000000000000000e+00
0.000000000000000000e+00 0.000000000000000000e+00 0.000000000000000000e+00 0.000000000000000000e+00 3.249313169975895105e-04 0.000000000000000000e+00 0.000000000000000000e+00 0.000000000000000000e+00 7.304972123712313685e-04 7.126257504511222937e-04 0.000000000000000000e+00 0.000000000000000000e+00 7.919938982548129294e-04 7.676025207222726340e-04 1.284257670707735356e-04 0.000000000000000000e+00
0.000000000000000000e+00 0.000000000000000000e+00 0.000000000000000000e+00 0.000000000000000000e+00 3.230404119464569510e-04 0.000000000000000000e+00 0.000000000000000000e+00 0.000000000000000000e+00 7.398328974175142703e-04 7.253863830612764484e-04 0.000000000000000000e+00 0.000000000000000000e+00 8.067388352507773829e-04 7.851241255452431466e-04 1.369484191004715756e-04 0.000000000000000000e+00
0.000000000000000000e+00 0.000000000000000000e+00 0.000000000000000000e+00 0.000000000000000000e+00 3.212690460496722710e-04 0.000000000000000000e+00 0.000000000000000000e+00 0.000000000000000000e+00 7.441993122969842471e-04 7.345565214581412398e-04 0.000000000000000000e+00 0.000000000000000000e+00 8.004710878295852663e-04 7.870402717389941806e-04 1.228354034689567702e-04 0.000000000000000000e+00
0.000000000000000000e+00 0.000000000000000000e+00 0.000000000000000000e+00 0.000000000000000000e+00 3.200980473037413790e-04 0.000000000000000000e+00 0.000000000000000000e+00 0.000000000000000000e+00 7.320667731352007920e-04 7.215816490726224743e-04 0.000000000000000000e+00 0.000000000000000000e+00 8.047746608946661044e-04 7.925786076306212203e-04 1.187369452477105312e-04 0.000000000000000000e+00
0.000000000000000000e+00 0.000000000000000000e+00 0.000000000000000000e+00 0.000000000000000000e+00 3.336740320402196026e-04 0.000000000000000000e+00 0.000000000000000000e+00 0.000000000000000000e+00 7.423243730607479189e-04 7.264403008123059089e-04 0.000000000000000000e+00 0.000000000000000000e+00 8.103429381828258348e-04 7.877673894852065461e-04 1.260229325447823285e-04 0.000000000000000000e+00
0.000000000000000000e+00 0.000000000000000000e+00 0.000000000000000000e+00 0.000000000000000000e+00 3.181256760206978024e-04 0.000000000000000000e+00 0.000000000000000000e+00 0.000000000000000000e+00 7.240146841356791350e-04 7.177333056225496414e-04 0.000000000000000000e+00 0.000000000000000000e+00 7.931349149521377349e-04 7.811174223453083666e-04 1.264162970909634201e-04 0.000000000000000000e+00
0.000000000000000000e+00 0.000000000000000000e+00 0.000000000000000000e+00 0.000000000000000000e+00 3.005672025935656865e-04 0.000000000000000000e+00 0.000000000000000000e+00 0.000000000000000000e+00 7.201469191454747511e-04 7.125435413356299118e-04 0.000000000000000000e+00 0.000000000000000000e+00 7.951769110241241724e-04 7.851044941488913038e-04 1.249515001502012469e-04 0.000000000000000000e+00
0.000000000000000000e+00 0.000000000000000000e+00 0.000000000000000000e+00 0.000000000000000000e+00 3.068621793811128593e-04 0.000000000000000000e+00 0.000000000000000000e+00 0.000000000000000000e+00 7.266623487854523321e-04 7.271186335905757431e-04 0.000000000000000000e+00 0.000000000000000000e+00 8.020917589026049311e-04 7.957032826042011436e-04 1.363166050850374549e-04 0.000000000000000000e+00
0.000000000000000000e+00 0.000000000000000000e+00 0.000000000000000000e+00 0.000000000000000000e+00 3.111327323290748116e-04 0.000000000000000000e+00 0.000000000000000000e+00 0.000000000000000000e+00 7.323797018309206527e-04 7.236562770338434954e-04 0.000000000000000000e+00 0.000000000000000000e+00 8.029254318238414562e-04 7.910307118408442658e-04 1.268183533656269386e-04 0.000000000000000000e+00
0.000000000000000000e+00 0.000000000000000000e+00 0.000000000000000000e+00 0.000000000000000000e+00 3.320850635357815920e-04 0.000000000000000000e+00 0.000000000000000000e+00 0.000000000000000000e+00 7.356873124134184370e-04 7.218285299148651229e-04 0.000000000000000000e+00 0.000000000000000000e+00 7.814328727714269429e-04 7.582323171711858678e-04 1.172283715339292694e-04 0.000000000000000000e+00
0.000000000000000000e+00 0.000000000000000000e+00 0.000000000000000000e+00 0.000000000000000000e+00 3.090206753508635226e-04 0.000000000000000000e+00 0.000000000000000000e+00 0.000000000000000000e+00 7.220956582964008609e-04 7.193274167601869818e-04 0.000000000000000000e+00 0.000000000000000000e+00 7.764437801380960841e-04 7.711881666138262681e-04 1.105388030079232218e-04 0.000000000000000000e+00
0.000000000000000000e+00 0.000000000000000000e+00 0.000000000000000000e+00 0.000000000000000000e+00 3.114001243708213471e-04 0.000000000000000000e+00 0.000000000000000000e+00 0.000000000000000000e+00 7.419819644194412898e-04 7.343761411107147105e-04 0.000000000000000000e+00 0.000000000000000000e+00 7.972624715083995693e-04 7.806379384254760398e-04 1.412375620898038498e-04 0.000000000000000000e+00
0.000000000000000000e+00 0.000000000000000000e+00 0.000000000000000000e+00 0.000000000000000000e+00 3.355777137907893764e-04 0.000000000000000000e+00 0.000000000000000000e+00 0.000000000000000000e+00 7.363855619655740011e-04 7.189428527117165332e-04 0.000000000000000000e+00 0.000000000000000000e+00 8.144975369956828021e-04 7.945876703022770361e-04 1.288620468061241490e-04 0.000000000000000000e+00
0.000000000000000000e+00 0.000000000000000000e+00 0.000000000000000000e+00 0.000000000000000000e+00 3.208991876700718979e-04 0.000000000000000000e+00 0.000000000000000000e+00 0.000000000000000000e+00 7.279454514317120232e-04 7.263189806847917228e-04 0.000000000000000000e+00 0.000000000000000000e+00 8.090407424062556318e-04 8.040459437557127701e-04 1.367203264013465761e-04 0.000000000000000000e+00
0.000000000000000000e+00 0.000000000000000000e+00 0.000000000000000000e+00 0.000000000000000000e+00 3.181281258737515675e-04 0.000000000000000000e+00 0.000000000000000000e+00 0.000000000000000000e+00 7.325598135365620411e-04 7.158748774129079784e-04 0.000000000000000000e+00 0.000000000000000000e+00 7.969499000728343281e-04 7.732624074725425074e-04 1.173397964358190106e-04 0.000000000000000000e+00
0.000000000000000000e+00 0.000000000000000000e+00 0.000000000000000000e+00 0.000000000000000000e+00 3.058918041421864083e-04 0.000000000000000000e+00 0.000000000000000000e+00 0.000000000000000000e+00 7.338186320188709545e-04 7.308330913957314379e-04 0.000000000000000000e+00 0.000000000000000000e+00 7.943870306784322566e-04 7.859762870454259191e-04 1.323098605365940193e-04 0.000000000000000000e+00
0.000000000000000000e+00 0.000000000000000000e+00 0.000000000000000000e+00 0.000000000000000000e+00 3.179050507336962693e-04 0.000000000000000000e+00 0.000000000000000000e+00 0.000000000000000000e+00 7.287652097762716908e-04 7.203867139638511991e-04 0.000000000000000000e+00 0.000000000000000000e+00 8.022642041784416389e-04 7.856104533214935785e-04 1.290961340865593864e-04 0.000000000000000000e+00
0.000000000000000000e+00 0.000000000000000000e+00 0.000000000000000000e+00 0.000000000000000000e+00 3.094955641257844605e-04 0.000000000000000000e+00 0.000000000000000000e+00 0.000000000000000000e+00 7.428478294147594597e-04 7.342857226200121077e-04 0.000000000000000000e+00 0.000000000000000000e+00 8.086203212228479289e-04 7.944671627269497350e-04 1.443650662596684378e-04 0.000000000000000000e+00
0.000000000000000000e+00 0.000000000000000000e+00 0.000000000000000000e+00 0.000000000000000000e+00 3.192414286746601154e-04 0.000000000000000000e+00 0.000000000000000000e+00 0.000000000000000000e+00 7.320894560062531607e-04 7.206119416402592725e-04 0.000000000000000000e+00 0.000000000000000000e+00 8.046433388862115873e-04 7.895544272470414937e-04 1.179015031060931578e-04 0.000000000000000000e+00
0.000000000000000000e+00 0.000000000000000000e+00 0.000000000000000000e+00 0.000000000000000000e+00 3.051857315302968139e-04 0.000000000000000000e+00 0.000000000000000000e+00 0.000000000000000000e+00 7.231310687735933865e-04 7.169669867764675913e-04 0.000000000000000000e+00 0.000000000000000000e+00 7.959630166104707119e-04 7.863829476308240377e-04 1.282814878817762933e-04 0.000000000000000000e+00
0.000000000000000000e+00 0.000000000000000000e+00 0.000000000000000000e+00 0.000000000000000000e+00 3.246093181844800744e-04 0.000000000000000000e+00 0.000000000000000000e+00 0.000000000000000000e+00 7.317026861927311988e-04 7.226353730394640199e-04 0.000000000000000000e+00 0.000000000000000000e+00 8.176619567625835645e-04 7.993951536121268698e-04 1.420565364294284073e-04 0.000000000000000000e+00
0.000000000000000000e+00 0.000000000000000000e+00 0.000000000000000000e+00 0.000000000000000000e+00 3.287456341746036975e-04 0.000000000000000000e+00 0.000000000000000000e+00 0.000000000000000000e+00 7.270523144683613487e-04 7.212604130806662874e-04 0.000000000000000000e+00 0.000000000000000000e+00 7.837372983324346646e-04 7.751340109575385016e-04 1.043972474227458625e-04 0.000000000000000000e+00
0.000000000000000000e+00 0.000000000000000000e+00 0.000000000000000000e+00 0.000000000000000000e+00 3.146781726696087932e-04 0.000000000000000000e+00 0.000000000000000000e+00 0.000000000000000000e+00 7.275517300692432333e-04 7.191229849764657232e-04 0.000000000000000000e+00 0.000000000000000000e+00 7.903710024595197829e-04 7.774022074959248017e-04 1.275999620511279124e-04 0.000000000000000000e+00
0.000000000000000000e+00 0.000000000000000000e+00 0.000000000000000000e+00 0.000000000000000000e+00 3.155179436240682284e-04 0.000000000000000000e+00 0.000000000000000000e+00 0.000000000000000000e+00 7.439897734337831865e-04 7.378373141056604034e-04 0.000000000000000000e+00 0.000000000000000000e+00 8.108885082821062429e-04 7.991582637465340609e-04 1.245063923132839947e-04 0.000000000000000000e+00
0.000000000000000000e+00 0.000000000000000000e+00 0.000000000000000000e+00 0.000000000000000000e+00 3.106118736508164837e-04 0.000000000000000000e+00 0.000000000000000000e+00 0.000000000000000000e+00 7.364547869512145812e-04 7.214832556551437331e-04 0.000000000000000000e+00 0.000000000000000000e+00 7.829110672619134454e-04 7.571680092854573977e-04 1.270286594946854288e-04 0.000000000000000000e+00
0.000000000000000000e+00 0.000000000000000000e+00 0.000000000000000000e+00 0.000000000000000000e+00 3.111132538429982851e-04 0.000000000000000000e+00 0.000000000000000000e+00 0.000000000000000000e+00 7.389247868076667235e-04 7.297477327276074210e-04 0.000000000000000000e+00 0.000000000000000000e+00 8.014073938664999274e-04 7.855880756599042730e-04 1.346142819318594456e-04 0.000000000000000000e+00
0.000000000000000000e+00 0.000000000000000000e+00 0.000000000000000000e+00 0.000000000000000000e+00 3.131316855036056696e-04 0.000000000000000000e+00 0.000000000000000000e+00 0.000000000000000000e+00 7.311029140920361890e-04 7.225286547530370036e-04 0.000000000000000000e+00 0.000000000000000000e+00 7.911256437460680068e-04 7.770229852165708032e-04 1.070119995031695701e-04 0.000000000000000000e+00
0.000000000000000000e+00 0.000000000000000000e+00 0.000000000000000000e+00 0.000000000000000000e+00 3.251099423173848960e-04 0.000000000000000000e+00 0.000000000000000000e+00 0.000000000000000000e+00 7.332964748834850006e-04 7.252839386180454442e-04 0.000000000000000000e+00 0.000000000000000000e+00 7.903360977708194252e-04 7.756253998972050326e-04 1.255908838205311337e-04 0.000000000000000000e+00
0.000000000000000000e+00 0.000000000000000000e+00 0.000000000000000000e+00 0.000000000000000000e+00 3.258743200499157459e-04 0.000000000000000000e+00 0.000000000000000000e+00 0.000000000000000000e+00 7.396701936349694929e-04 7.279311333160744550e-04 0.000000000000000000e+00 0.000000000000000000e+00 8.217312863052143694e-04 8.044914394409904924e-04 1.444770744896825489e-04 0.000000000000000000e+00
0.000000000000000000e+00 0.000000000000000000e+00 0.000000000000000000e+00 0.000000000000000000e+00 3.184615696608689042e-04 0.000000000000000000e+00 0.000000000000000000e+00 0.000000000000000000e+00 7.194872023009695871e-04 7.202898906019519288e-04 0.000000000000000000e+00 0.000000000000000000e+00 7.787162545146571148e-04 7.760373333271960690e-04 1.115924840161098641e-04 0.000000000000000000e+00
0.000000000000000000e+00 0.000000000000000000e+00 0.000000000000000000e+00 0.000000000000000000e+00 3.299035968574340165e-04 0.000000000000000000e+00 0.000000000000000000e+00 0.000000000000000000e+00 7.261264926754888455e-04 7.102977733222020978e-04 0.000000000000000000e+00 0.000000000000000000e+00 8.032943143951160308e-04 7.804509525145469700e-04 1.209424511899294207e-04 0.000000000000000000e+00
0.000000000000000000e+00 0.000000000000000000e+00 0.000000000000000000e+00 0.000000000000000000e+00 3.050670690328690596e-04 0.000000000000000000e+00 0.000000000000000000e+00 0.000000000000000000e+00 7.251549444045115060e-04 7.290501561717405458e-04 0.000000000000000000e+00 0.000000000000000000e+00 8.111693481295894313e-04 8.105747971094894120e-04 1.334746795461546069e-04 0.000000000000000000e+00
0.000000000000000000e+00 0.000000000000000000e+00 0.000000000000000000e+00 0.000000000000000000e+00 3.185692679790619471e-04 0.000000000000000000e+00 0.000000000000000000e+00 0.000000000000000000e+00 7.352524241307390341e-04 7.227936980813391568e-04 0.000000000000000000e+00 0.000000000000000000e+00 7.906094921201854827e-04 7.721419521392271137e-04 1.195355890361954570e-04 0.000000000000000000e+00
0.000000000000000000e+00 0.000000000000000000e+00 0.000000000000000000e+00 0.000000000000000000e+00 3.038488826580018187e-04 0.000000000000000000e+00 0.000000000000000000e+00 0.000000000000000000e+00 7.386190973167522421e-04 7.345327953163684068e-04 0.000000000000000000e+00 0.000000000000000000e+00 8.118381061105869531e-04 8.023697688788255589e-04 1.321104084858791626e-04 0.000000000000000000e+00
0.000000000000000000e+00 0.000000000000000000e+00 0.000000000000000000e+00 0.000000000000000000e+00 3.117391317222264471e-04 0.000000000000000000e+00 0.000000000000000000e+00 0.000000000000000000e+00 7.268465582757429764e-04 7.190811974827296003e-04 0.000000000000000000e+00 0.000000000000000000e+00 8.042018933022622874e-04 7.931869044367230838e-04 1.356778901414384324e-04 0.000000000000000000e+00
0.000000000000000000e+00 0.000000000000000000e+00 0.000000000000000000e+00 0.000000000000000000e+00 3.073294316978438792e-04 0.000000000000000000e+00 0.000000000000000000e+00 0.000000000000000000e+00 7.183598112814811336e-04 7.150206471187620268e-04 0.000000000000000000e+00 0.000000000000000000e+00 7.940065702140211698e-04 7.837114692956894182e-04 1.240473085557621718e-04 0.000000000000000000e+00
0.000000000000000000e+00 0.000000000000000000e+00 0.000000000000000000e+00 0.000000000000000000e+00 3.103157689202079138e-04 0.000000000000000000e+00 0.000000000000000000e+00 0.000000000000000000e+00 7.371469605382328753e-04 7.355440962240141932e-04 0.000000000000000000e+00 0.000000000000000000e+00 7.845916572391998687e-04 7.780999624809619873e-04 1.335309743147322236e-04 0.000000000000000000e+00
0.000000000000000000e+00 0.000000000000000000e+00 0.000000000000000000e+00 0.000000000000000000e+00 3.140506552938444320e-04 0.000000000000000000e+00 0.000000000000000000e+00 0.000000000000000000e+00 7.308596135239065275e-04 7.278027564233270196e-04 0.000000000000000000e+00 0.000000000000000000e+00 7.897523682513510812e-04 7.842559659425156222e-04 1.146187662362008918e-04 0.000000000000000000e+00
0.000000000000000000e+00 0.000000000000000000e+00 0.000000000000000000e+00 0.000000000000000000e+00 3.143703617564024629e-04 0.000000000000000000e+00 0.000000000000000000e+00 0.000000000000000000e+00 7.348878870859552968e-04 7.187801099352950519e-04 0.000000000000000000e+00 0.000000000000000000e+00 7.857747862317802446e-04 7.638840198956929964e-04 1.111965806141470089e-04 0.000000000000000000e+00
0.000000000000000000e+00 0.000000000000000000e+00 0.000000000000000000e+00 0.000000000000000000e+00 3.161844942286061270e-04 0.000000000000000000e+00 0.000000000000000000e+00 0.000000000000000000e+00 7.313314699756961589e-04 7.211883327798349324e-04 0.000000000000000000e+00 0.000000000000000000e+00 7.961033703823383427e-04 7.816891831154642147e-04 1.189045484551390505e-04 0.000000000000000000e+00
0.000000000000000000e+00 0.000000000000000000e+00 0.000000000000000000e+00 0.000000000000000000e+00 3.257994586963562774e-04 0.000000000000000000e+00 0.000000000000000000e+00 0.000000000000000000e+00 7.376265394008447518e-04 7.315195009334540333e-04 0.000000000000000000e+00 0.000000000000000000e+00 7.892809877682564626e-04 7.778097748081853500e-04 1.317869435899355452e-04 0.000000000000000000e+00
0.000000000000000000e+00 0.000000000000000000e+00 0.000000000000000000e+00 0.000000000000000000e+00 3.113045933393629255e-04 0.000000000000000000e+00 0.000000000000000000e+00 0.000000000000000000e+00 7.333808660295150841e-04 7.271964421362435730e-04 0.000000000000000000e+00 0.000000000000000000e+00 7.965902637289128552e-04 7.865891927065784238e-04 1.482560696996714476e-04 0.000000000000000000e+00
0.000000000000000000e+00 0.000000000000000000e+00 0.000000000000000000e+00 0.000000000000000000e+00 3.036438509470696235e-04 0.000000000000000000e+00 0.000000000000000000e+00 0.000000000000000000e+00 7.340450168733668630e-04 7.308451748142268285e-04 0.000000000000000000e+00 0.000000000000000000e+00 7.855037146024465566e-04 7.776035913862423604e-04 1.165179590904939094e-04 0.000000000000000000e+00
0.000000000000000000e+00 0.000000000000000000e+00 0.000000000000000000e+00 0.000000000000000000e+00 3.162072780614160589e-04 0.000000000000000000e+00 0.000000000000000000e+00 0.000000000000000000e+00 7.315816545745497564e-04 7.161886246904471381e-04 0.000000000000000000e+00 0.000000000000000000e+00 8.034392589688346339e-04 7.832892971763017430e-04 1.265139922283876417e-04 0.000000000000000000e+00
