# 'name' : 'rogers_a02_b02_d00_g06'
# 'source' : 'rogers_a02_b02_d00_g06.yaml'
# 'sample_pops' : ['X', 'Y', 'D', 'N']
# 'sample_size' : 1
# 'n_reps' : 100
# 'n_windows' : 200
# 'seq_length' : 100000000.0
# 'window_length' : 500000.0
# 'recomb_rate' : 1e-08
# 'mut_rate' : 1e-08
# 'created' : None
2.147238047691636057e-04 1.632124650437382816e-04 9.126377305177487201e-04 7.684337009043388069e-04
2.139654820973601495e-04 1.665126265518890737e-04 9.138933324530930900e-04 7.485492043722548425e-04
2.268395998815310336e-04 1.653326116381592236e-04 9.133905331001252771e-04 7.803973646316161904e-04
2.284251167579794605e-04 1.739191964478772792e-04 9.184747830185281247e-04 7.717503758731501795e-04
2.315781904889854771e-04 1.704854473399622784e-04 9.278396644546263753e-04 7.447988505430206373e-04
2.157049056526419038e-04 1.633633780713800577e-04 9.233536318051921692e-04 7.330096800526622559e-04
2.233159569863460425e-04 1.606224567746340889e-04 9.197132567864231339e-04 7.668345672676124243e-04
2.181588745864709877e-04 1.606388599755550985e-04 9.157098755337693017e-04 7.558605816401593389e-04
2.446555042407047814e-04 1.694336585873000133e-04 9.313411407712296605e-04 7.242538129845712712e-04
2.183056367054748200e-04 1.710789475882109050e-04 9.139951915910383019e-04 7.722497814408208231e-04
2.095229632899595355e-04 1.673820179043646408e-04 9.248668022859721314e-04 7.586751277959880892e-04
1.973146149159097241e-04 1.803279778608133559e-04 9.159665062141244835e-04 7.280213680267319477e-04
2.257366641947718903e-04 1.642521404556101811e-04 9.274206150673766766e-04 7.495593317119418880e-04
2.175916138085934955e-04 1.684230808938895518e-04 9.102275214035990053e-04 7.534565654466995584e-04
2.237744534193655463e-04 1.594477798182587205e-04 9.221716456348689767e-04 7.767669984012026642e-04
2.156100318904493511e-04 1.673963987055936814e-04 9.137969455611714932e-04 7.803489098178788492e-04
2.236317416946892412e-04 1.760211694689402381e-04 9.284228554016879954e-04 7.428943302535043593e-04
2.172767733917810079e-04 1.704274082761155656e-04 9.129581500639447327e-04 7.663901458249945892e-04
2.210356098829641862e-04 1.645049909730508201e-04 9.202414775960037884e-04 7.662214501649268006e-04
2.283360685476657978e-04 1.615622210257753146e-04 9.163307233213946728e-04 7.440654597227531640e-04
2.028318784357551494e-04 1.595212490685005580e-04 9.401671640326404429e-04 7.865011681215384977e-04
2.089189299873223343e-04 1.647053726544939764e-04 9.299023032820563986e-04 7.757354141326161653e-04
2.197138477340142412e-04 1.620458545306465857e-04 9.200303842382758120e-04 7.579330748483930225e-04
2.348372475629418817e-04 1.576701167226183056e-04 9.214840150503182800e-04 7.545875251977777684e-04
2.174129194018310329e-04 1.608860753806906532e-04 9.190298756079298302e-04 7.728608288893070149e-04
2.185166600009607371e-04 1.792874271281382848e-04 9.452621112154086175e-04 7.493480946440231371e-04
2.261993528238069617e-04 1.696346568862774646e-04 9.332068981204654856e-04 7.731322201394867687e-04
2.256968091297323743e-04 1.659436258952496843e-04 9.354691478166910412e-04 7.580502192068654631e-04
2.169926276787190579e-04 1.652768147123704105e-04 9.233214360784429463e-04 7.459907954205221778e-04
2.231493817748314351e-04 1.670911413994038942e-04 9.263156166006686733e-04 7.700096887408828953e-04
2.173068813444369756e-04 1.751631222579256696e-04 9.190451144506752356e-04 7.537339420378412090e-04
2.248644723703815192e-04 1.620541462934601109e-04 9.319929056448666939e-04 7.507179736919909968e-04
2.337537060760088684e-04 1.643325727140251824e-04 9.290338509266239837e-04 7.384424224206376014e-04
2.158442871136981886e-04 1.706578846266928920e-04 9.081035729257012955e-04 7.593946156327683293e-04
1.999773669054571881e-04 1.724880716626878206e-04 9.190517420310432119e-04 7.320755915483334294e-04
2.247601833966118444e-04 1.617678513662562190e-04 8.918169743077473564e-04 7.361855223219557470e-04
2.256118334213477684e-04 1.673831735318130035e-04 9.055371702295765155e-04 7.657942368559030348e-04
2.362548856456756711e-04 1.631148969492043194e-04 9.049046096701630904e-04 7.463416953480153616e-04
2.109929974405454298e-04 1.723764906905163948e-04 9.320099565979456319e-04 7.727113368328743454e-04
2.098582861223473545e-04 1.619341975373703570e-04 9.206405180989882123e-04 7.428563620514058545e-04
2.066855434359135557e-04 1.582670518573488672e-04 9.253537211112829522e-04 7.776724653736024782e-04
2.094026747005323401e-04 1.668163138695131673e-04 9.269078975951254313e-04 7.450389310111087604e-04
2.326272611805354042e-04 1.610559877221447243e-04 9.087489374300834494e-04 7.506608675507198472e-04
2.255698431634189211e-04 1.643849545718057185e-04 8.991313050904270509e-04 7.660656416366865094e-04
2.222324867747086448e-04 1.782191597579767543e-04 9.229622255172401264e-04 7.805687585904547057e-04
2.151374840013849880e-04 1.680925445897290009e-04 9.240012223050248982e-04 7.654067347897737820e-04
2.249944778007284605e-04 1.682141377511168817e-04 9.143566176277917500e-04 7.469069299930534674e-04
2.248522266720389621e-04 1.566678970643386743e-04 9.233864466951589422e-04 7.478758591640717601e-04
2.267468383930483456e-04 1.698044652283552591e-04 9.105785226003408183e-04 7.549613885848720273e-04
2.051903264083462667e-04 1.653650701929285094e-04 9.441401039890337434e-04 7.405746295955989910e-04
2.214741328983373418e-04 1.710496649564039536e-04 9.129442236408050453e-04 7.408902561713148630e-04
2.168716934255227762e-04 1.652369818759317718e-04 8.984505950314043221e-04 7.535436888191182452e-04
2.254662330698386694e-04 1.704344835509247669e-04 9.119953464901811363e-04 7.702512810292723444e-04
2.250601782445937438e-04 1.627884903068630091e-04 9.202345306804307233e-04 7.676818297720730848e-04
2.190456082784948081e-04 1.645989216887895927e-04 9.307983738580667254e-04 7.618344823794269546e-04
2.279164464467214879e-04 1.667097587094356021e-04 9.140330526204193829e-04 7.466978665438405317e-04
2.163043795379658693e-04 1.754722978468675342e-04 9.228012011516115382e-04 7.564548938502528661e-04
2.221303112634014901e-04 1.713006784910563781e-04 9.162910461642902312e-04 7.525129651252031662e-04
2.254007319209651642e-04 1.640908755124402248e-04 9.104588729134620567e-04 7.657825265796411188e-04
2.242016170006776176e-04 1.702887147180356161e-04 9.265001359789192285e-04 7.722550344918061244e-04
2.235458006279521616e-04 1.667532000686667735e-04 9.227777877208070446e-04 7.511693443750049569e-04
2.336566874629063717e-04 1.690249221305470644e-04 9.152148200276167970e-04 7.643077012604081264e-04
2.109714132081960767e-04 1.710072701416370713e-04 9.269979672682762597e-04 7.525000465837961960e-04
2.247458572382240267e-04 1.584887221641030175e-04 9.253440623959740575e-04 7.526926034855384610e-04
2.233520270183093686e-04 1.688113180410255295e-04 9.271178344921124359e-04 7.538238583098151851e-04
2.351809927268893349e-04 1.706369604344222838e-04 9.120758023859793125e-04 7.837676131009282000e-04
2.378360243452422708e-04 1.687300430358595904e-04 9.254517885823071877e-04 7.881642844346317157e-04
2.222101138384358315e-04 1.681760103148729221e-04 9.053424845669711361e-04 7.575344271005563391e-04
2.329765199451530946e-04 1.701381782933278450e-04 9.341786287823519502e-04 7.484304783862119528e-04
2.181649342135710519e-04 1.486121916906341838e-04 9.186894735416814388e-04 7.274102647375068221e-04
2.190367675627496688e-04 1.767389696871407112e-04 9.137790101563812500e-04 7.649090453197085211e-04
2.259016861404365456e-04 1.631508755517119237e-04 9.134626237584087243e-04 7.537866791300432134e-04
2.164472990972709674e-04 1.635580293746611864e-04 9.362409978811252458e-04 7.574180822637922861e-04
2.272243472062535671e-04 1.651300917258689924e-04 9.016458184214175145e-04 7.286274201497551853e-04
2.260847278443489042e-04 1.710501596389464953e-04 9.307512549109374714e-04 7.670235439257263232e-04
2.227697192376149624e-04 1.657166337978092897e-04 9.297619199379131500e-04 7.563474526809786267e-04
2.007210327173248124e-04 1.608530578349562248e-04 9.341470930705523222e-04 7.288712639159197933e-04
2.118417890262669779e-04 1.587855250033355561e-04 9.251145954191371647e-04 7.817441037340982580e-04
2.248198091396329983e-04 1.719256267022569210e-04 9.268136685871213943e-04 7.725267636566405778e-04
2.123342460287370732e-04 1.626551793648369686e-04 9.204472664065896240e-04 7.573139990588367626e-04
2.146110961396870544e-04 1.721164960267311810e-04 9.304286079220915355e-04 7.834565866349454564e-04
2.122837666887999715e-04 1.683910354379264049e-04 9.224543856759823222e-04 7.697729019189344501e-04
2.166530581743421075e-04 1.678093848461963524e-04 9.332652465721727984e-04 7.819413133334961663e-04
2.242942727600320536e-04 1.613043193599399410e-04 9.205777203915880766e-04 7.617691873939369876e-04
2.279646274264485119e-04 1.674354144341893983e-04 9.138866044398302572e-04 7.278636538474342376e-04
2.308561031411084877e-04 1.597894763306841493e-04 9.301389808597362646e-04 7.882223116666864805e-04
2.303486394031411492e-04 1.723523667032442598e-04 9.244268443095963062e-04 7.592053621345831640e-04
2.190828747013955438e-04 1.560371135405626232e-04 9.261312526879350972e-04 7.347421987450828166e-04
2.270838565482043744e-04 1.736107381841007732e-04 9.060917896958549681e-04 7.631814602945733274e-04
2.318790432951501734e-04 1.676462259036228214e-04 9.267936165119066046e-04 7.469908026243048029e-04
2.216971548757245517e-04 1.695840197325434746e-04 9.110121646512463027e-04 7.435249228909229357e-04
2.191201518237070108e-04 1.648041340897517021e-04 9.388629208463700193e-04 7.588928573237429739e-04
2.189593535083527332e-04 1.604260124740419801e-04 9.152689484342041177e-04 7.788877550059724805e-04
2.146343931732650552e-04 1.616680997237571768e-04 9.297585343494710677e-04 7.811215560373191251e-04
2.131683889590030431e-04 1.733144040220209860e-04 9.260172506675632114e-04 7.836844884172046704e-04
2.186194198550732903e-04 1.634418076161511563e-04 9.278642298085292266e-04 7.664946978004004126e-04
2.161298500806596362e-04 1.616505435068749759e-04 9.061874537765681088e-04 7.681793520077001341e-04
2.103853562003507355e-04 1.650819303410514308e-04 9.048850484109627595e-04 7.423570542141184588e-04
2.261949585316753747e-04 1.658584499082998347e-04 9.104508552503479037e-04 7.847490947321751793e-04
2.259733864673658130e-04 1.732181202143284759e-04 9.207917629400950120e-04 7.513318106345344806e-04
