# 'name' : 'rogers_a02_b02_d00_g06'
# 'source' : 'rogers_a02_b02_d00_g06.yaml'
# 'sample_pops' : ['X', 'Y', 'D', 'N']
# 'sample_size' : 1
# 'n_reps' : 100
# 'n_windows' : 200
# 'seq_length' : 100000000.0
# 'window_length' : 500000.0
# 'recomb_rate' : 1e-08
# 'mut_rate' : 1e-08
# 'created' : None
0.000000000000000000e+00 0.000000000000000000e+00 0.000000000000000000e+00 0.000000000000000000e+00 5.008707590710795863e-04 0.000000000000000000e+00 0.000000000000000000e+00 0.000000000000000000e+00 1.295747972435619963e-03 1.270382639668242658e-03 0.000000000000000000e+00 0.000000000000000000e+00 1.269637508367388225e-03 1.233909572319047453e-03 9.690354589083350874e-04 0.000000000000000000e+00
0.000000000000000000e+00 0.000000000000000000e+00 0.000000000000000000e+00 0.000000000000000000e+00 5.082729551103175921e-04 0.000000000000000000e+00 0.000000000000000000e+00 0.000000000000000000e+00 1.305714397050874520e-03 1.270688971721324785e-03 0.000000000000000000e+00 0.000000000000000000e+00 1.284948514010346389e-03 1.241378709698025620e-03 9.706832034347648731e-04 0.000000000000000000e+00
0.000000000000000000e+00 0.000000000000000000e+00 0.000000000000000000e+00 0.000000000000000000e+00 5.080335598786874310e-04 0.000000000000000000e+00 0.000000000000000000e+00 0.000000000000000000e+00 1.309339771154749942e-03 1.271935250805235167e-03 0.000000000000000000e+00 0.000000000000000000e+00 1.295011399242664094e-03 1.253058328957054775e-03 9.692482983159213640e-04 0.000000000000000000e+00
0.000000000000000000e+00 0.000000000000000000e+00 0.000000000000000000e+00 0.000000000000000000e+00 5.198989144513661669e-04 0.000000000000000000e+00 0.000000000000000000e+00 0.000000000000000000e+00 1.306326468418462453e-03 1.266032526504308519e-03 0.000000000000000000e+00 0.000000000000000000e+00 1.301606440969528761e-03 1.257614981476782657e-03 9.679174262576152469e-04 0.000000000000000000e+00
0.000000000000000000e+00 0.000000000000000000e+00 0.000000000000000000e+00 0.000000000000000000e+00 5.282681428366500917e-04 0.000000000000000000e+00 0.000000000000000000e+00 0.000000000000000000e+00 1.303570243048658445e-03 1.260121745185148944e-03 0.000000000000000000e+00 0.000000000000000000e+00 1.289392426887661170e-03 1.241997454359942358e-03 9.684828210763984967e-04 0.000000000000000000e+00
0.000000000000000000e+00 0.000000000000000000e+00 0.000000000000000000e+00 0.000000000000000000e+00 5.078710713232645856e-04 0.000000000000000000e+00 0.000000000000000000e+00 0.000000000000000000e+00 1.308247520461311431e-03 1.273355058317899224e-03 0.000000000000000000e+00 0.000000000000000000e+00 1.285010370316971807e-03 1.242336255406858775e-03 9.758495564164131487e-04 0.000000000000000000e+00
0.000000000000000000e+00 0.000000000000000000e+00 0.000000000000000000e+00 0.000000000000000000e+00 5.028302626687980708e-04 0.000000000000000000e+00 0.000000000000000000e+00 0.000000000000000000e+00 1.308882403110304396e-03 1.271573538314554625e-03 0.000000000000000000e+00 0.000000000000000000e+00 1.297434452939168464e-03 1.256623390266822446e-03 9.685239288122685216e-04 0.000000000000000000e+00
0.000000000000000000e+00 0.000000000000000000e+00 0.000000000000000000e+00 0.000000000000000000e+00 4.925737397689221742e-04 0.000000000000000000e+00 0.000000000000000000e+00 0.000000000000000000e+00 1.287433581366509341e-03 1.256382777881905922e-03 0.000000000000000000e+00 0.000000000000000000e+00 1.267845895982759857e-03 1.231718724289939358e-03 9.639236198577663456e-04 0.000000000000000000e+00
0.000000000000000000e+00 0.000000000000000000e+00 0.000000000000000000e+00 0.000000000000000000e+00 5.270465552300070263e-04 0.000000000000000000e+00 0.000000000000000000e+00 0.000000000000000000e+00 1.316413194139258924e-03 1.271872006870632598e-03 0.000000000000000000e+00 0.000000000000000000e+00 1.301922288733856330e-03 1.254776616246127026e-03 9.680259788005809128e-04 0.000000000000000000e+00
0.000000000000000000e+00 0.000000000000000000e+00 0.000000000000000000e+00 0.000000000000000000e+00 5.166512027419787201e-04 0.000000000000000000e+00 0.000000000000000000e+00 0.000000000000000000e+00 1.299717057301309027e-03 1.258144862320482917e-03 0.000000000000000000e+00 0.000000000000000000e+00 1.282400745697934771e-03 1.234758534448929202e-03 9.595187045595232698e-04 0.000000000000000000e+00
0.000000000000000000e+00 0.000000000000000000e+00 0.000000000000000000e+00 0.000000000000000000e+00 5.128859036669202983e-04 0.000000000000000000e+00 0.000000000000000000e+00 0.000000000000000000e+00 1.298062730485492842e-03 1.263441126294328207e-03 0.000000000000000000e+00 0.000000000000000000e+00 1.282579691749164948e-03 1.246168193354380872e-03 9.650894499026508623e-04 0.000000000000000000e+00
0.000000000000000000e+00 0.000000000000000000e+00 0.000000000000000000e+00 0.000000000000000000e+00 5.069454125703057919e-04 0.000000000000000000e+00 0.000000000000000000e+00 0.000000000000000000e+00 1.298158750479370700e-03 1.260343834680763449e-03 0.000000000000000000e+00 0.000000000000000000e+00 1.276769222385875421e-03 1.233997364869343204e-03 9.666785167228278321e-04 0.000000000000000000e+00
0.000000000000000000e+00 0.000000000000000000e+00 0.000000000000000000e+00 0.000000000000000000e+00 5.116093765975268182e-04 0.000000000000000000e+00 0.000000000000000000e+00 0.000000000000000000e+00 1.297838408753426882e-03 1.256929100681711178e-03 0.000000000000000000e+00 0.000000000000000000e+00 1.283070418237518273e-03 1.241237950929029383e-03 9.567242248752942180e-04 0.000000000000000000e+00
0.000000000000000000e+00 0.000000000000000000e+00 0.000000000000000000e+00 0.000000000000000000e+00 4.969037622693417595e-04 0.000000000000000000e+00 0.000000000000000000e+00 0.000000000000000000e+00 1.289533479696415227e-03 1.259002254464827199e-03 0.000000000000000000e+00 0.000000000000000000e+00 1.271840284892101439e-03 1.234155980466562991e-03 9.684093304922251032e-04 0.000000000000000000e+00
0.000000000000000000e+00 0.000000000000000000e+00 0.000000000000000000e+00 0.000000000000000000e+00 5.058822761935903838e-04 0.000000000000000000e+00 0.000000000000000000e+00 0.000000000000000000e+00 1.314193167049125576e-03 1.279262982956835262e-03 0.000000000000000000e+00 0.000000000000000000e+00 1.300464513199762508e-03 1.258774391802299853e-03 9.785298741941822216e-04 0.000000000000000000e+00
0.000000000000000000e+00 0.000000000000000000e+00 0.000000000000000000e+00 0.000000000000000000e+00 4.919459662535141924e-04 0.000000000000000000e+00 0.000000000000000000e+00 0.000000000000000000e+00 1.297543200024040043e-03 1.269098552890862187e-03 0.000000000000000000e+00 0.000000000000000000e+00 1.280658663126299805e-03 1.246046606818944054e-03 9.644870919583953088e-04 0.000000000000000000e+00
0.000000000000000000e+00 0.000000000000000000e+00 0.000000000000000000e+00 0.000000000000000000e+00 5.146903608582398216e-04 0.000000000000000000e+00 0.000000000000000000e+00 0.000000000000000000e+00 1.303058945159509853e-03 1.267088347542333002e-03 0.000000000000000000e+00 0.000000000000000000e+00 1.288107954960064075e-03 1.243565404103469298e-03 9.764784436702769743e-04 0.000000000000000000e+00
0.000000000000000000e+00 0.000000000000000000e+00 0.000000000000000000e+00 0.000000000000000000e+00 5.104477447143984659e-04 0.000000000000000000e+00 0.000000000000000000e+00 0.000000000000000000e+00 1.300996315676886117e-03 1.265324319727955879e-03 0.000000000000000000e+00 0.000000000000000000e+00 1.295123990988385123e-03 1.253465088656690327e-03 9.619298401230899501e-04 0.000000000000000000e+00
0.000000000000000000e+00 0.000000000000000000e+00 0.000000000000000000e+00 0.000000000000000000e+00 4.995804628706419998e-04 0.000000000000000000e+00 0.000000000000000000e+00 0.000000000000000000e+00 1.307104689325962101e-03 1.276073485196670132e-03 0.000000000000000000e+00 0.000000000000000000e+00 1.286090860307565571e-03 1.251018760046234074e-03 9.680855054991315250e-04 0.000000000000000000e+00
0.000000000000000000e+00 0.000000000000000000e+00 0.000000000000000000e+00 0.000000000000000000e+00 5.050611623258121968e-04 0.000000000000000000e+00 0.000000000000000000e+00 0.000000000000000000e+00 1.301450107815158063e-03 1.265692324056303178e-03 0.000000000000000000e+00 0.000000000000000000e+00 1.283222639294603028e-03 1.240830901364195580e-03 9.636025122137965859e-04 0.000000000000000000e+00
0.000000000000000000e+00 0.000000000000000000e+00 0.000000000000000000e+00 0.000000000000000000e+00 4.936558303070168966e-04 0.000000000000000000e+00 0.000000000000000000e+00 0.000000000000000000e+00 1.291932469170258609e-03 1.269231194968243595e-03 0.000000000000000000e+00 0.000000000000000000e+00 1.271808791577733406e-03 1.245331451892563212e-03 9.699650747890366589e-04 0.000000000000000000e+00
0.000000000000000000e+00 0.000000000000000000e+00 0.000000000000000000e+00 0.000000000000000000e+00 4.920577940969787746e-04 0.000000000000000000e+00 0.000000000000000000e+00 0.000000000000000000e+00 1.298212110999511209e-03 1.269614888451979593e-03 0.000000000000000000e+00 0.000000000000000000e+00 1.276896811238349520e-03 1.239812068388232219e-03 9.686953173649919197e-04 0.000000000000000000e+00
0.000000000000000000e+00 0.000000000000000000e+00 0.000000000000000000e+00 0.000000000000000000e+00 5.038142582271376959e-04 0.000000000000000000e+00 0.000000000000000000e+00 0.000000000000000000e+00 1.311172690286314209e-03 1.275819087146553513e-03 0.000000000000000000e+00 0.000000000000000000e+00 1.294096151475596611e-03 1.252021558281682032e-03 9.688085353988670984e-04 0.000000000000000000e+00
0.000000000000000000e+00 0.000000000000000000e+00 0.000000000000000000e+00 0.000000000000000000e+00 5.069691563875084296e-04 0.000000000000000000e+00 0.000000000000000000e+00 0.000000000000000000e+00 1.307656038087680935e-03 1.271475433084675536e-03 0.000000000000000000e+00 0.000000000000000000e+00 1.288767354213710137e-03 1.245433931972328521e-03 9.608162798719032923e-04 0.000000000000000000e+00
0.000000000000000000e+00 0.000000000000000000e+00 0.000000000000000000e+00 0.000000000000000000e+00 4.977981919063054423e-04 0.000000000000000000e+00 0.000000000000000000e+00 0.000000000000000000e+00 1.299489576944227445e-03 1.270277181765417599e-03 0.000000000000000000e+00 0.000000000000000000e+00 1.287836311352890187e-03 1.250477685817149871e-03 9.716270326344733296e-04 0.000000000000000000e+00
0.000000000000000000e+00 0.000000000000000000e+00 0.000000000000000000e+00 0.000000000000000000e+00 5.115800879888370055e-04 0.000000000000000000e+00 0.000000000000000000e+00 0.000000000000000000e+00 1.303669733062777286e-03 1.268256266120185941e-03 0.000000000000000000e+00 0.000000000000000000e+00 1.284347732492890047e-03 1.243297933970468868e-03 9.732366258474824984e-04 0.000000000000000000e+00
0.000000000000000000e+00 0.000000000000000000e+00 0.000000000000000000e+00 0.000000000000000000e+00 5.121668968069859745e-04 0.000000000000000000e+00 0.000000000000000000e+00 0.000000000000000000e+00 1.303649205988653909e-03 1.263595179592812145e-03 0.000000000000000000e+00 0.000000000000000000e+00 1.293073107204963925e-03 1.248270722515144393e-03 9.688674035339948400e-04 0.000000000000000000e+00
0.000000000000000000e+00 0.000000000000000000e+00 0.000000000000000000e+00 0.000000000000000000e+00 5.074971958446817090e-04 0.000000000000000000e+00 0.000000000000000000e+00 0.000000000000000000e+00 1.309227155510353773e-03 1.270685358349523579e-03 0.000000000000000000e+00 0.000000000000000000e+00 1.287087956516286876e-03 1.239473789340414696e-03 9.670507181313559280e-04 0.000000000000000000e+00
0.000000000000000000e+00 0.000000000000000000e+00 0.000000000000000000e+00 0.000000000000000000e+00 5.027886100329140469e-04 0.000000000000000000e+00 0.000000000000000000e+00 0.000000000000000000e+00 1.300804800818152265e-03 1.265090081418464600e-03 0.000000000000000000e+00 0.000000000000000000e+00 1.292710358021049956e-03 1.252541867916241941e-03 9.700358376518699102e-04 0.000000000000000000e+00
0.000000000000000000e+00 0.000000000000000000e+00 0.000000000000000000e+00 0.000000000000000000e+00 5.051441506320051471e-04 0.000000000000000000e+00 0.000000000000000000e+00 0.000000000000000000e+00 1.290692564032436609e-03 1.255077138032191205e-03 0.000000000000000000e+00 0.000000000000000000e+00 1.266323087538966064e-03 1.225526546423534894e-03 9.675201753227777052e-04 0.000000000000000000e+00
0.000000000000000000e+00 0.000000000000000000e+00 0.000000000000000000e+00 0.000000000000000000e+00 5.069703537200284530e-04 0.000000000000000000e+00 0.000000000000000000e+00 0.000000000000000000e+00 1.301553172319878850e-03 1.267565791790826492e-03 0.000000000000000000e+00 0.000000000000000000e+00 1.280495333446674336e-03 1.240070599973332752e-03 9.648303357144847117e-04 0.000000000000000000e+00
0.000000000000000000e+00 0.000000000000000000e+00 0.000000000000000000e+00 0.000000000000000000e+00 5.097353551919486456e-04 0.000000000000000000e+00 0.000000000000000000e+00 0.000000000000000000e+00 1.294160914715491431e-03 1.262659877397356335e-03 0.000000000000000000e+00 0.000000000000000000e+00 1.275673751460193722e-03 1.235054692607757357e-03 9.672560985216063431e-04 0.000000000000000000e+00
0.000000000000000000e+00 0.000000000000000000e+00 0.000000000000000000e+00 0.000000000000000000e+00 5.108460371383876557e-04 0.000000000000000000e+00 0.000000000000000000e+00 0.000000000000000000e+00 1.299983313679675765e-03 1.265734872230632252e-03 0.000000000000000000e+00 0.000000000000000000e+00 1.280246337596275879e-03 1.239191917619922485e-03 9.677981868472869571e-04 0.000000000000000000e+00
0.000000000000000000e+00 0.000000000000000000e+00 0.000000000000000000e+00 0.000000000000000000e+00 5.050655223168961858e-04 0.000000000000000000e+00 0.000000000000000000e+00 0.000000000000000000e+00 1.295020374146257838e-03 1.262274637151150711e-03 0.000000000000000000e+00 0.000000000000000000e+00 1.278232270754900944e-03 1.239949080469360514e-03 9.686697994197952452e-04 0.000000000000000000e+00
0.000000000000000000e+00 0.000000000000000000e+00 0.000000000000000000e+00 0.000000000000000000e+00 4.847057087769175709e-04 0.000000000000000000e+00 0.000000000000000000e+00 0.000000000000000000e+00 1.289483802707055678e-03 1.265682990367747408e-03 0.000000000000000000e+00 0.000000000000000000e+00 1.278411731574853345e-03 1.251416506843589871e-03 9.625460275926192664e-04 0.000000000000000000e+00
0.000000000000000000e+00 0.000000000000000000e+00 0.000000000000000000e+00 0.000000000000000000e+00 5.046645146037916996e-04 0.000000000000000000e+00 0.000000000000000000e+00 0.000000000000000000e+00 1.309881613532008554e-03 1.275307414918153050e-03 0.000000000000000000e+00 0.000000000000000000e+00 1.300229882654634246e-03 1.260445159651107450e-03 9.714671999070514713e-04 0.000000000000000000e+00
0.000000000000000000e+00 0.000000000000000000e+00 0.000000000000000000e+00 0.000000000000000000e+00 5.104636647691608966e-04 0.000000000000000000e+00 0.000000000000000000e+00 0.000000000000000000e+00 1.310311355955905794e-03 1.271890127599856158e-03 0.000000000000000000e+00 0.000000000000000000e+00 1.287460198049195136e-03 1.240537306643910674e-03 9.756249871285509060e-04 0.000000000000000000e+00
0.000000000000000000e+00 0.000000000000000000e+00 0.000000000000000000e+00 0.000000000000000000e+00 5.131598533743771421e-04 0.000000000000000000e+00 0.000000000000000000e+00 0.000000000000000000e+00 1.310946181700704295e-03 1.268492055655247308e-03 0.000000000000000000e+00 0.000000000000000000e+00 1.304932426780942584e-03 1.260535625618172412e-03 9.693960095818966640e-04 0.000000000000000000e+00
0.000000000000000000e+00 0.000000000000000000e+00 0.000000000000000000e+00 0.000000000000000000e+00 5.036095488651651459e-04 0.000000000000000000e+00 0.000000000000000000e+00 0.000000000000000000e+00 1.317915188554036115e-03 1.283987772995723309e-03 0.000000000000000000e+00 0.000000000000000000e+00 1.301828562046263363e-03 1.264781172740470560e-03 9.803522975007649982e-04 0.000000000000000000e+00
0.000000000000000000e+00 0.000000000000000000e+00 0.000000000000000000e+00 0.000000000000000000e+00 4.900550150918152586e-04 0.000000000000000000e+00 0.000000000000000000e+00 0.000000000000000000e+00 1.298804931581011091e-03 1.269891231941508089e-03 0.000000000000000000e+00 0.000000000000000000e+00 1.288564245833307125e-03 1.256191280117093835e-03 9.639252468135794732e-04 0.000000000000000000e+00
0.000000000000000000e+00 0.000000000000000000e+00 0.000000000000000000e+00 0.000000000000000000e+00 4.852405336172227381e-04 0.000000000000000000e+00 0.000000000000000000e+00 0.000000000000000000e+00 1.305475402662576410e-03 1.278673358996967272e-03 0.000000000000000000e+00 0.000000000000000000e+00 1.287298707485302635e-03 1.256114779925110187e-03 9.645753438918228551e-04 0.000000000000000000e+00
0.000000000000000000e+00 0.000000000000000000e+00 0.000000000000000000e+00 0.000000000000000000e+00 5.113611875598814702e-04 0.000000000000000000e+00 0.000000000000000000e+00 0.000000000000000000e+00 1.292395907916792964e-03 1.255070427656450240e-03 0.000000000000000000e+00 0.000000000000000000e+00 1.278223515776409419e-03 1.236461362104565413e-03 9.584096678876146986e-04 0.000000000000000000e+00
0.000000000000000000e+00 0.000000000000000000e+00 0.000000000000000000e+00 0.000000000000000000e+00 5.191542619075357762e-04 0.000000000000000000e+00 0.000000000000000000e+00 0.000000000000000000e+00 1.294018468043350032e-03 1.254067551101352256e-03 0.000000000000000000e+00 0.000000000000000000e+00 1.280087399901854751e-03 1.234489033015276132e-03 9.621151587902226562e-04 0.000000000000000000e+00
0.000000000000000000e+00 0.000000000000000000e+00 0.000000000000000000e+00 0.000000000000000000e+00 5.099095766927599655e-04 0.000000000000000000e+00 0.000000000000000000e+00 0.000000000000000000e+00 1.310028596801285448e-03 1.273601210411953125e-03 0.000000000000000000e+00 0.000000000000000000e+00 1.285096747798596594e-03 1.243284047956789680e-03 9.685152784743403546e-04 0.000000000000000000e+00
0.000000000000000000e+00 0.000000000000000000e+00 0.000000000000000000e+00 0.000000000000000000e+00 5.168260306188938828e-04 0.000000000000000000e+00 0.000000000000000000e+00 0.000000000000000000e+00 1.306868730769870706e-03 1.265746792296930856e-03 0.000000000000000000e+00 0.000000000000000000e+00 1.299199576738895587e-03 1.256632067936938341e-03 9.743136895643828965e-04 0.000000000000000000e+00
0.000000000000000000e+00 0.000000000000000000e+00 0.000000000000000000e+00 0.000000000000000000e+00 5.185463592347576553e-04 0.000000000000000000e+00 0.000000000000000000e+00 0.000000000000000000e+00 1.308348511471401883e-03 1.269856537752108664e-03 0.000000000000000000e+00 0.000000000000000000e+00 1.293730095596690383e-03 1.249662825265162973e-03 9.671481741391247007e-04 0.000000000000000000e+00
0.000000000000000000e+00 0.000000000000000000e+00 0.000000000000000000e+00 0.000000000000000000e+00 5.016010831057257082e-04 0.000000000000000000e+00 0.000000000000000000e+00 0.000000000000000000e+00 1.301760996821218997e-03 1.272756918446894597e-03 0.000000000000000000e+00 0.000000000000000000e+00 1.289473941075541027e-03 1.253800035755331865e-03 9.622420945546820981e-04 0.000000000000000000e+00
0.000000000000000000e+00 0.000000000000000000e+00 0.000000000000000000e+00 0.000000000000000000e+00 5.046077249394096244e-04 0.000000000000000000e+00 0.000000000000000000e+00 0.000000000000000000e+00 1.301298088608535434e-03 1.266705031231128058e-03 0.000000000000000000e+00 0.000000000000000000e+00 1.277948677187151511e-03 1.239261896707166601e-03 9.712738555709754312e-04 0.000000000000000000e+00
0.000000000000000000e+00 0.000000000000000000e+00 0.000000000000000000e+00 0.000000000000000000e+00 5.025124534113634567e-04 0.000000000000000000e+00 0.000000000000000000e+00 0.000000000000000000e+00 1.298663937505506634e-03 1.266353971169089168e-03 0.000000000000000000e+00 0.000000000000000000e+00 1.281327740148409432e-03 1.242156747026627959e-03 9.656294578322170913e-04 0.000000000000000000e+00
0.000000000000000000e+00 0.000000000000000000e+00 0.000000000000000000e+00 0.000000000000000000e+00 5.141323923468493892e-04 0.000000000000000000e+00 0.000000000000000000e+00 0.000000000000000000e+00 1.297831007827662071e-03 1.263165180036958119e-03 0.000000000000000000e+00 0.000000000000000000e+00 1.282702941966888102e-03 1.242010507014648137e-03 9.727146787177591439e-04 0.000000000000000000e+00
0.000000000000000000e+00 0.000000000000000000e+00 0.000000000000000000e+00 0.000000000000000000e+00 4.990156608396566565e-04 0.000000000000000000e+00 0.000000000000000000e+00 0.000000000000000000e+00 1.289421666231961323e-03 1.260779283675385332e-03 0.000000000000000000e+00 0.000000000000000000e+00 1.279846614273100983e-03 1.246484483882840007e-03 9.618060987440952029e-04 0.000000000000000000e+00
0.000000000000000000e+00 0.000000000000000000e+00 0.000000000000000000e+00 0.000000000000000000e+00 5.067991079661386851e-04 0.000000000000000000e+00 0.000000000000000000e+00 0.000000000000000000e+00 1.301716864124149477e-03 1.267722330575426831e-03 0.000000000000000000e+00 0.000000000000000000e+00 1.283320304630047003e-03 1.245187370183076280e-03 9.647684785269976119e-04 0.000000000000000000e+00
0.000000000000000000e+00 0.000000000000000000e+00 0.000000000000000000e+00 0.000000000000000000e+00 4.949202865464297435e-04 0.000000000000000000e+00 0.000000000000000000e+00 0.000000000000000000e+00 1.284714666416132949e-03 1.254705520509736064e-03 0.000000000000000000e+00 0.000000000000000000e+00 1.268804523404092532e-03 1.229006971345732299e-03 9.658250101276338829e-04 0.000000000000000000e+00
0.000000000000000000e+00 0.000000000000000000e+00 0.000000000000000000e+00 0.000000000000000000e+00 5.160819827263265786e-04 0.000000000000000000e+00 0.000000000000000000e+00 0.000000000000000000e+00 1.299976053274150278e-03 1.267344036177988882e-03 0.000000000000000000e+00 0.000000000000000000e+00 1.285177063131045724e-03 1.246208909360614972e-03 9.623851792174295885e-04 0.000000000000000000e+00
0.000000000000000000e+00 0.000000000000000000e+00 0.000000000000000000e+00 0.000000000000000000e+00 5.032059415949062704e-04 0.000000000000000000e+00 0.000000000000000000e+00 0.000000000000000000e+00 1.295861347674877968e-03 1.267392132383705341e-03 0.000000000000000000e+00 0.000000000000000000e+00 1.279057083109652517e-03 1.241360421384033299e-03 9.663813293894129783e-04 0.000000000000000000e+00
0.000000000000000000e+00 0.000000000000000000e+00 0.000000000000000000e+00 0.000000000000000000e+00 5.163798129723788394e-04 0.000000000000000000e+00 0.000000000000000000e+00 0.000000000000000000e+00 1.301112655196511947e-03 1.266761685475114533e-03 0.000000000000000000e+00 0.000000000000000000e+00 1.295904257010730689e-03 1.254602020612356501e-03 9.519315222700822608e-04 0.000000000000000000e+00
0.000000000000000000e+00 0.000000000000000000e+00 0.000000000000000000e+00 0.000000000000000000e+00 5.208196556900059277e-04 0.000000000000000000e+00 0.000000000000000000e+00 0.000000000000000000e+00 1.300050002716019977e-03 1.261762499950361532e-03 0.000000000000000000e+00 0.000000000000000000e+00 1.278373534948921714e-03 1.233566116570833024e-03 9.680538145717055209e-04 0.000000000000000000e+00
0.000000000000000000e+00 0.000000000000000000e+00 0.000000000000000000e+00 0.000000000000000000e+00 5.197559068236864543e-04 0.000000000000000000e+00 0.000000000000000000e+00 0.000000000000000000e+00 1.309043576131359602e-03 1.269182245388948953e-03 0.000000000000000000e+00 0.000000000000000000e+00 1.294060473445079454e-03 1.247030947353373149e-03 9.713504247452175696e-04 0.000000000000000000e+00
0.000000000000000000e+00 0.000000000000000000e+00 0.000000000000000000e+00 0.000000000000000000e+00 5.160148497663753992e-04 0.000000000000000000e+00 0.000000000000000000e+00 0.000000000000000000e+00 1.312129114714196678e-03 1.271831395671091988e-03 0.000000000000000000e+00 0.000000000000000000e+00 1.296062717079889126e-03 1.251976972785035815e-03 9.609561032155083038e-04 0.000000000000000000e+00
0.000000000000000000e+00 0.000000000000000000e+00 0.000000000000000000e+00 0.000000000000000000e+00 5.173432131630981449e-04 0.000000000000000000e+00 0.000000000000000000e+00 0.000000000000000000e+00 1.307417649624999581e-03 1.269976074421100493e-03 0.000000000000000000e+00 0.000000000000000000e+00 1.303002986640908450e-03 1.263850482235540952e-03 9.681145304830733296e-04 0.000000000000000000e+00
0.000000000000000000e+00 0.000000000000000000e+00 0.000000000000000000e+00 0.000000000000000000e+00 5.288235323885289753e-04 0.000000000000000000e+00 0.000000000000000000e+00 0.000000000000000000e+00 1.315486167235126397e-03 1.271205794707042655e-03 0.000000000000000000e+00 0.000000000000000000e+00 1.297700510684305112e-03 1.246728661707042574e-03 9.629964985926882208e-04 0.000000000000000000e+00
0.000000000000000000e+00 0.000000000000000000e+00 0.000000000000000000e+00 0.000000000000000000e+00 5.194664808174243986e-04 0.000000000000000000e+00 0.000000000000000000e+00 0.000000000000000000e+00 1.298450437880940530e-03 1.259853176701631423e-03 0.000000000000000000e+00 0.000000000000000000e+00 1.292117109313795391e-03 1.247783734040785108e-03 9.661775577349761800e-04 0.000000000000000000e+00
0.000000000000000000e+00 0.000000000000000000e+00 0.000000000000000000e+00 0.000000000000000000e+00 4.915565442684826942e-04 0.000000000000000000e+00 0.000000000000000000e+00 0.000000000000000000e+00 1.289131609383711028e-03 1.261546160040585493e-03 0.000000000000000000e+00 0.000000000000000000e+00 1.276912640920119767e-03 1.246858152511608805e-03 9.647005070762370953e-04 0.000000000000000000e+00
0.000000000000000000e+00 0.000000000000000000e+00 0.000000000000000000e+00 0.000000000000000000e+00 4.984794690822765169e-04 0.000000000000000000e+00 0.000000000000000000e+00 0.000000000000000000e+00 1.301707308602550670e-03 1.269035025870614633e-03 0.000000000000000000e+00 0.000000000000000000e+00 1.290810989264486392e-03 1.251293945429021422e-03 9.753349380257923589e-04 0.000000000000000000e+00
0.000000000000000000e+00 0.000000000000000000e+00 0.000000000000000000e+00 0.000000000000000000e+00 5.072144048587427486e-04 0.000000000000000000e+00 0.000000000000000000e+00 0.000000000000000000e+00 1.307614632586131826e-03 1.271620853300413400e-03 0.000000000000000000e+00 0.000000000000000000e+00 1.291513374487903354e-03 1.252348300016263918e-03 9.672891997665914810e-04 0.000000000000000000e+00
0.000000000000000000e+00 0.000000000000000000e+00 0.000000000000000000e+00 0.000000000000000000e+00 5.349940401164370897e-04 0.000000000000000000e+00 0.000000000000000000e+00 0.000000000000000000e+00 1.309315709969851270e-03 1.263184911325065636e-03 0.000000000000000000e+00 0.000000000000000000e+00 1.290907175685334978e-03 1.235434603938860825e-03 9.651500792773828495e-04 0.000000000000000000e+00
0.000000000000000000e+00 0.000000000000000000e+00 0.000000000000000000e+00 0.000000000000000000e+00 5.123037090414142092e-04 0.000000000000000000e+00 0.000000000000000000e+00 0.000000000000000000e+00 1.303739564760175414e-03 1.266418332569271008e-03 0.000000000000000000e+00 0.000000000000000000e+00 1.289443934528033226e-03 1.249635330349071691e-03 9.673468395163933647e-04 0.000000000000000000e+00
0.000000000000000000e+00 0.000000000000000000e+00 0.000000000000000000e+00 0.000000000000000000e+00 5.065931864474759001e-04 0.000000000000000000e+00 0.000000000000000000e+00 0.000000000000000000e+00 1.305758263622145126e-03 1.271135388551637973e-03 0.000000000000000000e+00 0.000000000000000000e+00 1.287134741977895031e-03 1.243493157133190603e-03 9.726760179235672621e-04 0.000000000000000000e+00
0.000000000000000000e+00 0.000000000000000000e+00 0.000000000000000000e+00 0.000000000000000000e+00 5.371350629100292906e-04 0.000000000000000000e+00 0.000000000000000000e+00 0.000000000000000000e+00 1.319963136329326903e-03 1.271101256249557122e-03 0.000000000000000000e+00 0.000000000000000000e+00 1.305201036161363808e-03 1.253871998642046813e-03 9.701666003904060734e-04 0.000000000000000000e+00
0.000000000000000000e+00 0.000000000000000000e+00 0.000000000000000000e+00 0.000000000000000000e+00 5.042877506221742990e-04 0.000000000000000000e+00 0.000000000000000000e+00 0.000000000000000000e+00 1.296372655309339190e-03 1.259969813300950781e-03 0.000000000000000000e+00 0.000000000000000000e+00 1.281828341881794406e-03 1.242057171969783219e-03 9.597701955409406252e-04 0.000000000000000000e+00
0.000000000000000000e+00 0.000000000000000000e+00 0.000000000000000000e+00 0.000000000000000000e+00 5.160159944986967033e-04 0.000000000000000000e+00 0.000000000000000000e+00 0.000000000000000000e+00 1.298967702396127202e-03 1.261133867334668715e-03 0.000000000000000000e+00 0.000000000000000000e+00 1.288922806514063938e-03 1.244086414975966934e-03 9.566838241738630016e-04 0.000000000000000000e+00
0.000000000000000000e+00 0.000000000000000000e+00 0.000000000000000000e+00 0.000000000000000000e+00 5.004180849882608733e-04 0.000000000000000000e+00 0.000000000000000000e+00 0.000000000000000000e+00 1.303500786968294538e-03 1.269139841050791803e-03 0.000000000000000000e+00 0.000000000000000000e+00 1.284231213313671675e-03 1.244445064386304287e-03 9.659345119808204760e-04 0.000000000000000000e+00
0.000000000000000000e+00 0.000000000000000000e+00 0.000000000000000000e+00 0.000000000000000000e+00 5.079077149696624004e-04 0.000000000000000000e+00 0.000000000000000000e+00 0.000000000000000000e+00 1.305109358265470285e-03 1.270286227591745174e-03 0.000000000000000000e+00 0.000000000000000000e+00 1.289196894858972995e-03 1.246098509140720206e-03 9.759256741590179897e-04 0.000000000000000000e+00
0.000000000000000000e+00 0.000000000000000000e+00 0.000000000000000000e+00 0.000000000000000000e+00 5.056727835918460113e-04 0.000000000000000000e+00 0.000000000000000000e+00 0.000000000000000000e+00 1.307282912228595502e-03 1.267673677693655293e-03 0.000000000000000000e+00 0.000000000000000000e+00 1.286546204900852535e-03 1.241345918664762136e-03 9.595016855452545438e-04 0.000000000000000000e+00
0.000000000000000000e+00 0.000000000000000000e+00 0.000000000000000000e+00 0.000000000000000000e+00 5.178088724163075170e-04 0.000000000000000000e+00 0.000000000000000000e+00 0.000000000000000000e+00 1.310507447383897107e-03 1.271512648915200903e-03 0.000000000000000000e+00 0.000000000000000000e+00 1.301197474771250773e-03 1.258591279029379123e-03 9.667889025244254210e-04 0.000000000000000000e+00
0.000000000000000000e+00 0.000000000000000000e+00 0.000000000000000000e+00 0.000000000000000000e+00 4.994289080480088586e-04 0.000000000000000000e+00 0.000000000000000000e+00 0.000000000000000000e+00 1.299396888361357104e-03 1.264706263644328581e-03 0.000000000000000000e+00 0.000000000000000000e+00 1.285521602569767059e-03 1.247414990870218199e-03 9.713361741912225882e-04 0.000000000000000000e+00
0.000000000000000000e+00 0.000000000000000000e+00 0.000000000000000000e+00 0.000000000000000000e+00 5.053963634606200780e-04 0.000000000000000000e+00 0.000000000000000000e+00 0.000000000000000000e+00 1.299136749086668994e-03 1.270135448492218117e-03 0.000000000000000000e+00 0.000000000000000000e+00 1.282458105079205312e-03 1.244257314487565245e-03 9.735657149226639500e-04 0.000000000000000000e+00
0.000000000000000000e+00 0.000000000000000000e+00 0.000000000000000000e+00 0.000000000000000000e+00 5.140592911894050323e-04 0.000000000000000000e+00 0.000000000000000000e+00 0.000000000000000000e+00 1.295530506691062187e-03 1.263210473291902485e-03 0.000000000000000000e+00 0.000000000000000000e+00 1.280530244712616266e-03 1.245398825326255897e-03 9.578265969993631944e-04 0.000000000000000000e+00
0.000000000000000000e+00 0.000000000000000000e+00 0.000000000000000000e+00 0.000000000000000000e+00 5.130508905905538071e-04 0.000000000000000000e+00 0.000000000000000000e+00 0.000000000000000000e+00 1.303368468932621094e-03 1.268492632621155084e-03 0.000000000000000000e+00 0.000000000000000000e+00 1.289044288857656368e-03 1.249628402675372887e-03 9.772701781730083834e-04 0.000000000000000000e+00
0.000000000000000000e+00 0.000000000000000000e+00 0.000000000000000000e+00 0.000000000000000000e+00 5.030126563208549241e-04 0.000000000000000000e+00 0.000000000000000000e+00 0.000000000000000000e+00 1.310380529651446494e-03 1.279388536991373252e-03 0.000000000000000000e+00 0.000000000000000000e+00 1.295712630825894204e-03 1.259142852958369720e-03 9.633870250459976217e-04 0.000000000000000000e+00
0.000000000000000000e+00 0.000000000000000000e+00 0.000000000000000000e+00 0.000000000000000000e+00 5.039756697340250051e-04 0.000000000000000000e+00 0.000000000000000000e+00 0.000000000000000000e+00 1.308974638982103849e-03 1.272755807629554143e-03 0.000000000000000000e+00 0.000000000000000000e+00 1.281944908649229565e-03 1.234954550616295743e-03 9.839712567732037621e-04 0.000000000000000000e+00
0.000000000000000000e+00 0.000000000000000000e+00 0.000000000000000000e+00 0.000000000000000000e+00 5.014506549063614191e-04 0.000000000000000000e+00 0.000000000000000000e+00 0.000000000000000000e+00 1.306293862990058575e-03 1.275170443284560917e-03 0.000000000000000000e+00 0.000000000000000000e+00 1.292435728170367518e-03 1.254670044338335134e-03 9.807279257293185365e-04 0.000000000000000000e+00
0.000000000000000000e+00 0.000000000000000000e+00 0.000000000000000000e+00 0.000000000000000000e+00 5.053629070138746827e-04 0.000000000000000000e+00 0.000000000000000000e+00 0.000000000000000000e+00 1.306062066465293534e-03 1.273065970462221091e-03 0.000000000000000000e+00 0.000000000000000000e+00 1.290422829499986981e-03 1.251898334306416954e-03 9.646152794560041745e-04 0.000000000000000000e+00
0.000000000000000000e+00 0.000000000000000000e+00 0.000000000000000000e+00 0.000000000000000000e+00 5.179092383773706764e-04 0.000000000000000000e+00 0.000000000000000000e+00 0.000000000000000000e+00 1.305732471459294768e-03 1.266224958493809534e-03 0.000000000000000000e+00 0.000000000000000000e+00 1.283367827847803865e-03 1.237162153274143144e-03 9.667643377132935844e-04 0.000000000000000000e+00
0.000000000000000000e+00 0.000000000000000000e+00 0.000000000000000000e+00 0.000000000000000000e+00 5.235743409802345654e-04 0.000000000000000000e+00 0.000000000000000000e+00 0.000000000000000000e+00 1.310595809568109067e-03 1.268592142753084337e-03 0.000000000000000000e+00 0.000000000000000000e+00 1.299645426942154687e-03 1.252140973581802961e-03 9.653522036333151216e-04 0.000000000000000000e+00
0.000000000000000000e+00 0.000000000000000000e+00 0.000000000000000000e+00 0.000000000000000000e+00 5.137843593967652634e-04 0.000000000000000000e+00 0.000000000000000000e+00 0.000000000000000000e+00 1.299984744301391475e-03 1.265254119197162285e-03 0.000000000000000000e+00 0.000000000000000000e+00 1.288255461918554274e-03 1.250043227325881370e-03 9.707731302793216974e-04 0.000000000000000000e+00
0.000000000000000000e+00 0.000000000000000000e+00 0.000000000000000000e+00 0.000000000000000000e+00 5.312540999106266397e-04 0.000000000000000000e+00 0.000000000000000000e+00 0.000000000000000000e+00 1.303514234531856801e-03 1.258687378828621988e-03 0.000000000000000000e+00 0.000000000000000000e+00 1.298071315163977415e-03 1.246229816933459855e-03 9.627585544120191964e-04 0.000000000000000000e+00
0.000000000000000000e+00 0.000000000000000000e+00 0.000000000000000000e+00 0.000000000000000000e+00 4.926270631538480754e-04 0.000000000000000000e+00 0.000000000000000000e+00 0.000000000000000000e+00 1.297762008099177192e-03 1.270134339285989514e-03 0.000000000000000000e+00 0.000000000000000000e+00 1.288081884852828327e-03 1.255964453252312891e-03 9.639114052626639433e-04 0.000000000000000000e+00
0.000000000000000000e+00 0.000000000000000000e+00 0.000000000000000000e+00 0.000000000000000000e+00 5.189165653452151037e-04 0.000000000000000000e+00 0.000000000000000000e+00 0.000000000000000000e+00 1.301840247252768461e-03 1.262644962021317041e-03 0.000000000000000000e+00 0.000000000000000000e+00 1.285742150541574307e-03 1.240538051378563961e-03 9.541722140314099843e-04 0.000000000000000000e+00
0.000000000000000000e+00 0.000000000000000000e+00 0.000000000000000000e+00 0.000000000000000000e+00 5.036115172573885600e-04 0.000000000000000000e+00 0.000000000000000000e+00 0.000000000000000000e+00 1.317955427220279547e-03 1.281752716524133147e-03 0.000000000000000000e+00 0.000000000000000000e+00 1.301273029070314224e-03 1.259688283142789940e-03 9.690026180539844597e-04 0.000000000000000000e+00
0.000000000000000000e+00 0.000000000000000000e+00 0.000000000000000000e+00 0.000000000000000000e+00 5.073797190263606635e-04 0.000000000000000000e+00 0.000000000000000000e+00 0.000000000000000000e+00 1.293201218039228498e-03 1.259379289674624706e-03 0.000000000000000000e+00 0.000000000000000000e+00 1.286812932185585692e-03 1.249741375748455964e-03 9.629464339125223468e-04 0.000000000000000000e+00
0.000000000000000000e+00 0.000000000000000000e+00 0.000000000000000000e+00 0.000000000000000000e+00 4.992915746545730730e-04 0.000000000000000000e+00 0.000000000000000000e+00 0.000000000000000000e+00 1.297351347616519310e-03 1.266854174586823064e-03 0.000000000000000000e+00 0.000000000000000000e+00 1.283013074787746908e-03 1.245559965002437149e-03 9.729251976408185600e-04 0.000000000000000000e+00
0.000000000000000000e+00 0.000000000000000000e+00 0.000000000000000000e+00 0.000000000000000000e+00 5.000084519114056771e-04 0.000000000000000000e+00 0.000000000000000000e+00 0.000000000000000000e+00 1.304261111509509878e-03 1.273391576678137337e-03 0.000000000000000000e+00 0.000000000000000000e+00 1.283515211496362787e-03 1.247756846220969421e-03 9.806093260348201432e-04 0.000000000000000000e+00
0.000000000000000000e+00 0.000000000000000000e+00 0.000000000000000000e+00 0.000000000000000000e+00 5.022019017423554532e-04 0.000000000000000000e+00 0.000000000000000000e+00 0.000000000000000000e+00 1.303056077285274020e-03 1.273516073459941183e-03 0.000000000000000000e+00 0.000000000000000000e+00 1.287630342856643144e-03 1.255650793823053597e-03 9.700588114295965710e-04 0.000000000000000000e+00
0.000000000000000000e+00 0.000000000000000000e+00 0.000000000000000000e+00 0.000000000000000000e+00 5.076117582469148433e-04 0.000000000000000000e+00 0.000000000000000000e+00 0.000000000000000000e+00 1.304480706899238587e-03 1.268445937280086649e-03 0.000000000000000000e+00 0.000000000000000000e+00 1.284201224919885240e-03 1.242383466115305540e-03 9.660474501565312344e-04 0.000000000000000000e+00
0.000000000000000000e+00 0.000000000000000000e+00 0.000000000000000000e+00 0.000000000000000000e+00 5.072151079642181742e-04 0.000000000000000000e+00 0.000000000000000000e+00 0.000000000000000000e+00 1.304573294807498136e-03 1.266841351492175530e-03 0.000000000000000000e+00 0.000000000000000000e+00 1.288660429210075967e-03 1.246657435823738834e-03 9.660840122596050898e-04 0.000000000000000000e+00
0.000000000000000000e+00 0.000000000000000000e+00 0.000000000000000000e+00 0.000000000000000000e+00 5.146896554901236919e-04 0.000000000000000000e+00 0.000000000000000000e+00 0.000000000000000000e+00 1.298785191329458136e-03 1.265438499575175738e-03 0.000000000000000000e+00 0.000000000000000000e+00 1.281435588812436348e-03 1.242724722565473339e-03 9.689703464820701275e-04 0.000000000000000000e+00
0.000000000000000000e+00 0.000000000000000000e+00 0.000000000000000000e+00 0.000000000000000000e+00 4.990382366100636156e-04 0.000000000000000000e+00 0.000000000000000000e+00 0.000000000000000000e+00 1.291016068335171805e-03 1.262179931512249489e-03 0.000000000000000000e+00 0.000000000000000000e+00 1.272961468936147263e-03 1.240308684984163436e-03 9.718771210122129512e-04 0.000000000000000000e+00
0.000000000000000000e+00 0.000000000000000000e+00 0.000000000000000000e+00 0.000000000000000000e+00 4.996705551670575264e-04 0.000000000000000000e+00 0.000000000000000000e+00 0.000000000000000000e+00 1.302367923764379248e-03 1.268999827393550413e-03 0.000000000000000000e+00 0.000000000000000000e+00 1.290975741234372037e-03 1.252907363706480016e-03 9.641179340817552070e-04 0.000000000000000000e+00
0.000000000000000000e+00 0.000000000000000000e+00 0.000000000000000000e+00 0.000000000000000000e+00 5.158030314022633931e-04 0.000000000000000000e+00 0.000000000000000000e+00 0.000000000000000000e+00 1.304964229278280643e-03 1.263193566267658760e-03 0.000000000000000000e+00 0.000000000000000000e+00 1.292091857519785851e-03 1.245564262600733262e-03 9.625757790157020086e-04 0.000000000000000000e+00
