# 'name' : 'rogers_a02_b00_d03_g06'
# 'source' : 'rogers_a02_b00_d03_g06.yaml'
# 'sample_pops' : ['X', 'D', 'Y', 'N']
# 'sample_size' : 1
# 'n_reps' : 100
# 'n_windows' : 200
# 'seq_length' : 100000000.0
# 'window_length' : 500000.0
# 'recomb_rate' : 1e-08
# 'mut_rate' : 1e-08
# 'created' : None
0.000000000000000000e+00 0.000000000000000000e+00 0.000000000000000000e+00 0.000000000000000000e+00 4.750455307714658293e-01 0.000000000000000000e+00 0.000000000000000000e+00 0.000000000000000000e+00 4.055411949544548422e-01 4.071028843256299656e-01 0.000000000000000000e+00 0.000000000000000000e+00 4.726708752902870070e-01 4.731960498905785073e-01 7.238305778373288479e-02 0.000000000000000000e+00
0.000000000000000000e+00 0.000000000000000000e+00 0.000000000000000000e+00 0.000000000000000000e+00 4.739524887168347633e-01 0.000000000000000000e+00 0.000000000000000000e+00 0.000000000000000000e+00 4.075061921433287271e-01 4.067554503411149325e-01 0.000000000000000000e+00 0.000000000000000000e+00 4.613073855117902911e-01 4.589802531531222418e-01 6.835919764980970259e-02 0.000000000000000000e+00
0.000000000000000000e+00 0.000000000000000000e+00 0.000000000000000000e+00 0.000000000000000000e+00 4.829855804934816144e-01 0.000000000000000000e+00 0.000000000000000000e+00 0.000000000000000000e+00 4.116256553665578188e-01 4.131451391101287896e-01 0.000000000000000000e+00 0.000000000000000000e+00 4.704086267846366298e-01 4.717125458833317797e-01 7.568959903069738537e-02 0.000000000000000000e+00
0.000000000000000000e+00 0.000000000000000000e+00 0.000000000000000000e+00 0.000000000000000000e+00 4.784485669842926669e-01 0.000000000000000000e+00 0.000000000000000000e+00 0.000000000000000000e+00 4.121013235034940436e-01 4.077164055791383523e-01 0.000000000000000000e+00 0.000000000000000000e+00 4.767407624500802910e-01 4.710572090466135231e-01 8.087889403998298199e-02 0.000000000000000000e+00
0.000000000000000000e+00 0.000000000000000000e+00 0.000000000000000000e+00 0.000000000000000000e+00 4.673781309539943862e-01 0.000000000000000000e+00 0.000000000000000000e+00 0.000000000000000000e+00 4.053811003881834796e-01 4.038034876405953155e-01 0.000000000000000000e+00 0.000000000000000000e+00 4.687569957812543486e-01 4.669242138323577707e-01 7.049130213430004899e-02 0.000000000000000000e+00
0.000000000000000000e+00 0.000000000000000000e+00 0.000000000000000000e+00 0.000000000000000000e+00 4.646348556906057525e-01 0.000000000000000000e+00 0.000000000000000000e+00 0.000000000000000000e+00 4.060445405545760056e-01 4.055880472205729004e-01 0.000000000000000000e+00 0.000000000000000000e+00 4.633408754975564259e-01 4.618490638694505712e-01 6.822869993693590762e-02 0.000000000000000000e+00
0.000000000000000000e+00 0.000000000000000000e+00 0.000000000000000000e+00 0.000000000000000000e+00 4.800499437712759665e-01 0.000000000000000000e+00 0.000000000000000000e+00 0.000000000000000000e+00 4.101079567615006916e-01 4.066946327923610660e-01 0.000000000000000000e+00 0.000000000000000000e+00 4.772115887425432690e-01 4.737257011744674950e-01 8.119741018969311996e-02 0.000000000000000000e+00
0.000000000000000000e+00 0.000000000000000000e+00 0.000000000000000000e+00 0.000000000000000000e+00 4.799662971611997064e-01 0.000000000000000000e+00 0.000000000000000000e+00 0.000000000000000000e+00 4.084176097089411983e-01 4.070389925561237465e-01 0.000000000000000000e+00 0.000000000000000000e+00 4.748459005461643789e-01 4.712478105008925944e-01 7.382433726962182863e-02 0.000000000000000000e+00
0.000000000000000000e+00 0.000000000000000000e+00 0.000000000000000000e+00 0.000000000000000000e+00 4.756589119139029709e-01 0.000000000000000000e+00 0.000000000000000000e+00 0.000000000000000000e+00 4.027446715663496324e-01 3.984289575120570914e-01 0.000000000000000000e+00 0.000000000000000000e+00 4.750390519828910363e-01 4.694149125835405112e-01 7.121538598712946755e-02 0.000000000000000000e+00
0.000000000000000000e+00 0.000000000000000000e+00 0.000000000000000000e+00 0.000000000000000000e+00 4.852781461651079487e-01 0.000000000000000000e+00 0.000000000000000000e+00 0.000000000000000000e+00 4.107729264007271563e-01 4.105168290544884413e-01 0.000000000000000000e+00 0.000000000000000000e+00 4.615734530149915305e-01 4.592189955743187224e-01 6.623464443205454022e-02 0.000000000000000000e+00
0.000000000000000000e+00 0.000000000000000000e+00 0.000000000000000000e+00 0.000000000000000000e+00 4.738831247213156073e-01 0.000000000000000000e+00 0.000000000000000000e+00 0.000000000000000000e+00 4.145536417068856894e-01 4.133271895228750048e-01 0.000000000000000000e+00 0.000000000000000000e+00 4.815817435128064705e-01 4.776036324819182832e-01 8.191863671866302099e-02 0.000000000000000000e+00
0.000000000000000000e+00 0.000000000000000000e+00 0.000000000000000000e+00 0.000000000000000000e+00 4.680192147129467184e-01 0.000000000000000000e+00 0.000000000000000000e+00 0.000000000000000000e+00 4.041089821201257481e-01 4.037158908952036551e-01 0.000000000000000000e+00 0.000000000000000000e+00 4.718455244321980713e-01 4.702588926233207678e-01 7.618094084394745613e-02 0.000000000000000000e+00
0.000000000000000000e+00 0.000000000000000000e+00 0.000000000000000000e+00 0.000000000000000000e+00 4.622853404097420071e-01 0.000000000000000000e+00 0.000000000000000000e+00 0.000000000000000000e+00 4.077984316935765463e-01 4.057343096031474361e-01 0.000000000000000000e+00 0.000000000000000000e+00 4.648201222230013419e-01 4.620829031421817557e-01 7.359177168346926756e-02 0.000000000000000000e+00
0.000000000000000000e+00 0.000000000000000000e+00 0.000000000000000000e+00 0.000000000000000000e+00 4.748570795762740993e-01 0.000000000000000000e+00 0.000000000000000000e+00 0.000000000000000000e+00 4.086031102580333640e-01 4.085381997403734755e-01 0.000000000000000000e+00 0.000000000000000000e+00 4.700772525791432344e-01 4.694416393662151910e-01 7.680501007729986784e-02 0.000000000000000000e+00
0.000000000000000000e+00 0.000000000000000000e+00 0.000000000000000000e+00 0.000000000000000000e+00 4.754509553712384373e-01 0.000000000000000000e+00 0.000000000000000000e+00 0.000000000000000000e+00 4.020437048929356161e-01 4.001135883492570877e-01 0.000000000000000000e+00 0.000000000000000000e+00 4.719944181826808971e-01 4.688622745117838608e-01 6.897500656485722192e-02 0.000000000000000000e+00
0.000000000000000000e+00 0.000000000000000000e+00 0.000000000000000000e+00 0.000000000000000000e+00 4.768945589669458807e-01 0.000000000000000000e+00 0.000000000000000000e+00 0.000000000000000000e+00 4.039085741494634063e-01 4.074186843416260917e-01 0.000000000000000000e+00 0.000000000000000000e+00 4.695131676088037387e-01 4.725702101572458180e-01 7.143362450999826696e-02 0.000000000000000000e+00
0.000000000000000000e+00 0.000000000000000000e+00 0.000000000000000000e+00 0.000000000000000000e+00 4.718983826284448013e-01 0.000000000000000000e+00 0.000000000000000000e+00 0.000000000000000000e+00 4.157796026774936982e-01 4.191267473772448127e-01 0.000000000000000000e+00 0.000000000000000000e+00 4.552280772037256007e-01 4.576025435686589260e-01 7.093685884322208091e-02 0.000000000000000000e+00
0.000000000000000000e+00 0.000000000000000000e+00 0.000000000000000000e+00 0.000000000000000000e+00 4.727521091046672508e-01 0.000000000000000000e+00 0.000000000000000000e+00 0.000000000000000000e+00 4.164926006710163442e-01 4.111117817887893211e-01 0.000000000000000000e+00 0.000000000000000000e+00 4.816704631197928910e-01 4.756667887106990622e-01 7.400072017861669682e-02 0.000000000000000000e+00
0.000000000000000000e+00 0.000000000000000000e+00 0.000000000000000000e+00 0.000000000000000000e+00 4.658921253743272817e-01 0.000000000000000000e+00 0.000000000000000000e+00 0.000000000000000000e+00 3.972566828547921536e-01 3.944106157830001291e-01 0.000000000000000000e+00 0.000000000000000000e+00 4.587225936338496513e-01 4.550088385422892401e-01 5.685147349750213630e-02 0.000000000000000000e+00
0.000000000000000000e+00 0.000000000000000000e+00 0.000000000000000000e+00 0.000000000000000000e+00 4.762399752879462600e-01 0.000000000000000000e+00 0.000000000000000000e+00 0.000000000000000000e+00 4.128680027796021168e-01 4.188948533405579266e-01 0.000000000000000000e+00 0.000000000000000000e+00 4.602391366503829073e-01 4.639627443632967640e-01 7.272556850416282692e-02 0.000000000000000000e+00
0.000000000000000000e+00 0.000000000000000000e+00 0.000000000000000000e+00 0.000000000000000000e+00 4.608452930573408435e-01 0.000000000000000000e+00 0.000000000000000000e+00 0.000000000000000000e+00 4.046718297315108348e-01 4.104876276980871097e-01 0.000000000000000000e+00 0.000000000000000000e+00 4.766423045982543516e-01 4.817283373002525515e-01 8.378904466150956243e-02 0.000000000000000000e+00
0.000000000000000000e+00 0.000000000000000000e+00 0.000000000000000000e+00 0.000000000000000000e+00 4.769013296706977045e-01 0.000000000000000000e+00 0.000000000000000000e+00 0.000000000000000000e+00 4.125027954880267078e-01 4.111063249899342686e-01 0.000000000000000000e+00 0.000000000000000000e+00 4.767920574234078557e-01 4.734399252599360564e-01 7.392907425243649966e-02 0.000000000000000000e+00
0.000000000000000000e+00 0.000000000000000000e+00 0.000000000000000000e+00 0.000000000000000000e+00 4.665299441972157179e-01 0.000000000000000000e+00 0.000000000000000000e+00 0.000000000000000000e+00 4.115295174210310547e-01 4.105564374805223959e-01 0.000000000000000000e+00 0.000000000000000000e+00 4.742846687694043939e-01 4.736013663669977336e-01 7.366793841371184481e-02 0.000000000000000000e+00
0.000000000000000000e+00 0.000000000000000000e+00 0.000000000000000000e+00 0.000000000000000000e+00 4.823234382229041883e-01 0.000000000000000000e+00 0.000000000000000000e+00 0.000000000000000000e+00 4.216763975029722000e-01 4.136906476117460651e-01 0.000000000000000000e+00 0.000000000000000000e+00 4.694565738647416553e-01 4.601186855128516773e-01 8.274797211824588827e-02 0.000000000000000000e+00
0.000000000000000000e+00 0.000000000000000000e+00 0.000000000000000000e+00 0.000000000000000000e+00 4.795429080240098396e-01 0.000000000000000000e+00 0.000000000000000000e+00 0.000000000000000000e+00 4.140523918210826659e-01 4.105070878049213445e-01 0.000000000000000000e+00 0.000000000000000000e+00 4.798384627877800845e-01 4.752229299469229451e-01 7.951664251501550096e-02 0.000000000000000000e+00
0.000000000000000000e+00 0.000000000000000000e+00 0.000000000000000000e+00 0.000000000000000000e+00 4.709243035493176355e-01 0.000000000000000000e+00 0.000000000000000000e+00 0.000000000000000000e+00 4.107175145263121663e-01 4.107405832345688013e-01 0.000000000000000000e+00 0.000000000000000000e+00 4.806586193401293783e-01 4.783956016900932640e-01 7.921555333361773865e-02 0.000000000000000000e+00
0.000000000000000000e+00 0.000000000000000000e+00 0.000000000000000000e+00 0.000000000000000000e+00 4.723083633388032165e-01 0.000000000000000000e+00 0.000000000000000000e+00 0.000000000000000000e+00 4.020092586512541422e-01 3.977280438297253196e-01 0.000000000000000000e+00 0.000000000000000000e+00 4.826344123898565486e-01 4.773075595429947526e-01 8.272622573050995853e-02 0.000000000000000000e+00
0.000000000000000000e+00 0.000000000000000000e+00 0.000000000000000000e+00 0.000000000000000000e+00 4.766082561207571899e-01 0.000000000000000000e+00 0.000000000000000000e+00 0.000000000000000000e+00 4.096994189591146585e-01 4.114852420346492567e-01 0.000000000000000000e+00 0.000000000000000000e+00 4.684400225644773652e-01 4.680102534004399462e-01 7.210800739067031728e-02 0.000000000000000000e+00
0.000000000000000000e+00 0.000000000000000000e+00 0.000000000000000000e+00 0.000000000000000000e+00 4.686381557663667485e-01 0.000000000000000000e+00 0.000000000000000000e+00 0.000000000000000000e+00 4.016279044983941393e-01 4.104178632715448916e-01 0.000000000000000000e+00 0.000000000000000000e+00 4.584943653299336508e-01 4.657740937621258626e-01 6.617680405155025591e-02 0.000000000000000000e+00
0.000000000000000000e+00 0.000000000000000000e+00 0.000000000000000000e+00 0.000000000000000000e+00 4.784788721366543540e-01 0.000000000000000000e+00 0.000000000000000000e+00 0.000000000000000000e+00 4.037213047867169169e-01 4.112426087992392398e-01 0.000000000000000000e+00 0.000000000000000000e+00 4.726920116413099726e-01 4.786983918221928702e-01 8.211743067733914825e-02 0.000000000000000000e+00
0.000000000000000000e+00 0.000000000000000000e+00 0.000000000000000000e+00 0.000000000000000000e+00 4.732242654964115003e-01 0.000000000000000000e+00 0.000000000000000000e+00 0.000000000000000000e+00 4.100004712301448806e-01 4.122096723086149939e-01 0.000000000000000000e+00 0.000000000000000000e+00 4.738139375620639138e-01 4.761272800840750663e-01 8.119725134536504019e-02 0.000000000000000000e+00
0.000000000000000000e+00 0.000000000000000000e+00 0.000000000000000000e+00 0.000000000000000000e+00 4.827299515176700639e-01 0.000000000000000000e+00 0.000000000000000000e+00 0.000000000000000000e+00 4.152949161676949275e-01 4.137665797856530658e-01 0.000000000000000000e+00 0.000000000000000000e+00 4.732898474405816680e-01 4.690485603791526570e-01 8.192518600464318568e-02 0.000000000000000000e+00
0.000000000000000000e+00 0.000000000000000000e+00 0.000000000000000000e+00 0.000000000000000000e+00 4.738867153886902606e-01 0.000000000000000000e+00 0.000000000000000000e+00 0.000000000000000000e+00 4.116294347927908492e-01 4.137181259784992182e-01 0.000000000000000000e+00 0.000000000000000000e+00 4.541682818371281516e-01 4.551591578427149898e-01 6.610291230601589296e-02 0.000000000000000000e+00
0.000000000000000000e+00 0.000000000000000000e+00 0.000000000000000000e+00 0.000000000000000000e+00 4.839287250537891993e-01 0.000000000000000000e+00 0.000000000000000000e+00 0.000000000000000000e+00 4.104824695976094784e-01 4.096163292975976145e-01 0.000000000000000000e+00 0.000000000000000000e+00 4.719441376575928548e-01 4.703380006016388837e-01 6.958758906577068581e-02 0.000000000000000000e+00
0.000000000000000000e+00 0.000000000000000000e+00 0.000000000000000000e+00 0.000000000000000000e+00 4.752162718661929186e-01 0.000000000000000000e+00 0.000000000000000000e+00 0.000000000000000000e+00 4.097629497796282938e-01 4.052394789911650252e-01 0.000000000000000000e+00 0.000000000000000000e+00 4.743289539483606654e-01 4.680597043264215773e-01 7.313525406876542068e-02 0.000000000000000000e+00
0.000000000000000000e+00 0.000000000000000000e+00 0.000000000000000000e+00 0.000000000000000000e+00 4.737155533841098665e-01 0.000000000000000000e+00 0.000000000000000000e+00 0.000000000000000000e+00 4.151731889201570880e-01 4.154815319660765671e-01 0.000000000000000000e+00 0.000000000000000000e+00 4.558728497653948830e-01 4.550239649801673392e-01 7.717861595674911646e-02 0.000000000000000000e+00
0.000000000000000000e+00 0.000000000000000000e+00 0.000000000000000000e+00 0.000000000000000000e+00 4.581997610546144073e-01 0.000000000000000000e+00 0.000000000000000000e+00 0.000000000000000000e+00 4.041398597629017320e-01 4.047960371913250643e-01 0.000000000000000000e+00 0.000000000000000000e+00 4.671165347814584812e-01 4.651104505625884289e-01 7.336238934686932500e-02 0.000000000000000000e+00
0.000000000000000000e+00 0.000000000000000000e+00 0.000000000000000000e+00 0.000000000000000000e+00 4.753002168228686597e-01 0.000000000000000000e+00 0.000000000000000000e+00 0.000000000000000000e+00 4.069478746593324647e-01 4.111234344711982569e-01 0.000000000000000000e+00 0.000000000000000000e+00 4.619844104193790990e-01 4.634458852180554644e-01 7.176426245443877361e-02 0.000000000000000000e+00
0.000000000000000000e+00 0.000000000000000000e+00 0.000000000000000000e+00 0.000000000000000000e+00 4.822769302636235045e-01 0.000000000000000000e+00 0.000000000000000000e+00 0.000000000000000000e+00 4.056452284986962753e-01 4.039794791918624450e-01 0.000000000000000000e+00 0.000000000000000000e+00 4.817251338963921548e-01 4.786121045607948377e-01 7.751115290581531148e-02 0.000000000000000000e+00
0.000000000000000000e+00 0.000000000000000000e+00 0.000000000000000000e+00 0.000000000000000000e+00 4.600535279499565200e-01 0.000000000000000000e+00 0.000000000000000000e+00 0.000000000000000000e+00 4.084574997195100643e-01 4.069783042344324864e-01 0.000000000000000000e+00 0.000000000000000000e+00 4.632323315453559243e-01 4.602857868816821463e-01 6.956189933974872563e-02 0.000000000000000000e+00
0.000000000000000000e+00 0.000000000000000000e+00 0.000000000000000000e+00 0.000000000000000000e+00 4.844118337679013675e-01 0.000000000000000000e+00 0.000000000000000000e+00 0.000000000000000000e+00 4.064485230215302836e-01 4.089086659546736779e-01 0.000000000000000000e+00 0.000000000000000000e+00 4.724637889621611242e-01 4.732607311195707878e-01 7.524766484056534532e-02 0.000000000000000000e+00
0.000000000000000000e+00 0.000000000000000000e+00 0.000000000000000000e+00 0.000000000000000000e+00 4.686680290386823211e-01 0.000000000000000000e+00 0.000000000000000000e+00 0.000000000000000000e+00 4.060914819223943595e-01 4.047600902383101662e-01 0.000000000000000000e+00 0.000000000000000000e+00 4.709033375982658032e-01 4.686120579889714310e-01 6.898510948730894599e-02 0.000000000000000000e+00
0.000000000000000000e+00 0.000000000000000000e+00 0.000000000000000000e+00 0.000000000000000000e+00 4.778879982523314696e-01 0.000000000000000000e+00 0.000000000000000000e+00 0.000000000000000000e+00 4.044390367238154260e-01 4.058784166474247446e-01 0.000000000000000000e+00 0.000000000000000000e+00 4.684533883819096967e-01 4.692046195012411491e-01 7.834790492808800522e-02 0.000000000000000000e+00
0.000000000000000000e+00 0.000000000000000000e+00 0.000000000000000000e+00 0.000000000000000000e+00 4.750762946051619307e-01 0.000000000000000000e+00 0.000000000000000000e+00 0.000000000000000000e+00 4.024739472226916970e-01 4.050433448838397510e-01 0.000000000000000000e+00 0.000000000000000000e+00 4.754498948580985207e-01 4.777627489555892892e-01 7.041636717949301127e-02 0.000000000000000000e+00
0.000000000000000000e+00 0.000000000000000000e+00 0.000000000000000000e+00 0.000000000000000000e+00 4.825852957661754816e-01 0.000000000000000000e+00 0.000000000000000000e+00 0.000000000000000000e+00 4.090581354293126304e-01 4.018126589364686141e-01 0.000000000000000000e+00 0.000000000000000000e+00 4.696832875449248879e-01 4.600195162255053538e-01 6.876653379078485895e-02 0.000000000000000000e+00
0.000000000000000000e+00 0.000000000000000000e+00 0.000000000000000000e+00 0.000000000000000000e+00 4.859965202658569905e-01 0.000000000000000000e+00 0.000000000000000000e+00 0.000000000000000000e+00 4.077685269274526347e-01 4.036402429574471040e-01 0.000000000000000000e+00 0.000000000000000000e+00 4.697612124165136405e-01 4.631605361663753695e-01 6.805062426591562685e-02 0.000000000000000000e+00
0.000000000000000000e+00 0.000000000000000000e+00 0.000000000000000000e+00 0.000000000000000000e+00 4.726893824442904291e-01 0.000000000000000000e+00 0.000000000000000000e+00 0.000000000000000000e+00 4.016179643340627159e-01 4.041341794685001099e-01 0.000000000000000000e+00 0.000000000000000000e+00 4.673632235328673556e-01 4.682740215618983459e-01 6.567140111259751889e-02 0.000000000000000000e+00
0.000000000000000000e+00 0.000000000000000000e+00 0.000000000000000000e+00 0.000000000000000000e+00 4.841117833245858759e-01 0.000000000000000000e+00 0.000000000000000000e+00 0.000000000000000000e+00 4.104543399535556802e-01 4.055237816645217985e-01 0.000000000000000000e+00 0.000000000000000000e+00 4.746447513462496159e-01 4.689118449594700810e-01 7.261326210865405584e-02 0.000000000000000000e+00
0.000000000000000000e+00 0.000000000000000000e+00 0.000000000000000000e+00 0.000000000000000000e+00 4.908159011378310788e-01 0.000000000000000000e+00 0.000000000000000000e+00 0.000000000000000000e+00 4.187607008314261359e-01 4.159593035787775284e-01 0.000000000000000000e+00 0.000000000000000000e+00 4.711085588854200257e-01 4.671477087338476442e-01 7.528738534599717369e-02 0.000000000000000000e+00
0.000000000000000000e+00 0.000000000000000000e+00 0.000000000000000000e+00 0.000000000000000000e+00 4.721792860697670569e-01 0.000000000000000000e+00 0.000000000000000000e+00 0.000000000000000000e+00 4.081335997428540696e-01 4.069474862529002257e-01 0.000000000000000000e+00 0.000000000000000000e+00 4.713614959141632088e-01 4.689195268210128997e-01 7.226645600376395417e-02 0.000000000000000000e+00
0.000000000000000000e+00 0.000000000000000000e+00 0.000000000000000000e+00 0.000000000000000000e+00 4.609955425760838832e-01 0.000000000000000000e+00 0.000000000000000000e+00 0.000000000000000000e+00 4.054216469646411136e-01 4.057738902941357972e-01 0.000000000000000000e+00 0.000000000000000000e+00 4.592985672924674856e-01 4.574884686300624281e-01 6.144333710267288473e-02 0.000000000000000000e+00
0.000000000000000000e+00 0.000000000000000000e+00 0.000000000000000000e+00 0.000000000000000000e+00 4.846723499495844689e-01 0.000000000000000000e+00 0.000000000000000000e+00 0.000000000000000000e+00 4.139003867246093815e-01 4.115777521906898717e-01 0.000000000000000000e+00 0.000000000000000000e+00 4.723309895203769426e-01 4.675394515477329094e-01 7.743609006189948463e-02 0.000000000000000000e+00
0.000000000000000000e+00 0.000000000000000000e+00 0.000000000000000000e+00 0.000000000000000000e+00 4.781194139248182706e-01 0.000000000000000000e+00 0.000000000000000000e+00 0.000000000000000000e+00 4.093914692584166293e-01 4.091641379400629552e-01 0.000000000000000000e+00 0.000000000000000000e+00 4.680988568665275795e-01 4.672216284222276417e-01 7.075495974665643728e-02 0.000000000000000000e+00
0.000000000000000000e+00 0.000000000000000000e+00 0.000000000000000000e+00 0.000000000000000000e+00 4.665775287548250549e-01 0.000000000000000000e+00 0.000000000000000000e+00 0.000000000000000000e+00 4.054205744760791541e-01 4.023396045357135464e-01 0.000000000000000000e+00 0.000000000000000000e+00 4.629130489315221308e-01 4.580961446225791378e-01 6.735367590391257153e-02 0.000000000000000000e+00
0.000000000000000000e+00 0.000000000000000000e+00 0.000000000000000000e+00 0.000000000000000000e+00 4.880185083090738951e-01 0.000000000000000000e+00 0.000000000000000000e+00 0.000000000000000000e+00 4.125449971696365514e-01 4.061584805320359037e-01 0.000000000000000000e+00 0.000000000000000000e+00 4.821058689049189661e-01 4.730449340467653974e-01 7.836689348377698372e-02 0.000000000000000000e+00
0.000000000000000000e+00 0.000000000000000000e+00 0.000000000000000000e+00 0.000000000000000000e+00 4.696912601353646077e-01 0.000000000000000000e+00 0.000000000000000000e+00 0.000000000000000000e+00 4.082156035265767091e-01 4.118309716877734949e-01 0.000000000000000000e+00 0.000000000000000000e+00 4.648801274017311802e-01 4.678516883194909770e-01 7.150076022904083839e-02 0.000000000000000000e+00
0.000000000000000000e+00 0.000000000000000000e+00 0.000000000000000000e+00 0.000000000000000000e+00 4.724473921391665887e-01 0.000000000000000000e+00 0.000000000000000000e+00 0.000000000000000000e+00 4.076973422751131171e-01 4.088707213069134871e-01 0.000000000000000000e+00 0.000000000000000000e+00 4.672721146327072916e-01 4.686045316462911225e-01 6.931559831803009442e-02 0.000000000000000000e+00
0.000000000000000000e+00 0.000000000000000000e+00 0.000000000000000000e+00 0.000000000000000000e+00 4.786994834367543916e-01 0.000000000000000000e+00 0.000000000000000000e+00 0.000000000000000000e+00 4.096693068203852151e-01 4.114134919149954328e-01 0.000000000000000000e+00 0.000000000000000000e+00 4.721445919194418028e-01 4.718757705398170521e-01 7.751190067525090543e-02 0.000000000000000000e+00
0.000000000000000000e+00 0.000000000000000000e+00 0.000000000000000000e+00 0.000000000000000000e+00 4.863619424430826177e-01 0.000000000000000000e+00 0.000000000000000000e+00 0.000000000000000000e+00 4.093568003497513597e-01 4.100137552974147392e-01 0.000000000000000000e+00 0.000000000000000000e+00 4.580819558374518152e-01 4.560078431614457695e-01 6.433254872063216834e-02 0.000000000000000000e+00
0.000000000000000000e+00 0.000000000000000000e+00 0.000000000000000000e+00 0.000000000000000000e+00 4.695529301290974344e-01 0.000000000000000000e+00 0.000000000000000000e+00 0.000000000000000000e+00 4.088101596561243278e-01 4.058914002031044355e-01 0.000000000000000000e+00 0.000000000000000000e+00 4.636512823562001784e-01 4.583211889262278627e-01 7.339754909539296379e-02 0.000000000000000000e+00
0.000000000000000000e+00 0.000000000000000000e+00 0.000000000000000000e+00 0.000000000000000000e+00 4.766476502863328801e-01 0.000000000000000000e+00 0.000000000000000000e+00 0.000000000000000000e+00 4.130142952158552538e-01 4.089783414168581821e-01 0.000000000000000000e+00 0.000000000000000000e+00 4.720478104274551390e-01 4.652385165309215753e-01 7.347019798440351801e-02 0.000000000000000000e+00
0.000000000000000000e+00 0.000000000000000000e+00 0.000000000000000000e+00 0.000000000000000000e+00 4.664346595923587468e-01 0.000000000000000000e+00 0.000000000000000000e+00 0.000000000000000000e+00 4.080467645485917894e-01 4.091011047403954604e-01 0.000000000000000000e+00 0.000000000000000000e+00 4.679851256954005168e-01 4.675293719677487969e-01 7.192388748725411785e-02 0.000000000000000000e+00
0.000000000000000000e+00 0.000000000000000000e+00 0.000000000000000000e+00 0.000000000000000000e+00 4.687380552049137394e-01 0.000000000000000000e+00 0.000000000000000000e+00 0.000000000000000000e+00 4.055275582161766423e-01 4.045508222091320771e-01 0.000000000000000000e+00 0.000000000000000000e+00 4.716176309245975196e-01 4.700403994053160561e-01 7.524112569937858874e-02 0.000000000000000000e+00
0.000000000000000000e+00 0.000000000000000000e+00 0.000000000000000000e+00 0.000000000000000000e+00 4.813588464570331404e-01 0.000000000000000000e+00 0.000000000000000000e+00 0.000000000000000000e+00 4.109220979791413653e-01 4.115430706557118845e-01 0.000000000000000000e+00 0.000000000000000000e+00 4.695808187290426705e-01 4.671094675502808768e-01 6.707246957012438782e-02 0.000000000000000000e+00
0.000000000000000000e+00 0.000000000000000000e+00 0.000000000000000000e+00 0.000000000000000000e+00 4.915706644371493073e-01 0.000000000000000000e+00 0.000000000000000000e+00 0.000000000000000000e+00 4.063857161317905864e-01 4.095134575988438330e-01 0.000000000000000000e+00 0.000000000000000000e+00 4.587092066633308707e-01 4.609037865126222044e-01 6.636908158091450738e-02 0.000000000000000000e+00
0.000000000000000000e+00 0.000000000000000000e+00 0.000000000000000000e+00 0.000000000000000000e+00 4.627826428490853239e-01 0.000000000000000000e+00 0.000000000000000000e+00 0.000000000000000000e+00 4.075941322740394002e-01 4.065611675722506368e-01 0.000000000000000000e+00 0.000000000000000000e+00 4.641594920955921522e-01 4.608048224899121137e-01 6.922174874889096274e-02 0.000000000000000000e+00
0.000000000000000000e+00 0.000000000000000000e+00 0.000000000000000000e+00 0.000000000000000000e+00 4.753130118203022780e-01 0.000000000000000000e+00 0.000000000000000000e+00 0.000000000000000000e+00 4.070852868511838918e-01 4.085656092190322886e-01 0.000000000000000000e+00 0.000000000000000000e+00 4.675602161167025095e-01 4.669850100325895204e-01 7.595198162975853873e-02 0.000000000000000000e+00
0.000000000000000000e+00 0.000000000000000000e+00 0.000000000000000000e+00 0.000000000000000000e+00 4.651751074421573429e-01 0.000000000000000000e+00 0.000000000000000000e+00 0.000000000000000000e+00 4.070090904047469760e-01 4.009378134818812334e-01 0.000000000000000000e+00 0.000000000000000000e+00 4.691171340055367289e-01 4.613930836946702474e-01 7.478774154863145063e-02 0.000000000000000000e+00
0.000000000000000000e+00 0.000000000000000000e+00 0.000000000000000000e+00 0.000000000000000000e+00 4.585187550897389941e-01 0.000000000000000000e+00 0.000000000000000000e+00 0.000000000000000000e+00 4.021569253875466599e-01 3.990004376239999484e-01 0.000000000000000000e+00 0.000000000000000000e+00 4.724016893668187556e-01 4.664525648757893994e-01 7.838612944113564074e-02 0.000000000000000000e+00
0.000000000000000000e+00 0.000000000000000000e+00 0.000000000000000000e+00 0.000000000000000000e+00 4.737974882299637036e-01 0.000000000000000000e+00 0.000000000000000000e+00 0.000000000000000000e+00 4.074997074280005682e-01 4.074836598469710469e-01 0.000000000000000000e+00 0.000000000000000000e+00 4.627607204176233946e-01 4.608134857336163570e-01 6.695757028001486644e-02 0.000000000000000000e+00
0.000000000000000000e+00 0.000000000000000000e+00 0.000000000000000000e+00 0.000000000000000000e+00 4.663524794981252497e-01 0.000000000000000000e+00 0.000000000000000000e+00 0.000000000000000000e+00 4.063017333075121251e-01 4.071605133675167409e-01 0.000000000000000000e+00 0.000000000000000000e+00 4.682421496814096473e-01 4.685490844081217632e-01 6.913785456950798103e-02 0.000000000000000000e+00
0.000000000000000000e+00 0.000000000000000000e+00 0.000000000000000000e+00 0.000000000000000000e+00 4.747633367425492246e-01 0.000000000000000000e+00 0.000000000000000000e+00 0.000000000000000000e+00 4.069579691458783954e-01 4.048688026514697946e-01 0.000000000000000000e+00 0.000000000000000000e+00 4.658857285560792372e-01 4.619315069333974066e-01 6.736258469802475224e-02 0.000000000000000000e+00
0.000000000000000000e+00 0.000000000000000000e+00 0.000000000000000000e+00 0.000000000000000000e+00 4.668221727342216631e-01 0.000000000000000000e+00 0.000000000000000000e+00 0.000000000000000000e+00 3.994517942770561270e-01 3.977297399173235215e-01 0.000000000000000000e+00 0.000000000000000000e+00 4.589671445733642940e-01 4.570190070104807600e-01 6.011965008366357277e-02 0.000000000000000000e+00
0.000000000000000000e+00 0.000000000000000000e+00 0.000000000000000000e+00 0.000000000000000000e+00 4.769730444799633595e-01 0.000000000000000000e+00 0.000000000000000000e+00 0.000000000000000000e+00 4.102743077474901301e-01 4.124241731205087746e-01 0.000000000000000000e+00 0.000000000000000000e+00 4.691739899661026558e-01 4.685580135253144540e-01 6.925509460211647095e-02 0.000000000000000000e+00
0.000000000000000000e+00 0.000000000000000000e+00 0.000000000000000000e+00 0.000000000000000000e+00 4.755283118312891855e-01 0.000000000000000000e+00 0.000000000000000000e+00 0.000000000000000000e+00 4.148480720373746711e-01 4.107032588731228118e-01 0.000000000000000000e+00 0.000000000000000000e+00 4.727201040220282979e-01 4.659217171559090764e-01 7.235386298833566820e-02 0.000000000000000000e+00
0.000000000000000000e+00 0.000000000000000000e+00 0.000000000000000000e+00 0.000000000000000000e+00 4.811587497178039796e-01 0.000000000000000000e+00 0.000000000000000000e+00 0.000000000000000000e+00 4.087750551458694259e-01 4.118526877415811804e-01 0.000000000000000000e+00 0.000000000000000000e+00 4.730636268082262230e-01 4.749639529342473132e-01 7.720663543054843980e-02 0.000000000000000000e+00
0.000000000000000000e+00 0.000000000000000000e+00 0.000000000000000000e+00 0.000000000000000000e+00 4.711625872971322848e-01 0.000000000000000000e+00 0.000000000000000000e+00 0.000000000000000000e+00 4.116158490645489554e-01 4.056924657807537415e-01 0.000000000000000000e+00 0.000000000000000000e+00 4.721357740273925407e-01 4.659780349482488537e-01 6.766493860879198297e-02 0.000000000000000000e+00
0.000000000000000000e+00 0.000000000000000000e+00 0.000000000000000000e+00 0.000000000000000000e+00 4.892039638186979067e-01 0.000000000000000000e+00 0.000000000000000000e+00 0.000000000000000000e+00 4.155783199334803224e-01 4.104500841495739571e-01 0.000000000000000000e+00 0.000000000000000000e+00 4.683873704692324003e-01 4.616142257028126861e-01 7.605514044221906023e-02 0.000000000000000000e+00
0.000000000000000000e+00 0.000000000000000000e+00 0.000000000000000000e+00 0.000000000000000000e+00 4.810020474017289716e-01 0.000000000000000000e+00 0.000000000000000000e+00 0.000000000000000000e+00 4.173729441610539159e-01 4.160601075576498276e-01 0.000000000000000000e+00 0.000000000000000000e+00 4.739951394016254094e-01 4.707047428657692989e-01 7.673135860515051254e-02 0.000000000000000000e+00
0.000000000000000000e+00 0.000000000000000000e+00 0.000000000000000000e+00 0.000000000000000000e+00 4.698601649743223696e-01 0.000000000000000000e+00 0.000000000000000000e+00 0.000000000000000000e+00 4.048223749512366298e-01 4.025465679324154444e-01 0.000000000000000000e+00 0.000000000000000000e+00 4.792162481630430904e-01 4.765833067097492437e-01 7.531329225951832740e-02 0.000000000000000000e+00
0.000000000000000000e+00 0.000000000000000000e+00 0.000000000000000000e+00 0.000000000000000000e+00 4.645242133333761791e-01 0.000000000000000000e+00 0.000000000000000000e+00 0.000000000000000000e+00 4.055371082443592901e-01 4.066169689545093835e-01 0.000000000000000000e+00 0.000000000000000000e+00 4.526492961631323753e-01 4.503740141271124209e-01 6.753586544587665552e-02 0.000000000000000000e+00
0.000000000000000000e+00 0.000000000000000000e+00 0.000000000000000000e+00 0.000000000000000000e+00 4.698957158672822376e-01 0.000000000000000000e+00 0.000000000000000000e+00 0.000000000000000000e+00 4.057716181228918639e-01 4.074101857086269152e-01 0.000000000000000000e+00 0.000000000000000000e+00 4.766156632104066593e-01 4.778459070199498893e-01 8.473751541628074535e-02 0.000000000000000000e+00
0.000000000000000000e+00 0.000000000000000000e+00 0.000000000000000000e+00 0.000000000000000000e+00 4.741421444596353729e-01 0.000000000000000000e+00 0.000000000000000000e+00 0.000000000000000000e+00 4.026499429547433784e-01 4.015298785655339597e-01 0.000000000000000000e+00 0.000000000000000000e+00 4.700160573354259519e-01 4.664290456827944187e-01 7.093121060364135366e-02 0.000000000000000000e+00
0.000000000000000000e+00 0.000000000000000000e+00 0.000000000000000000e+00 0.000000000000000000e+00 4.776064976124855255e-01 0.000000000000000000e+00 0.000000000000000000e+00 0.000000000000000000e+00 4.050719127326504188e-01 4.055495348239049336e-01 0.000000000000000000e+00 0.000000000000000000e+00 4.649103928451478462e-01 4.632484196910700569e-01 7.007986766429613601e-02 0.000000000000000000e+00
0.000000000000000000e+00 0.000000000000000000e+00 0.000000000000000000e+00 0.000000000000000000e+00 4.751375360659255698e-01 0.000000000000000000e+00 0.000000000000000000e+00 0.000000000000000000e+00 3.984684282741674521e-01 3.984960472717164470e-01 0.000000000000000000e+00 0.000000000000000000e+00 4.707396874498095407e-01 4.697543072745484771e-01 7.248231429163499995e-02 0.000000000000000000e+00
0.000000000000000000e+00 0.000000000000000000e+00 0.000000000000000000e+00 0.000000000000000000e+00 4.680198265179941197e-01 0.000000000000000000e+00 0.000000000000000000e+00 0.000000000000000000e+00 4.114283084620573572e-01 4.116645679690517090e-01 0.000000000000000000e+00 0.000000000000000000e+00 4.621209993282007211e-01 4.615776032145291752e-01 7.438924485083374394e-02 0.000000000000000000e+00
0.000000000000000000e+00 0.000000000000000000e+00 0.000000000000000000e+00 0.000000000000000000e+00 4.777806517393572983e-01 0.000000000000000000e+00 0.000000000000000000e+00 0.000000000000000000e+00 4.053792664927909351e-01 4.049169993123512556e-01 0.000000000000000000e+00 0.000000000000000000e+00 4.757369260876332384e-01 4.759629198430157526e-01 7.440889069782433141e-02 0.000000000000000000e+00
0.000000000000000000e+00 0.000000000000000000e+00 0.000000000000000000e+00 0.000000000000000000e+00 4.801043761841750634e-01 0.000000000000000000e+00 0.000000000000000000e+00 0.000000000000000000e+00 4.036604579444805774e-01 4.058537024857413744e-01 0.000000000000000000e+00 0.000000000000000000e+00 4.636614215412007134e-01 4.646402426176503564e-01 6.452625846205220506e-02 0.000000000000000000e+00
0.000000000000000000e+00 0.000000000000000000e+00 0.000000000000000000e+00 0.000000000000000000e+00 4.738076149263176773e-01 0.000000000000000000e+00 0.000000000000000000e+00 0.000000000000000000e+00 4.090677434839388726e-01 4.112151701100693613e-01 0.000000000000000000e+00 0.000000000000000000e+00 4.707365190175683001e-01 4.727751035297922955e-01 7.547381025937084653e-02 0.000000000000000000e+00
0.000000000000000000e+00 0.000000000000000000e+00 0.000000000000000000e+00 0.000000000000000000e+00 4.763935292389027132e-01 0.000000000000000000e+00 0.000000000000000000e+00 0.000000000000000000e+00 4.145343418364719201e-01 4.136020584944364309e-01 0.000000000000000000e+00 0.000000000000000000e+00 4.661811674004950889e-01 4.645305673201221008e-01 7.607410790597150807e-02 0.000000000000000000e+00
0.000000000000000000e+00 0.000000000000000000e+00 0.000000000000000000e+00 0.000000000000000000e+00 4.728737418674267001e-01 0.000000000000000000e+00 0.000000000000000000e+00 0.000000000000000000e+00 4.073322449881939811e-01 4.078251033648570001e-01 0.000000000000000000e+00 0.000000000000000000e+00 4.611497024013179180e-01 4.595518904795432014e-01 6.580950359018397644e-02 0.000000000000000000e+00
0.000000000000000000e+00 0.000000000000000000e+00 0.000000000000000000e+00 0.000000000000000000e+00 4.634315337749533859e-01 0.000000000000000000e+00 0.000000000000000000e+00 0.000000000000000000e+00 4.019785375427694651e-01 4.022633445734180024e-01 0.000000000000000000e+00 0.000000000000000000e+00 4.738225909572939543e-01 4.732848403143344873e-01 7.500448753018593151e-02 0.000000000000000000e+00
0.000000000000000000e+00 0.000000000000000000e+00 0.000000000000000000e+00 0.000000000000000000e+00 4.768277869375540101e-01 0.000000000000000000e+00 0.000000000000000000e+00 0.000000000000000000e+00 4.037233142020945076e-01 4.039098468213903614e-01 0.000000000000000000e+00 0.000000000000000000e+00 4.599060760060959541e-01 4.581369960384528706e-01 6.455596082585109141e-02 0.000000000000000000e+00
0.000000000000000000e+00 0.000000000000000000e+00 0.000000000000000000e+00 0.000000000000000000e+00 4.556179843166052734e-01 0.000000000000000000e+00 0.000000000000000000e+00 0.000000000000000000e+00 4.019562725667766845e-01 4.034754031055147738e-01 0.000000000000000000e+00 0.000000000000000000e+00 4.619764049811959095e-01 4.620399387501692434e-01 6.968590105860725248e-02 0.000000000000000000e+00
0.000000000000000000e+00 0.000000000000000000e+00 0.000000000000000000e+00 0.000000000000000000e+00 4.756982482283242941e-01 0.000000000000000000e+00 0.000000000000000000e+00 0.000000000000000000e+00 4.118058996584995635e-01 4.127116929938786649e-01 0.000000000000000000e+00 0.000000000000000000e+00 4.636706299565293010e-01 4.640283180178680911e-01 7.570123084067978403e-02 0.000000000000000000e+00
0.000000000000000000e+00 0.000000000000000000e+00 0.000000000000000000e+00 0.000000000000000000e+00 4.775474252064290104e-01 0.000000000000000000e+00 0.000000000000000000e+00 0.000000000000000000e+00 4.078992993087959262e-01 4.124968756521066315e-01 0.000000000000000000e+00 0.000000000000000000e+00 4.665069045550240823e-01 4.690823246515239964e-01 7.128207831972811770e-02 0.000000000000000000e+00
0.000000000000000000e+00 0.000000000000000000e+00 0.000000000000000000e+00 0.000000000000000000e+00 4.642761102698390596e-01 0.000000000000000000e+00 0.000000000000000000e+00 0.000000000000000000e+00 4.063646983276014146e-01 4.095084289902251040e-01 0.000000000000000000e+00 0.000000000000000000e+00 4.606001598268957831e-01 4.612308652510243023e-01 7.206707103439238815e-02 0.000000000000000000e+00
0.000000000000000000e+00 0.000000000000000000e+00 0.000000000000000000e+00 0.000000000000000000e+00 4.840493401073649449e-01 0.000000000000000000e+00 0.000000000000000000e+00 0.000000000000000000e+00 4.133732464347110724e-01 4.098547559965772802e-01 0.000000000000000000e+00 0.000000000000000000e+00 4.662059116933771619e-01 4.614789573244161280e-01 6.802367708217266218e-02 0.000000000000000000e+00
0.000000000000000000e+00 0.000000000000000000e+00 0.000000000000000000e+00 0.000000000000000000e+00 4.792464346925822682e-01 0.000000000000000000e+00 0.000000000000000000e+00 0.000000000000000000e+00 4.038129309155290003e-01 4.036720939063389579e-01 0.000000000000000000e+00 0.000000000000000000e+00 4.617992430560668438e-01 4.585860407566723640e-01 6.599456169258270666e-02 0.000000000000000000e+00
0.000000000000000000e+00 0.000000000000000000e+00 0.000000000000000000e+00 0.000000000000000000e+00 4.806960975309426121e-01 0.000000000000000000e+00 0.000000000000000000e+00 0.000000000000000000e+00 4.101061671792591290e-01 4.115246435731610419e-01 0.000000000000000000e+00 0.000000000000000000e+00 4.770825251311879844e-01 4.781225033344784769e-01 7.670935716386619030e-02 0.000000000000000000e+00
