# 'name' : 'rogers_a02_b00_d03_g06'
# 'source' : 'rogers_a02_b00_d03_g06.yaml'
# 'sample_pops' : ['X', 'D', 'Y', 'N']
# 'sample_size' : 1
# 'n_reps' : 100
# 'n_windows' : 200
# 'seq_length' : 100000000.0
# 'window_length' : 500000.0
# 'recomb_rate' : 1e-08
# 'mut_rate' : 1e-08
# 'created' : None
1.882462570915634920e-04 1.705165299008578174e-04 9.311120842640989523e-04 7.561802475936948553e-04
1.801984804731612691e-04 1.678433624403834635e-04 9.258106957692316180e-04 7.719283906602719941e-04
1.815479243013101609e-04 1.636857029699274424e-04 9.186153028527518959e-04 7.632545076712507351e-04
1.719310097778387807e-04 1.706424910378953597e-04 9.151207799490115782e-04 7.463324845257398926e-04
1.835839620862782598e-04 1.709902668574997354e-04 9.192808762125793476e-04 7.567616525685838058e-04
1.796091303818141854e-04 1.685904878786259370e-04 9.243527844309415648e-04 7.749428669762158974e-04
1.752210637182743719e-04 1.738103358677680233e-04 9.227993733680081405e-04 7.453374476086492518e-04
1.800587974179122764e-04 1.716048155082675834e-04 9.306332079104913868e-04 7.551778382618838398e-04
1.782043775767901226e-04 1.773155092597475640e-04 9.410014676575053976e-04 7.568722526592985530e-04
1.842069000205350600e-04 1.686576262354147428e-04 9.170888962535494971e-04 7.782982977369110478e-04
1.773167584952336704e-04 1.702274563960882753e-04 9.189666382455369438e-04 7.466000674500188105e-04
1.822335378774422269e-04 1.735014303149641133e-04 9.293191020562899165e-04 7.549592296152095837e-04
1.887073085630899903e-04 1.778694363864795922e-04 9.212506768193771045e-04 7.713376356544876826e-04
1.801986310445380336e-04 1.692793041826208132e-04 9.205313154679546422e-04 7.569280531661537990e-04
1.818586710636508751e-04 1.750663468820402976e-04 9.418267740646974221e-04 7.573785516309449817e-04
1.818533717514767380e-04 1.602947514386027011e-04 9.292019323793731947e-04 7.567099044451349376e-04
1.789698431787236873e-04 1.614628033613128507e-04 9.055246199471664098e-04 7.892904959674554733e-04
1.805246385001247830e-04 1.802026682067939538e-04 9.163797867103117391e-04 7.549253010168756372e-04
1.829179193430165065e-04 1.780139894119606235e-04 9.474130935281648448e-04 7.872685185773667426e-04
1.830079911401491792e-04 1.602106631593186773e-04 9.144842997336119755e-04 7.806574997207831219e-04
1.924109681502186408e-04 1.682615875367972705e-04 9.105402559600056251e-04 7.305172795503667681e-04
1.772582615996134341e-04 1.692269832045610568e-04 9.292528160086206863e-04 7.613242751033184527e-04
1.842545114479240661e-04 1.722880847956521498e-04 9.254713496103288356e-04 7.599456735383416798e-04
1.709814594658371845e-04 1.760287586304597781e-04 9.036921743085793912e-04 7.780286166836173104e-04
1.781939974914150890e-04 1.734520301376840342e-04 9.195246856318579432e-04 7.475081024471757693e-04
1.784321481812172849e-04 1.715534387220926063e-04 9.222998892110845530e-04 7.390402665720455233e-04
1.806392334939537349e-04 1.798894201341435378e-04 9.291200757509911678e-04 7.362733197878851537e-04
1.768190207735298577e-04 1.654250324898804921e-04 9.235903999482897222e-04 7.680672851842054510e-04
1.882226141804271803e-04 1.594547536116714477e-04 9.317064636674376966e-04 7.768500981991284526e-04
1.832209276796950494e-04 1.540057905619476115e-04 9.167159393254988064e-04 7.434607235887948258e-04
1.852067816930740821e-04 1.696668514674053293e-04 9.147051264676666661e-04 7.481968117483126825e-04
1.743035168973326092e-04 1.704997461745060353e-04 9.143563511183339099e-04 7.585088493638921219e-04
1.856781691840545900e-04 1.691482261566641567e-04 9.196163990480450950e-04 7.979833549068209931e-04
1.727457858376191529e-04 1.664866973791325551e-04 9.229929086993583559e-04 7.648445704324957108e-04
1.791221167292705472e-04 1.759221072225219181e-04 9.327568095773256136e-04 7.666489020730961074e-04
1.819654359428601225e-04 1.662463603386911165e-04 9.048904188512567294e-04 7.851565866252875874e-04
1.847928193169456163e-04 1.731703901178393429e-04 9.265565323982663526e-04 7.595367613643750834e-04
1.849413126130376598e-04 1.653768717567321060e-04 9.191939656329370075e-04 7.728846252606727139e-04
1.803189127750738174e-04 1.705294482531997155e-04 9.306403520152367777e-04 7.415259046029519388e-04
1.856534108273452395e-04 1.797941146813083612e-04 9.128451843761803582e-04 7.733013855647602420e-04
1.805425596977433187e-04 1.628831151748726016e-04 9.260696414108499563e-04 7.562089300342729773e-04
1.828262414640120890e-04 1.710598162280771147e-04 9.337789763762910323e-04 7.605725567310971449e-04
1.802368289863995592e-04 1.662775303016604609e-04 9.228285607545146487e-04 7.559484322874346829e-04
1.810798897688618392e-04 1.645385198594594243e-04 9.321154158612486107e-04 7.436380613953460800e-04
1.679181099153707782e-04 1.759275625243368287e-04 9.313932532881211406e-04 7.650613877089668590e-04
1.759159128042293233e-04 1.719640203420907325e-04 9.357445351170516536e-04 7.682938675848523464e-04
1.808590724791730921e-04 1.648999868505847107e-04 9.379254361379557635e-04 7.635190345666953643e-04
1.743593383954966441e-04 1.754314139126637547e-04 9.240305703859931583e-04 7.567463946180248702e-04
1.705703318471976583e-04 1.657610248522288097e-04 9.220513367456270549e-04 7.686244454766411223e-04
1.795117833047314986e-04 1.724860872778768354e-04 9.262263091127234194e-04 7.602374207584330652e-04
1.793944608970168245e-04 1.689861154233002422e-04 9.256081448249078901e-04 7.863774996351994206e-04
1.714858276280827141e-04 1.632890695412565437e-04 9.156278542096070406e-04 7.579095234370661219e-04
1.800952912678569905e-04 1.663110670461514682e-04 9.158135802196149975e-04 7.629584989375286577e-04
1.809007617756857775e-04 1.770572857706198913e-04 9.321463513632511190e-04 7.737903391643909112e-04
1.725644777016371954e-04 1.744572061972333738e-04 9.230345998542705162e-04 7.441341896298400704e-04
1.790081368299012822e-04 1.629462882331936279e-04 9.220242884916274176e-04 7.718458638352182618e-04
1.845958410396659609e-04 1.689218486835117772e-04 9.259738865659643790e-04 7.635618658274938514e-04
1.810252124031472309e-04 1.661573788304397301e-04 9.226333638668939323e-04 7.574891479440985656e-04
1.743917264881032411e-04 1.631831893305957563e-04 9.248639062852615162e-04 7.926225899685514307e-04
1.784395413377992299e-04 1.737992438445887613e-04 9.162680978675130606e-04 7.669647266134905919e-04
1.811899447771065947e-04 1.762159849529985488e-04 9.221742936169709031e-04 7.680104434005944128e-04
1.781714184147929108e-04 1.659188487862785460e-04 9.103263800636651488e-04 7.532931134439973999e-04
1.854762389426931166e-04 1.711967879965616978e-04 9.227164987672015510e-04 7.527486482542150885e-04
1.775089989650043270e-04 1.670529238334162326e-04 9.265841002659871810e-04 7.672322922694075308e-04
1.754931181793672611e-04 1.589426390435272124e-04 9.211365948342764782e-04 7.841124563204812962e-04
1.791671767229342880e-04 1.716795879697388086e-04 9.293148920557401348e-04 7.738457804422314585e-04
1.855156404812747075e-04 1.681630097133551024e-04 9.185914757596385684e-04 7.636059613750504141e-04
1.754136026148115084e-04 1.791214191517655641e-04 9.169589829385439792e-04 7.572715217690748936e-04
1.818337180250190319e-04 1.796256036980311427e-04 9.213140603799754424e-04 7.453795841961738649e-04
1.830688949568307739e-04 1.749650342470424741e-04 9.275795915376555461e-04 7.809602030516085442e-04
1.832279236610938442e-04 1.707729938566995723e-04 9.233712403065309467e-04 7.627380169031713550e-04
1.767335997641295453e-04 1.731977521495617247e-04 9.250010095006169298e-04 7.740484508877972045e-04
1.803321251660200528e-04 1.745900462215204199e-04 9.385258731498380804e-04 7.834928072204345919e-04
1.881751570412033446e-04 1.717351175125024227e-04 9.208976532854795888e-04 7.629362629142086077e-04
1.749727454345155378e-04 1.745270278943196170e-04 9.243880181796334172e-04 7.712846415794533117e-04
1.768795847650556714e-04 1.600856912058059396e-04 9.251004693566344935e-04 7.612164164969620252e-04
1.803074671239790581e-04 1.843014051741155817e-04 9.269101653824868671e-04 7.697734529297254810e-04
1.718832348760542688e-04 1.728581448398336124e-04 9.118350787192936163e-04 7.715907712538302814e-04
1.755080951065453884e-04 1.678417726858840342e-04 9.097068286405382738e-04 7.552124566100920817e-04
1.790251596772620551e-04 1.746293421400848297e-04 9.267149296655280769e-04 7.452907659180544719e-04
1.814064997296334651e-04 1.702923424816737193e-04 9.162147616458955974e-04 7.811482537874740641e-04
1.817983848512929744e-04 1.687634803092888120e-04 9.120586714254627419e-04 7.329871543067387673e-04
1.795453716534786389e-04 1.713078472346270915e-04 9.368045687129088629e-04 7.610589982001674924e-04
1.751484092139381232e-04 1.636334362080812358e-04 9.306266904990484999e-04 7.753695940200895555e-04
1.834421911107432209e-04 1.699582279286869935e-04 9.414931482266116012e-04 7.511522079665585187e-04
1.786952584307018965e-04 1.716580742160550837e-04 9.040067734494978665e-04 7.701330179363092242e-04
1.763413713030292278e-04 1.673953351384275677e-04 9.317862991690960576e-04 7.537008358154442507e-04
1.766879666969141654e-04 1.609231469545229767e-04 9.342343278180049873e-04 7.733396097270474464e-04
1.861807269145897021e-04 1.688302429682063399e-04 9.218461545760782113e-04 7.608635887899685727e-04
1.834515515265658749e-04 1.729957250983855564e-04 9.102925444640914791e-04 7.694527194395275969e-04
1.821375341228860241e-04 1.731334799878541070e-04 9.134414140812295623e-04 7.761314518358957380e-04
1.802453220125569116e-04 1.710039620919263654e-04 9.238048283221962816e-04 7.425769224680074708e-04
1.831276484110729594e-04 1.718613470340337661e-04 9.350676823835473838e-04 7.846357652733255018e-04
1.855739243448837499e-04 1.699361067209312804e-04 9.339097483094061045e-04 7.743579544990452724e-04
1.796159011830536034e-04 1.658591368966721383e-04 9.107019325919666307e-04 7.702413533694145269e-04
1.813072362647539810e-04 1.579899958200148898e-04 9.175157979132262005e-04 7.660221596667686223e-04
1.881063222955274832e-04 1.706010021270072988e-04 9.142701149276020621e-04 7.698729197270623090e-04
1.745399632707923181e-04 1.725863819901710117e-04 9.151939256428859261e-04 7.800644489648256210e-04
1.799140186450893099e-04 1.711339961189103280e-04 9.402544066145135035e-04 7.817051526959483852e-04
1.756908816451630917e-04 1.624973275756115196e-04 9.162373625901020164e-04 7.470602528079106934e-04
