# 'name' : 'rogers_a02_b00_d03_g06'
# 'source' : 'rogers_a02_b00_d03_g06.yaml'
# 'sample_pops' : ['X', 'D', 'Y', 'N']
# 'sample_size' : 1
# 'n_reps' : 100
# 'n_windows' : 200
# 'seq_length' : 100000000.0
# 'window_length' : 500000.0
# 'recomb_rate' : 1e-08
# 'mut_rate' : 1e-08
# 'created' : None
0.000000000000000000e+00 0.000000000000000000e+00 0.000000000000000000e+00 0.000000000000000000e+00 5.032502067422648089e-04 0.000000000000000000e+00 0.000000000000000000e+00 0.000000000000000000e+00 1.327199932441895441e-03 1.310745283716315728e-03 0.000000000000000000e+00 0.000000000000000000e+00 1.313242686214076502e-03 1.290081618479640762e-03 9.695136757690342357e-04 0.000000000000000000e+00
0.000000000000000000e+00 0.000000000000000000e+00 0.000000000000000000e+00 0.000000000000000000e+00 4.904338631727698855e-04 0.000000000000000000e+00 0.000000000000000000e+00 0.000000000000000000e+00 1.313863726771242113e-03 1.295151573476076767e-03 0.000000000000000000e+00 0.000000000000000000e+00 1.285694504777891998e-03 1.260818013074047408e-03 9.667866949207527469e-04 0.000000000000000000e+00
0.000000000000000000e+00 0.000000000000000000e+00 0.000000000000000000e+00 0.000000000000000000e+00 5.016511251861671900e-04 0.000000000000000000e+00 0.000000000000000000e+00 0.000000000000000000e+00 1.321780259447458139e-03 1.304139177878816877e-03 0.000000000000000000e+00 0.000000000000000000e+00 1.307327835099813792e-03 1.284369654994182205e-03 9.722757257997072114e-04 0.000000000000000000e+00
0.000000000000000000e+00 0.000000000000000000e+00 0.000000000000000000e+00 0.000000000000000000e+00 4.879759002936097118e-04 0.000000000000000000e+00 0.000000000000000000e+00 0.000000000000000000e+00 1.306480256942361105e-03 1.291301567298929745e-03 0.000000000000000000e+00 0.000000000000000000e+00 1.283678821791660232e-03 1.263970824544060310e-03 9.665710592745133025e-04 0.000000000000000000e+00
0.000000000000000000e+00 0.000000000000000000e+00 0.000000000000000000e+00 0.000000000000000000e+00 4.930498917494796672e-04 0.000000000000000000e+00 0.000000000000000000e+00 0.000000000000000000e+00 1.302482698841198007e-03 1.283889830140423280e-03 0.000000000000000000e+00 0.000000000000000000e+00 1.290557903880907090e-03 1.267882018484543447e-03 9.588137601455565089e-04 0.000000000000000000e+00
0.000000000000000000e+00 0.000000000000000000e+00 0.000000000000000000e+00 0.000000000000000000e+00 4.801922907450245723e-04 0.000000000000000000e+00 0.000000000000000000e+00 0.000000000000000000e+00 1.307700681378155903e-03 1.289892503267113478e-03 0.000000000000000000e+00 0.000000000000000000e+00 1.297407919396756197e-03 1.274920712894653816e-03 9.679769158245753050e-04 0.000000000000000000e+00
0.000000000000000000e+00 0.000000000000000000e+00 0.000000000000000000e+00 0.000000000000000000e+00 4.926030010451063704e-04 0.000000000000000000e+00 0.000000000000000000e+00 0.000000000000000000e+00 1.314818589100348947e-03 1.301390704990088801e-03 0.000000000000000000e+00 0.000000000000000000e+00 1.292283664224674802e-03 1.276439724123983304e-03 9.744910914149602010e-04 0.000000000000000000e+00
0.000000000000000000e+00 0.000000000000000000e+00 0.000000000000000000e+00 0.000000000000000000e+00 5.080727274960774144e-04 0.000000000000000000e+00 0.000000000000000000e+00 0.000000000000000000e+00 1.329004344602244042e-03 1.315750593464886688e-03 0.000000000000000000e+00 0.000000000000000000e+00 1.308994982807263263e-03 1.287003046444982731e-03 9.714407336168974375e-04 0.000000000000000000e+00
0.000000000000000000e+00 0.000000000000000000e+00 0.000000000000000000e+00 0.000000000000000000e+00 5.012005331149413379e-04 0.000000000000000000e+00 0.000000000000000000e+00 0.000000000000000000e+00 1.319547536706017210e-03 1.304328528587027445e-03 0.000000000000000000e+00 0.000000000000000000e+00 1.305063489437695637e-03 1.285783276290958406e-03 9.718746106278773221e-04 0.000000000000000000e+00
0.000000000000000000e+00 0.000000000000000000e+00 0.000000000000000000e+00 0.000000000000000000e+00 5.150610589468824574e-04 0.000000000000000000e+00 0.000000000000000000e+00 0.000000000000000000e+00 1.323546540172546764e-03 1.301800651329621189e-03 0.000000000000000000e+00 0.000000000000000000e+00 1.303255876084884451e-03 1.274790463510307214e-03 9.624262703693671440e-04 0.000000000000000000e+00
0.000000000000000000e+00 0.000000000000000000e+00 0.000000000000000000e+00 0.000000000000000000e+00 4.889731020629783714e-04 0.000000000000000000e+00 0.000000000000000000e+00 0.000000000000000000e+00 1.330541000190500148e-03 1.315925288340562488e-03 0.000000000000000000e+00 0.000000000000000000e+00 1.316062844219796938e-03 1.293820503415778677e-03 9.759962962234168060e-04 0.000000000000000000e+00
0.000000000000000000e+00 0.000000000000000000e+00 0.000000000000000000e+00 0.000000000000000000e+00 4.945729100128251664e-04 0.000000000000000000e+00 0.000000000000000000e+00 0.000000000000000000e+00 1.310036789609527819e-03 1.297508831436214533e-03 0.000000000000000000e+00 0.000000000000000000e+00 1.294381329074639113e-03 1.274541241881056979e-03 9.730597118196189499e-04 0.000000000000000000e+00
0.000000000000000000e+00 0.000000000000000000e+00 0.000000000000000000e+00 0.000000000000000000e+00 5.012873434805803496e-04 0.000000000000000000e+00 0.000000000000000000e+00 0.000000000000000000e+00 1.317676019124640070e-03 1.299313571633763835e-03 0.000000000000000000e+00 0.000000000000000000e+00 1.305577638649523279e-03 1.282964980298977346e-03 9.755103860838744683e-04 0.000000000000000000e+00
0.000000000000000000e+00 0.000000000000000000e+00 0.000000000000000000e+00 0.000000000000000000e+00 4.919625920673283007e-04 0.000000000000000000e+00 0.000000000000000000e+00 0.000000000000000000e+00 1.311667076501207580e-03 1.296151058158541078e-03 0.000000000000000000e+00 0.000000000000000000e+00 1.293987446669789829e-03 1.274280792113392270e-03 9.711985488263409757e-04 0.000000000000000000e+00
0.000000000000000000e+00 0.000000000000000000e+00 0.000000000000000000e+00 0.000000000000000000e+00 5.028325126932740516e-04 0.000000000000000000e+00 0.000000000000000000e+00 0.000000000000000000e+00 1.320620188712273236e-03 1.305562549514779729e-03 0.000000000000000000e+00 0.000000000000000000e+00 1.300600748205839145e-03 1.279618094513260227e-03 9.682272429836362481e-04 0.000000000000000000e+00
0.000000000000000000e+00 0.000000000000000000e+00 0.000000000000000000e+00 0.000000000000000000e+00 4.849007836998856088e-04 0.000000000000000000e+00 0.000000000000000000e+00 0.000000000000000000e+00 1.311254958502624038e-03 1.295902916144097902e-03 0.000000000000000000e+00 0.000000000000000000e+00 1.294935986004122413e-03 1.276256722449392112e-03 9.670354082842544819e-04 0.000000000000000000e+00
0.000000000000000000e+00 0.000000000000000000e+00 0.000000000000000000e+00 0.000000000000000000e+00 4.778254465793342490e-04 0.000000000000000000e+00 0.000000000000000000e+00 0.000000000000000000e+00 1.306503839741060850e-03 1.295196054220830711e-03 0.000000000000000000e+00 0.000000000000000000e+00 1.287608396605351407e-03 1.272087066964349951e-03 9.666398331404633427e-04 0.000000000000000000e+00
0.000000000000000000e+00 0.000000000000000000e+00 0.000000000000000000e+00 0.000000000000000000e+00 5.119148423690070455e-04 0.000000000000000000e+00 0.000000000000000000e+00 0.000000000000000000e+00 1.336417027596499205e-03 1.315320043661885770e-03 0.000000000000000000e+00 0.000000000000000000e+00 1.332520387891726783e-03 1.306010588278031133e-03 9.620407486945664654e-04 0.000000000000000000e+00
0.000000000000000000e+00 0.000000000000000000e+00 0.000000000000000000e+00 0.000000000000000000e+00 4.924813095453866273e-04 0.000000000000000000e+00 0.000000000000000000e+00 0.000000000000000000e+00 1.311159294055059491e-03 1.294408928480908190e-03 0.000000000000000000e+00 0.000000000000000000e+00 1.301988920838992531e-03 1.280244820414528457e-03 9.666733464859172476e-04 0.000000000000000000e+00
0.000000000000000000e+00 0.000000000000000000e+00 0.000000000000000000e+00 0.000000000000000000e+00 4.866166030394366280e-04 0.000000000000000000e+00 0.000000000000000000e+00 0.000000000000000000e+00 1.317822709115765633e-03 1.306679180104322558e-03 0.000000000000000000e+00 0.000000000000000000e+00 1.297620689221050221e-03 1.278415559870375081e-03 9.732580841350299550e-04 0.000000000000000000e+00
0.000000000000000000e+00 0.000000000000000000e+00 0.000000000000000000e+00 0.000000000000000000e+00 4.891839321207192828e-04 0.000000000000000000e+00 0.000000000000000000e+00 0.000000000000000000e+00 1.301163423261704260e-03 1.288024577700456292e-03 0.000000000000000000e+00 0.000000000000000000e+00 1.290671425886807120e-03 1.273158681162190817e-03 9.624756731018356245e-04 0.000000000000000000e+00
0.000000000000000000e+00 0.000000000000000000e+00 0.000000000000000000e+00 0.000000000000000000e+00 4.859068826202977910e-04 0.000000000000000000e+00 0.000000000000000000e+00 0.000000000000000000e+00 1.334399730278164548e-03 1.318635410924924372e-03 0.000000000000000000e+00 0.000000000000000000e+00 1.319705622214050692e-03 1.300205635302440453e-03 9.730448638347538939e-04 0.000000000000000000e+00
0.000000000000000000e+00 0.000000000000000000e+00 0.000000000000000000e+00 0.000000000000000000e+00 4.907791261712228818e-04 0.000000000000000000e+00 0.000000000000000000e+00 0.000000000000000000e+00 1.334110873905661274e-03 1.315323431243424187e-03 0.000000000000000000e+00 0.000000000000000000e+00 1.316754921414645596e-03 1.296424246093561558e-03 9.684908553417259603e-04 0.000000000000000000e+00
0.000000000000000000e+00 0.000000000000000000e+00 0.000000000000000000e+00 0.000000000000000000e+00 5.027850647117928411e-04 0.000000000000000000e+00 0.000000000000000000e+00 0.000000000000000000e+00 1.318688986227567212e-03 1.298912173662357221e-03 0.000000000000000000e+00 0.000000000000000000e+00 1.302187028947096679e-03 1.277788367232461858e-03 9.827766421348937444e-04 0.000000000000000000e+00
0.000000000000000000e+00 0.000000000000000000e+00 0.000000000000000000e+00 0.000000000000000000e+00 5.005284499832257867e-04 0.000000000000000000e+00 0.000000000000000000e+00 0.000000000000000000e+00 1.326524024586938320e-03 1.309094235104969577e-03 0.000000000000000000e+00 0.000000000000000000e+00 1.308327013627337077e-03 1.285855533835782898e-03 9.690183568875820799e-04 0.000000000000000000e+00
0.000000000000000000e+00 0.000000000000000000e+00 0.000000000000000000e+00 0.000000000000000000e+00 4.833291042824481350e-04 0.000000000000000000e+00 0.000000000000000000e+00 0.000000000000000000e+00 1.317741187564705182e-03 1.308026940967777548e-03 0.000000000000000000e+00 0.000000000000000000e+00 1.302096142718375295e-03 1.286302104010407510e-03 9.660764463331030297e-04 0.000000000000000000e+00
0.000000000000000000e+00 0.000000000000000000e+00 0.000000000000000000e+00 0.000000000000000000e+00 5.061577467064526641e-04 0.000000000000000000e+00 0.000000000000000000e+00 0.000000000000000000e+00 1.302033493503214606e-03 1.287273801199777332e-03 0.000000000000000000e+00 0.000000000000000000e+00 1.296877554396127846e-03 1.279124354386130874e-03 9.746686643214920627e-04 0.000000000000000000e+00
0.000000000000000000e+00 0.000000000000000000e+00 0.000000000000000000e+00 0.000000000000000000e+00 4.811908940004717343e-04 0.000000000000000000e+00 0.000000000000000000e+00 0.000000000000000000e+00 1.321008353334310629e-03 1.309931210331651908e-03 0.000000000000000000e+00 0.000000000000000000e+00 1.306767392680343231e-03 1.287765483542902510e-03 9.682968819384913132e-04 0.000000000000000000e+00
0.000000000000000000e+00 0.000000000000000000e+00 0.000000000000000000e+00 0.000000000000000000e+00 4.835346238670492030e-04 0.000000000000000000e+00 0.000000000000000000e+00 0.000000000000000000e+00 1.313562832660785046e-03 1.306867701071759424e-03 0.000000000000000000e+00 0.000000000000000000e+00 1.294257332700658736e-03 1.278254436811543469e-03 9.697302772164347311e-04 0.000000000000000000e+00
0.000000000000000000e+00 0.000000000000000000e+00 0.000000000000000000e+00 0.000000000000000000e+00 4.796416627574676649e-04 0.000000000000000000e+00 0.000000000000000000e+00 0.000000000000000000e+00 1.294132864419304720e-03 1.281575224922935387e-03 0.000000000000000000e+00 0.000000000000000000e+00 1.281476598629450190e-03 1.261656740739254762e-03 9.705823094099227033e-04 0.000000000000000000e+00
0.000000000000000000e+00 0.000000000000000000e+00 0.000000000000000000e+00 0.000000000000000000e+00 4.960400089994086411e-04 0.000000000000000000e+00 0.000000000000000000e+00 0.000000000000000000e+00 1.317965883991960947e-03 1.301614549918355193e-03 0.000000000000000000e+00 0.000000000000000000e+00 1.298167894643854252e-03 1.279009134407628695e-03 9.697715141639449499e-04 0.000000000000000000e+00
0.000000000000000000e+00 0.000000000000000000e+00 0.000000000000000000e+00 0.000000000000000000e+00 4.955273521687058192e-04 0.000000000000000000e+00 0.000000000000000000e+00 0.000000000000000000e+00 1.317973809613471811e-03 1.307767092367494990e-03 0.000000000000000000e+00 0.000000000000000000e+00 1.298828729342870955e-03 1.280151937621969637e-03 9.761996126623705659e-04 0.000000000000000000e+00
0.000000000000000000e+00 0.000000000000000000e+00 0.000000000000000000e+00 0.000000000000000000e+00 4.990808763333514243e-04 0.000000000000000000e+00 0.000000000000000000e+00 0.000000000000000000e+00 1.326599564599681598e-03 1.313475449505161104e-03 0.000000000000000000e+00 0.000000000000000000e+00 1.307327874210747467e-03 1.286991640610760318e-03 9.752116290696029657e-04 0.000000000000000000e+00
0.000000000000000000e+00 0.000000000000000000e+00 0.000000000000000000e+00 0.000000000000000000e+00 4.960402221386305162e-04 0.000000000000000000e+00 0.000000000000000000e+00 0.000000000000000000e+00 1.317795220058933176e-03 1.304593075044688287e-03 0.000000000000000000e+00 0.000000000000000000e+00 1.303363064302371028e-03 1.286124337313904274e-03 9.642188230580719770e-04 0.000000000000000000e+00
0.000000000000000000e+00 0.000000000000000000e+00 0.000000000000000000e+00 0.000000000000000000e+00 5.048145086568134147e-04 0.000000000000000000e+00 0.000000000000000000e+00 0.000000000000000000e+00 1.329368619978039436e-03 1.312049832490662588e-03 0.000000000000000000e+00 0.000000000000000000e+00 1.314374712206177161e-03 1.289575165334400086e-03 9.758351151274791482e-04 0.000000000000000000e+00
0.000000000000000000e+00 0.000000000000000000e+00 0.000000000000000000e+00 0.000000000000000000e+00 4.908900776950336862e-04 0.000000000000000000e+00 0.000000000000000000e+00 0.000000000000000000e+00 1.312033571426118655e-03 1.291755374704172321e-03 0.000000000000000000e+00 0.000000000000000000e+00 1.286238413953485300e-03 1.260498320579807145e-03 9.750820814237410672e-04 0.000000000000000000e+00
0.000000000000000000e+00 0.000000000000000000e+00 0.000000000000000000e+00 0.000000000000000000e+00 4.794422575178000070e-04 0.000000000000000000e+00 0.000000000000000000e+00 0.000000000000000000e+00 1.310243383764510619e-03 1.296244265702580162e-03 0.000000000000000000e+00 0.000000000000000000e+00 1.290947646856604927e-03 1.267772896338360215e-03 9.682351087081564247e-04 0.000000000000000000e+00
0.000000000000000000e+00 0.000000000000000000e+00 0.000000000000000000e+00 0.000000000000000000e+00 4.961877827347297180e-04 0.000000000000000000e+00 0.000000000000000000e+00 0.000000000000000000e+00 1.311466826150511564e-03 1.299113641487482452e-03 0.000000000000000000e+00 0.000000000000000000e+00 1.295844530693799658e-03 1.274669465682750366e-03 9.694191568374475529e-04 0.000000000000000000e+00
0.000000000000000000e+00 0.000000000000000000e+00 0.000000000000000000e+00 0.000000000000000000e+00 5.042296864714055716e-04 0.000000000000000000e+00 0.000000000000000000e+00 0.000000000000000000e+00 1.315609217513673875e-03 1.297982437634213632e-03 0.000000000000000000e+00 0.000000000000000000e+00 1.304521337809609821e-03 1.282423397765883148e-03 9.686553954988430006e-04 0.000000000000000000e+00
0.000000000000000000e+00 0.000000000000000000e+00 0.000000000000000000e+00 0.000000000000000000e+00 4.929068664071659415e-04 0.000000000000000000e+00 0.000000000000000000e+00 0.000000000000000000e+00 1.307271066046103523e-03 1.293703382917185153e-03 0.000000000000000000e+00 0.000000000000000000e+00 1.297056794771609626e-03 1.276410615616880347e-03 9.624905564169758442e-04 0.000000000000000000e+00
0.000000000000000000e+00 0.000000000000000000e+00 0.000000000000000000e+00 0.000000000000000000e+00 4.997001469159111347e-04 0.000000000000000000e+00 0.000000000000000000e+00 0.000000000000000000e+00 1.310963801228176096e-03 1.297091505585048436e-03 0.000000000000000000e+00 0.000000000000000000e+00 1.299007599253114171e-03 1.275980101527623240e-03 9.711723038144051299e-04 0.000000000000000000e+00
0.000000000000000000e+00 0.000000000000000000e+00 0.000000000000000000e+00 0.000000000000000000e+00 4.937525608266834587e-04 0.000000000000000000e+00 0.000000000000000000e+00 0.000000000000000000e+00 1.325594044915672995e-03 1.306376312703112254e-03 0.000000000000000000e+00 0.000000000000000000e+00 1.306849487929275227e-03 1.281546098539685903e-03 9.663100602753650582e-04 0.000000000000000000e+00
0.000000000000000000e+00 0.000000000000000000e+00 0.000000000000000000e+00 0.000000000000000000e+00 4.906862060946511625e-04 0.000000000000000000e+00 0.000000000000000000e+00 0.000000000000000000e+00 1.302243411978187479e-03 1.288368183939154511e-03 0.000000000000000000e+00 0.000000000000000000e+00 1.283460815362080960e-03 1.263523056045000575e-03 9.734757839817831512e-04 0.000000000000000000e+00
0.000000000000000000e+00 0.000000000000000000e+00 0.000000000000000000e+00 0.000000000000000000e+00 4.893810982087452768e-04 0.000000000000000000e+00 0.000000000000000000e+00 0.000000000000000000e+00 1.306373502426549579e-03 1.295557293800360475e-03 0.000000000000000000e+00 0.000000000000000000e+00 1.288005479537214460e-03 1.273517038086089456e-03 9.571970297071061501e-04 0.000000000000000000e+00
0.000000000000000000e+00 0.000000000000000000e+00 0.000000000000000000e+00 0.000000000000000000e+00 4.878869862904623711e-04 0.000000000000000000e+00 0.000000000000000000e+00 0.000000000000000000e+00 1.312880618983255053e-03 1.298863103651527176e-03 0.000000000000000000e+00 0.000000000000000000e+00 1.293749752756811165e-03 1.272985522385550964e-03 9.669726006654642781e-04 0.000000000000000000e+00
0.000000000000000000e+00 0.000000000000000000e+00 0.000000000000000000e+00 0.000000000000000000e+00 5.055146582634246566e-04 0.000000000000000000e+00 0.000000000000000000e+00 0.000000000000000000e+00 1.324949719766737926e-03 1.304747509126512849e-03 0.000000000000000000e+00 0.000000000000000000e+00 1.302538566848238056e-03 1.275019721371893709e-03 9.704335210039222257e-04 0.000000000000000000e+00
0.000000000000000000e+00 0.000000000000000000e+00 0.000000000000000000e+00 0.000000000000000000e+00 4.865115044604013126e-04 0.000000000000000000e+00 0.000000000000000000e+00 0.000000000000000000e+00 1.313099354782365459e-03 1.300414012362608070e-03 0.000000000000000000e+00 0.000000000000000000e+00 1.295843075257398702e-03 1.276496095578497168e-03 9.648499184768038811e-04 0.000000000000000000e+00
0.000000000000000000e+00 0.000000000000000000e+00 0.000000000000000000e+00 0.000000000000000000e+00 5.036075392340354532e-04 0.000000000000000000e+00 0.000000000000000000e+00 0.000000000000000000e+00 1.315678880666067445e-03 1.300108578882729418e-03 0.000000000000000000e+00 0.000000000000000000e+00 1.298639851552139219e-03 1.278989153569724769e-03 9.612400854842656408e-04 0.000000000000000000e+00
0.000000000000000000e+00 0.000000000000000000e+00 0.000000000000000000e+00 0.000000000000000000e+00 4.958874287106726248e-04 0.000000000000000000e+00 0.000000000000000000e+00 0.000000000000000000e+00 1.336290704610261591e-03 1.320260032780897104e-03 0.000000000000000000e+00 0.000000000000000000e+00 1.310454716691236915e-03 1.290555729844954092e-03 9.771419596892984630e-04 0.000000000000000000e+00
0.000000000000000000e+00 0.000000000000000000e+00 0.000000000000000000e+00 0.000000000000000000e+00 4.959186811921632550e-04 0.000000000000000000e+00 0.000000000000000000e+00 0.000000000000000000e+00 1.320822175305480344e-03 1.307640345501250544e-03 0.000000000000000000e+00 0.000000000000000000e+00 1.302595111361688675e-03 1.281056805782351251e-03 9.693396844064393423e-04 0.000000000000000000e+00
0.000000000000000000e+00 0.000000000000000000e+00 0.000000000000000000e+00 0.000000000000000000e+00 4.745375991455769832e-04 0.000000000000000000e+00 0.000000000000000000e+00 0.000000000000000000e+00 1.305182272811851452e-03 1.291667461586199200e-03 0.000000000000000000e+00 0.000000000000000000e+00 1.294557367513890847e-03 1.274297138069654424e-03 9.610667923433929404e-04 0.000000000000000000e+00
0.000000000000000000e+00 0.000000000000000000e+00 0.000000000000000000e+00 0.000000000000000000e+00 4.864110788543946008e-04 0.000000000000000000e+00 0.000000000000000000e+00 0.000000000000000000e+00 1.308871228826784857e-03 1.290415841404440314e-03 0.000000000000000000e+00 0.000000000000000000e+00 1.285237442799910075e-03 1.257390103907552424e-03 9.697887554838240110e-04 0.000000000000000000e+00
0.000000000000000000e+00 0.000000000000000000e+00 0.000000000000000000e+00 0.000000000000000000e+00 4.920958022629680914e-04 0.000000000000000000e+00 0.000000000000000000e+00 0.000000000000000000e+00 1.308025921819833126e-03 1.288647881397716934e-03 0.000000000000000000e+00 0.000000000000000000e+00 1.292723730200998154e-03 1.268531333291075553e-03 9.591326612769422938e-04 0.000000000000000000e+00
0.000000000000000000e+00 0.000000000000000000e+00 0.000000000000000000e+00 0.000000000000000000e+00 4.913466995343203705e-04 0.000000000000000000e+00 0.000000000000000000e+00 0.000000000000000000e+00 1.317038045298554163e-03 1.300865702080278036e-03 0.000000000000000000e+00 0.000000000000000000e+00 1.296332124416658483e-03 1.274002524877171664e-03 9.705316614911674604e-04 0.000000000000000000e+00
0.000000000000000000e+00 0.000000000000000000e+00 0.000000000000000000e+00 0.000000000000000000e+00 5.066756976633814353e-04 0.000000000000000000e+00 0.000000000000000000e+00 0.000000000000000000e+00 1.316820675408315877e-03 1.299682386625315884e-03 0.000000000000000000e+00 0.000000000000000000e+00 1.301146036358387641e-03 1.276998175566163929e-03 9.674851087501906265e-04 0.000000000000000000e+00
0.000000000000000000e+00 0.000000000000000000e+00 0.000000000000000000e+00 0.000000000000000000e+00 4.762959208838825559e-04 0.000000000000000000e+00 0.000000000000000000e+00 0.000000000000000000e+00 1.309756024220395465e-03 1.301722369938331219e-03 0.000000000000000000e+00 0.000000000000000000e+00 1.293220800505362825e-03 1.281062734637135108e-03 9.711294886010185231e-04 0.000000000000000000e+00
0.000000000000000000e+00 0.000000000000000000e+00 0.000000000000000000e+00 0.000000000000000000e+00 4.952587622426120675e-04 0.000000000000000000e+00 0.000000000000000000e+00 0.000000000000000000e+00 1.325536286702037533e-03 1.309960944285408317e-03 0.000000000000000000e+00 0.000000000000000000e+00 1.304504093055145570e-03 1.286121645704594056e-03 9.631877865182551530e-04 0.000000000000000000e+00
0.000000000000000000e+00 0.000000000000000000e+00 0.000000000000000000e+00 0.000000000000000000e+00 4.951997189309570706e-04 0.000000000000000000e+00 0.000000000000000000e+00 0.000000000000000000e+00 1.318320550982279545e-03 1.305530418073648459e-03 0.000000000000000000e+00 0.000000000000000000e+00 1.303302189374927955e-03 1.281112531536968135e-03 9.738801760085917004e-04 0.000000000000000000e+00
0.000000000000000000e+00 0.000000000000000000e+00 0.000000000000000000e+00 0.000000000000000000e+00 4.890650227560863024e-04 0.000000000000000000e+00 0.000000000000000000e+00 0.000000000000000000e+00 1.313974934069714893e-03 1.302099799647534742e-03 0.000000000000000000e+00 0.000000000000000000e+00 1.298577578740318450e-03 1.277006335400558039e-03 9.717675236767546378e-04 0.000000000000000000e+00
0.000000000000000000e+00 0.000000000000000000e+00 0.000000000000000000e+00 0.000000000000000000e+00 4.883689902811638034e-04 0.000000000000000000e+00 0.000000000000000000e+00 0.000000000000000000e+00 1.307815688094866608e-03 1.292354664258991244e-03 0.000000000000000000e+00 0.000000000000000000e+00 1.284227454691909973e-03 1.261812299051142967e-03 9.677387004616342216e-04 0.000000000000000000e+00
0.000000000000000000e+00 0.000000000000000000e+00 0.000000000000000000e+00 0.000000000000000000e+00 5.107435275703099469e-04 0.000000000000000000e+00 0.000000000000000000e+00 0.000000000000000000e+00 1.333534985001143302e-03 1.311988374604062223e-03 0.000000000000000000e+00 0.000000000000000000e+00 1.314268607636243352e-03 1.283281309069616519e-03 9.721017207825368009e-04 0.000000000000000000e+00
0.000000000000000000e+00 0.000000000000000000e+00 0.000000000000000000e+00 0.000000000000000000e+00 4.723717855733912440e-04 0.000000000000000000e+00 0.000000000000000000e+00 0.000000000000000000e+00 1.291663101747131089e-03 1.280422125677771169e-03 0.000000000000000000e+00 0.000000000000000000e+00 1.276405135425730513e-03 1.258662171780027721e-03 9.533351642601967319e-04 0.000000000000000000e+00
0.000000000000000000e+00 0.000000000000000000e+00 0.000000000000000000e+00 0.000000000000000000e+00 4.963386996355848490e-04 0.000000000000000000e+00 0.000000000000000000e+00 0.000000000000000000e+00 1.310458829200688603e-03 1.291102862674671200e-03 0.000000000000000000e+00 0.000000000000000000e+00 1.293435082050392853e-03 1.269365361040406719e-03 9.656248973449048671e-04 0.000000000000000000e+00
0.000000000000000000e+00 0.000000000000000000e+00 0.000000000000000000e+00 0.000000000000000000e+00 4.994042583056549191e-04 0.000000000000000000e+00 0.000000000000000000e+00 0.000000000000000000e+00 1.331349912470377369e-03 1.318989644769414304e-03 0.000000000000000000e+00 0.000000000000000000e+00 1.308763201956986621e-03 1.287758157974897228e-03 9.632349131139812237e-04 0.000000000000000000e+00
0.000000000000000000e+00 0.000000000000000000e+00 0.000000000000000000e+00 0.000000000000000000e+00 4.935540238850242732e-04 0.000000000000000000e+00 0.000000000000000000e+00 0.000000000000000000e+00 1.297819112234175265e-03 1.286647346895777866e-03 0.000000000000000000e+00 0.000000000000000000e+00 1.287003888286338904e-03 1.268955267954107466e-03 9.672706090053320585e-04 0.000000000000000000e+00
0.000000000000000000e+00 0.000000000000000000e+00 0.000000000000000000e+00 0.000000000000000000e+00 4.814942162508091517e-04 0.000000000000000000e+00 0.000000000000000000e+00 0.000000000000000000e+00 1.315797717083403784e-03 1.303860999386245202e-03 0.000000000000000000e+00 0.000000000000000000e+00 1.292747752820009796e-03 1.273052818060129397e-03 9.712809693461074353e-04 0.000000000000000000e+00
0.000000000000000000e+00 0.000000000000000000e+00 0.000000000000000000e+00 0.000000000000000000e+00 5.016500010811648577e-04 0.000000000000000000e+00 0.000000000000000000e+00 0.000000000000000000e+00 1.313189007453826598e-03 1.294968405801914064e-03 0.000000000000000000e+00 0.000000000000000000e+00 1.302877049506101503e-03 1.278021672497803816e-03 9.707113126867144897e-04 0.000000000000000000e+00
0.000000000000000000e+00 0.000000000000000000e+00 0.000000000000000000e+00 0.000000000000000000e+00 4.879768837877655101e-04 0.000000000000000000e+00 0.000000000000000000e+00 0.000000000000000000e+00 1.294709989643500836e-03 1.280541690695251268e-03 0.000000000000000000e+00 0.000000000000000000e+00 1.283685451896996940e-03 1.264566774835845613e-03 9.665361500449845111e-04 0.000000000000000000e+00
0.000000000000000000e+00 0.000000000000000000e+00 0.000000000000000000e+00 0.000000000000000000e+00 4.889523598236222499e-04 0.000000000000000000e+00 0.000000000000000000e+00 0.000000000000000000e+00 1.294254760466437325e-03 1.280072405485259673e-03 0.000000000000000000e+00 0.000000000000000000e+00 1.282250844827053336e-03 1.260337679252926738e-03 9.681455586269220722e-04 0.000000000000000000e+00
0.000000000000000000e+00 0.000000000000000000e+00 0.000000000000000000e+00 0.000000000000000000e+00 5.077009221743844156e-04 0.000000000000000000e+00 0.000000000000000000e+00 0.000000000000000000e+00 1.320313892795243159e-03 1.308986813789166309e-03 0.000000000000000000e+00 0.000000000000000000e+00 1.306139004313150746e-03 1.289546402721336669e-03 9.711223352712115538e-04 0.000000000000000000e+00
0.000000000000000000e+00 0.000000000000000000e+00 0.000000000000000000e+00 0.000000000000000000e+00 4.890819798382509435e-04 0.000000000000000000e+00 0.000000000000000000e+00 0.000000000000000000e+00 1.312953709722240563e-03 1.298726539987332456e-03 0.000000000000000000e+00 0.000000000000000000e+00 1.297965841968878615e-03 1.278411776729354576e-03 9.615923709425874561e-04 0.000000000000000000e+00
0.000000000000000000e+00 0.000000000000000000e+00 0.000000000000000000e+00 0.000000000000000000e+00 4.952366581368960281e-04 0.000000000000000000e+00 0.000000000000000000e+00 0.000000000000000000e+00 1.314106575113307886e-03 1.299121897902779125e-03 0.000000000000000000e+00 0.000000000000000000e+00 1.303774737736295396e-03 1.283512338533869448e-03 9.653271792177233260e-04 0.000000000000000000e+00
0.000000000000000000e+00 0.000000000000000000e+00 0.000000000000000000e+00 0.000000000000000000e+00 4.872013822472878990e-04 0.000000000000000000e+00 0.000000000000000000e+00 0.000000000000000000e+00 1.305542464576041296e-03 1.292793730387138337e-03 0.000000000000000000e+00 0.000000000000000000e+00 1.292838613021304005e-03 1.277023164143918470e-03 9.658880035555243975e-04 0.000000000000000000e+00
0.000000000000000000e+00 0.000000000000000000e+00 0.000000000000000000e+00 0.000000000000000000e+00 5.115976281605663428e-04 0.000000000000000000e+00 0.000000000000000000e+00 0.000000000000000000e+00 1.332678964718610670e-03 1.320417553967383846e-03 0.000000000000000000e+00 0.000000000000000000e+00 1.313299982144894469e-03 1.290645518805335701e-03 9.613236387974563764e-04 0.000000000000000000e+00
0.000000000000000000e+00 0.000000000000000000e+00 0.000000000000000000e+00 0.000000000000000000e+00 4.885602773770981490e-04 0.000000000000000000e+00 0.000000000000000000e+00 0.000000000000000000e+00 1.336841157168003075e-03 1.318553792014550384e-03 0.000000000000000000e+00 0.000000000000000000e+00 1.318833172207290469e-03 1.294120195915494714e-03 9.732822308582427971e-04 0.000000000000000000e+00
0.000000000000000000e+00 0.000000000000000000e+00 0.000000000000000000e+00 0.000000000000000000e+00 4.851771590617124708e-04 0.000000000000000000e+00 0.000000000000000000e+00 0.000000000000000000e+00 1.312460991178300779e-03 1.301090566622377679e-03 0.000000000000000000e+00 0.000000000000000000e+00 1.299318658275712629e-03 1.282557862955731971e-03 9.759721968172747984e-04 0.000000000000000000e+00
0.000000000000000000e+00 0.000000000000000000e+00 0.000000000000000000e+00 0.000000000000000000e+00 5.079054493364629046e-04 0.000000000000000000e+00 0.000000000000000000e+00 0.000000000000000000e+00 1.332741631850035751e-03 1.316183834735418874e-03 0.000000000000000000e+00 0.000000000000000000e+00 1.321685612165180487e-03 1.301890298609783376e-03 9.656228934199673122e-04 0.000000000000000000e+00
0.000000000000000000e+00 0.000000000000000000e+00 0.000000000000000000e+00 0.000000000000000000e+00 5.011418583246796468e-04 0.000000000000000000e+00 0.000000000000000000e+00 0.000000000000000000e+00 1.314280796082827399e-03 1.298225950227325717e-03 0.000000000000000000e+00 0.000000000000000000e+00 1.297136115863718958e-03 1.274705002090435572e-03 9.716153754191404366e-04 0.000000000000000000e+00
0.000000000000000000e+00 0.000000000000000000e+00 0.000000000000000000e+00 0.000000000000000000e+00 4.914082838645185154e-04 0.000000000000000000e+00 0.000000000000000000e+00 0.000000000000000000e+00 1.321947164659622274e-03 1.308113906353599882e-03 0.000000000000000000e+00 0.000000000000000000e+00 1.299358187330389939e-03 1.276276346399194067e-03 9.637496336003893499e-04 0.000000000000000000e+00
0.000000000000000000e+00 0.000000000000000000e+00 0.000000000000000000e+00 0.000000000000000000e+00 4.949320074562865756e-04 0.000000000000000000e+00 0.000000000000000000e+00 0.000000000000000000e+00 1.307720999668626153e-03 1.293662048048079298e-03 0.000000000000000000e+00 0.000000000000000000e+00 1.300441139241317965e-03 1.285177180301229870e-03 9.650756797023368663e-04 0.000000000000000000e+00
0.000000000000000000e+00 0.000000000000000000e+00 0.000000000000000000e+00 0.000000000000000000e+00 4.834670437271115155e-04 0.000000000000000000e+00 0.000000000000000000e+00 0.000000000000000000e+00 1.296489226400447930e-03 1.284581731719917647e-03 0.000000000000000000e+00 0.000000000000000000e+00 1.271783171240384791e-03 1.250432546428948419e-03 9.669579708531969402e-04 0.000000000000000000e+00
0.000000000000000000e+00 0.000000000000000000e+00 0.000000000000000000e+00 0.000000000000000000e+00 4.882850083468478217e-04 0.000000000000000000e+00 0.000000000000000000e+00 0.000000000000000000e+00 1.293581923209383751e-03 1.282621451167019174e-03 0.000000000000000000e+00 0.000000000000000000e+00 1.282291851533017349e-03 1.266479313402362481e-03 9.671832134999756598e-04 0.000000000000000000e+00
0.000000000000000000e+00 0.000000000000000000e+00 0.000000000000000000e+00 0.000000000000000000e+00 4.881782123005271750e-04 0.000000000000000000e+00 0.000000000000000000e+00 0.000000000000000000e+00 1.316631569457157825e-03 1.301411255025746111e-03 0.000000000000000000e+00 0.000000000000000000e+00 1.297717255465523833e-03 1.274511110991024187e-03 9.725983868936693109e-04 0.000000000000000000e+00
0.000000000000000000e+00 0.000000000000000000e+00 0.000000000000000000e+00 0.000000000000000000e+00 4.818762365297072302e-04 0.000000000000000000e+00 0.000000000000000000e+00 0.000000000000000000e+00 1.306205768949496044e-03 1.293941958549215971e-03 0.000000000000000000e+00 0.000000000000000000e+00 1.292167916332220487e-03 1.272674932502232230e-03 9.769242508550666452e-04 0.000000000000000000e+00
0.000000000000000000e+00 0.000000000000000000e+00 0.000000000000000000e+00 0.000000000000000000e+00 4.993211121138675049e-04 0.000000000000000000e+00 0.000000000000000000e+00 0.000000000000000000e+00 1.310220725962095737e-03 1.293905262281304890e-03 0.000000000000000000e+00 0.000000000000000000e+00 1.291962436109473636e-03 1.271182147687684172e-03 9.718875332041699991e-04 0.000000000000000000e+00
0.000000000000000000e+00 0.000000000000000000e+00 0.000000000000000000e+00 0.000000000000000000e+00 4.824758800899640182e-04 0.000000000000000000e+00 0.000000000000000000e+00 0.000000000000000000e+00 1.295279350027065584e-03 1.285992309331571333e-03 0.000000000000000000e+00 0.000000000000000000e+00 1.282748862982995616e-03 1.267890971371078875e-03 9.645269010512766156e-04 0.000000000000000000e+00
0.000000000000000000e+00 0.000000000000000000e+00 0.000000000000000000e+00 0.000000000000000000e+00 4.886029655860133630e-04 0.000000000000000000e+00 0.000000000000000000e+00 0.000000000000000000e+00 1.306044427368118670e-03 1.294179335107015823e-03 0.000000000000000000e+00 0.000000000000000000e+00 1.297662902490050781e-03 1.287597690686189582e-03 9.703525011909038380e-04 0.000000000000000000e+00
0.000000000000000000e+00 0.000000000000000000e+00 0.000000000000000000e+00 0.000000000000000000e+00 4.802933283369185979e-04 0.000000000000000000e+00 0.000000000000000000e+00 0.000000000000000000e+00 1.309954050089311497e-03 1.297596504584714976e-03 0.000000000000000000e+00 0.000000000000000000e+00 1.292843067897995286e-03 1.273604435491157904e-03 9.663175673312497530e-04 0.000000000000000000e+00
0.000000000000000000e+00 0.000000000000000000e+00 0.000000000000000000e+00 0.000000000000000000e+00 4.993947206411198129e-04 0.000000000000000000e+00 0.000000000000000000e+00 0.000000000000000000e+00 1.323844540253596436e-03 1.308540086454653729e-03 0.000000000000000000e+00 0.000000000000000000e+00 1.313588831260081033e-03 1.295889336469537934e-03 9.738393052041707451e-04 0.000000000000000000e+00
0.000000000000000000e+00 0.000000000000000000e+00 0.000000000000000000e+00 0.000000000000000000e+00 5.069849059673887113e-04 0.000000000000000000e+00 0.000000000000000000e+00 0.000000000000000000e+00 1.314548474125255785e-03 1.296294321134644403e-03 0.000000000000000000e+00 0.000000000000000000e+00 1.300650795602260922e-03 1.278321589251559453e-03 9.679495324202069470e-04 0.000000000000000000e+00
0.000000000000000000e+00 0.000000000000000000e+00 0.000000000000000000e+00 0.000000000000000000e+00 4.992454300591730012e-04 0.000000000000000000e+00 0.000000000000000000e+00 0.000000000000000000e+00 1.300364736495705602e-03 1.289908600626352240e-03 0.000000000000000000e+00 0.000000000000000000e+00 1.291337885101580827e-03 1.274738896721474505e-03 9.577372487688220115e-04 0.000000000000000000e+00
0.000000000000000000e+00 0.000000000000000000e+00 0.000000000000000000e+00 0.000000000000000000e+00 4.779895073094586090e-04 0.000000000000000000e+00 0.000000000000000000e+00 0.000000000000000000e+00 1.294736502429609309e-03 1.284481663852311741e-03 0.000000000000000000e+00 0.000000000000000000e+00 1.278217738865874411e-03 1.262803247431433041e-03 9.601919847827460140e-04 0.000000000000000000e+00
0.000000000000000000e+00 0.000000000000000000e+00 0.000000000000000000e+00 0.000000000000000000e+00 5.022817783345549401e-04 0.000000000000000000e+00 0.000000000000000000e+00 0.000000000000000000e+00 1.321214280604637642e-03 1.308514719596708164e-03 0.000000000000000000e+00 0.000000000000000000e+00 1.302355956107524582e-03 1.281656413281185040e-03 9.725442691843834333e-04 0.000000000000000000e+00
0.000000000000000000e+00 0.000000000000000000e+00 0.000000000000000000e+00 0.000000000000000000e+00 4.802904861155070306e-04 0.000000000000000000e+00 0.000000000000000000e+00 0.000000000000000000e+00 1.315469722253385021e-03 1.302027366947476616e-03 0.000000000000000000e+00 0.000000000000000000e+00 1.302066934683548602e-03 1.281297886677721732e-03 9.776525606937864002e-04 0.000000000000000000e+00
0.000000000000000000e+00 0.000000000000000000e+00 0.000000000000000000e+00 0.000000000000000000e+00 4.885089999725903201e-04 0.000000000000000000e+00 0.000000000000000000e+00 0.000000000000000000e+00 1.309196249673811024e-03 1.293290286392849648e-03 0.000000000000000000e+00 0.000000000000000000e+00 1.289498413225106076e-03 1.268421904575096947e-03 9.692938181058563659e-04 0.000000000000000000e+00
0.000000000000000000e+00 0.000000000000000000e+00 0.000000000000000000e+00 0.000000000000000000e+00 4.797529012169853804e-04 0.000000000000000000e+00 0.000000000000000000e+00 0.000000000000000000e+00 1.306498350779392850e-03 1.290946239182699535e-03 0.000000000000000000e+00 0.000000000000000000e+00 1.299690625717153701e-03 1.277646497715649414e-03 9.655925049848999592e-04 0.000000000000000000e+00
0.000000000000000000e+00 0.000000000000000000e+00 0.000000000000000000e+00 0.000000000000000000e+00 4.917794805325188551e-04 0.000000000000000000e+00 0.000000000000000000e+00 0.000000000000000000e+00 1.309043312623397407e-03 1.296899823361662499e-03 0.000000000000000000e+00 0.000000000000000000e+00 1.291228645184207009e-03 1.269785994837525564e-03 9.640396905245111371e-04 0.000000000000000000e+00
0.000000000000000000e+00 0.000000000000000000e+00 0.000000000000000000e+00 0.000000000000000000e+00 4.999393548476601789e-04 0.000000000000000000e+00 0.000000000000000000e+00 0.000000000000000000e+00 1.315174865955986722e-03 1.300046185426129977e-03 0.000000000000000000e+00 0.000000000000000000e+00 1.307751250888579886e-03 1.288154925395496682e-03 9.669560475500342664e-04 0.000000000000000000e+00
0.000000000000000000e+00 0.000000000000000000e+00 0.000000000000000000e+00 0.000000000000000000e+00 5.006688942609662874e-04 0.000000000000000000e+00 0.000000000000000000e+00 0.000000000000000000e+00 1.320326133393742154e-03 1.306507610773532382e-03 0.000000000000000000e+00 0.000000000000000000e+00 1.303781241770164603e-03 1.280978751259825507e-03 9.760815710670399641e-04 0.000000000000000000e+00
0.000000000000000000e+00 0.000000000000000000e+00 0.000000000000000000e+00 0.000000000000000000e+00 4.803076043362567316e-04 0.000000000000000000e+00 0.000000000000000000e+00 0.000000000000000000e+00 1.305539858548631586e-03 1.293248279738483126e-03 0.000000000000000000e+00 0.000000000000000000e+00 1.287852769317165231e-03 1.269860682513221546e-03 9.629226659376480778e-04 0.000000000000000000e+00
