# {'chrom': '9', 'window_id': '4', 'statistic': 'H2', 'bounds': [106000000, 124000000], 'span': 18000000, 'n_sites': 12073310, 'coverage': 67.07, 'right_discontinuous': False, 'rows': "{0: 'Altai', 1: 'Chagyrskaya', 2: 'Denisova', 3: 'French-1', 4: 'Han-1', 5: 'Khomani_San-2', 6: 'Papuan-2', 7: 'Vindija', 8: 'Yoruba-1', 9: 'Yoruba-3'}"}
1.580000000000000000e+02 3.700000000000000000e+01 7.600000000000000000e+01 1.500000000000000000e+02 2.520000000000000000e+02 8.080000000000000000e+02 9.600000000000000000e+02 1.660000000000000000e+03 3.282000000000000000e+03 3.927000000000000000e+03 4.323000000000000000e+03 9.892000000000000000e+03 9.780000000000000000e+03 1.720200000000000000e+04 2.609400000000000000e+04 5.020500000000000000e+04 7.849000000000000000e+04 2.593440000000000000e+05 2.462930000000000000e+05
3.800000000000000000e+01 3.900000000000000000e+01 9.000000000000000000e+01 1.440000000000000000e+02 1.870000000000000000e+02 5.220000000000000000e+02 6.900000000000000000e+02 1.190000000000000000e+03 2.537000000000000000e+03 2.984000000000000000e+03 4.181000000000000000e+03 7.683000000000000000e+03 7.644000000000000000e+03 1.357400000000000000e+04 3.958300000000000000e+04 6.499600000000000000e+04 9.762300000000000000e+04 3.224040000000000000e+05 6.166870000000000000e+05
6.050000000000000000e+02 3.810000000000000000e+02 4.540000000000000000e+02 4.670000000000000000e+02 7.180000000000000000e+02 1.981000000000000000e+03 2.857000000000000000e+03 5.770000000000000000e+03 1.121900000000000000e+04 1.349400000000000000e+04 1.641500000000000000e+04 3.079200000000000000e+04 3.159700000000000000e+04 4.304300000000000000e+04 1.525950000000000000e+05 1.756520000000000000e+05 3.647350000000000000e+05 1.086387000000000000e+06 1.905905000000000000e+06
4.349000000000000000e+03 1.899000000000000000e+03 2.625000000000000000e+03 2.432000000000000000e+03 3.580000000000000000e+03 9.570000000000000000e+03 1.633400000000000000e+04 2.721600000000000000e+04 5.830200000000000000e+04 6.357200000000000000e+04 8.348300000000000000e+04 1.964380000000000000e+05 2.592850000000000000e+05 3.073520000000000000e+05 1.206913000000000000e+06 1.632650000000000000e+06 2.957082000000000000e+06 9.685983000000000000e+06 1.734756800000000000e+07
2.661000000000000000e+03 1.442000000000000000e+03 2.277000000000000000e+03 1.969000000000000000e+03 2.831000000000000000e+03 7.958000000000000000e+03 1.164400000000000000e+04 2.024600000000000000e+04 4.223600000000000000e+04 5.072500000000000000e+04 6.803700000000000000e+04 1.430540000000000000e+05 1.849190000000000000e+05 2.761290000000000000e+05 8.869120000000000000e+05 1.267544000000000000e+06 2.584302000000000000e+06 8.495604000000000000e+06 1.590478100000000000e+07
5.188000000000000000e+03 2.425000000000000000e+03 3.498000000000000000e+03 3.230000000000000000e+03 4.933000000000000000e+03 1.249100000000000000e+04 1.876200000000000000e+04 3.261600000000000000e+04 7.019500000000000000e+04 7.650400000000000000e+04 1.164690000000000000e+05 2.385440000000000000e+05 2.957480000000000000e+05 4.599120000000000000e+05 1.462143000000000000e+06 2.342505000000000000e+06 4.283804000000000000e+06 1.464643100000000000e+07 2.771563900000000000e+07
3.503000000000000000e+03 1.408000000000000000e+03 1.969000000000000000e+03 1.746000000000000000e+03 2.278000000000000000e+03 6.639000000000000000e+03 9.822000000000000000e+03 1.650900000000000000e+04 3.761500000000000000e+04 4.331500000000000000e+04 6.011800000000000000e+04 1.053630000000000000e+05 1.381040000000000000e+05 2.133990000000000000e+05 5.428470000000000000e+05 9.290090000000000000e+05 2.005266000000000000e+06 6.223039000000000000e+06 1.068796700000000000e+07
1.440000000000000000e+02 9.800000000000000000e+01 2.150000000000000000e+02 2.860000000000000000e+02 3.710000000000000000e+02 8.950000000000000000e+02 1.205000000000000000e+03 2.235000000000000000e+03 4.773000000000000000e+03 5.452000000000000000e+03 7.900000000000000000e+03 2.157500000000000000e+04 2.148000000000000000e+04 2.584800000000000000e+04 5.834600000000000000e+04 9.505100000000000000e+04 1.724070000000000000e+05 5.456250000000000000e+05 9.362030000000000000e+05
5.512000000000000000e+03 2.639000000000000000e+03 3.496000000000000000e+03 3.417000000000000000e+03 4.459000000000000000e+03 1.223300000000000000e+04 2.129000000000000000e+04 3.395500000000000000e+04 6.869500000000000000e+04 7.702500000000000000e+04 1.174200000000000000e+05 2.432120000000000000e+05 2.947290000000000000e+05 4.767850000000000000e+05 1.653585000000000000e+06 2.421587000000000000e+06 4.683728000000000000e+06 1.585916400000000000e+07 3.008257000000000000e+07
5.612000000000000000e+03 2.458000000000000000e+03 3.522000000000000000e+03 3.221000000000000000e+03 4.615000000000000000e+03 1.183100000000000000e+04 1.975000000000000000e+04 3.072100000000000000e+04 6.412900000000000000e+04 7.084800000000000000e+04 1.079180000000000000e+05 2.211660000000000000e+05 2.889280000000000000e+05 4.005970000000000000e+05 1.313895000000000000e+06 2.118525000000000000e+06 4.075152000000000000e+06 1.467270800000000000e+07 2.599558600000000000e+07
