# {'chrom': '9', 'window_id': '0', 'statistic': 'H2', 'bounds': [0, 19000000], 'span': 19000000, 'n_sites': 12212905, 'coverage': 64.28, 'right_discontinuous': False, 'rows': "{0: 'Altai', 1: 'Chagyrskaya', 2: 'Denisova', 3: 'French-1', 4: 'Han-1', 5: 'Khomani_San-2', 6: 'Papuan-2', 7: 'Vindija', 8: 'Yoruba-1', 9: 'Yoruba-3'}"}
2.700000000000000000e+01 2.900000000000000000e+01 1.120000000000000000e+02 2.180000000000000000e+02 4.040000000000000000e+02 9.690000000000000000e+02 1.356000000000000000e+03 2.450000000000000000e+03 5.473000000000000000e+03 7.424000000000000000e+03 1.027100000000000000e+04 1.410200000000000000e+04 1.497700000000000000e+04 1.794200000000000000e+04 4.216800000000000000e+04 6.198500000000000000e+04 1.226980000000000000e+05 3.445020000000000000e+05 5.712810000000000000e+05
1.800000000000000000e+01 4.900000000000000000e+01 1.590000000000000000e+02 2.640000000000000000e+02 5.040000000000000000e+02 1.270000000000000000e+03 1.636000000000000000e+03 3.040000000000000000e+03 6.786000000000000000e+03 9.026000000000000000e+03 1.090000000000000000e+04 1.817700000000000000e+04 1.652600000000000000e+04 2.930800000000000000e+04 8.330200000000000000e+04 8.887800000000000000e+04 1.541560000000000000e+05 6.057870000000000000e+05 1.155842000000000000e+06
2.700000000000000000e+01 5.300000000000000000e+01 1.330000000000000000e+02 2.290000000000000000e+02 4.310000000000000000e+02 1.103000000000000000e+03 1.548000000000000000e+03 2.869000000000000000e+03 6.977000000000000000e+03 8.990000000000000000e+03 1.362700000000000000e+04 1.896100000000000000e+04 1.894300000000000000e+04 2.320000000000000000e+04 6.857700000000000000e+04 1.074440000000000000e+05 2.228010000000000000e+05 7.114660000000000000e+05 1.329896000000000000e+06
8.140000000000000000e+02 5.550000000000000000e+02 1.315000000000000000e+03 2.058000000000000000e+03 3.727000000000000000e+03 9.356000000000000000e+03 1.414300000000000000e+04 2.635700000000000000e+04 6.393100000000000000e+04 8.439200000000000000e+04 1.423030000000000000e+05 2.989370000000000000e+05 3.489530000000000000e+05 4.898730000000000000e+05 1.332005000000000000e+06 2.278300000000000000e+06 4.169135000000000000e+06 1.346536600000000000e+07 2.493100900000000000e+07
1.057000000000000000e+03 3.710000000000000000e+02 9.390000000000000000e+02 1.592000000000000000e+03 2.751000000000000000e+03 7.060000000000000000e+03 1.128900000000000000e+04 2.221300000000000000e+04 5.305900000000000000e+04 7.148600000000000000e+04 1.083380000000000000e+05 2.302720000000000000e+05 2.372330000000000000e+05 3.113200000000000000e+05 8.476590000000000000e+05 1.505174000000000000e+06 3.070104000000000000e+06 9.852995000000000000e+06 1.788583700000000000e+07
6.710000000000000000e+02 5.070000000000000000e+02 1.424000000000000000e+03 2.275000000000000000e+03 4.488000000000000000e+03 1.166900000000000000e+04 1.651500000000000000e+04 3.033500000000000000e+04 7.443900000000000000e+04 9.846200000000000000e+04 1.508250000000000000e+05 3.207340000000000000e+05 4.327950000000000000e+05 7.272600000000000000e+05 2.107767000000000000e+06 3.172475000000000000e+06 5.865288000000000000e+06 1.532390600000000000e+07 2.488727300000000000e+07
2.910000000000000000e+02 2.530000000000000000e+02 5.870000000000000000e+02 9.630000000000000000e+02 1.613000000000000000e+03 4.002000000000000000e+03 5.847000000000000000e+03 1.149500000000000000e+04 2.812000000000000000e+04 3.566500000000000000e+04 5.607500000000000000e+04 1.122830000000000000e+05 1.410970000000000000e+05 1.516380000000000000e+05 4.777170000000000000e+05 6.369610000000000000e+05 1.173246000000000000e+06 3.177272000000000000e+06 4.814192000000000000e+06
8.000000000000000000e+00 2.600000000000000000e+01 1.010000000000000000e+02 1.600000000000000000e+02 3.700000000000000000e+02 9.520000000000000000e+02 1.241000000000000000e+03 2.436000000000000000e+03 4.768000000000000000e+03 6.098000000000000000e+03 8.124000000000000000e+03 1.469900000000000000e+04 1.252700000000000000e+04 2.153900000000000000e+04 6.044500000000000000e+04 8.181300000000000000e+04 1.766670000000000000e+05 5.844980000000000000e+05 8.403830000000000000e+05
1.180000000000000000e+03 7.070000000000000000e+02 1.648000000000000000e+03 2.889000000000000000e+03 5.240000000000000000e+03 1.363800000000000000e+04 2.063000000000000000e+04 3.819700000000000000e+04 9.037200000000000000e+04 1.143850000000000000e+05 1.791400000000000000e+05 3.682650000000000000e+05 4.908540000000000000e+05 8.980820000000000000e+05 2.417709000000000000e+06 3.847007000000000000e+06 7.309831000000000000e+06 2.297989700000000000e+07 4.470354100000000000e+07
9.780000000000000000e+02 8.070000000000000000e+02 1.863000000000000000e+03 3.016000000000000000e+03 5.165000000000000000e+03 1.302600000000000000e+04 1.959400000000000000e+04 3.675400000000000000e+04 9.114100000000000000e+04 1.193320000000000000e+05 1.820630000000000000e+05 3.805810000000000000e+05 5.020520000000000000e+05 8.546360000000000000e+05 2.403287000000000000e+06 3.577829000000000000e+06 6.885529000000000000e+06 2.252593000000000000e+07 4.283067000000000000e+07
