# {'chrom': '9', 'window_id': '2', 'statistic': 'H2', 'bounds': [70000000, 88000000], 'span': 18000000, 'n_sites': 10882613, 'coverage': 60.46, 'right_discontinuous': False, 'rows': "{0: 'Altai', 1: 'Chagyrskaya', 2: 'Denisova', 3: 'French-1', 4: 'Han-1', 5: 'Khomani_San-2', 6: 'Papuan-2', 7: 'Vindija', 8: 'Yoruba-1', 9: 'Yoruba-3'}"}
4.000000000000000000e+01 4.900000000000000000e+01 1.830000000000000000e+02 2.860000000000000000e+02 4.780000000000000000e+02 1.145000000000000000e+03 1.417000000000000000e+03 2.202000000000000000e+03 5.168000000000000000e+03 5.593000000000000000e+03 6.415000000000000000e+03 1.300600000000000000e+04 9.574000000000000000e+03 1.949400000000000000e+04 6.701500000000000000e+04 9.634500000000000000e+04 1.543870000000000000e+05 5.678190000000000000e+05 1.197362000000000000e+06
2.900000000000000000e+01 1.600000000000000000e+01 8.500000000000000000e+01 1.380000000000000000e+02 2.750000000000000000e+02 6.800000000000000000e+02 1.168000000000000000e+03 1.843000000000000000e+03 3.478000000000000000e+03 3.675000000000000000e+03 5.005000000000000000e+03 1.214700000000000000e+04 1.163800000000000000e+04 2.088000000000000000e+04 5.412000000000000000e+04 7.112500000000000000e+04 1.329230000000000000e+05 4.185090000000000000e+05 7.468020000000000000e+05
1.040000000000000000e+02 1.030000000000000000e+02 2.330000000000000000e+02 2.800000000000000000e+02 4.280000000000000000e+02 8.800000000000000000e+02 1.477000000000000000e+03 2.392000000000000000e+03 4.597000000000000000e+03 5.110000000000000000e+03 5.538000000000000000e+03 1.138000000000000000e+04 1.513500000000000000e+04 1.922200000000000000e+04 5.725500000000000000e+04 9.235600000000000000e+04 1.565330000000000000e+05 5.062760000000000000e+05 9.892540000000000000e+05
3.156000000000000000e+03 1.339000000000000000e+03 2.089000000000000000e+03 2.094000000000000000e+03 2.984000000000000000e+03 7.886000000000000000e+03 1.294200000000000000e+04 2.049200000000000000e+04 4.596800000000000000e+04 5.134600000000000000e+04 7.121600000000000000e+04 1.282560000000000000e+05 1.356560000000000000e+05 2.602740000000000000e+05 8.327510000000000000e+05 1.409445000000000000e+06 2.438578000000000000e+06 7.598752000000000000e+06 1.268121000000000000e+07
2.808000000000000000e+03 1.373000000000000000e+03 2.236000000000000000e+03 2.047000000000000000e+03 2.628000000000000000e+03 7.208000000000000000e+03 1.016200000000000000e+04 1.851800000000000000e+04 4.063900000000000000e+04 4.121200000000000000e+04 5.767100000000000000e+04 1.097070000000000000e+05 1.245210000000000000e+05 1.670590000000000000e+05 6.100970000000000000e+05 1.158413000000000000e+06 2.034073000000000000e+06 6.122427000000000000e+06 1.188255200000000000e+07
4.553000000000000000e+03 1.556000000000000000e+03 2.841000000000000000e+03 2.953000000000000000e+03 4.252000000000000000e+03 1.115300000000000000e+04 1.533600000000000000e+04 2.706200000000000000e+04 6.338300000000000000e+04 7.555300000000000000e+04 1.088360000000000000e+05 1.945470000000000000e+05 2.735270000000000000e+05 4.455160000000000000e+05 1.551218000000000000e+06 2.350458000000000000e+06 4.270734000000000000e+06 1.167442600000000000e+07 1.975206500000000000e+07
4.263000000000000000e+03 1.521000000000000000e+03 1.749000000000000000e+03 1.670000000000000000e+03 2.380000000000000000e+03 6.898000000000000000e+03 1.030400000000000000e+04 1.822900000000000000e+04 4.568200000000000000e+04 4.574200000000000000e+04 6.663900000000000000e+04 1.167400000000000000e+05 1.350570000000000000e+05 2.357710000000000000e+05 6.780610000000000000e+05 1.245476000000000000e+06 2.248040000000000000e+06 6.077468000000000000e+06 9.613351000000000000e+06
3.400000000000000000e+01 3.400000000000000000e+01 1.180000000000000000e+02 1.870000000000000000e+02 3.010000000000000000e+02 7.260000000000000000e+02 1.181000000000000000e+03 1.786000000000000000e+03 3.626000000000000000e+03 3.884000000000000000e+03 4.854000000000000000e+03 7.871000000000000000e+03 8.683000000000000000e+03 1.688600000000000000e+04 4.857200000000000000e+04 8.145000000000000000e+04 1.340370000000000000e+05 3.831160000000000000e+05 8.206320000000000000e+05
4.998000000000000000e+03 2.299000000000000000e+03 3.362000000000000000e+03 3.611000000000000000e+03 4.804000000000000000e+03 1.331400000000000000e+04 1.876600000000000000e+04 3.162300000000000000e+04 6.799700000000000000e+04 8.920500000000000000e+04 1.303020000000000000e+05 2.345470000000000000e+05 2.966550000000000000e+05 5.185170000000000000e+05 1.791907000000000000e+06 2.688187000000000000e+06 4.937762000000000000e+06 1.519422100000000000e+07 2.571379900000000000e+07
4.877000000000000000e+03 2.085000000000000000e+03 3.009000000000000000e+03 2.460000000000000000e+03 3.969000000000000000e+03 1.036700000000000000e+04 1.610100000000000000e+04 2.766300000000000000e+04 6.197700000000000000e+04 7.430000000000000000e+04 1.100530000000000000e+05 1.993110000000000000e+05 2.907380000000000000e+05 4.818020000000000000e+05 1.596274000000000000e+06 2.319438000000000000e+06 4.411785000000000000e+06 1.355861400000000000e+07 2.371156600000000000e+07
