# {'chrom': '9', 'window_id': '3', 'statistic': 'H2', 'bounds': [88000000, 106000000], 'span': 18000000, 'n_sites': 10708072, 'coverage': 59.49, 'right_discontinuous': False, 'rows': "{0: 'Altai', 1: 'Chagyrskaya', 2: 'Denisova', 3: 'French-1', 4: 'Han-1', 5: 'Khomani_San-2', 6: 'Papuan-2', 7: 'Vindija', 8: 'Yoruba-1', 9: 'Yoruba-3'}"}
3.940000000000000000e+02 2.550000000000000000e+02 3.890000000000000000e+02 4.380000000000000000e+02 7.190000000000000000e+02 1.605000000000000000e+03 2.430000000000000000e+03 3.937000000000000000e+03 8.880000000000000000e+03 1.124700000000000000e+04 1.589700000000000000e+04 3.059500000000000000e+04 3.813500000000000000e+04 7.202200000000000000e+04 1.626130000000000000e+05 1.271490000000000000e+05 3.239460000000000000e+05 6.000600000000000000e+05 1.238729000000000000e+06
3.990000000000000000e+02 3.060000000000000000e+02 4.020000000000000000e+02 4.250000000000000000e+02 5.450000000000000000e+02 1.084000000000000000e+03 2.036000000000000000e+03 3.423000000000000000e+03 7.088000000000000000e+03 7.886000000000000000e+03 1.046200000000000000e+04 1.758300000000000000e+04 2.100200000000000000e+04 4.092900000000000000e+04 9.732300000000000000e+04 1.542210000000000000e+05 2.850440000000000000e+05 6.747610000000000000e+05 1.356921000000000000e+06
1.990000000000000000e+02 1.240000000000000000e+02 1.860000000000000000e+02 2.190000000000000000e+02 3.000000000000000000e+02 7.840000000000000000e+02 1.023000000000000000e+03 1.739000000000000000e+03 3.813000000000000000e+03 4.390000000000000000e+03 5.943000000000000000e+03 1.410800000000000000e+04 9.502000000000000000e+03 2.208700000000000000e+04 5.239500000000000000e+04 8.241000000000000000e+04 1.770700000000000000e+05 5.025690000000000000e+05 1.045679000000000000e+06
3.238000000000000000e+03 1.309000000000000000e+03 1.856000000000000000e+03 1.722000000000000000e+03 2.669000000000000000e+03 6.994000000000000000e+03 1.128700000000000000e+04 1.788300000000000000e+04 3.617600000000000000e+04 4.374500000000000000e+04 6.049200000000000000e+04 1.076240000000000000e+05 1.076870000000000000e+05 2.582500000000000000e+05 7.871460000000000000e+05 1.189291000000000000e+06 2.647056000000000000e+06 8.366025000000000000e+06 1.375980400000000000e+07
3.769000000000000000e+03 1.401000000000000000e+03 2.388000000000000000e+03 2.326000000000000000e+03 3.440000000000000000e+03 8.884000000000000000e+03 1.324300000000000000e+04 2.275800000000000000e+04 4.874800000000000000e+04 6.082200000000000000e+04 7.925800000000000000e+04 1.560140000000000000e+05 1.643790000000000000e+05 3.234180000000000000e+05 1.000756000000000000e+06 1.564728000000000000e+06 3.391902000000000000e+06 1.016038700000000000e+07 1.789313300000000000e+07
3.790000000000000000e+03 1.774000000000000000e+03 3.033000000000000000e+03 3.019000000000000000e+03 5.038000000000000000e+03 1.227100000000000000e+04 1.686900000000000000e+04 2.928800000000000000e+04 6.039000000000000000e+04 7.550800000000000000e+04 1.178860000000000000e+05 2.151560000000000000e+05 2.775060000000000000e+05 5.068430000000000000e+05 1.559368000000000000e+06 2.522132000000000000e+06 5.240998000000000000e+06 1.696767500000000000e+07 2.850625400000000000e+07
1.489000000000000000e+03 1.091000000000000000e+03 1.586000000000000000e+03 1.346000000000000000e+03 2.166000000000000000e+03 5.417000000000000000e+03 8.954000000000000000e+03 1.373000000000000000e+04 2.772100000000000000e+04 3.231200000000000000e+04 4.080400000000000000e+04 6.946200000000000000e+04 6.962000000000000000e+04 1.576660000000000000e+05 3.930680000000000000e+05 6.237570000000000000e+05 1.293415000000000000e+06 4.190506000000000000e+06 8.069564000000000000e+06
1.630000000000000000e+02 1.510000000000000000e+02 2.400000000000000000e+02 2.680000000000000000e+02 3.100000000000000000e+02 6.610000000000000000e+02 1.132000000000000000e+03 1.991000000000000000e+03 4.517000000000000000e+03 4.713000000000000000e+03 6.856000000000000000e+03 1.043300000000000000e+04 9.455000000000000000e+03 1.336900000000000000e+04 5.260800000000000000e+04 9.534900000000000000e+04 1.674400000000000000e+05 5.360280000000000000e+05 8.803100000000000000e+05
5.486000000000000000e+03 1.901000000000000000e+03 2.978000000000000000e+03 3.089000000000000000e+03 4.738000000000000000e+03 1.155900000000000000e+04 1.757800000000000000e+04 2.845200000000000000e+04 5.928800000000000000e+04 7.225300000000000000e+04 1.063990000000000000e+05 2.172580000000000000e+05 2.505660000000000000e+05 4.845910000000000000e+05 1.581509000000000000e+06 2.666303000000000000e+06 5.503517000000000000e+06 1.641155000000000000e+07 2.868005700000000000e+07
8.457000000000000000e+03 2.682000000000000000e+03 3.899000000000000000e+03 3.635000000000000000e+03 4.965000000000000000e+03 1.348900000000000000e+04 2.121500000000000000e+04 3.660200000000000000e+04 7.559000000000000000e+04 9.425100000000000000e+04 1.313010000000000000e+05 2.419130000000000000e+05 2.802600000000000000e+05 5.802700000000000000e+05 1.774159000000000000e+06 2.876899000000000000e+06 5.659947000000000000e+06 1.567166600000000000e+07 2.788191400000000000e+07
