# {'chrom': '9', 'window_id': '1', 'statistic': 'H2', 'bounds': [19000000, 39000000], 'span': 20000000, 'n_sites': 11991784, 'coverage': 59.96, 'right_discontinuous': True, 'rows': "{0: 'Altai', 1: 'Chagyrskaya', 2: 'Denisova', 3: 'French-1', 4: 'Han-1', 5: 'Khomani_San-2', 6: 'Papuan-2', 7: 'Vindija', 8: 'Yoruba-1', 9: 'Yoruba-3'}"}
1.000000000000000000e+00 0.000000000000000000e+00 0.000000000000000000e+00 1.800000000000000000e+01 3.400000000000000000e+01 4.000000000000000000e+00 1.000000000000000000e+01 4.000000000000000000e+00 3.800000000000000000e+01 8.000000000000000000e+01 2.100000000000000000e+01 9.700000000000000000e+01 9.900000000000000000e+01 1.470000000000000000e+02 6.180000000000000000e+02 9.680000000000000000e+02 1.493000000000000000e+03 4.638000000000000000e+03 5.948000000000000000e+03
2.700000000000000000e+02 2.100000000000000000e+02 6.270000000000000000e+02 8.050000000000000000e+02 1.356000000000000000e+03 3.470000000000000000e+03 4.341000000000000000e+03 7.988000000000000000e+03 1.774000000000000000e+04 1.833700000000000000e+04 2.525000000000000000e+04 2.239600000000000000e+04 1.545400000000000000e+04 2.999900000000000000e+04 1.022600000000000000e+05 1.342360000000000000e+05 2.954470000000000000e+05 8.005970000000000000e+05 1.158904000000000000e+06
1.590000000000000000e+02 1.800000000000000000e+02 4.130000000000000000e+02 5.550000000000000000e+02 9.030000000000000000e+02 1.425000000000000000e+03 1.764000000000000000e+03 3.947000000000000000e+03 6.823000000000000000e+03 7.271000000000000000e+03 1.223200000000000000e+04 2.933800000000000000e+04 2.790600000000000000e+04 3.005200000000000000e+04 1.062500000000000000e+05 1.531320000000000000e+05 2.493950000000000000e+05 5.274100000000000000e+05 6.138790000000000000e+05
3.813000000000000000e+03 1.943000000000000000e+03 2.962000000000000000e+03 2.532000000000000000e+03 3.552000000000000000e+03 9.755000000000000000e+03 1.575300000000000000e+04 2.520000000000000000e+04 6.117700000000000000e+04 7.574100000000000000e+04 1.093390000000000000e+05 2.190270000000000000e+05 2.364200000000000000e+05 4.143980000000000000e+05 1.340982000000000000e+06 1.977992000000000000e+06 3.801474000000000000e+06 1.077707800000000000e+07 1.450371500000000000e+07
6.333000000000000000e+03 1.816000000000000000e+03 2.373000000000000000e+03 2.083000000000000000e+03 2.961000000000000000e+03 9.872000000000000000e+03 1.590600000000000000e+04 2.688600000000000000e+04 6.280900000000000000e+04 6.968600000000000000e+04 1.038210000000000000e+05 2.227630000000000000e+05 1.887890000000000000e+05 2.931780000000000000e+05 1.041604000000000000e+06 1.532326000000000000e+06 2.776947000000000000e+06 7.635267000000000000e+06 1.019075200000000000e+07
7.429000000000000000e+03 2.182000000000000000e+03 3.079000000000000000e+03 3.143000000000000000e+03 5.101000000000000000e+03 1.419100000000000000e+04 2.227700000000000000e+04 3.904100000000000000e+04 8.785800000000000000e+04 1.005220000000000000e+05 1.455640000000000000e+05 3.135230000000000000e+05 4.102350000000000000e+05 7.500840000000000000e+05 2.386727000000000000e+06 3.542902000000000000e+06 6.439972000000000000e+06 1.850468600000000000e+07 2.626202100000000000e+07
6.986000000000000000e+03 2.610000000000000000e+03 2.861000000000000000e+03 2.173000000000000000e+03 3.427000000000000000e+03 1.088000000000000000e+04 1.688200000000000000e+04 3.084000000000000000e+04 6.987100000000000000e+04 8.638600000000000000e+04 1.389190000000000000e+05 2.395380000000000000e+05 2.209440000000000000e+05 2.838720000000000000e+05 9.848040000000000000e+05 1.813301000000000000e+06 3.259443000000000000e+06 7.616750000000000000e+06 1.016940800000000000e+07
9.920000000000000000e+02 2.790000000000000000e+02 5.970000000000000000e+02 7.530000000000000000e+02 1.303000000000000000e+03 3.385000000000000000e+03 4.248000000000000000e+03 7.918000000000000000e+03 1.591900000000000000e+04 1.922100000000000000e+04 2.952300000000000000e+04 2.146000000000000000e+04 1.941800000000000000e+04 4.246400000000000000e+04 1.083390000000000000e+05 1.923820000000000000e+05 3.702540000000000000e+05 9.587790000000000000e+05 1.110252000000000000e+06
8.022000000000000000e+03 2.383000000000000000e+03 3.398000000000000000e+03 3.863000000000000000e+03 5.642000000000000000e+03 1.772500000000000000e+04 2.515400000000000000e+04 4.340800000000000000e+04 9.621800000000000000e+04 1.005930000000000000e+05 1.532220000000000000e+05 3.149450000000000000e+05 3.704060000000000000e+05 7.112260000000000000e+05 2.257088000000000000e+06 3.384930000000000000e+06 6.707599000000000000e+06 1.883295000000000000e+07 2.585127800000000000e+07
5.123000000000000000e+03 2.227000000000000000e+03 3.212000000000000000e+03 3.151000000000000000e+03 4.806000000000000000e+03 1.361400000000000000e+04 2.100100000000000000e+04 3.654600000000000000e+04 8.436800000000000000e+04 9.897100000000000000e+04 1.540560000000000000e+05 2.937050000000000000e+05 3.524590000000000000e+05 6.193630000000000000e+05 2.082966000000000000e+06 3.149876000000000000e+06 6.015591000000000000e+06 1.637253900000000000e+07 2.424481900000000000e+07
