# [0.e+00 1.e-07 2.e-07 5.e-07 1.e-06 2.e-06 5.e-06 1.e-05 2.e-05 5.e-05
#  1.e-04 2.e-04 5.e-04 1.e-03 2.e-03 5.e-03 1.e-02 2.e-02 5.e-02 1.e-01
#  2.e-01 5.e-01]
1.643494697600000000e+10
5.559561379000000000e+09
9.824134747000000000e+09
1.114491841400000000e+10
1.762022178300000000e+10
4.717794067900000000e+10
6.636784357100000000e+10
1.187701632810000000e+11
2.670211045620000000e+11
3.145360974990000000e+11
4.888905733190000000e+11
9.077806998340000000e+11
1.249693588522000000e+12
2.447431416763000000e+12
5.706391478225000000e+12
9.111356136963000000e+12
1.692016990335700000e+13
5.272153586105000000e+13
8.835568758180300000e+13
2.007473418873950000e+14
5.861336365149330000e+14
