# [0.e+00 1.e-07 2.e-07 5.e-07 1.e-06 2.e-06 5.e-06 1.e-05 2.e-05 5.e-05
#  1.e-04 2.e-04 5.e-04 1.e-03 2.e-03 5.e-03 1.e-02 2.e-02 5.e-02 1.e-01
#  2.e-01 5.e-01]
1.554871074700000000e+10
7.550272745000000000e+09
1.261599905000000000e+10
1.358607510100000000e+10
2.045669489200000000e+10
5.132663628600000000e+10
7.553093688100000000e+10
1.305188885630000000e+11
2.930282539950000000e+11
3.657275795230000000e+11
5.648466336280000000e+11
1.164893279696000000e+12
1.472085030855000000e+12
2.770576112323000000e+12
8.071080589262000000e+12
1.334931733136900000e+13
2.652388125574000000e+13
7.902478462266900000e+13
1.356784791595920000e+14
2.998340284270110000e+14
6.246839509899220000e+14
