# [0.e+00 1.e-07 2.e-07 5.e-07 1.e-06 2.e-06 5.e-06 1.e-05 2.e-05 5.e-05
#  1.e-04 2.e-04 5.e-04 1.e-03 2.e-03 5.e-03 1.e-02 2.e-02 5.e-02 1.e-01
#  2.e-01 5.e-01]
1.143349818100000000e+10
6.985455995000000000e+09
1.202262168300000000e+10
1.340134812000000000e+10
2.054986008800000000e+10
4.860980679900000000e+10
7.248192893300000000e+10
1.315269607070000000e+11
3.038561262880000000e+11
3.715911101120000000e+11
5.531010332990000000e+11
1.156968928871000000e+12
1.423386250025000000e+12
2.714316965566000000e+12
6.981729031637000000e+12
1.156491876568900000e+13
2.265497466122700000e+13
6.763222859677800000e+13
1.198534393653790000e+14
2.599068304582810000e+14
6.242984568038700000e+14
