# [0.e+00 1.e-07 2.e-07 5.e-07 1.e-06 2.e-06 5.e-06 1.e-05 2.e-05 5.e-05
#  1.e-04 2.e-04 5.e-04 1.e-03 2.e-03 5.e-03 1.e-02 2.e-02 5.e-02 1.e-01
#  2.e-01 5.e-01]
1.249089411300000000e+10
7.938603446000000000e+09
1.290084891300000000e+10
1.259270453900000000e+10
1.904602486800000000e+10
4.534827541600000000e+10
6.624480173400000000e+10
1.199280075720000000e+11
2.627233508660000000e+11
3.093946713400000000e+11
4.204061739600000000e+11
8.009688777230000000e+11
9.769964938730000000e+11
1.842858313304000000e+12
5.469349904927000000e+12
8.829380787711000000e+12
1.658142389803800000e+13
4.961611372785400000e+13
8.721219891212200000e+13
2.040491097056980000e+14
5.242553679054590000e+14
