# [0.e+00 1.e-07 2.e-07 5.e-07 1.e-06 2.e-06 5.e-06 1.e-05 2.e-05 5.e-05
#  1.e-04 2.e-04 5.e-04 1.e-03 2.e-03 5.e-03 1.e-02 2.e-02 5.e-02 1.e-01
#  2.e-01 5.e-01]
3.719719494000000000e+09
2.258858430000000000e+09
3.999040007000000000e+09
4.648310272000000000e+09
7.401130298000000000e+09
1.849317016500000000e+10
2.688329866500000000e+10
4.547728447700000000e+10
1.016876601760000000e+11
1.191533763600000000e+11
1.751996700590000000e+11
3.389697281730000000e+11
3.783275302680000000e+11
7.269929235840000000e+11
2.191207606408000000e+12
3.369400397082000000e+12
6.443667333070000000e+12
2.012641199032400000e+13
3.448345983062600000e+13
7.644878497852400000e+13
1.428371748448660000e+14
