# [0.e+00 1.e-07 2.e-07 5.e-07 1.e-06 2.e-06 5.e-06 1.e-05 2.e-05 5.e-05
#  1.e-04 2.e-04 5.e-04 1.e-03 2.e-03 5.e-03 1.e-02 2.e-02 5.e-02 1.e-01
#  2.e-01 5.e-01]
4.010209510700000000e+10
9.303129010000000000e+09
1.664099082100000000e+10
1.818242844700000000e+10
2.706817262000000000e+10
6.517970261600000000e+10
9.551630885900000000e+10
1.679041575170000000e+11
3.938404592270000000e+11
4.885244370820000000e+11
7.829734390410000000e+11
1.679854662244000000e+12
2.098302807639000000e+12
3.903475362337000000e+12
1.211448961888100000e+13
1.962820465226500000e+13
3.762985317660200000e+13
1.164759974289230000e+14
1.937602266692260000e+14
4.533167353122900000e+14
1.032513348001231000e+15
