# [0.e+00 1.e-07 2.e-07 5.e-07 1.e-06 2.e-06 5.e-06 1.e-05 2.e-05 5.e-05
#  1.e-04 2.e-04 5.e-04 1.e-03 2.e-03 5.e-03 1.e-02 2.e-02 5.e-02 1.e-01
#  2.e-01 5.e-01]
2.689555414000000000e+09
1.845207323000000000e+09
3.911348929000000000e+09
4.588605814000000000e+09
6.998482734000000000e+09
1.700975742400000000e+10
2.420999526500000000e+10
4.191671014800000000e+10
9.546873720900000000e+10
1.150473732570000000e+11
1.701842609100000000e+11
3.775452719540000000e+11
4.514646073210000000e+11
7.215699007220000000e+11
2.472559028330000000e+12
3.715067114564000000e+12
7.359208227404000000e+12
2.222497268651300000e+13
3.880900632687000000e+13
7.714537404380900000e+13
6.317805330131200000e+13
