# [0.e+00 1.e-07 2.e-07 5.e-07 1.e-06 2.e-06 5.e-06 1.e-05 2.e-05 5.e-05
#  1.e-04 2.e-04 5.e-04 1.e-03 2.e-03 5.e-03 1.e-02 2.e-02 5.e-02 1.e-01
#  2.e-01 5.e-01]
9.147518087000000000e+09
4.867759775000000000e+09
9.161977315000000000e+09
9.674113059000000000e+09
1.459401459900000000e+10
3.515395258400000000e+10
5.028139892600000000e+10
8.821113699100000000e+10
2.047292853310000000e+11
2.495627704200000000e+11
3.867592836290000000e+11
7.591907369500000000e+11
1.031227392231000000e+12
1.903263632934000000e+12
5.426974600400000000e+12
8.349633171896000000e+12
1.666142225335400000e+13
5.113399710391200000e+13
8.587625407413600000e+13
1.906849614054820000e+14
3.711386485628550000e+14
