# {'chrom': '11', 'window_id': '1', 'statistic': 'H2', 'bounds': [17000000, 34000000], 'span': 17000000, 'n_sites': 10970865, 'coverage': 64.53, 'right_discontinuous': False, 'rows': "{0: 'Altai', 1: 'Chagyrskaya', 2: 'Denisova', 3: 'French-1', 4: 'Han-1', 5: 'Khomani_San-2', 6: 'Papuan-2', 7: 'Vindija', 8: 'Yoruba-1', 9: 'Yoruba-3'}"}
1.031000000000000000e+03 1.260000000000000000e+02 2.970000000000000000e+02 5.050000000000000000e+02 7.660000000000000000e+02 2.247000000000000000e+03 3.248000000000000000e+03 6.357000000000000000e+03 1.430900000000000000e+04 1.036900000000000000e+04 1.145100000000000000e+04 1.956000000000000000e+04 2.089800000000000000e+04 4.039200000000000000e+04 1.001760000000000000e+05 1.328640000000000000e+05 3.144580000000000000e+05 8.218610000000000000e+05 1.852704000000000000e+06
2.900000000000000000e+01 3.400000000000000000e+01 7.800000000000000000e+01 1.410000000000000000e+02 2.850000000000000000e+02 7.580000000000000000e+02 1.213000000000000000e+03 1.766000000000000000e+03 4.045000000000000000e+03 5.091000000000000000e+03 5.682000000000000000e+03 1.026200000000000000e+04 1.066700000000000000e+04 2.087300000000000000e+04 4.219300000000000000e+04 8.739700000000000000e+04 8.027100000000000000e+04 1.944000000000000000e+05 7.596210000000000000e+05
1.580000000000000000e+02 2.070000000000000000e+02 4.930000000000000000e+02 5.670000000000000000e+02 7.700000000000000000e+02 1.729000000000000000e+03 2.894000000000000000e+03 3.920000000000000000e+03 6.607000000000000000e+03 5.531000000000000000e+03 1.370900000000000000e+04 2.681800000000000000e+04 2.296200000000000000e+04 3.281400000000000000e+04 1.283100000000000000e+05 1.670970000000000000e+05 3.501170000000000000e+05 8.387930000000000000e+05 1.459533000000000000e+06
5.141000000000000000e+03 2.390000000000000000e+03 2.791000000000000000e+03 2.243000000000000000e+03 3.333000000000000000e+03 9.895000000000000000e+03 1.763900000000000000e+04 2.773500000000000000e+04 6.228500000000000000e+04 7.485000000000000000e+04 1.043750000000000000e+05 2.123290000000000000e+05 2.577620000000000000e+05 4.161280000000000000e+05 1.028667000000000000e+06 1.693242000000000000e+06 3.512433000000000000e+06 9.797162000000000000e+06 1.733279600000000000e+07
5.036000000000000000e+03 2.539000000000000000e+03 2.613000000000000000e+03 2.294000000000000000e+03 3.609000000000000000e+03 1.113900000000000000e+04 1.857900000000000000e+04 3.163000000000000000e+04 6.908100000000000000e+04 7.748800000000000000e+04 9.177800000000000000e+04 1.724650000000000000e+05 2.279790000000000000e+05 3.450490000000000000e+05 1.037671000000000000e+06 1.585568000000000000e+06 3.279726000000000000e+06 1.009357300000000000e+07 1.835499900000000000e+07
3.801000000000000000e+03 2.367000000000000000e+03 3.795000000000000000e+03 4.185000000000000000e+03 6.385000000000000000e+03 1.714300000000000000e+04 2.626100000000000000e+04 4.489600000000000000e+04 9.234600000000000000e+04 1.071120000000000000e+05 1.582000000000000000e+05 3.931450000000000000e+05 4.585670000000000000e+05 8.877290000000000000e+05 2.696370000000000000e+06 4.625163000000000000e+06 9.166235000000000000e+06 2.619929500000000000e+07 4.692069400000000000e+07
2.599000000000000000e+03 1.032000000000000000e+03 1.040000000000000000e+03 9.730000000000000000e+02 2.002000000000000000e+03 6.511000000000000000e+03 9.839000000000000000e+03 1.564200000000000000e+04 3.075500000000000000e+04 3.484800000000000000e+04 3.570500000000000000e+04 7.780900000000000000e+04 8.914000000000000000e+04 1.648940000000000000e+05 3.827380000000000000e+05 7.815610000000000000e+05 1.527177000000000000e+06 3.660159000000000000e+06 7.251884000000000000e+06
9.700000000000000000e+02 1.690000000000000000e+02 3.250000000000000000e+02 4.950000000000000000e+02 8.350000000000000000e+02 2.104000000000000000e+03 2.748000000000000000e+03 5.264000000000000000e+03 1.219300000000000000e+04 1.069200000000000000e+04 6.804000000000000000e+03 1.494600000000000000e+04 1.964200000000000000e+04 3.302100000000000000e+04 6.871300000000000000e+04 1.365970000000000000e+05 2.734760000000000000e+05 6.003390000000000000e+05 1.080603000000000000e+06
5.095000000000000000e+03 2.941000000000000000e+03 3.488000000000000000e+03 3.290000000000000000e+03 5.462000000000000000e+03 1.532000000000000000e+04 2.450000000000000000e+04 4.226900000000000000e+04 8.988900000000000000e+04 9.745900000000000000e+04 1.406230000000000000e+05 3.041610000000000000e+05 4.030440000000000000e+05 6.726450000000000000e+05 2.131170000000000000e+06 3.446922000000000000e+06 7.011338000000000000e+06 2.049131500000000000e+07 3.779311100000000000e+07
4.490000000000000000e+03 1.874000000000000000e+03 2.431000000000000000e+03 2.957000000000000000e+03 4.716000000000000000e+03 1.471000000000000000e+04 2.297900000000000000e+04 3.618600000000000000e+04 7.605500000000000000e+04 8.604500000000000000e+04 1.218850000000000000e+05 2.771990000000000000e+05 3.270350000000000000e+05 5.986950000000000000e+05 1.855575000000000000e+06 3.027384000000000000e+06 5.973948000000000000e+06 1.723800500000000000e+07 3.479858100000000000e+07
