# {'chrom': '11', 'window_id': '2', 'statistic': 'H2', 'bounds': [34000000, 52000000], 'span': 18000000, 'n_sites': 9350215, 'coverage': 51.95, 'right_discontinuous': True, 'rows': "{0: 'Altai', 1: 'Chagyrskaya', 2: 'Denisova', 3: 'French-1', 4: 'Han-1', 5: 'Khomani_San-2', 6: 'Papuan-2', 7: 'Vindija', 8: 'Yoruba-1', 9: 'Yoruba-3'}"}
3.630000000000000000e+02 3.320000000000000000e+02 4.780000000000000000e+02 4.950000000000000000e+02 8.290000000000000000e+02 1.994000000000000000e+03 3.059000000000000000e+03 5.331000000000000000e+03 1.119000000000000000e+04 1.175500000000000000e+04 1.778600000000000000e+04 3.638100000000000000e+04 3.830600000000000000e+04 6.995900000000000000e+04 1.512340000000000000e+05 2.292820000000000000e+05 3.206640000000000000e+05 9.235640000000000000e+05 4.903690000000000000e+05
2.090000000000000000e+02 1.770000000000000000e+02 1.640000000000000000e+02 2.600000000000000000e+02 4.810000000000000000e+02 1.198000000000000000e+03 1.841000000000000000e+03 2.782000000000000000e+03 5.994000000000000000e+03 7.239000000000000000e+03 1.207800000000000000e+04 1.749700000000000000e+04 2.130500000000000000e+04 3.337000000000000000e+04 8.671500000000000000e+04 1.569570000000000000e+05 2.917920000000000000e+05 6.128300000000000000e+05 1.656100000000000000e+05
6.730000000000000000e+02 3.660000000000000000e+02 3.520000000000000000e+02 3.860000000000000000e+02 5.840000000000000000e+02 1.789000000000000000e+03 2.344000000000000000e+03 3.421000000000000000e+03 8.751000000000000000e+03 1.116400000000000000e+04 2.138900000000000000e+04 3.352800000000000000e+04 4.215700000000000000e+04 7.483000000000000000e+04 1.384290000000000000e+05 1.501110000000000000e+05 2.868040000000000000e+05 9.494150000000000000e+05 8.020750000000000000e+05
2.910000000000000000e+03 1.455000000000000000e+03 1.887000000000000000e+03 1.821000000000000000e+03 2.829000000000000000e+03 7.812000000000000000e+03 1.330600000000000000e+04 2.130300000000000000e+04 4.568300000000000000e+04 5.429900000000000000e+04 8.725100000000000000e+04 1.767370000000000000e+05 2.577140000000000000e+05 3.119000000000000000e+05 9.753530000000000000e+05 1.680288000000000000e+06 2.514218000000000000e+06 7.319585000000000000e+06 6.669297000000000000e+06
1.836000000000000000e+03 1.112000000000000000e+03 1.552000000000000000e+03 1.570000000000000000e+03 2.617000000000000000e+03 6.863000000000000000e+03 1.189900000000000000e+04 1.729500000000000000e+04 3.984700000000000000e+04 4.986400000000000000e+04 7.345300000000000000e+04 1.505250000000000000e+05 1.870210000000000000e+05 2.502820000000000000e+05 7.899180000000000000e+05 1.076708000000000000e+06 1.647539000000000000e+06 4.877878000000000000e+06 5.072062000000000000e+06
4.378000000000000000e+03 2.895000000000000000e+03 3.915000000000000000e+03 3.638000000000000000e+03 5.345000000000000000e+03 1.515800000000000000e+04 2.495300000000000000e+04 3.937700000000000000e+04 8.498900000000000000e+04 1.022570000000000000e+05 1.615850000000000000e+05 3.729340000000000000e+05 5.916540000000000000e+05 8.899590000000000000e+05 2.404836000000000000e+06 3.410760000000000000e+06 6.050466000000000000e+06 1.778126300000000000e+07 1.780898200000000000e+07
2.026000000000000000e+03 1.190000000000000000e+03 1.528000000000000000e+03 1.403000000000000000e+03 2.128000000000000000e+03 5.971000000000000000e+03 9.262000000000000000e+03 1.382400000000000000e+04 3.306100000000000000e+04 3.958100000000000000e+04 5.890600000000000000e+04 8.971500000000000000e+04 1.578770000000000000e+05 1.775110000000000000e+05 4.247700000000000000e+05 6.145160000000000000e+05 1.054203000000000000e+06 3.323996000000000000e+06 3.597572000000000000e+06
3.200000000000000000e+01 2.900000000000000000e+01 1.600000000000000000e+02 3.130000000000000000e+02 6.190000000000000000e+02 1.358000000000000000e+03 1.801000000000000000e+03 3.306000000000000000e+03 6.449000000000000000e+03 7.642000000000000000e+03 9.140000000000000000e+03 2.021800000000000000e+04 2.016600000000000000e+04 1.503700000000000000e+04 6.893700000000000000e+04 1.085560000000000000e+05 1.807670000000000000e+05 4.787360000000000000e+05 4.274590000000000000e+05
7.383000000000000000e+03 2.577000000000000000e+03 3.328000000000000000e+03 3.210000000000000000e+03 5.024000000000000000e+03 1.535500000000000000e+04 2.160500000000000000e+04 3.353300000000000000e+04 7.343100000000000000e+04 8.459500000000000000e+04 1.253740000000000000e+05 3.158300000000000000e+05 4.506930000000000000e+05 6.611300000000000000e+05 2.061372000000000000e+06 2.989057000000000000e+06 5.006192000000000000e+06 1.327817100000000000e+07 1.474678300000000000e+07
3.680000000000000000e+03 1.533000000000000000e+03 2.170000000000000000e+03 2.156000000000000000e+03 3.796000000000000000e+03 1.205000000000000000e+04 1.750400000000000000e+04 2.727800000000000000e+04 6.039500000000000000e+04 7.128800000000000000e+04 1.172470000000000000e+05 2.768050000000000000e+05 3.760520000000000000e+05 6.241480000000000000e+05 1.881165000000000000e+06 2.559473000000000000e+06 3.979262000000000000e+06 1.336214100000000000e+07 1.188840100000000000e+07
