# {'chrom': '11', 'window_id': '0', 'statistic': 'H2', 'bounds': [0, 17000000], 'span': 17000000, 'n_sites': 10518327, 'coverage': 61.87, 'right_discontinuous': False, 'rows': "{0: 'Altai', 1: 'Chagyrskaya', 2: 'Denisova', 3: 'French-1', 4: 'Han-1', 5: 'Khomani_San-2', 6: 'Papuan-2', 7: 'Vindija', 8: 'Yoruba-1', 9: 'Yoruba-3'}"}
3.500000000000000000e+01 2.200000000000000000e+01 1.080000000000000000e+02 2.280000000000000000e+02 6.130000000000000000e+02 1.448000000000000000e+03 1.711000000000000000e+03 3.547000000000000000e+03 4.962000000000000000e+03 5.328000000000000000e+03 7.026000000000000000e+03 1.325000000000000000e+04 6.251000000000000000e+03 1.915800000000000000e+04 4.291600000000000000e+04 7.310200000000000000e+04 1.592870000000000000e+05 4.100170000000000000e+05 7.590880000000000000e+05
3.400000000000000000e+01 2.700000000000000000e+01 1.060000000000000000e+02 1.330000000000000000e+02 2.510000000000000000e+02 8.120000000000000000e+02 1.087000000000000000e+03 1.886000000000000000e+03 4.163000000000000000e+03 3.414000000000000000e+03 5.016000000000000000e+03 6.330000000000000000e+03 6.565000000000000000e+03 1.231000000000000000e+04 3.684200000000000000e+04 6.556400000000000000e+04 1.358820000000000000e+05 3.992360000000000000e+05 6.954170000000000000e+05
1.150000000000000000e+02 1.390000000000000000e+02 3.170000000000000000e+02 3.390000000000000000e+02 4.990000000000000000e+02 1.324000000000000000e+03 1.693000000000000000e+03 3.126000000000000000e+03 5.790000000000000000e+03 6.704000000000000000e+03 7.555000000000000000e+03 1.151800000000000000e+04 2.262300000000000000e+04 3.450000000000000000e+04 7.475500000000000000e+04 1.085130000000000000e+05 2.148370000000000000e+05 5.872700000000000000e+05 1.077333000000000000e+06
2.121000000000000000e+03 1.448000000000000000e+03 2.207000000000000000e+03 2.251000000000000000e+03 3.359000000000000000e+03 8.237000000000000000e+03 1.439300000000000000e+04 2.893800000000000000e+04 6.329300000000000000e+04 7.752500000000000000e+04 1.064810000000000000e+05 1.685690000000000000e+05 2.030020000000000000e+05 3.507270000000000000e+05 1.012462000000000000e+06 2.059680000000000000e+06 3.668735000000000000e+06 1.017198200000000000e+07 1.905338300000000000e+07
1.426000000000000000e+03 9.400000000000000000e+02 1.791000000000000000e+03 1.612000000000000000e+03 2.433000000000000000e+03 6.045000000000000000e+03 1.109500000000000000e+04 1.987000000000000000e+04 4.302700000000000000e+04 5.393000000000000000e+04 7.445400000000000000e+04 1.183710000000000000e+05 1.436890000000000000e+05 2.662490000000000000e+05 7.055060000000000000e+05 1.126720000000000000e+06 2.212804000000000000e+06 7.165032000000000000e+06 1.372697100000000000e+07
1.691000000000000000e+03 1.618000000000000000e+03 3.202000000000000000e+03 3.133000000000000000e+03 4.735000000000000000e+03 1.234600000000000000e+04 2.009400000000000000e+04 3.564500000000000000e+04 7.949500000000000000e+04 1.027170000000000000e+05 1.409880000000000000e+05 2.484780000000000000e+05 3.253530000000000000e+05 6.292620000000000000e+05 1.978720000000000000e+06 3.231748000000000000e+06 6.323557000000000000e+06 1.921334100000000000e+07 3.512369600000000000e+07
2.198000000000000000e+03 9.190000000000000000e+02 1.387000000000000000e+03 1.453000000000000000e+03 2.237000000000000000e+03 6.199000000000000000e+03 1.155300000000000000e+04 2.048600000000000000e+04 4.320500000000000000e+04 5.192200000000000000e+04 6.853800000000000000e+04 1.193300000000000000e+05 1.337820000000000000e+05 2.400890000000000000e+05 6.668890000000000000e+05 1.104981000000000000e+06 1.998335000000000000e+06 6.015347000000000000e+06 1.021756100000000000e+07
1.470000000000000000e+02 1.040000000000000000e+02 1.750000000000000000e+02 2.350000000000000000e+02 7.510000000000000000e+02 1.651000000000000000e+03 2.095000000000000000e+03 4.013000000000000000e+03 6.889000000000000000e+03 6.828000000000000000e+03 9.012000000000000000e+03 1.902900000000000000e+04 1.236200000000000000e+04 3.093000000000000000e+04 8.297000000000000000e+04 9.237700000000000000e+04 1.525650000000000000e+05 5.310820000000000000e+05 8.732270000000000000e+05
2.993000000000000000e+03 1.861000000000000000e+03 3.032000000000000000e+03 2.578000000000000000e+03 3.795000000000000000e+03 1.114500000000000000e+04 1.903800000000000000e+04 3.313300000000000000e+04 7.474100000000000000e+04 8.984400000000000000e+04 1.284680000000000000e+05 2.285080000000000000e+05 2.738100000000000000e+05 6.200750000000000000e+05 1.749728000000000000e+06 2.970601000000000000e+06 5.429206000000000000e+06 1.648989600000000000e+07 3.059433100000000000e+07
2.635000000000000000e+03 1.520000000000000000e+03 2.505000000000000000e+03 2.238000000000000000e+03 3.565000000000000000e+03 9.363000000000000000e+03 1.588800000000000000e+04 3.007900000000000000e+04 6.585100000000000000e+04 7.386300000000000000e+04 1.066090000000000000e+05 1.870180000000000000e+05 2.503240000000000000e+05 5.178500000000000000e+05 1.517201000000000000e+06 2.252227000000000000e+06 4.973356000000000000e+06 1.472493900000000000e+07 2.686788400000000000e+07
