# {'chrom': '11', 'window_id': '6', 'statistic': 'H2', 'bounds': [115000000, 135000000], 'span': 20000000, 'n_sites': 13843590, 'coverage': 69.22, 'right_discontinuous': True, 'rows': "{0: 'Altai', 1: 'Chagyrskaya', 2: 'Denisova', 3: 'French-1', 4: 'Han-1', 5: 'Khomani_San-2', 6: 'Papuan-2', 7: 'Vindija', 8: 'Yoruba-1', 9: 'Yoruba-3'}"}
7.600000000000000000e+01 6.700000000000000000e+01 1.730000000000000000e+02 2.970000000000000000e+02 4.630000000000000000e+02 1.272000000000000000e+03 2.073000000000000000e+03 3.484000000000000000e+03 7.756000000000000000e+03 7.919000000000000000e+03 9.987000000000000000e+03 2.046500000000000000e+04 2.692500000000000000e+04 3.203800000000000000e+04 1.027890000000000000e+05 1.322960000000000000e+05 2.856580000000000000e+05 8.160040000000000000e+05 1.333571000000000000e+06
4.100000000000000000e+01 4.900000000000000000e+01 1.040000000000000000e+02 2.120000000000000000e+02 4.240000000000000000e+02 1.147000000000000000e+03 1.949000000000000000e+03 3.285000000000000000e+03 7.259000000000000000e+03 7.725000000000000000e+03 1.078200000000000000e+04 2.033500000000000000e+04 2.000700000000000000e+04 4.478900000000000000e+04 9.013300000000000000e+04 1.197470000000000000e+05 2.272460000000000000e+05 7.312340000000000000e+05 1.206984000000000000e+06
5.000000000000000000e+01 7.200000000000000000e+01 1.480000000000000000e+02 2.040000000000000000e+02 4.030000000000000000e+02 1.226000000000000000e+03 1.950000000000000000e+03 3.696000000000000000e+03 8.115000000000000000e+03 8.301000000000000000e+03 1.352300000000000000e+04 2.968400000000000000e+04 3.733700000000000000e+04 5.424500000000000000e+04 1.678970000000000000e+05 1.686610000000000000e+05 2.862430000000000000e+05 8.160900000000000000e+05 1.427424000000000000e+06
2.471000000000000000e+03 7.540000000000000000e+02 1.063000000000000000e+03 1.620000000000000000e+03 2.807000000000000000e+03 8.130000000000000000e+03 1.387400000000000000e+04 2.260100000000000000e+04 4.923000000000000000e+04 5.369200000000000000e+04 7.341600000000000000e+04 1.521190000000000000e+05 1.736430000000000000e+05 3.262080000000000000e+05 8.181150000000000000e+05 1.446644000000000000e+06 2.847505000000000000e+06 8.633556000000000000e+06 1.397132200000000000e+07
8.220000000000000000e+02 5.360000000000000000e+02 1.025000000000000000e+03 1.487000000000000000e+03 2.664000000000000000e+03 7.711000000000000000e+03 1.238500000000000000e+04 2.072100000000000000e+04 4.562500000000000000e+04 5.329800000000000000e+04 7.690200000000000000e+04 1.442000000000000000e+05 1.557560000000000000e+05 2.696120000000000000e+05 8.062060000000000000e+05 1.242219000000000000e+06 2.394925000000000000e+06 7.765166000000000000e+06 1.240389400000000000e+07
3.622000000000000000e+03 1.153000000000000000e+03 2.082000000000000000e+03 2.544000000000000000e+03 4.271000000000000000e+03 1.417700000000000000e+04 2.231500000000000000e+04 3.735300000000000000e+04 7.848900000000000000e+04 8.626800000000000000e+04 1.317590000000000000e+05 2.625160000000000000e+05 2.837250000000000000e+05 5.465490000000000000e+05 1.667633000000000000e+06 2.667517000000000000e+06 5.103598000000000000e+06 1.619442200000000000e+07 2.634062900000000000e+07
2.499000000000000000e+03 6.420000000000000000e+02 7.240000000000000000e+02 7.150000000000000000e+02 1.064000000000000000e+03 5.052000000000000000e+03 7.421000000000000000e+03 1.206200000000000000e+04 2.847200000000000000e+04 3.448900000000000000e+04 4.932200000000000000e+04 8.029900000000000000e+04 7.083600000000000000e+04 9.997500000000000000e+04 2.779210000000000000e+05 4.653530000000000000e+05 9.786000000000000000e+05 3.060873000000000000e+06 4.932165000000000000e+06
2.400000000000000000e+01 8.100000000000000000e+01 1.920000000000000000e+02 2.540000000000000000e+02 4.130000000000000000e+02 1.067000000000000000e+03 1.804000000000000000e+03 2.993000000000000000e+03 6.301000000000000000e+03 6.127000000000000000e+03 7.079000000000000000e+03 1.378600000000000000e+04 1.540900000000000000e+04 3.313600000000000000e+04 6.654300000000000000e+04 9.624000000000000000e+04 2.023450000000000000e+05 6.316980000000000000e+05 1.009974000000000000e+06
3.333000000000000000e+03 9.830000000000000000e+02 1.657000000000000000e+03 1.962000000000000000e+03 3.809000000000000000e+03 1.280800000000000000e+04 1.827200000000000000e+04 3.090200000000000000e+04 7.008500000000000000e+04 7.726800000000000000e+04 1.127160000000000000e+05 2.313890000000000000e+05 2.625030000000000000e+05 5.230340000000000000e+05 1.459319000000000000e+06 2.397832000000000000e+06 4.912663000000000000e+06 1.441885400000000000e+07 2.274593000000000000e+07
2.504000000000000000e+03 1.002000000000000000e+03 1.560000000000000000e+03 1.798000000000000000e+03 3.488000000000000000e+03 1.174400000000000000e+04 1.843900000000000000e+04 3.012600000000000000e+04 6.833600000000000000e+04 7.723800000000000000e+04 1.169850000000000000e+05 2.218830000000000000e+05 2.670810000000000000e+05 4.966310000000000000e+05 1.543155000000000000e+06 2.406412000000000000e+06 4.882622000000000000e+06 1.482299900000000000e+07 2.393078800000000000e+07
