# {'chrom': '11', 'window_id': '5', 'statistic': 'H2', 'bounds': [95000000, 115000000], 'span': 20000000, 'n_sites': 12718655, 'coverage': 63.59, 'right_discontinuous': False, 'rows': "{0: 'Altai', 1: 'Chagyrskaya', 2: 'Denisova', 3: 'French-1', 4: 'Han-1', 5: 'Khomani_San-2', 6: 'Papuan-2', 7: 'Vindija', 8: 'Yoruba-1', 9: 'Yoruba-3'}"}
1.200000000000000000e+02 6.800000000000000000e+01 1.980000000000000000e+02 2.050000000000000000e+02 2.960000000000000000e+02 7.730000000000000000e+02 1.040000000000000000e+03 2.142000000000000000e+03 4.690000000000000000e+03 5.161000000000000000e+03 5.120000000000000000e+03 1.096600000000000000e+04 9.647000000000000000e+03 1.431900000000000000e+04 5.540900000000000000e+04 7.383300000000000000e+04 1.367600000000000000e+05 4.481050000000000000e+05 9.009110000000000000e+05
1.350000000000000000e+02 7.800000000000000000e+01 2.370000000000000000e+02 1.510000000000000000e+02 2.790000000000000000e+02 7.720000000000000000e+02 1.089000000000000000e+03 1.941000000000000000e+03 3.975000000000000000e+03 3.827000000000000000e+03 5.506000000000000000e+03 1.015800000000000000e+04 1.060000000000000000e+04 1.657500000000000000e+04 6.419300000000000000e+04 7.391200000000000000e+04 1.239610000000000000e+05 3.745920000000000000e+05 7.644120000000000000e+05
2.320000000000000000e+02 1.990000000000000000e+02 3.510000000000000000e+02 3.220000000000000000e+02 6.870000000000000000e+02 1.940000000000000000e+03 2.884000000000000000e+03 5.051000000000000000e+03 9.703000000000000000e+03 1.151800000000000000e+04 1.990900000000000000e+04 3.750000000000000000e+04 4.851600000000000000e+04 6.936200000000000000e+04 1.922880000000000000e+05 2.436870000000000000e+05 4.101760000000000000e+05 1.229662000000000000e+06 2.150330000000000000e+06
4.121000000000000000e+03 1.471000000000000000e+03 2.764000000000000000e+03 3.088000000000000000e+03 4.754000000000000000e+03 1.304600000000000000e+04 1.974500000000000000e+04 3.774700000000000000e+04 7.959100000000000000e+04 8.686600000000000000e+04 1.280090000000000000e+05 2.647500000000000000e+05 3.155380000000000000e+05 5.051090000000000000e+05 1.738417000000000000e+06 2.386096000000000000e+06 5.611834000000000000e+06 1.528497800000000000e+07 2.368087500000000000e+07
2.762000000000000000e+03 9.600000000000000000e+02 1.694000000000000000e+03 2.277000000000000000e+03 3.499000000000000000e+03 9.698000000000000000e+03 1.463500000000000000e+04 2.718900000000000000e+04 5.467900000000000000e+04 6.344500000000000000e+04 9.160900000000000000e+04 1.649640000000000000e+05 2.064600000000000000e+05 3.068730000000000000e+05 9.785410000000000000e+05 1.646356000000000000e+06 3.332269000000000000e+06 1.031758700000000000e+07 1.706832300000000000e+07
4.427000000000000000e+03 1.903000000000000000e+03 3.138000000000000000e+03 3.526000000000000000e+03 6.022000000000000000e+03 1.540100000000000000e+04 2.238900000000000000e+04 4.110900000000000000e+04 9.415300000000000000e+04 1.045390000000000000e+05 1.630820000000000000e+05 3.367840000000000000e+05 4.669080000000000000e+05 6.977930000000000000e+05 2.471871000000000000e+06 3.322066000000000000e+06 6.997087000000000000e+06 2.078027300000000000e+07 3.261233000000000000e+07
3.005000000000000000e+03 1.220000000000000000e+03 2.068000000000000000e+03 1.615000000000000000e+03 2.431000000000000000e+03 7.880000000000000000e+03 1.201600000000000000e+04 2.183700000000000000e+04 4.962600000000000000e+04 5.725700000000000000e+04 7.974300000000000000e+04 1.657870000000000000e+05 1.747520000000000000e+05 2.266010000000000000e+05 7.602350000000000000e+05 1.261326000000000000e+06 2.777245000000000000e+06 6.658753000000000000e+06 4.681898000000000000e+06
1.070000000000000000e+02 7.200000000000000000e+01 1.670000000000000000e+02 2.180000000000000000e+02 3.960000000000000000e+02 1.021000000000000000e+03 1.507000000000000000e+03 2.429000000000000000e+03 4.900000000000000000e+03 4.971000000000000000e+03 6.506000000000000000e+03 1.326700000000000000e+04 1.727500000000000000e+04 2.467800000000000000e+04 8.255300000000000000e+04 1.138830000000000000e+05 1.956810000000000000e+05 5.168600000000000000e+05 9.551590000000000000e+05
4.661000000000000000e+03 1.904000000000000000e+03 3.050000000000000000e+03 3.330000000000000000e+03 5.617000000000000000e+03 1.510000000000000000e+04 2.364000000000000000e+04 4.247000000000000000e+04 9.384400000000000000e+04 1.095210000000000000e+05 1.687260000000000000e+05 3.525920000000000000e+05 4.385270000000000000e+05 6.370160000000000000e+05 2.338131000000000000e+06 3.709927000000000000e+06 8.168450000000000000e+06 2.323806800000000000e+07 3.586039200000000000e+07
5.064000000000000000e+03 2.224000000000000000e+03 3.433000000000000000e+03 3.310000000000000000e+03 5.475000000000000000e+03 1.587900000000000000e+04 2.336200000000000000e+04 4.375300000000000000e+04 9.519900000000000000e+04 9.714100000000000000e+04 1.563530000000000000e+05 3.436010000000000000e+05 4.680760000000000000e+05 7.056660000000000000e+05 2.339830000000000000e+06 3.700044000000000000e+06 7.554188000000000000e+06 2.304769300000000000e+07 3.624946900000000000e+07
