# {'chrom': '11', 'window_id': '4', 'statistic': 'H2', 'bounds': [75000000, 95000000], 'span': 20000000, 'n_sites': 12218226, 'coverage': 61.09, 'right_discontinuous': False, 'rows': "{0: 'Altai', 1: 'Chagyrskaya', 2: 'Denisova', 3: 'French-1', 4: 'Han-1', 5: 'Khomani_San-2', 6: 'Papuan-2', 7: 'Vindija', 8: 'Yoruba-1', 9: 'Yoruba-3'}"}
6.300000000000000000e+01 8.400000000000000000e+01 2.420000000000000000e+02 3.570000000000000000e+02 4.530000000000000000e+02 1.273000000000000000e+03 1.505000000000000000e+03 2.605000000000000000e+03 5.523000000000000000e+03 7.668000000000000000e+03 9.715000000000000000e+03 1.457800000000000000e+04 1.706900000000000000e+04 2.752300000000000000e+04 7.186200000000000000e+04 1.049960000000000000e+05 2.128380000000000000e+05 4.103750000000000000e+05 9.360640000000000000e+05
5.000000000000000000e+00 1.400000000000000000e+01 2.300000000000000000e+01 1.600000000000000000e+01 3.100000000000000000e+01 1.340000000000000000e+02 2.210000000000000000e+02 4.280000000000000000e+02 7.660000000000000000e+02 5.980000000000000000e+02 3.540000000000000000e+02 4.180000000000000000e+02 3.740000000000000000e+02 2.800000000000000000e+03 3.496000000000000000e+03 3.788000000000000000e+03 1.337600000000000000e+04 4.892300000000000000e+04 1.068010000000000000e+05
7.900000000000000000e+01 8.100000000000000000e+01 1.730000000000000000e+02 2.920000000000000000e+02 5.600000000000000000e+02 1.207000000000000000e+03 1.987000000000000000e+03 3.358000000000000000e+03 6.785000000000000000e+03 8.150000000000000000e+03 1.380300000000000000e+04 2.279700000000000000e+04 2.422800000000000000e+04 4.704400000000000000e+04 9.092200000000000000e+04 1.330670000000000000e+05 2.809490000000000000e+05 9.051500000000000000e+05 1.889664000000000000e+06
1.384000000000000000e+03 1.197000000000000000e+03 2.307000000000000000e+03 2.762000000000000000e+03 4.179000000000000000e+03 1.149900000000000000e+04 1.678700000000000000e+04 2.973200000000000000e+04 7.636100000000000000e+04 8.784400000000000000e+04 1.146960000000000000e+05 2.509080000000000000e+05 2.588120000000000000e+05 5.449060000000000000e+05 1.653867000000000000e+06 2.550556000000000000e+06 5.000554000000000000e+06 1.456327000000000000e+07 2.906898200000000000e+07
1.928000000000000000e+03 1.536000000000000000e+03 2.467000000000000000e+03 2.160000000000000000e+03 3.735000000000000000e+03 1.007400000000000000e+04 1.598900000000000000e+04 2.673800000000000000e+04 6.828800000000000000e+04 7.614000000000000000e+04 1.072440000000000000e+05 2.047020000000000000e+05 2.404870000000000000e+05 4.457280000000000000e+05 1.155927000000000000e+06 2.077943000000000000e+06 3.962010000000000000e+06 1.239611300000000000e+07 2.251378200000000000e+07
2.407000000000000000e+03 2.178000000000000000e+03 3.907000000000000000e+03 3.719000000000000000e+03 6.357000000000000000e+03 1.810700000000000000e+04 2.751500000000000000e+04 4.602400000000000000e+04 1.087210000000000000e+05 1.285590000000000000e+05 1.910720000000000000e+05 4.269860000000000000e+05 6.232110000000000000e+05 1.176318000000000000e+06 3.471433000000000000e+06 5.666861000000000000e+06 1.092003400000000000e+07 3.317750900000000000e+07 6.076094700000000000e+07
7.110000000000000000e+02 7.510000000000000000e+02 1.400000000000000000e+03 1.206000000000000000e+03 1.950000000000000000e+03 5.073000000000000000e+03 8.334000000000000000e+03 1.405900000000000000e+04 3.513800000000000000e+04 3.987800000000000000e+04 5.135300000000000000e+04 1.014120000000000000e+05 9.349000000000000000e+04 2.305240000000000000e+05 5.074220000000000000e+05 9.565620000000000000e+05 1.463501000000000000e+06 2.827980000000000000e+06 8.466596000000000000e+06
9.000000000000000000e+01 8.000000000000000000e+01 1.910000000000000000e+02 3.140000000000000000e+02 4.690000000000000000e+02 1.219000000000000000e+03 2.057000000000000000e+03 2.959000000000000000e+03 7.983000000000000000e+03 7.405000000000000000e+03 1.089700000000000000e+04 1.289300000000000000e+04 1.181300000000000000e+04 1.381400000000000000e+04 6.215400000000000000e+04 1.041270000000000000e+05 1.161510000000000000e+05 3.013220000000000000e+05 7.476040000000000000e+05
1.812000000000000000e+03 1.560000000000000000e+03 2.844000000000000000e+03 3.283000000000000000e+03 5.952000000000000000e+03 1.557400000000000000e+04 2.393700000000000000e+04 4.179200000000000000e+04 9.836000000000000000e+04 1.168220000000000000e+05 1.794060000000000000e+05 3.701900000000000000e+05 5.060540000000000000e+05 9.801920000000000000e+05 2.808474000000000000e+06 4.672343000000000000e+06 9.040534000000000000e+06 2.688887200000000000e+07 5.001358000000000000e+07
3.765000000000000000e+03 2.501000000000000000e+03 3.784000000000000000e+03 3.728000000000000000e+03 6.322000000000000000e+03 1.809600000000000000e+04 2.584600000000000000e+04 4.494200000000000000e+04 1.102580000000000000e+05 1.304150000000000000e+05 1.807320000000000000e+05 3.798930000000000000e+05 5.246670000000000000e+05 9.669950000000000000e+05 2.752095000000000000e+06 4.415431000000000000e+06 8.398116000000000000e+06 2.562102300000000000e+07 4.820625400000000000e+07
