# {'chrom': '11', 'window_id': '3', 'statistic': 'H2', 'bounds': [54000000, 75000000], 'span': 21000000, 'n_sites': 10968202, 'coverage': 52.23, 'right_discontinuous': False, 'rows': "{0: 'Altai', 1: 'Chagyrskaya', 2: 'Denisova', 3: 'French-1', 4: 'Han-1', 5: 'Khomani_San-2', 6: 'Papuan-2', 7: 'Vindija', 8: 'Yoruba-1', 9: 'Yoruba-3'}"}
5.300000000000000000e+02 9.570000000000000000e+02 2.306000000000000000e+03 1.556000000000000000e+03 1.418000000000000000e+03 5.120000000000000000e+03 5.349000000000000000e+03 5.505000000000000000e+03 1.094900000000000000e+04 1.221200000000000000e+04 1.427500000000000000e+04 1.777900000000000000e+04 2.763600000000000000e+04 5.179200000000000000e+04 1.226650000000000000e+05 1.891310000000000000e+05 3.385190000000000000e+05 1.133433000000000000e+06 1.636322000000000000e+06
2.220000000000000000e+02 3.940000000000000000e+02 9.100000000000000000e+02 5.280000000000000000e+02 4.900000000000000000e+02 1.776000000000000000e+03 2.279000000000000000e+03 1.513000000000000000e+03 3.204000000000000000e+03 2.335000000000000000e+03 2.983000000000000000e+03 6.211000000000000000e+03 6.084000000000000000e+03 1.147400000000000000e+04 2.916500000000000000e+04 3.803800000000000000e+04 1.108860000000000000e+05 2.143440000000000000e+05 2.667770000000000000e+05
2.590000000000000000e+02 6.340000000000000000e+02 1.615000000000000000e+03 9.650000000000000000e+02 6.890000000000000000e+02 3.281000000000000000e+03 3.477000000000000000e+03 2.944000000000000000e+03 6.331000000000000000e+03 7.176000000000000000e+03 6.286000000000000000e+03 1.167600000000000000e+04 2.410000000000000000e+04 3.379800000000000000e+04 6.633700000000000000e+04 1.036350000000000000e+05 2.022430000000000000e+05 6.716790000000000000e+05 1.490451000000000000e+06
2.180000000000000000e+03 1.373000000000000000e+03 1.718000000000000000e+03 1.596000000000000000e+03 2.579000000000000000e+03 6.701000000000000000e+03 1.281800000000000000e+04 2.109600000000000000e+04 4.238700000000000000e+04 5.317800000000000000e+04 9.114000000000000000e+04 2.390640000000000000e+05 2.860960000000000000e+05 3.576260000000000000e+05 7.068590000000000000e+05 1.103424000000000000e+06 1.942799000000000000e+06 5.338065000000000000e+06 1.260088900000000000e+07
6.160000000000000000e+02 4.560000000000000000e+02 6.940000000000000000e+02 8.870000000000000000e+02 1.394000000000000000e+03 4.099000000000000000e+03 6.611000000000000000e+03 1.141600000000000000e+04 2.629100000000000000e+04 2.801900000000000000e+04 3.651700000000000000e+04 7.413500000000000000e+04 9.066000000000000000e+04 1.405410000000000000e+05 3.898420000000000000e+05 6.846800000000000000e+05 1.346877000000000000e+06 4.378037000000000000e+06 9.262510000000000000e+06
4.029000000000000000e+03 6.559000000000000000e+03 1.474400000000000000e+04 1.154200000000000000e+04 1.020300000000000000e+04 4.012100000000000000e+04 4.958200000000000000e+04 6.005300000000000000e+04 1.504280000000000000e+05 1.591290000000000000e+05 2.410930000000000000e+05 3.911440000000000000e+05 5.823280000000000000e+05 8.538560000000000000e+05 2.013991000000000000e+06 3.373637000000000000e+06 5.769783000000000000e+06 1.563823200000000000e+07 3.234332700000000000e+07
2.150000000000000000e+03 1.395000000000000000e+03 2.092000000000000000e+03 1.768000000000000000e+03 2.608000000000000000e+03 6.261000000000000000e+03 1.278200000000000000e+04 2.161400000000000000e+04 4.330800000000000000e+04 5.052800000000000000e+04 8.207600000000000000e+04 1.954450000000000000e+05 2.006470000000000000e+05 2.904690000000000000e+05 5.504280000000000000e+05 1.041234000000000000e+06 2.126460000000000000e+06 5.428638000000000000e+06 9.770711000000000000e+06
2.840000000000000000e+02 5.720000000000000000e+02 1.687000000000000000e+03 1.149000000000000000e+03 7.560000000000000000e+02 3.671000000000000000e+03 3.719000000000000000e+03 2.748000000000000000e+03 6.229000000000000000e+03 6.708000000000000000e+03 8.812000000000000000e+03 1.364900000000000000e+04 1.215900000000000000e+04 2.798500000000000000e+04 5.413800000000000000e+04 7.492900000000000000e+04 1.514980000000000000e+05 5.067820000000000000e+05 9.282350000000000000e+05
3.102000000000000000e+03 2.183000000000000000e+03 3.216000000000000000e+03 2.570000000000000000e+03 3.683000000000000000e+03 1.158800000000000000e+04 1.791100000000000000e+04 3.264700000000000000e+04 7.201000000000000000e+04 8.247100000000000000e+04 1.180420000000000000e+05 2.743270000000000000e+05 3.278580000000000000e+05 5.961270000000000000e+05 1.663441000000000000e+06 2.878415000000000000e+06 4.888366000000000000e+06 1.457878700000000000e+07 3.076892800000000000e+07
1.994000000000000000e+03 1.426000000000000000e+03 2.032000000000000000e+03 2.257000000000000000e+03 3.432000000000000000e+03 9.190000000000000000e+03 1.476700000000000000e+04 2.667200000000000000e+04 6.063800000000000000e+04 7.132700000000000000e+04 9.654700000000000000e+04 1.849140000000000000e+05 2.420300000000000000e+05 4.907570000000000000e+05 1.303732000000000000e+06 2.332589000000000000e+06 4.495289000000000000e+06 1.413151100000000000e+07 2.746991300000000000e+07
