# 'name' : 'rogers_a02_b00_d03_g03'
# 'source' : 'rogers_a02_b00_d03_g03.yaml'
# 'sample_pops' : ['X', 'D', 'Y', 'N']
# 'sample_size' : 1
# 'n_reps' : 100
# 'n_windows' : 200
# 'seq_length' : 100000000.0
# 'window_length' : 500000.0
# 'recomb_rate' : 1e-08
# 'mut_rate' : 1e-08
# 'created' : None
0.000000000000000000e+00 0.000000000000000000e+00 0.000000000000000000e+00 0.000000000000000000e+00 2.905286852040111188e-04 0.000000000000000000e+00 0.000000000000000000e+00 0.000000000000000000e+00 7.516758211757024579e-04 7.576469885513882662e-04 0.000000000000000000e+00 0.000000000000000000e+00 8.189938007926742067e-04 8.202900905556896778e-04 1.204307530654039646e-04 0.000000000000000000e+00
0.000000000000000000e+00 0.000000000000000000e+00 0.000000000000000000e+00 0.000000000000000000e+00 3.128747555363595905e-04 0.000000000000000000e+00 0.000000000000000000e+00 0.000000000000000000e+00 7.791637110193379507e-04 7.814230282862093691e-04 0.000000000000000000e+00 0.000000000000000000e+00 8.203733496180075054e-04 8.159297238012136943e-04 1.173106566720775274e-04 0.000000000000000000e+00
0.000000000000000000e+00 0.000000000000000000e+00 0.000000000000000000e+00 0.000000000000000000e+00 3.052658383957807366e-04 0.000000000000000000e+00 0.000000000000000000e+00 0.000000000000000000e+00 7.656209325164211286e-04 7.626799602750057193e-04 0.000000000000000000e+00 0.000000000000000000e+00 8.287945572695462572e-04 8.212988728033377784e-04 1.168332429215423085e-04 0.000000000000000000e+00
0.000000000000000000e+00 0.000000000000000000e+00 0.000000000000000000e+00 0.000000000000000000e+00 3.080658208306302987e-04 0.000000000000000000e+00 0.000000000000000000e+00 0.000000000000000000e+00 7.523465869070421544e-04 7.539781411771642348e-04 0.000000000000000000e+00 0.000000000000000000e+00 8.101090810405154902e-04 8.038924007545692396e-04 1.146442541724937707e-04 0.000000000000000000e+00
0.000000000000000000e+00 0.000000000000000000e+00 0.000000000000000000e+00 0.000000000000000000e+00 3.061300465997576336e-04 0.000000000000000000e+00 0.000000000000000000e+00 0.000000000000000000e+00 7.576766304689480864e-04 7.637751930236171211e-04 0.000000000000000000e+00 0.000000000000000000e+00 8.173316262043314696e-04 8.177783203856898910e-04 1.055441030880353728e-04 0.000000000000000000e+00
0.000000000000000000e+00 0.000000000000000000e+00 0.000000000000000000e+00 0.000000000000000000e+00 2.887434735467545944e-04 0.000000000000000000e+00 0.000000000000000000e+00 0.000000000000000000e+00 7.615765511627553292e-04 7.676783686970288989e-04 0.000000000000000000e+00 0.000000000000000000e+00 8.213792314868851186e-04 8.220380971327884449e-04 1.117586022530254141e-04 0.000000000000000000e+00
0.000000000000000000e+00 0.000000000000000000e+00 0.000000000000000000e+00 0.000000000000000000e+00 3.019971956112877222e-04 0.000000000000000000e+00 0.000000000000000000e+00 0.000000000000000000e+00 7.690376780498412931e-04 7.716854801545513544e-04 0.000000000000000000e+00 0.000000000000000000e+00 8.287970612895448775e-04 8.246985018729267999e-04 1.162180846786628355e-04 0.000000000000000000e+00
0.000000000000000000e+00 0.000000000000000000e+00 0.000000000000000000e+00 0.000000000000000000e+00 2.923486288819802372e-04 0.000000000000000000e+00 0.000000000000000000e+00 0.000000000000000000e+00 7.612363106428568027e-04 7.703651062130652130e-04 0.000000000000000000e+00 0.000000000000000000e+00 8.328638186429294715e-04 8.361842626595905993e-04 1.273329680336696015e-04 0.000000000000000000e+00
0.000000000000000000e+00 0.000000000000000000e+00 0.000000000000000000e+00 0.000000000000000000e+00 3.004887459986975624e-04 0.000000000000000000e+00 0.000000000000000000e+00 0.000000000000000000e+00 7.751680973321996076e-04 7.723576921347992267e-04 0.000000000000000000e+00 0.000000000000000000e+00 8.236921204589959687e-04 8.131238999801326415e-04 1.209264943091932688e-04 0.000000000000000000e+00
0.000000000000000000e+00 0.000000000000000000e+00 0.000000000000000000e+00 0.000000000000000000e+00 3.120669505356901468e-04 0.000000000000000000e+00 0.000000000000000000e+00 0.000000000000000000e+00 7.707234383317246090e-04 7.707368349059519385e-04 0.000000000000000000e+00 0.000000000000000000e+00 8.366181840317081855e-04 8.304934011475772516e-04 1.208775859537584974e-04 0.000000000000000000e+00
0.000000000000000000e+00 0.000000000000000000e+00 0.000000000000000000e+00 0.000000000000000000e+00 3.017677245068033868e-04 0.000000000000000000e+00 0.000000000000000000e+00 0.000000000000000000e+00 7.769140888946101742e-04 7.767552902328250363e-04 0.000000000000000000e+00 0.000000000000000000e+00 8.431593114953963262e-04 8.373217546431638509e-04 1.264484835345247636e-04 0.000000000000000000e+00
0.000000000000000000e+00 0.000000000000000000e+00 0.000000000000000000e+00 0.000000000000000000e+00 2.839485887833502671e-04 0.000000000000000000e+00 0.000000000000000000e+00 0.000000000000000000e+00 7.509628746533757518e-04 7.582360801293490339e-04 0.000000000000000000e+00 0.000000000000000000e+00 8.126068732624302550e-04 8.135809419036386892e-04 1.229643212798191927e-04 0.000000000000000000e+00
0.000000000000000000e+00 0.000000000000000000e+00 0.000000000000000000e+00 0.000000000000000000e+00 2.993003229142318774e-04 0.000000000000000000e+00 0.000000000000000000e+00 0.000000000000000000e+00 7.656802366674056448e-04 7.695707845811352145e-04 0.000000000000000000e+00 0.000000000000000000e+00 8.276996514734947163e-04 8.263839594330789698e-04 1.217028564569916388e-04 0.000000000000000000e+00
0.000000000000000000e+00 0.000000000000000000e+00 0.000000000000000000e+00 0.000000000000000000e+00 2.931971530037055492e-04 0.000000000000000000e+00 0.000000000000000000e+00 0.000000000000000000e+00 7.378321772286146026e-04 7.435650542150477752e-04 0.000000000000000000e+00 0.000000000000000000e+00 8.034479414720785678e-04 8.011297840757696225e-04 1.433554216138299068e-04 0.000000000000000000e+00
0.000000000000000000e+00 0.000000000000000000e+00 0.000000000000000000e+00 0.000000000000000000e+00 2.869197753840754773e-04 0.000000000000000000e+00 0.000000000000000000e+00 0.000000000000000000e+00 7.471153235031830278e-04 7.591290310107508136e-04 0.000000000000000000e+00 0.000000000000000000e+00 8.057323421735170356e-04 8.081846941963045927e-04 1.245657265857546539e-04 0.000000000000000000e+00
0.000000000000000000e+00 0.000000000000000000e+00 0.000000000000000000e+00 0.000000000000000000e+00 2.986321317219931860e-04 0.000000000000000000e+00 0.000000000000000000e+00 0.000000000000000000e+00 7.592960180530156956e-04 7.637381888226500324e-04 0.000000000000000000e+00 0.000000000000000000e+00 8.164894168024349006e-04 8.125155398394421193e-04 1.222547629342313604e-04 0.000000000000000000e+00
0.000000000000000000e+00 0.000000000000000000e+00 0.000000000000000000e+00 0.000000000000000000e+00 3.042875797887097545e-04 0.000000000000000000e+00 0.000000000000000000e+00 0.000000000000000000e+00 7.679093780348628497e-04 7.768266462410198907e-04 0.000000000000000000e+00 0.000000000000000000e+00 8.205433541230617873e-04 8.249508025992402906e-04 1.295050292807253063e-04 0.000000000000000000e+00
0.000000000000000000e+00 0.000000000000000000e+00 0.000000000000000000e+00 0.000000000000000000e+00 3.005856882856623204e-04 0.000000000000000000e+00 0.000000000000000000e+00 0.000000000000000000e+00 7.529356427435848504e-04 7.695864517986207055e-04 0.000000000000000000e+00 0.000000000000000000e+00 8.077568799318396008e-04 8.178421435281132707e-04 1.110132393062382802e-04 0.000000000000000000e+00
0.000000000000000000e+00 0.000000000000000000e+00 0.000000000000000000e+00 0.000000000000000000e+00 2.960376629279177184e-04 0.000000000000000000e+00 0.000000000000000000e+00 0.000000000000000000e+00 7.596550458068795876e-04 7.583325327257757270e-04 0.000000000000000000e+00 0.000000000000000000e+00 8.349972242095670110e-04 8.298417136781327573e-04 1.210656441596537662e-04 0.000000000000000000e+00
0.000000000000000000e+00 0.000000000000000000e+00 0.000000000000000000e+00 0.000000000000000000e+00 3.198052662296782685e-04 0.000000000000000000e+00 0.000000000000000000e+00 0.000000000000000000e+00 7.782148203370558258e-04 7.804275348318122883e-04 0.000000000000000000e+00 0.000000000000000000e+00 8.354501533378152697e-04 8.282601253543819732e-04 1.246253838640887972e-04 0.000000000000000000e+00
0.000000000000000000e+00 0.000000000000000000e+00 0.000000000000000000e+00 0.000000000000000000e+00 2.978245900281428532e-04 0.000000000000000000e+00 0.000000000000000000e+00 0.000000000000000000e+00 7.570551101945664383e-04 7.709249052399295456e-04 0.000000000000000000e+00 0.000000000000000000e+00 8.054865991770373103e-04 8.133538913248452608e-04 1.191476800973399113e-04 0.000000000000000000e+00
0.000000000000000000e+00 0.000000000000000000e+00 0.000000000000000000e+00 0.000000000000000000e+00 2.901429031706573096e-04 0.000000000000000000e+00 0.000000000000000000e+00 0.000000000000000000e+00 7.364649373178976024e-04 7.366597241008613793e-04 0.000000000000000000e+00 0.000000000000000000e+00 7.979114184873261706e-04 7.962551930129009624e-04 1.184066140134035889e-04 0.000000000000000000e+00
0.000000000000000000e+00 0.000000000000000000e+00 0.000000000000000000e+00 0.000000000000000000e+00 2.976406609516668816e-04 0.000000000000000000e+00 0.000000000000000000e+00 0.000000000000000000e+00 7.608262407930939429e-04 7.653541502657976257e-04 0.000000000000000000e+00 0.000000000000000000e+00 8.251496331077607261e-04 8.221644206061025839e-04 1.132430124834761124e-04 0.000000000000000000e+00
0.000000000000000000e+00 0.000000000000000000e+00 0.000000000000000000e+00 0.000000000000000000e+00 2.907296525570806246e-04 0.000000000000000000e+00 0.000000000000000000e+00 0.000000000000000000e+00 7.489961415829594774e-04 7.540294922792448477e-04 0.000000000000000000e+00 0.000000000000000000e+00 8.093893358501132217e-04 8.098649038215996855e-04 1.282289721884550171e-04 0.000000000000000000e+00
0.000000000000000000e+00 0.000000000000000000e+00 0.000000000000000000e+00 0.000000000000000000e+00 3.010602362953302205e-04 0.000000000000000000e+00 0.000000000000000000e+00 0.000000000000000000e+00 7.633947051254911208e-04 7.674966702828575366e-04 0.000000000000000000e+00 0.000000000000000000e+00 8.298301397597203323e-04 8.289503280014677393e-04 1.218068400938611406e-04 0.000000000000000000e+00
0.000000000000000000e+00 0.000000000000000000e+00 0.000000000000000000e+00 0.000000000000000000e+00 2.938164818360214066e-04 0.000000000000000000e+00 0.000000000000000000e+00 0.000000000000000000e+00 7.689556967353842164e-04 7.762954510485503773e-04 0.000000000000000000e+00 0.000000000000000000e+00 8.065957440475835395e-04 8.096430572017035247e-04 1.132828801063950067e-04 0.000000000000000000e+00
0.000000000000000000e+00 0.000000000000000000e+00 0.000000000000000000e+00 0.000000000000000000e+00 3.239034339923882564e-04 0.000000000000000000e+00 0.000000000000000000e+00 0.000000000000000000e+00 7.796188110860620716e-04 7.737208762295622001e-04 0.000000000000000000e+00 0.000000000000000000e+00 8.482379057665052598e-04 8.360758588692178590e-04 1.287031849970724070e-04 0.000000000000000000e+00
0.000000000000000000e+00 0.000000000000000000e+00 0.000000000000000000e+00 0.000000000000000000e+00 2.881324304806821596e-04 0.000000000000000000e+00 0.000000000000000000e+00 0.000000000000000000e+00 7.575840941736214319e-04 7.583645545689879320e-04 0.000000000000000000e+00 0.000000000000000000e+00 8.171977991879996080e-04 8.134798667107948035e-04 1.100942726095533597e-04 0.000000000000000000e+00
0.000000000000000000e+00 0.000000000000000000e+00 0.000000000000000000e+00 0.000000000000000000e+00 2.930977056036309465e-04 0.000000000000000000e+00 0.000000000000000000e+00 0.000000000000000000e+00 7.649963289176461498e-04 7.664564672550968055e-04 0.000000000000000000e+00 0.000000000000000000e+00 8.268972194541336250e-04 8.204892833850324380e-04 1.338168320979727809e-04 0.000000000000000000e+00
0.000000000000000000e+00 0.000000000000000000e+00 0.000000000000000000e+00 0.000000000000000000e+00 3.019113175024169663e-04 0.000000000000000000e+00 0.000000000000000000e+00 0.000000000000000000e+00 7.505103903400370084e-04 7.610709481985266159e-04 0.000000000000000000e+00 0.000000000000000000e+00 8.286073608865407881e-04 8.327873403575835687e-04 1.268796252955989529e-04 0.000000000000000000e+00
0.000000000000000000e+00 0.000000000000000000e+00 0.000000000000000000e+00 0.000000000000000000e+00 3.039249364893759141e-04 0.000000000000000000e+00 0.000000000000000000e+00 0.000000000000000000e+00 7.692708127408661020e-04 7.794619248902501718e-04 0.000000000000000000e+00 0.000000000000000000e+00 8.381301679230340664e-04 8.414825135098780162e-04 1.217075202457034561e-04 0.000000000000000000e+00
0.000000000000000000e+00 0.000000000000000000e+00 0.000000000000000000e+00 0.000000000000000000e+00 2.918626098576411042e-04 0.000000000000000000e+00 0.000000000000000000e+00 0.000000000000000000e+00 7.589030550137061638e-04 7.623925309015307196e-04 0.000000000000000000e+00 0.000000000000000000e+00 8.209162129595452741e-04 8.199797445973040387e-04 1.040036860281042517e-04 0.000000000000000000e+00
0.000000000000000000e+00 0.000000000000000000e+00 0.000000000000000000e+00 0.000000000000000000e+00 2.954318096273304264e-04 0.000000000000000000e+00 0.000000000000000000e+00 0.000000000000000000e+00 7.658072986673075417e-04 7.719082166303612965e-04 0.000000000000000000e+00 0.000000000000000000e+00 8.155928297403829217e-04 8.147642837759883246e-04 1.229920740302459540e-04 0.000000000000000000e+00
0.000000000000000000e+00 0.000000000000000000e+00 0.000000000000000000e+00 0.000000000000000000e+00 3.034623238679691210e-04 0.000000000000000000e+00 0.000000000000000000e+00 0.000000000000000000e+00 7.697880217081063238e-04 7.770550794913017988e-04 0.000000000000000000e+00 0.000000000000000000e+00 8.331833827816147089e-04 8.340838511642872759e-04 1.194705316839593848e-04 0.000000000000000000e+00
0.000000000000000000e+00 0.000000000000000000e+00 0.000000000000000000e+00 0.000000000000000000e+00 3.000179985816684965e-04 0.000000000000000000e+00 0.000000000000000000e+00 0.000000000000000000e+00 7.516538358856566116e-04 7.541207350710518210e-04 0.000000000000000000e+00 0.000000000000000000e+00 8.179070914283323402e-04 8.160839232318779909e-04 1.122292900599286574e-04 0.000000000000000000e+00
0.000000000000000000e+00 0.000000000000000000e+00 0.000000000000000000e+00 0.000000000000000000e+00 2.966298631715390418e-04 0.000000000000000000e+00 0.000000000000000000e+00 0.000000000000000000e+00 7.801991369975533590e-04 7.812954416197225548e-04 0.000000000000000000e+00 0.000000000000000000e+00 8.386639852222418055e-04 8.341475314554847986e-04 1.375483566928739729e-04 0.000000000000000000e+00
0.000000000000000000e+00 0.000000000000000000e+00 0.000000000000000000e+00 0.000000000000000000e+00 2.931081160038299547e-04 0.000000000000000000e+00 0.000000000000000000e+00 0.000000000000000000e+00 7.495746894202545306e-04 7.612880005081431624e-04 0.000000000000000000e+00 0.000000000000000000e+00 8.247256316024722568e-04 8.317432573866896748e-04 1.319843803452234988e-04 0.000000000000000000e+00
0.000000000000000000e+00 0.000000000000000000e+00 0.000000000000000000e+00 0.000000000000000000e+00 3.113147703519035048e-04 0.000000000000000000e+00 0.000000000000000000e+00 0.000000000000000000e+00 7.638822791516203465e-04 7.712957686175115095e-04 0.000000000000000000e+00 0.000000000000000000e+00 8.207328368909209450e-04 8.174230903702019461e-04 1.204218332478962909e-04 0.000000000000000000e+00
0.000000000000000000e+00 0.000000000000000000e+00 0.000000000000000000e+00 0.000000000000000000e+00 2.893550529188547741e-04 0.000000000000000000e+00 0.000000000000000000e+00 0.000000000000000000e+00 7.675956986758857405e-04 7.723261285551017222e-04 0.000000000000000000e+00 0.000000000000000000e+00 8.379745744968645875e-04 8.363434776472205212e-04 1.261470977805760456e-04 0.000000000000000000e+00
0.000000000000000000e+00 0.000000000000000000e+00 0.000000000000000000e+00 0.000000000000000000e+00 2.989997323827546906e-04 0.000000000000000000e+00 0.000000000000000000e+00 0.000000000000000000e+00 7.477298964267544779e-04 7.494835479116968143e-04 0.000000000000000000e+00 0.000000000000000000e+00 8.185521712551054258e-04 8.152137650982983720e-04 1.166275629036689013e-04 0.000000000000000000e+00
0.000000000000000000e+00 0.000000000000000000e+00 0.000000000000000000e+00 0.000000000000000000e+00 2.907596700143078418e-04 0.000000000000000000e+00 0.000000000000000000e+00 0.000000000000000000e+00 7.663396243303430624e-04 7.734009491426771478e-04 0.000000000000000000e+00 0.000000000000000000e+00 8.289141016286336082e-04 8.330166767011613687e-04 1.230124826857628131e-04 0.000000000000000000e+00
0.000000000000000000e+00 0.000000000000000000e+00 0.000000000000000000e+00 0.000000000000000000e+00 2.938832232232061327e-04 0.000000000000000000e+00 0.000000000000000000e+00 0.000000000000000000e+00 7.677514029546881735e-04 7.697281667031928218e-04 0.000000000000000000e+00 0.000000000000000000e+00 8.149697737230611212e-04 8.136133584460973796e-04 1.273135077035539948e-04 0.000000000000000000e+00
0.000000000000000000e+00 0.000000000000000000e+00 0.000000000000000000e+00 0.000000000000000000e+00 3.030602117362672068e-04 0.000000000000000000e+00 0.000000000000000000e+00 0.000000000000000000e+00 7.534045898742888986e-04 7.597074975429675284e-04 0.000000000000000000e+00 0.000000000000000000e+00 8.213234012672070671e-04 8.210846691592243703e-04 1.292706103078449388e-04 0.000000000000000000e+00
0.000000000000000000e+00 0.000000000000000000e+00 0.000000000000000000e+00 0.000000000000000000e+00 2.994938751304349295e-04 0.000000000000000000e+00 0.000000000000000000e+00 0.000000000000000000e+00 7.627630964008074365e-04 7.720377581242263143e-04 0.000000000000000000e+00 0.000000000000000000e+00 8.204260567154027413e-04 8.224800431307572116e-04 1.289710827094032596e-04 0.000000000000000000e+00
0.000000000000000000e+00 0.000000000000000000e+00 0.000000000000000000e+00 0.000000000000000000e+00 2.981367041457938711e-04 0.000000000000000000e+00 0.000000000000000000e+00 0.000000000000000000e+00 7.585037679469126565e-04 7.703390067364441780e-04 0.000000000000000000e+00 0.000000000000000000e+00 8.287335976175587470e-04 8.331802808564637251e-04 1.272054947993668430e-04 0.000000000000000000e+00
0.000000000000000000e+00 0.000000000000000000e+00 0.000000000000000000e+00 0.000000000000000000e+00 2.920800003553260748e-04 0.000000000000000000e+00 0.000000000000000000e+00 0.000000000000000000e+00 7.606326476275942572e-04 7.637463515559467231e-04 0.000000000000000000e+00 0.000000000000000000e+00 8.280744483306053203e-04 8.258151438880102649e-04 1.280348504569338406e-04 0.000000000000000000e+00
0.000000000000000000e+00 0.000000000000000000e+00 0.000000000000000000e+00 0.000000000000000000e+00 3.043802391989578241e-04 0.000000000000000000e+00 0.000000000000000000e+00 0.000000000000000000e+00 7.720697172617184542e-04 7.766201147098221545e-04 0.000000000000000000e+00 0.000000000000000000e+00 8.459607838584665097e-04 8.459594290301827683e-04 1.242890035360959245e-04 0.000000000000000000e+00
0.000000000000000000e+00 0.000000000000000000e+00 0.000000000000000000e+00 0.000000000000000000e+00 2.971649154240822298e-04 0.000000000000000000e+00 0.000000000000000000e+00 0.000000000000000000e+00 7.481777393806790131e-04 7.548934081764766381e-04 0.000000000000000000e+00 0.000000000000000000e+00 8.009852602331798835e-04 8.014293126442282016e-04 1.024904263828357122e-04 0.000000000000000000e+00
0.000000000000000000e+00 0.000000000000000000e+00 0.000000000000000000e+00 0.000000000000000000e+00 3.007606634218205313e-04 0.000000000000000000e+00 0.000000000000000000e+00 0.000000000000000000e+00 7.599808981994756775e-04 7.710428990469684859e-04 0.000000000000000000e+00 0.000000000000000000e+00 8.368624356324564978e-04 8.409545853970329171e-04 1.304328385343868249e-04 0.000000000000000000e+00
0.000000000000000000e+00 0.000000000000000000e+00 0.000000000000000000e+00 0.000000000000000000e+00 3.010719365851985884e-04 0.000000000000000000e+00 0.000000000000000000e+00 0.000000000000000000e+00 7.715255735158669690e-04 7.858000208150709310e-04 0.000000000000000000e+00 0.000000000000000000e+00 8.312886937036378411e-04 8.380130292612210244e-04 1.364359801320638255e-04 0.000000000000000000e+00
0.000000000000000000e+00 0.000000000000000000e+00 0.000000000000000000e+00 0.000000000000000000e+00 2.989155783538335409e-04 0.000000000000000000e+00 0.000000000000000000e+00 0.000000000000000000e+00 7.511719426407966046e-04 7.617672435001713064e-04 0.000000000000000000e+00 0.000000000000000000e+00 8.171188205157733052e-04 8.256837490521799989e-04 1.177476245481277558e-04 0.000000000000000000e+00
0.000000000000000000e+00 0.000000000000000000e+00 0.000000000000000000e+00 0.000000000000000000e+00 3.098208106954402339e-04 0.000000000000000000e+00 0.000000000000000000e+00 0.000000000000000000e+00 7.678084807962387917e-04 7.739588564346770207e-04 0.000000000000000000e+00 0.000000000000000000e+00 8.214302423518477381e-04 8.186259881882962906e-04 1.162305958712555259e-04 0.000000000000000000e+00
0.000000000000000000e+00 0.000000000000000000e+00 0.000000000000000000e+00 0.000000000000000000e+00 3.018824792209770904e-04 0.000000000000000000e+00 0.000000000000000000e+00 0.000000000000000000e+00 7.629009308698777659e-04 7.678429253203801312e-04 0.000000000000000000e+00 0.000000000000000000e+00 8.211680724192909914e-04 8.239608779198132277e-04 1.281062410904614879e-04 0.000000000000000000e+00
0.000000000000000000e+00 0.000000000000000000e+00 0.000000000000000000e+00 0.000000000000000000e+00 2.979945817051549042e-04 0.000000000000000000e+00 0.000000000000000000e+00 0.000000000000000000e+00 7.624846727753195174e-04 7.682201775162005378e-04 0.000000000000000000e+00 0.000000000000000000e+00 8.087417484341293157e-04 8.069860531749035960e-04 1.338922922488094741e-04 0.000000000000000000e+00
0.000000000000000000e+00 0.000000000000000000e+00 0.000000000000000000e+00 0.000000000000000000e+00 3.003637722286253892e-04 0.000000000000000000e+00 0.000000000000000000e+00 0.000000000000000000e+00 7.543224056476269040e-04 7.566433468136852863e-04 0.000000000000000000e+00 0.000000000000000000e+00 8.103687483812914037e-04 8.085166683640698272e-04 1.080907859235861833e-04 0.000000000000000000e+00
0.000000000000000000e+00 0.000000000000000000e+00 0.000000000000000000e+00 0.000000000000000000e+00 2.975079916624039631e-04 0.000000000000000000e+00 0.000000000000000000e+00 0.000000000000000000e+00 7.577238940015030037e-04 7.659792250208719098e-04 0.000000000000000000e+00 0.000000000000000000e+00 8.224879919358076908e-04 8.268553598392390644e-04 1.194577383746796409e-04 0.000000000000000000e+00
0.000000000000000000e+00 0.000000000000000000e+00 0.000000000000000000e+00 0.000000000000000000e+00 3.166020532991396536e-04 0.000000000000000000e+00 0.000000000000000000e+00 0.000000000000000000e+00 7.719378906039072374e-04 7.829428749405715040e-04 0.000000000000000000e+00 0.000000000000000000e+00 8.396245594246723540e-04 8.428256334225811596e-04 1.288271336026849641e-04 0.000000000000000000e+00
0.000000000000000000e+00 0.000000000000000000e+00 0.000000000000000000e+00 0.000000000000000000e+00 3.024393843703255483e-04 0.000000000000000000e+00 0.000000000000000000e+00 0.000000000000000000e+00 7.550187528403121042e-04 7.637302752880024709e-04 0.000000000000000000e+00 0.000000000000000000e+00 8.282944231870742859e-04 8.330302707759257817e-04 1.152366383942878377e-04 0.000000000000000000e+00
0.000000000000000000e+00 0.000000000000000000e+00 0.000000000000000000e+00 0.000000000000000000e+00 3.093941895356870577e-04 0.000000000000000000e+00 0.000000000000000000e+00 0.000000000000000000e+00 7.792695141715373468e-04 7.889674101261032278e-04 0.000000000000000000e+00 0.000000000000000000e+00 8.500839743238497491e-04 8.517601026943020810e-04 1.397676002533963910e-04 0.000000000000000000e+00
0.000000000000000000e+00 0.000000000000000000e+00 0.000000000000000000e+00 0.000000000000000000e+00 3.052380952371874334e-04 0.000000000000000000e+00 0.000000000000000000e+00 0.000000000000000000e+00 7.587800643449873692e-04 7.616152718168694600e-04 0.000000000000000000e+00 0.000000000000000000e+00 8.205046308057405450e-04 8.198270442077210032e-04 1.183692813619647102e-04 0.000000000000000000e+00
0.000000000000000000e+00 0.000000000000000000e+00 0.000000000000000000e+00 0.000000000000000000e+00 2.975599453301338627e-04 0.000000000000000000e+00 0.000000000000000000e+00 0.000000000000000000e+00 7.821438222634952576e-04 7.888112155473757858e-04 0.000000000000000000e+00 0.000000000000000000e+00 8.350702823696183955e-04 8.388551070637908884e-04 1.353471353651956866e-04 0.000000000000000000e+00
0.000000000000000000e+00 0.000000000000000000e+00 0.000000000000000000e+00 0.000000000000000000e+00 3.127950651777068082e-04 0.000000000000000000e+00 0.000000000000000000e+00 0.000000000000000000e+00 7.680803761910388015e-04 7.719254110044018648e-04 0.000000000000000000e+00 0.000000000000000000e+00 8.427072542169714150e-04 8.408721287804961364e-04 1.328466376424622636e-04 0.000000000000000000e+00
0.000000000000000000e+00 0.000000000000000000e+00 0.000000000000000000e+00 0.000000000000000000e+00 3.003235320096803054e-04 0.000000000000000000e+00 0.000000000000000000e+00 0.000000000000000000e+00 7.633310662011729211e-04 7.710285659449430274e-04 0.000000000000000000e+00 0.000000000000000000e+00 8.379352659374672985e-04 8.408561870465636363e-04 1.367062540476106142e-04 0.000000000000000000e+00
0.000000000000000000e+00 0.000000000000000000e+00 0.000000000000000000e+00 0.000000000000000000e+00 3.205747305174469464e-04 0.000000000000000000e+00 0.000000000000000000e+00 0.000000000000000000e+00 7.789707880932330653e-04 7.851833673607412807e-04 0.000000000000000000e+00 0.000000000000000000e+00 8.407013909567624199e-04 8.430772424359598899e-04 1.274926184091149507e-04 0.000000000000000000e+00
0.000000000000000000e+00 0.000000000000000000e+00 0.000000000000000000e+00 0.000000000000000000e+00 3.016299948838340426e-04 0.000000000000000000e+00 0.000000000000000000e+00 0.000000000000000000e+00 7.828566461422482815e-04 7.897060765049118258e-04 0.000000000000000000e+00 0.000000000000000000e+00 8.416455939037155096e-04 8.401758049913093680e-04 1.312435074158726828e-04 0.000000000000000000e+00
0.000000000000000000e+00 0.000000000000000000e+00 0.000000000000000000e+00 0.000000000000000000e+00 2.987821500545183306e-04 0.000000000000000000e+00 0.000000000000000000e+00 0.000000000000000000e+00 7.694834700582293789e-04 7.813961256133860776e-04 0.000000000000000000e+00 0.000000000000000000e+00 8.319049913539113515e-04 8.382982369245679799e-04 1.363331018234405592e-04 0.000000000000000000e+00
0.000000000000000000e+00 0.000000000000000000e+00 0.000000000000000000e+00 0.000000000000000000e+00 2.994341991811734602e-04 0.000000000000000000e+00 0.000000000000000000e+00 0.000000000000000000e+00 7.586030898536103928e-04 7.658611531694391053e-04 0.000000000000000000e+00 0.000000000000000000e+00 8.253498640389560128e-04 8.282516504152789361e-04 1.315742778234713388e-04 0.000000000000000000e+00
0.000000000000000000e+00 0.000000000000000000e+00 0.000000000000000000e+00 0.000000000000000000e+00 3.021848140884634084e-04 0.000000000000000000e+00 0.000000000000000000e+00 0.000000000000000000e+00 7.539384020361275919e-04 7.577031089592032925e-04 0.000000000000000000e+00 0.000000000000000000e+00 8.154120546933074512e-04 8.114646033613556915e-04 1.321820830469163516e-04 0.000000000000000000e+00
0.000000000000000000e+00 0.000000000000000000e+00 0.000000000000000000e+00 0.000000000000000000e+00 3.032753565687961762e-04 0.000000000000000000e+00 0.000000000000000000e+00 0.000000000000000000e+00 7.708484894411824374e-04 7.739437390226256742e-04 0.000000000000000000e+00 0.000000000000000000e+00 8.410934770134126078e-04 8.396047987753272202e-04 1.502718078633108868e-04 0.000000000000000000e+00
0.000000000000000000e+00 0.000000000000000000e+00 0.000000000000000000e+00 0.000000000000000000e+00 3.031173939953006775e-04 0.000000000000000000e+00 0.000000000000000000e+00 0.000000000000000000e+00 7.701617042835384990e-04 7.805907552692585441e-04 0.000000000000000000e+00 0.000000000000000000e+00 8.208934073690096755e-04 8.230021478864752880e-04 1.350011949964263856e-04 0.000000000000000000e+00
0.000000000000000000e+00 0.000000000000000000e+00 0.000000000000000000e+00 0.000000000000000000e+00 3.034288997839603482e-04 0.000000000000000000e+00 0.000000000000000000e+00 0.000000000000000000e+00 7.816453300460091602e-04 7.825610306515227467e-04 0.000000000000000000e+00 0.000000000000000000e+00 8.389662339016266002e-04 8.346173113630067295e-04 1.343980342622348777e-04 0.000000000000000000e+00
0.000000000000000000e+00 0.000000000000000000e+00 0.000000000000000000e+00 0.000000000000000000e+00 2.856202825760523396e-04 0.000000000000000000e+00 0.000000000000000000e+00 0.000000000000000000e+00 7.456261811822017214e-04 7.528715932404023408e-04 0.000000000000000000e+00 0.000000000000000000e+00 8.221207051147274257e-04 8.251818082804342550e-04 1.359655927700972931e-04 0.000000000000000000e+00
0.000000000000000000e+00 0.000000000000000000e+00 0.000000000000000000e+00 0.000000000000000000e+00 2.907132828777831616e-04 0.000000000000000000e+00 0.000000000000000000e+00 0.000000000000000000e+00 7.628180554228042179e-04 7.669542917669570871e-04 0.000000000000000000e+00 0.000000000000000000e+00 8.003491663124785499e-04 7.978473333080163526e-04 1.186988775192799586e-04 0.000000000000000000e+00
0.000000000000000000e+00 0.000000000000000000e+00 0.000000000000000000e+00 0.000000000000000000e+00 2.965625582059013129e-04 0.000000000000000000e+00 0.000000000000000000e+00 0.000000000000000000e+00 7.575314669668671737e-04 7.636068501468274003e-04 0.000000000000000000e+00 0.000000000000000000e+00 7.975360919932165948e-04 7.960779729610468688e-04 1.162989598926817959e-04 0.000000000000000000e+00
0.000000000000000000e+00 0.000000000000000000e+00 0.000000000000000000e+00 0.000000000000000000e+00 3.056625831765821138e-04 0.000000000000000000e+00 0.000000000000000000e+00 0.000000000000000000e+00 7.638583862655572631e-04 7.647012058244300999e-04 0.000000000000000000e+00 0.000000000000000000e+00 8.218529722561327853e-04 8.153010636409714455e-04 1.329256559469511802e-04 0.000000000000000000e+00
0.000000000000000000e+00 0.000000000000000000e+00 0.000000000000000000e+00 0.000000000000000000e+00 3.012444145680361952e-04 0.000000000000000000e+00 0.000000000000000000e+00 0.000000000000000000e+00 7.609396888779312342e-04 7.683760950759120720e-04 0.000000000000000000e+00 0.000000000000000000e+00 8.179529453804506179e-04 8.186965166169526097e-04 1.128078318616788440e-04 0.000000000000000000e+00
0.000000000000000000e+00 0.000000000000000000e+00 0.000000000000000000e+00 0.000000000000000000e+00 3.055468729392498209e-04 0.000000000000000000e+00 0.000000000000000000e+00 0.000000000000000000e+00 7.675505283380604574e-04 7.690919508408940435e-04 0.000000000000000000e+00 0.000000000000000000e+00 8.097980580784830233e-04 8.051720448871874406e-04 1.278226699051527367e-04 0.000000000000000000e+00
0.000000000000000000e+00 0.000000000000000000e+00 0.000000000000000000e+00 0.000000000000000000e+00 2.755053437168631303e-04 0.000000000000000000e+00 0.000000000000000000e+00 0.000000000000000000e+00 7.602975870614313162e-04 7.723329615795669796e-04 0.000000000000000000e+00 0.000000000000000000e+00 8.136516909778629056e-04 8.197845050443271567e-04 1.308520038280220059e-04 0.000000000000000000e+00
0.000000000000000000e+00 0.000000000000000000e+00 0.000000000000000000e+00 0.000000000000000000e+00 3.064869308731083247e-04 0.000000000000000000e+00 0.000000000000000000e+00 0.000000000000000000e+00 7.737688890947290281e-04 7.708467955642895209e-04 0.000000000000000000e+00 0.000000000000000000e+00 8.434911069666590870e-04 8.352947905078166382e-04 1.406422185115814008e-04 0.000000000000000000e+00
0.000000000000000000e+00 0.000000000000000000e+00 0.000000000000000000e+00 0.000000000000000000e+00 2.978269383583434515e-04 0.000000000000000000e+00 0.000000000000000000e+00 0.000000000000000000e+00 7.603722395471923480e-04 7.693243902260892301e-04 0.000000000000000000e+00 0.000000000000000000e+00 8.319242973236683431e-04 8.326823543730961421e-04 1.268457249111221738e-04 0.000000000000000000e+00
0.000000000000000000e+00 0.000000000000000000e+00 0.000000000000000000e+00 0.000000000000000000e+00 3.097257198728982776e-04 0.000000000000000000e+00 0.000000000000000000e+00 0.000000000000000000e+00 7.776986404643450312e-04 7.796571520084394791e-04 0.000000000000000000e+00 0.000000000000000000e+00 8.547791754095265945e-04 8.520899546936578891e-04 1.356263064984306315e-04 0.000000000000000000e+00
0.000000000000000000e+00 0.000000000000000000e+00 0.000000000000000000e+00 0.000000000000000000e+00 2.947958121543486952e-04 0.000000000000000000e+00 0.000000000000000000e+00 0.000000000000000000e+00 7.610041577598624860e-04 7.670357897291816846e-04 0.000000000000000000e+00 0.000000000000000000e+00 8.404957487655342983e-04 8.407348273338662286e-04 1.274781356462496189e-04 0.000000000000000000e+00
0.000000000000000000e+00 0.000000000000000000e+00 0.000000000000000000e+00 0.000000000000000000e+00 2.946791544254591844e-04 0.000000000000000000e+00 0.000000000000000000e+00 0.000000000000000000e+00 7.442636855317434586e-04 7.544872953360532222e-04 0.000000000000000000e+00 0.000000000000000000e+00 8.036073012241990322e-04 8.058051058281033747e-04 1.366532175036803845e-04 0.000000000000000000e+00
0.000000000000000000e+00 0.000000000000000000e+00 0.000000000000000000e+00 0.000000000000000000e+00 2.891571970573723286e-04 0.000000000000000000e+00 0.000000000000000000e+00 0.000000000000000000e+00 7.699017402466073112e-04 7.806418809736925379e-04 0.000000000000000000e+00 0.000000000000000000e+00 8.200154549819785267e-04 8.221147146801858910e-04 1.277754179090822878e-04 0.000000000000000000e+00
0.000000000000000000e+00 0.000000000000000000e+00 0.000000000000000000e+00 0.000000000000000000e+00 2.891849041822946846e-04 0.000000000000000000e+00 0.000000000000000000e+00 0.000000000000000000e+00 7.513753261959591140e-04 7.564077488159978799e-04 0.000000000000000000e+00 0.000000000000000000e+00 8.025038253724313007e-04 7.994411463494031011e-04 1.218005995025629008e-04 0.000000000000000000e+00
0.000000000000000000e+00 0.000000000000000000e+00 0.000000000000000000e+00 0.000000000000000000e+00 2.954286504240576355e-04 0.000000000000000000e+00 0.000000000000000000e+00 0.000000000000000000e+00 7.525083666369012173e-04 7.600681357404079829e-04 0.000000000000000000e+00 0.000000000000000000e+00 8.187475503480574771e-04 8.225459859357006414e-04 1.272443419359342283e-04 0.000000000000000000e+00
0.000000000000000000e+00 0.000000000000000000e+00 0.000000000000000000e+00 0.000000000000000000e+00 2.938220240159777441e-04 0.000000000000000000e+00 0.000000000000000000e+00 0.000000000000000000e+00 7.559414189286435028e-04 7.589480176490948169e-04 0.000000000000000000e+00 0.000000000000000000e+00 8.359680268111622072e-04 8.344159727144320315e-04 1.163247663476534873e-04 0.000000000000000000e+00
0.000000000000000000e+00 0.000000000000000000e+00 0.000000000000000000e+00 0.000000000000000000e+00 2.885136719922702132e-04 0.000000000000000000e+00 0.000000000000000000e+00 0.000000000000000000e+00 7.383844951590245922e-04 7.470477504926977506e-04 0.000000000000000000e+00 0.000000000000000000e+00 8.131132819878886253e-04 8.167401275704251878e-04 1.351182989815121176e-04 0.000000000000000000e+00
0.000000000000000000e+00 0.000000000000000000e+00 0.000000000000000000e+00 0.000000000000000000e+00 2.902259386154555621e-04 0.000000000000000000e+00 0.000000000000000000e+00 0.000000000000000000e+00 7.410073034850968776e-04 7.458753462676956250e-04 0.000000000000000000e+00 0.000000000000000000e+00 8.015527612293785490e-04 8.003612136866491891e-04 1.309423661280653055e-04 0.000000000000000000e+00
0.000000000000000000e+00 0.000000000000000000e+00 0.000000000000000000e+00 0.000000000000000000e+00 2.972027849047286603e-04 0.000000000000000000e+00 0.000000000000000000e+00 0.000000000000000000e+00 7.905114240075389667e-04 7.904996662551420483e-04 0.000000000000000000e+00 0.000000000000000000e+00 8.449220542034119536e-04 8.401405132455479121e-04 1.139104770305065931e-04 0.000000000000000000e+00
0.000000000000000000e+00 0.000000000000000000e+00 0.000000000000000000e+00 0.000000000000000000e+00 3.005503008089275316e-04 0.000000000000000000e+00 0.000000000000000000e+00 0.000000000000000000e+00 7.643653142228069852e-04 7.673473983137809760e-04 0.000000000000000000e+00 0.000000000000000000e+00 8.435115517869004815e-04 8.403653787223178649e-04 1.255541266484320551e-04 0.000000000000000000e+00
0.000000000000000000e+00 0.000000000000000000e+00 0.000000000000000000e+00 0.000000000000000000e+00 2.939984918162100581e-04 0.000000000000000000e+00 0.000000000000000000e+00 0.000000000000000000e+00 7.632263794839781908e-04 7.667644821916164621e-04 0.000000000000000000e+00 0.000000000000000000e+00 8.239862561045875914e-04 8.189103246015920837e-04 1.280743621156801544e-04 0.000000000000000000e+00
0.000000000000000000e+00 0.000000000000000000e+00 0.000000000000000000e+00 0.000000000000000000e+00 2.996673163498704421e-04 0.000000000000000000e+00 0.000000000000000000e+00 0.000000000000000000e+00 7.483508990196877445e-04 7.550503946740670311e-04 0.000000000000000000e+00 0.000000000000000000e+00 8.148184034600952251e-04 8.183369166514510530e-04 1.158224629702882220e-04 0.000000000000000000e+00
0.000000000000000000e+00 0.000000000000000000e+00 0.000000000000000000e+00 0.000000000000000000e+00 2.960275528914569861e-04 0.000000000000000000e+00 0.000000000000000000e+00 0.000000000000000000e+00 7.717321697330824237e-04 7.791019312578946173e-04 0.000000000000000000e+00 0.000000000000000000e+00 8.268469075160027803e-04 8.287644238241847951e-04 1.378130303946181138e-04 0.000000000000000000e+00
0.000000000000000000e+00 0.000000000000000000e+00 0.000000000000000000e+00 0.000000000000000000e+00 2.912488165661568959e-04 0.000000000000000000e+00 0.000000000000000000e+00 0.000000000000000000e+00 7.624538331265753909e-04 7.707035770162725145e-04 0.000000000000000000e+00 0.000000000000000000e+00 8.145046900592929845e-04 8.154424674555906102e-04 1.320569922670571193e-04 0.000000000000000000e+00
0.000000000000000000e+00 0.000000000000000000e+00 0.000000000000000000e+00 0.000000000000000000e+00 2.948544114359864018e-04 0.000000000000000000e+00 0.000000000000000000e+00 0.000000000000000000e+00 7.486883370376716008e-04 7.507121219213375597e-04 0.000000000000000000e+00 0.000000000000000000e+00 8.192204017417232826e-04 8.190017760049221867e-04 1.160710872683369191e-04 0.000000000000000000e+00
0.000000000000000000e+00 0.000000000000000000e+00 0.000000000000000000e+00 0.000000000000000000e+00 3.065006493043473455e-04 0.000000000000000000e+00 0.000000000000000000e+00 0.000000000000000000e+00 7.571942797764849532e-04 7.589123144376965164e-04 0.000000000000000000e+00 0.000000000000000000e+00 8.070867926527977186e-04 8.030987644817848704e-04 1.019922304060494187e-04 0.000000000000000000e+00
0.000000000000000000e+00 0.000000000000000000e+00 0.000000000000000000e+00 0.000000000000000000e+00 3.037115706071453211e-04 0.000000000000000000e+00 0.000000000000000000e+00 0.000000000000000000e+00 7.787590752676661933e-04 7.830458794300265311e-04 0.000000000000000000e+00 0.000000000000000000e+00 8.313727888089089604e-04 8.304116879923145690e-04 1.382486892482721397e-04 0.000000000000000000e+00
0.000000000000000000e+00 0.000000000000000000e+00 0.000000000000000000e+00 0.000000000000000000e+00 2.887706125373414208e-04 0.000000000000000000e+00 0.000000000000000000e+00 0.000000000000000000e+00 7.404879073575383478e-04 7.437238855769498329e-04 0.000000000000000000e+00 0.000000000000000000e+00 8.003617194987156826e-04 7.972835672102675545e-04 1.111223343389617870e-04 0.000000000000000000e+00
0.000000000000000000e+00 0.000000000000000000e+00 0.000000000000000000e+00 0.000000000000000000e+00 3.027274261256341584e-04 0.000000000000000000e+00 0.000000000000000000e+00 0.000000000000000000e+00 7.526869601621841589e-04 7.576456078390636289e-04 0.000000000000000000e+00 0.000000000000000000e+00 8.174226182585940005e-04 8.182809250375107889e-04 1.157621541657613545e-04 0.000000000000000000e+00
