# 'name' : 'rogers_a02_b00_d03_g03'
# 'source' : 'rogers_a02_b00_d03_g03.yaml'
# 'sample_pops' : ['X', 'D', 'Y', 'N']
# 'sample_size' : 1
# 'n_reps' : 100
# 'n_windows' : 200
# 'seq_length' : 100000000.0
# 'window_length' : 500000.0
# 'recomb_rate' : 1e-08
# 'mut_rate' : 1e-08
# 'created' : None
0.000000000000000000e+00 0.000000000000000000e+00 0.000000000000000000e+00 0.000000000000000000e+00 4.678988900114826599e-01 0.000000000000000000e+00 0.000000000000000000e+00 0.000000000000000000e+00 3.992811243525706821e-01 4.084961624982251793e-01 0.000000000000000000e+00 0.000000000000000000e+00 4.667671981367411682e-01 4.750249944330460217e-01 6.950324882167641105e-02 0.000000000000000000e+00
0.000000000000000000e+00 0.000000000000000000e+00 0.000000000000000000e+00 0.000000000000000000e+00 4.743013782675178924e-01 0.000000000000000000e+00 0.000000000000000000e+00 0.000000000000000000e+00 4.121372440707529172e-01 4.193698556391253773e-01 0.000000000000000000e+00 0.000000000000000000e+00 4.601882098957837397e-01 4.659332018015112653e-01 6.776093661020297920e-02 0.000000000000000000e+00
0.000000000000000000e+00 0.000000000000000000e+00 0.000000000000000000e+00 0.000000000000000000e+00 4.749209956447255632e-01 0.000000000000000000e+00 0.000000000000000000e+00 0.000000000000000000e+00 4.087135122460120451e-01 4.115239964765472491e-01 0.000000000000000000e+00 0.000000000000000000e+00 4.684564002374163594e-01 4.703996555279574276e-01 6.715455738650166762e-02 0.000000000000000000e+00
0.000000000000000000e+00 0.000000000000000000e+00 0.000000000000000000e+00 0.000000000000000000e+00 4.717997650266108622e-01 0.000000000000000000e+00 0.000000000000000000e+00 0.000000000000000000e+00 4.033157594065561735e-01 4.090063942105878203e-01 0.000000000000000000e+00 0.000000000000000000e+00 4.587605030885646418e-01 4.627492225602586884e-01 6.606910654676126371e-02 0.000000000000000000e+00
0.000000000000000000e+00 0.000000000000000000e+00 0.000000000000000000e+00 0.000000000000000000e+00 4.793276252074218924e-01 0.000000000000000000e+00 0.000000000000000000e+00 0.000000000000000000e+00 4.040293814779827852e-01 4.136261537749942319e-01 0.000000000000000000e+00 0.000000000000000000e+00 4.598076450148277927e-01 4.679635304266557827e-01 6.069305797611055514e-02 0.000000000000000000e+00
0.000000000000000000e+00 0.000000000000000000e+00 0.000000000000000000e+00 0.000000000000000000e+00 4.602607759954784883e-01 0.000000000000000000e+00 0.000000000000000000e+00 0.000000000000000000e+00 4.078256026174398308e-01 4.150627865602665723e-01 0.000000000000000000e+00 0.000000000000000000e+00 4.640258971835980462e-01 4.704161085876936155e-01 6.553506338787296048e-02 0.000000000000000000e+00
0.000000000000000000e+00 0.000000000000000000e+00 0.000000000000000000e+00 0.000000000000000000e+00 4.768285587350231669e-01 0.000000000000000000e+00 0.000000000000000000e+00 0.000000000000000000e+00 4.099470738965338423e-01 4.159624288795961689e-01 0.000000000000000000e+00 0.000000000000000000e+00 4.679646041243294974e-01 4.726516175875187797e-01 6.761112255882267830e-02 0.000000000000000000e+00
0.000000000000000000e+00 0.000000000000000000e+00 0.000000000000000000e+00 0.000000000000000000e+00 4.688441955390627580e-01 0.000000000000000000e+00 0.000000000000000000e+00 0.000000000000000000e+00 4.083147488910116030e-01 4.178812169571303192e-01 0.000000000000000000e+00 0.000000000000000000e+00 4.754277319472558494e-01 4.845689981931045054e-01 7.377626598500848509e-02 0.000000000000000000e+00
0.000000000000000000e+00 0.000000000000000000e+00 0.000000000000000000e+00 0.000000000000000000e+00 4.691002102248325034e-01 0.000000000000000000e+00 0.000000000000000000e+00 0.000000000000000000e+00 4.116379085457330667e-01 4.143340145924999107e-01 0.000000000000000000e+00 0.000000000000000000e+00 4.627909429102009531e-01 4.632814387039700943e-01 6.945029930262386353e-02 0.000000000000000000e+00
0.000000000000000000e+00 0.000000000000000000e+00 0.000000000000000000e+00 0.000000000000000000e+00 4.795868708132831615e-01 0.000000000000000000e+00 0.000000000000000000e+00 0.000000000000000000e+00 4.135280784696097056e-01 4.183700389564824484e-01 0.000000000000000000e+00 0.000000000000000000e+00 4.721770737779491522e-01 4.769256394049101178e-01 7.058627273729896345e-02 0.000000000000000000e+00
0.000000000000000000e+00 0.000000000000000000e+00 0.000000000000000000e+00 0.000000000000000000e+00 4.710739083604503219e-01 0.000000000000000000e+00 0.000000000000000000e+00 0.000000000000000000e+00 4.110316137306539996e-01 4.148629543636587202e-01 0.000000000000000000e+00 0.000000000000000000e+00 4.776441730951166420e-01 4.800853281838510789e-01 7.366492624339279760e-02 0.000000000000000000e+00
0.000000000000000000e+00 0.000000000000000000e+00 0.000000000000000000e+00 0.000000000000000000e+00 4.553222470886547635e-01 0.000000000000000000e+00 0.000000000000000000e+00 0.000000000000000000e+00 4.057069985174642790e-01 4.134345245312733286e-01 0.000000000000000000e+00 0.000000000000000000e+00 4.641582480629629082e-01 4.707079669310019199e-01 7.194200145319816497e-02 0.000000000000000000e+00
0.000000000000000000e+00 0.000000000000000000e+00 0.000000000000000000e+00 0.000000000000000000e+00 4.737231949290690580e-01 0.000000000000000000e+00 0.000000000000000000e+00 0.000000000000000000e+00 4.115397771787588366e-01 4.175647956679407469e-01 0.000000000000000000e+00 0.000000000000000000e+00 4.674663345551669513e-01 4.724283034818884119e-01 7.082203168191987530e-02 0.000000000000000000e+00
0.000000000000000000e+00 0.000000000000000000e+00 0.000000000000000000e+00 0.000000000000000000e+00 4.676551564520156634e-01 0.000000000000000000e+00 0.000000000000000000e+00 0.000000000000000000e+00 4.039498651639749638e-01 4.114394928960590780e-01 0.000000000000000000e+00 0.000000000000000000e+00 4.695956137710616818e-01 4.749250402457138032e-01 8.354750870768092030e-02 0.000000000000000000e+00
0.000000000000000000e+00 0.000000000000000000e+00 0.000000000000000000e+00 0.000000000000000000e+00 4.663663157260862779e-01 0.000000000000000000e+00 0.000000000000000000e+00 0.000000000000000000e+00 4.030221893287074253e-01 4.127251851243701197e-01 0.000000000000000000e+00 0.000000000000000000e+00 4.650533638773693412e-01 4.724088243988772140e-01 7.195328940830672537e-02 0.000000000000000000e+00
0.000000000000000000e+00 0.000000000000000000e+00 0.000000000000000000e+00 0.000000000000000000e+00 4.538009789315152753e-01 0.000000000000000000e+00 0.000000000000000000e+00 0.000000000000000000e+00 4.020395762703263820e-01 4.075888160974512897e-01 0.000000000000000000e+00 0.000000000000000000e+00 4.602321383046028558e-01 4.639177363932962539e-01 7.031590600008601200e-02 0.000000000000000000e+00
0.000000000000000000e+00 0.000000000000000000e+00 0.000000000000000000e+00 0.000000000000000000e+00 4.689200324061270075e-01 0.000000000000000000e+00 0.000000000000000000e+00 0.000000000000000000e+00 4.117537427504738834e-01 4.216944958323320947e-01 0.000000000000000000e+00 0.000000000000000000e+00 4.636765398898372026e-01 4.735807416326116570e-01 7.491573245747279453e-02 0.000000000000000000e+00
0.000000000000000000e+00 0.000000000000000000e+00 0.000000000000000000e+00 0.000000000000000000e+00 4.805188473672831195e-01 0.000000000000000000e+00 0.000000000000000000e+00 0.000000000000000000e+00 4.049157271518458723e-01 4.181197388694776196e-01 0.000000000000000000e+00 0.000000000000000000e+00 4.611702733603621485e-01 4.728945875153181544e-01 6.482378123550266991e-02 0.000000000000000000e+00
0.000000000000000000e+00 0.000000000000000000e+00 0.000000000000000000e+00 0.000000000000000000e+00 4.667599501049892741e-01 0.000000000000000000e+00 0.000000000000000000e+00 0.000000000000000000e+00 4.055082807709646797e-01 4.106297336534853182e-01 0.000000000000000000e+00 0.000000000000000000e+00 4.751053739486383320e-01 4.806925009084824230e-01 7.074070029869691800e-02 0.000000000000000000e+00
0.000000000000000000e+00 0.000000000000000000e+00 0.000000000000000000e+00 0.000000000000000000e+00 4.717005351026494764e-01 0.000000000000000000e+00 0.000000000000000000e+00 0.000000000000000000e+00 4.108980628113134692e-01 4.163374948426584177e-01 0.000000000000000000e+00 0.000000000000000000e+00 4.668538037937128293e-01 4.700588550865108517e-01 7.150858437238091780e-02 0.000000000000000000e+00
0.000000000000000000e+00 0.000000000000000000e+00 0.000000000000000000e+00 0.000000000000000000e+00 4.753396690741203412e-01 0.000000000000000000e+00 0.000000000000000000e+00 0.000000000000000000e+00 4.070562874406162268e-01 4.192231343096178842e-01 0.000000000000000000e+00 0.000000000000000000e+00 4.559878393596518142e-01 4.672232279217696793e-01 6.844413645025451687e-02 0.000000000000000000e+00
0.000000000000000000e+00 0.000000000000000000e+00 0.000000000000000000e+00 0.000000000000000000e+00 4.702886075010787592e-01 0.000000000000000000e+00 0.000000000000000000e+00 0.000000000000000000e+00 4.028154166520572232e-01 4.063762313818673477e-01 0.000000000000000000e+00 0.000000000000000000e+00 4.607444472056205775e-01 4.642181359449114586e-01 6.858078322267069371e-02 0.000000000000000000e+00
0.000000000000000000e+00 0.000000000000000000e+00 0.000000000000000000e+00 0.000000000000000000e+00 4.673456345373019349e-01 0.000000000000000000e+00 0.000000000000000000e+00 0.000000000000000000e+00 4.041852990365022436e-01 4.125489577485664805e-01 0.000000000000000000e+00 0.000000000000000000e+00 4.649239195310806982e-01 4.719377723906819089e-01 6.521065221089406005e-02 0.000000000000000000e+00
0.000000000000000000e+00 0.000000000000000000e+00 0.000000000000000000e+00 0.000000000000000000e+00 4.639557588079181172e-01 0.000000000000000000e+00 0.000000000000000000e+00 0.000000000000000000e+00 4.047631082067521535e-01 4.111706570259140991e-01 0.000000000000000000e+00 0.000000000000000000e+00 4.627549102483807797e-01 4.685465860104184865e-01 7.340095937120567904e-02 0.000000000000000000e+00
0.000000000000000000e+00 0.000000000000000000e+00 0.000000000000000000e+00 0.000000000000000000e+00 4.785401026579725881e-01 0.000000000000000000e+00 0.000000000000000000e+00 0.000000000000000000e+00 4.097271659662897192e-01 4.178590883830176628e-01 0.000000000000000000e+00 0.000000000000000000e+00 4.709255842186671481e-01 4.790730369615837092e-01 7.121806675388425711e-02 0.000000000000000000e+00
0.000000000000000000e+00 0.000000000000000000e+00 0.000000000000000000e+00 0.000000000000000000e+00 4.654554381748394754e-01 0.000000000000000000e+00 0.000000000000000000e+00 0.000000000000000000e+00 4.101307743249247295e-01 4.181038672645122078e-01 0.000000000000000000e+00 0.000000000000000000e+00 4.518646232300189691e-01 4.586581680085736745e-01 6.452897326574896786e-02 0.000000000000000000e+00
0.000000000000000000e+00 0.000000000000000000e+00 0.000000000000000000e+00 0.000000000000000000e+00 4.901933784096144109e-01 0.000000000000000000e+00 0.000000000000000000e+00 0.000000000000000000e+00 4.134414419220997505e-01 4.152256338100426269e-01 0.000000000000000000e+00 0.000000000000000000e+00 4.751062585669723060e-01 4.763973156733931069e-01 7.487690564674329141e-02 0.000000000000000000e+00
0.000000000000000000e+00 0.000000000000000000e+00 0.000000000000000000e+00 0.000000000000000000e+00 4.576371758639568577e-01 0.000000000000000000e+00 0.000000000000000000e+00 0.000000000000000000e+00 4.066354856080239832e-01 4.113944177478869313e-01 0.000000000000000000e+00 0.000000000000000000e+00 4.641361416820182217e-01 4.678178202192921908e-01 6.396159223662456483e-02 0.000000000000000000e+00
0.000000000000000000e+00 0.000000000000000000e+00 0.000000000000000000e+00 0.000000000000000000e+00 4.708850028377444819e-01 0.000000000000000000e+00 0.000000000000000000e+00 0.000000000000000000e+00 4.131004243136910392e-01 4.175651088676983202e-01 0.000000000000000000e+00 0.000000000000000000e+00 4.747775706864221790e-01 4.772694691927625854e-01 7.765245094778222557e-02 0.000000000000000000e+00
0.000000000000000000e+00 0.000000000000000000e+00 0.000000000000000000e+00 0.000000000000000000e+00 4.750138798749261593e-01 0.000000000000000000e+00 0.000000000000000000e+00 0.000000000000000000e+00 4.035594976354496821e-01 4.140165677071325212e-01 0.000000000000000000e+00 0.000000000000000000e+00 4.767768910435913887e-01 4.871022176253010927e-01 7.488156115414627834e-02 0.000000000000000000e+00
0.000000000000000000e+00 0.000000000000000000e+00 0.000000000000000000e+00 0.000000000000000000e+00 4.770686776150210862e-01 0.000000000000000000e+00 0.000000000000000000e+00 0.000000000000000000e+00 4.047415961430790854e-01 4.151959138291803630e-01 0.000000000000000000e+00 0.000000000000000000e+00 4.701134694145778781e-01 4.786406295673187317e-01 6.946497948159262303e-02 0.000000000000000000e+00
0.000000000000000000e+00 0.000000000000000000e+00 0.000000000000000000e+00 0.000000000000000000e+00 4.649481134420016537e-01 0.000000000000000000e+00 0.000000000000000000e+00 0.000000000000000000e+00 4.024837772914068301e-01 4.084455990731352681e-01 0.000000000000000000e+00 0.000000000000000000e+00 4.617566544032616904e-01 4.667474261508449684e-01 5.951733240510021644e-02 0.000000000000000000e+00
0.000000000000000000e+00 0.000000000000000000e+00 0.000000000000000000e+00 0.000000000000000000e+00 4.613658710530813556e-01 0.000000000000000000e+00 0.000000000000000000e+00 0.000000000000000000e+00 4.076420389992410631e-01 4.150731057503063148e-01 0.000000000000000000e+00 0.000000000000000000e+00 4.580133224902225852e-01 4.635754779285836125e-01 7.018682036639037336e-02 0.000000000000000000e+00
0.000000000000000000e+00 0.000000000000000000e+00 0.000000000000000000e+00 0.000000000000000000e+00 4.763182921965391503e-01 0.000000000000000000e+00 0.000000000000000000e+00 0.000000000000000000e+00 4.093794151180764618e-01 4.186414064243633715e-01 0.000000000000000000e+00 0.000000000000000000e+00 4.666413377359532322e-01 4.745851772684496206e-01 6.810486773216724299e-02 0.000000000000000000e+00
0.000000000000000000e+00 0.000000000000000000e+00 0.000000000000000000e+00 0.000000000000000000e+00 4.712554560104184054e-01 0.000000000000000000e+00 0.000000000000000000e+00 0.000000000000000000e+00 4.058714582571027463e-01 4.110323465920653341e-01 0.000000000000000000e+00 0.000000000000000000e+00 4.663111175571190703e-01 4.706224053509568406e-01 6.571951247734415802e-02 0.000000000000000000e+00
0.000000000000000000e+00 0.000000000000000000e+00 0.000000000000000000e+00 0.000000000000000000e+00 4.711329493431034021e-01 0.000000000000000000e+00 0.000000000000000000e+00 0.000000000000000000e+00 4.186699002769933564e-01 4.232128235617914624e-01 0.000000000000000000e+00 0.000000000000000000e+00 4.773331001945608221e-01 4.810238199394808456e-01 8.144469323819766848e-02 0.000000000000000000e+00
0.000000000000000000e+00 0.000000000000000000e+00 0.000000000000000000e+00 0.000000000000000000e+00 4.613158113962782525e-01 0.000000000000000000e+00 0.000000000000000000e+00 0.000000000000000000e+00 4.022176077895230906e-01 4.137981609749168954e-01 0.000000000000000000e+00 0.000000000000000000e+00 4.702682760060734601e-01 4.821316313139545340e-01 7.577665704636339650e-02 0.000000000000000000e+00
0.000000000000000000e+00 0.000000000000000000e+00 0.000000000000000000e+00 0.000000000000000000e+00 4.732995323387549913e-01 0.000000000000000000e+00 0.000000000000000000e+00 0.000000000000000000e+00 4.096044876842603322e-01 4.166340418998399353e-01 0.000000000000000000e+00 0.000000000000000000e+00 4.666167326317286479e-01 4.709827603864266132e-01 7.015914652524088413e-02 0.000000000000000000e+00
0.000000000000000000e+00 0.000000000000000000e+00 0.000000000000000000e+00 0.000000000000000000e+00 4.720644076951888701e-01 0.000000000000000000e+00 0.000000000000000000e+00 0.000000000000000000e+00 4.085660822608045972e-01 4.147163899911304741e-01 0.000000000000000000e+00 0.000000000000000000e+00 4.759500455281144848e-01 4.810182289884308293e-01 7.308702121464638601e-02 0.000000000000000000e+00
0.000000000000000000e+00 0.000000000000000000e+00 0.000000000000000000e+00 0.000000000000000000e+00 4.625806525926254853e-01 0.000000000000000000e+00 0.000000000000000000e+00 0.000000000000000000e+00 4.025868622578170353e-01 4.074290574625210049e-01 0.000000000000000000e+00 0.000000000000000000e+00 4.654457787805046931e-01 4.689824910503814781e-01 6.765609013173641550e-02 0.000000000000000000e+00
0.000000000000000000e+00 0.000000000000000000e+00 0.000000000000000000e+00 0.000000000000000000e+00 4.650112036289309470e-01 0.000000000000000000e+00 0.000000000000000000e+00 0.000000000000000000e+00 4.081949476659785803e-01 4.156505418151406617e-01 0.000000000000000000e+00 0.000000000000000000e+00 4.642567434648600666e-01 4.713283435394833853e-01 7.096104310781864433e-02 0.000000000000000000e+00
0.000000000000000000e+00 0.000000000000000000e+00 0.000000000000000000e+00 0.000000000000000000e+00 4.675964595160972959e-01 0.000000000000000000e+00 0.000000000000000000e+00 0.000000000000000000e+00 4.149619554847624459e-01 4.198944116620383915e-01 0.000000000000000000e+00 0.000000000000000000e+00 4.627468702974378845e-01 4.673295006979680255e-01 7.410846106427743107e-02 0.000000000000000000e+00
0.000000000000000000e+00 0.000000000000000000e+00 0.000000000000000000e+00 0.000000000000000000e+00 4.779307833060717492e-01 0.000000000000000000e+00 0.000000000000000000e+00 0.000000000000000000e+00 4.058106086909096799e-01 4.139178615708097309e-01 0.000000000000000000e+00 0.000000000000000000e+00 4.688734574968116409e-01 4.763688743278614024e-01 7.590872005342512441e-02 0.000000000000000000e+00
0.000000000000000000e+00 0.000000000000000000e+00 0.000000000000000000e+00 0.000000000000000000e+00 4.886498695729805108e-01 0.000000000000000000e+00 0.000000000000000000e+00 0.000000000000000000e+00 4.133555096579904498e-01 4.246323163700049808e-01 0.000000000000000000e+00 0.000000000000000000e+00 4.674437420307360203e-01 4.777494501631480150e-01 7.464413849803580581e-02 0.000000000000000000e+00
0.000000000000000000e+00 0.000000000000000000e+00 0.000000000000000000e+00 0.000000000000000000e+00 4.705174890466236604e-01 0.000000000000000000e+00 0.000000000000000000e+00 0.000000000000000000e+00 4.053945655008207027e-01 4.172113092660393874e-01 0.000000000000000000e+00 0.000000000000000000e+00 4.694173495358813231e-01 4.805704357549619998e-01 7.356271630223569502e-02 0.000000000000000000e+00
0.000000000000000000e+00 0.000000000000000000e+00 0.000000000000000000e+00 0.000000000000000000e+00 4.634231896466664558e-01 0.000000000000000000e+00 0.000000000000000000e+00 0.000000000000000000e+00 4.090936645535487304e-01 4.147967918346865401e-01 0.000000000000000000e+00 0.000000000000000000e+00 4.705435165842225542e-01 4.747382846074320595e-01 7.452830142385358236e-02 0.000000000000000000e+00
0.000000000000000000e+00 0.000000000000000000e+00 0.000000000000000000e+00 0.000000000000000000e+00 4.700682333189625806e-01 0.000000000000000000e+00 0.000000000000000000e+00 0.000000000000000000e+00 4.097150087431718490e-01 4.149204856149812382e-01 0.000000000000000000e+00 0.000000000000000000e+00 4.771832784997919741e-01 4.812579531135866007e-01 7.228715252321639417e-02 0.000000000000000000e+00
0.000000000000000000e+00 0.000000000000000000e+00 0.000000000000000000e+00 0.000000000000000000e+00 4.672564965547303384e-01 0.000000000000000000e+00 0.000000000000000000e+00 0.000000000000000000e+00 3.999019425714012699e-01 4.089079485753366883e-01 0.000000000000000000e+00 0.000000000000000000e+00 4.526278445764313485e-01 4.601132816506763867e-01 5.906051876590449889e-02 0.000000000000000000e+00
0.000000000000000000e+00 0.000000000000000000e+00 0.000000000000000000e+00 0.000000000000000000e+00 4.766488788596895954e-01 0.000000000000000000e+00 0.000000000000000000e+00 0.000000000000000000e+00 4.052948734199034453e-01 4.158896898139862741e-01 0.000000000000000000e+00 0.000000000000000000e+00 4.759827220831299166e-01 4.854318662676150864e-01 7.662817209528256790e-02 0.000000000000000000e+00
0.000000000000000000e+00 0.000000000000000000e+00 0.000000000000000000e+00 0.000000000000000000e+00 4.639919663384807769e-01 0.000000000000000000e+00 0.000000000000000000e+00 0.000000000000000000e+00 4.128441213895775452e-01 4.256023787177757312e-01 0.000000000000000000e+00 0.000000000000000000e+00 4.722381075975190523e-01 4.832676156654295840e-01 8.132643656614263472e-02 0.000000000000000000e+00
0.000000000000000000e+00 0.000000000000000000e+00 0.000000000000000000e+00 0.000000000000000000e+00 4.781933018334523222e-01 0.000000000000000000e+00 0.000000000000000000e+00 0.000000000000000000e+00 4.030461023159873091e-01 4.131003311710991222e-01 0.000000000000000000e+00 0.000000000000000000e+00 4.626422175515677582e-01 4.726645670482845785e-01 6.715231709840603636e-02 0.000000000000000000e+00
0.000000000000000000e+00 0.000000000000000000e+00 0.000000000000000000e+00 0.000000000000000000e+00 4.702946402471833709e-01 0.000000000000000000e+00 0.000000000000000000e+00 0.000000000000000000e+00 4.054175177660504503e-01 4.135772334411520479e-01 0.000000000000000000e+00 0.000000000000000000e+00 4.602743133131405040e-01 4.661499305215391908e-01 6.684817544301194236e-02 0.000000000000000000e+00
0.000000000000000000e+00 0.000000000000000000e+00 0.000000000000000000e+00 0.000000000000000000e+00 4.824089979302834674e-01 0.000000000000000000e+00 0.000000000000000000e+00 0.000000000000000000e+00 4.141001574424301168e-01 4.223345644708604851e-01 0.000000000000000000e+00 0.000000000000000000e+00 4.697553548532028000e-01 4.787758219540311222e-01 7.636844016617891362e-02 0.000000000000000000e+00
0.000000000000000000e+00 0.000000000000000000e+00 0.000000000000000000e+00 0.000000000000000000e+00 4.685515264849680617e-01 0.000000000000000000e+00 0.000000000000000000e+00 0.000000000000000000e+00 4.127923766871478550e-01 4.219480006666679328e-01 0.000000000000000000e+00 0.000000000000000000e+00 4.615121433681550478e-01 4.689466096522900695e-01 7.865629636738753760e-02 0.000000000000000000e+00
0.000000000000000000e+00 0.000000000000000000e+00 0.000000000000000000e+00 0.000000000000000000e+00 4.699451527837281706e-01 0.000000000000000000e+00 0.000000000000000000e+00 0.000000000000000000e+00 4.018582973340864006e-01 4.070549756932529406e-01 0.000000000000000000e+00 0.000000000000000000e+00 4.578854866690190151e-01 4.622714984323538778e-01 6.187635056021490582e-02 0.000000000000000000e+00
0.000000000000000000e+00 0.000000000000000000e+00 0.000000000000000000e+00 0.000000000000000000e+00 4.703195499116447631e-01 0.000000000000000000e+00 0.000000000000000000e+00 0.000000000000000000e+00 4.055959237121385397e-01 4.149729762349091411e-01 0.000000000000000000e+00 0.000000000000000000e+00 4.673829326399870365e-01 4.771003748369792574e-01 6.944950901651311681e-02 0.000000000000000000e+00
0.000000000000000000e+00 0.000000000000000000e+00 0.000000000000000000e+00 0.000000000000000000e+00 4.897402584463039221e-01 0.000000000000000000e+00 0.000000000000000000e+00 0.000000000000000000e+00 4.126440840685697276e-01 4.232046406958649420e-01 0.000000000000000000e+00 0.000000000000000000e+00 4.784228257137101981e-01 4.882828680087517026e-01 7.673610875994371638e-02 0.000000000000000000e+00
0.000000000000000000e+00 0.000000000000000000e+00 0.000000000000000000e+00 0.000000000000000000e+00 4.756618640168197021e-01 0.000000000000000000e+00 0.000000000000000000e+00 0.000000000000000000e+00 4.037493363321529305e-01 4.133237295960501267e-01 0.000000000000000000e+00 0.000000000000000000e+00 4.685781984847620651e-01 4.777321716365151016e-01 6.701857457985527233e-02 0.000000000000000000e+00
0.000000000000000000e+00 0.000000000000000000e+00 0.000000000000000000e+00 0.000000000000000000e+00 4.787003738668542674e-01 0.000000000000000000e+00 0.000000000000000000e+00 0.000000000000000000e+00 4.144953106104642959e-01 4.251193477333956583e-01 0.000000000000000000e+00 0.000000000000000000e+00 4.801116704617123254e-01 4.885025523957207683e-01 8.188583008637527472e-02 0.000000000000000000e+00
0.000000000000000000e+00 0.000000000000000000e+00 0.000000000000000000e+00 0.000000000000000000e+00 4.724481341942844415e-01 0.000000000000000000e+00 0.000000000000000000e+00 0.000000000000000000e+00 4.083235119986353134e-01 4.136669722773606006e-01 0.000000000000000000e+00 0.000000000000000000e+00 4.674952296223595649e-01 4.726456324328217606e-01 6.859375327726666138e-02 0.000000000000000000e+00
0.000000000000000000e+00 0.000000000000000000e+00 0.000000000000000000e+00 0.000000000000000000e+00 4.634967236843225979e-01 0.000000000000000000e+00 0.000000000000000000e+00 0.000000000000000000e+00 4.161027325016020684e-01 4.274161255460209863e-01 0.000000000000000000e+00 0.000000000000000000e+00 4.709057505933759713e-01 4.826616891356669270e-01 7.903236523785839296e-02 0.000000000000000000e+00
0.000000000000000000e+00 0.000000000000000000e+00 0.000000000000000000e+00 0.000000000000000000e+00 4.814411568589881951e-01 0.000000000000000000e+00 0.000000000000000000e+00 0.000000000000000000e+00 4.099240095570229614e-01 4.178652443762005952e-01 0.000000000000000000e+00 0.000000000000000000e+00 4.799418129959973633e-01 4.865628059929555382e-01 7.818790224109908871e-02 0.000000000000000000e+00
0.000000000000000000e+00 0.000000000000000000e+00 0.000000000000000000e+00 0.000000000000000000e+00 4.694022645291828222e-01 0.000000000000000000e+00 0.000000000000000000e+00 0.000000000000000000e+00 4.077116265555411623e-01 4.172934854087486101e-01 0.000000000000000000e+00 0.000000000000000000e+00 4.749285332571937523e-01 4.846612702064626022e-01 7.969922625932471250e-02 0.000000000000000000e+00
0.000000000000000000e+00 0.000000000000000000e+00 0.000000000000000000e+00 0.000000000000000000e+00 4.892633121886087455e-01 0.000000000000000000e+00 0.000000000000000000e+00 0.000000000000000000e+00 4.129555642997218556e-01 4.227432134285410981e-01 0.000000000000000000e+00 0.000000000000000000e+00 4.759952572731881437e-01 4.861443898613840853e-01 7.531839906304912957e-02 0.000000000000000000e+00
0.000000000000000000e+00 0.000000000000000000e+00 0.000000000000000000e+00 0.000000000000000000e+00 4.767455232997926950e-01 0.000000000000000000e+00 0.000000000000000000e+00 0.000000000000000000e+00 4.185887126474694409e-01 4.254454127254003182e-01 0.000000000000000000e+00 0.000000000000000000e+00 4.775608215017612679e-01 4.820902121064375434e-01 7.782580552169608701e-02 0.000000000000000000e+00
0.000000000000000000e+00 0.000000000000000000e+00 0.000000000000000000e+00 0.000000000000000000e+00 4.778407024143666026e-01 0.000000000000000000e+00 0.000000000000000000e+00 0.000000000000000000e+00 4.145251952727229128e-01 4.252892247141493165e-01 0.000000000000000000e+00 0.000000000000000000e+00 4.744013861334230864e-01 4.844246855045741262e-01 7.915423690995052053e-02 0.000000000000000000e+00
0.000000000000000000e+00 0.000000000000000000e+00 0.000000000000000000e+00 0.000000000000000000e+00 4.698464812281286651e-01 0.000000000000000000e+00 0.000000000000000000e+00 0.000000000000000000e+00 4.083519216700207677e-01 4.170832113148957854e-01 0.000000000000000000e+00 0.000000000000000000e+00 4.748588924573418635e-01 4.833712029923159514e-01 7.804096064344397121e-02 0.000000000000000000e+00
0.000000000000000000e+00 0.000000000000000000e+00 0.000000000000000000e+00 0.000000000000000000e+00 4.673605634388622310e-01 0.000000000000000000e+00 0.000000000000000000e+00 0.000000000000000000e+00 4.041154944088410361e-01 4.117444427947322128e-01 0.000000000000000000e+00 0.000000000000000000e+00 4.640206618737214850e-01 4.698616915989522469e-01 7.481927823331255278e-02 0.000000000000000000e+00
0.000000000000000000e+00 0.000000000000000000e+00 0.000000000000000000e+00 0.000000000000000000e+00 4.704462841681660845e-01 0.000000000000000000e+00 0.000000000000000000e+00 0.000000000000000000e+00 4.163304190048768283e-01 4.241714900878712502e-01 0.000000000000000000e+00 0.000000000000000000e+00 4.814789305614284864e-01 4.886967590456569033e-01 8.939406311245136350e-02 0.000000000000000000e+00
0.000000000000000000e+00 0.000000000000000000e+00 0.000000000000000000e+00 0.000000000000000000e+00 4.771588973751537122e-01 0.000000000000000000e+00 0.000000000000000000e+00 0.000000000000000000e+00 4.186465766600238614e-01 4.290380808901423926e-01 0.000000000000000000e+00 0.000000000000000000e+00 4.668802901567153940e-01 4.756686436999383871e-01 8.000537383980775574e-02 0.000000000000000000e+00
0.000000000000000000e+00 0.000000000000000000e+00 0.000000000000000000e+00 0.000000000000000000e+00 4.774764092743645216e-01 0.000000000000000000e+00 0.000000000000000000e+00 0.000000000000000000e+00 4.204626098282098212e-01 4.251847701338172802e-01 0.000000000000000000e+00 0.000000000000000000e+00 4.719933042556610503e-01 4.757521280864434599e-01 7.897284676248608748e-02 0.000000000000000000e+00
0.000000000000000000e+00 0.000000000000000000e+00 0.000000000000000000e+00 0.000000000000000000e+00 4.659552755854208250e-01 0.000000000000000000e+00 0.000000000000000000e+00 0.000000000000000000e+00 4.047491595850737922e-01 4.122996638286159921e-01 0.000000000000000000e+00 0.000000000000000000e+00 4.735311744728351591e-01 4.812254901146437724e-01 7.922278635303289795e-02 0.000000000000000000e+00
0.000000000000000000e+00 0.000000000000000000e+00 0.000000000000000000e+00 0.000000000000000000e+00 4.636078649528737050e-01 0.000000000000000000e+00 0.000000000000000000e+00 0.000000000000000000e+00 4.138267805557508394e-01 4.213080125335736392e-01 0.000000000000000000e+00 0.000000000000000000e+00 4.533601250168496355e-01 4.582529846704139764e-01 7.059099346546021669e-02 0.000000000000000000e+00
0.000000000000000000e+00 0.000000000000000000e+00 0.000000000000000000e+00 0.000000000000000000e+00 4.705098941179673422e-01 0.000000000000000000e+00 0.000000000000000000e+00 0.000000000000000000e+00 4.116870110743773292e-01 4.199083827553902193e-01 0.000000000000000000e+00 0.000000000000000000e+00 4.535834858301838191e-01 4.597504678616062268e-01 6.760041822326749716e-02 0.000000000000000000e+00
0.000000000000000000e+00 0.000000000000000000e+00 0.000000000000000000e+00 0.000000000000000000e+00 4.684149166282975951e-01 0.000000000000000000e+00 0.000000000000000000e+00 0.000000000000000000e+00 4.120802544700148395e-01 4.196263482475471318e-01 0.000000000000000000e+00 0.000000000000000000e+00 4.667580639856013236e-01 4.729619603543339101e-01 7.778514055037272223e-02 0.000000000000000000e+00
0.000000000000000000e+00 0.000000000000000000e+00 0.000000000000000000e+00 0.000000000000000000e+00 4.779971327012971227e-01 0.000000000000000000e+00 0.000000000000000000e+00 0.000000000000000000e+00 4.067219659648521612e-01 4.159723707749559130e-01 0.000000000000000000e+00 0.000000000000000000e+00 4.619900033979438825e-01 4.691389108103527494e-01 6.469594731463636228e-02 0.000000000000000000e+00
0.000000000000000000e+00 0.000000000000000000e+00 0.000000000000000000e+00 0.000000000000000000e+00 4.816185821777855813e-01 0.000000000000000000e+00 0.000000000000000000e+00 0.000000000000000000e+00 4.134077588088666544e-01 4.194519884705069090e-01 0.000000000000000000e+00 0.000000000000000000e+00 4.580077677434175043e-01 4.623194575976988796e-01 7.388685439690829970e-02 0.000000000000000000e+00
0.000000000000000000e+00 0.000000000000000000e+00 0.000000000000000000e+00 0.000000000000000000e+00 4.554836397510134693e-01 0.000000000000000000e+00 0.000000000000000000e+00 0.000000000000000000e+00 4.098778581877147165e-01 4.200020913199096206e-01 0.000000000000000000e+00 0.000000000000000000e+00 4.640556760321754015e-01 4.729673589904553888e-01 7.531115264172315305e-02 0.000000000000000000e+00
0.000000000000000000e+00 0.000000000000000000e+00 0.000000000000000000e+00 0.000000000000000000e+00 4.715067039305313457e-01 0.000000000000000000e+00 0.000000000000000000e+00 0.000000000000000000e+00 4.140893473852835793e-01 4.176983229505272233e-01 0.000000000000000000e+00 0.000000000000000000e+00 4.778610374002221217e-01 4.814909349739127098e-01 8.188280915279959327e-02 0.000000000000000000e+00
0.000000000000000000e+00 0.000000000000000000e+00 0.000000000000000000e+00 0.000000000000000000e+00 4.665362049046837267e-01 0.000000000000000000e+00 0.000000000000000000e+00 0.000000000000000000e+00 4.058171729869375355e-01 4.151842053187113635e-01 0.000000000000000000e+00 0.000000000000000000e+00 4.691762127165984841e-01 4.775984079509560387e-01 7.326296924135954070e-02 0.000000000000000000e+00
0.000000000000000000e+00 0.000000000000000000e+00 0.000000000000000000e+00 0.000000000000000000e+00 4.741767239068533923e-01 0.000000000000000000e+00 0.000000000000000000e+00 0.000000000000000000e+00 4.137064267473847812e-01 4.219726587942383977e-01 0.000000000000000000e+00 0.000000000000000000e+00 4.836907722090788564e-01 4.916248744926317027e-01 8.094913148477825282e-02 0.000000000000000000e+00
0.000000000000000000e+00 0.000000000000000000e+00 0.000000000000000000e+00 0.000000000000000000e+00 4.720061573797210142e-01 0.000000000000000000e+00 0.000000000000000000e+00 0.000000000000000000e+00 4.082730389492079115e-01 4.142472487855353158e-01 0.000000000000000000e+00 0.000000000000000000e+00 4.779451510946616244e-01 4.826454454771992864e-01 7.423011971564805189e-02 0.000000000000000000e+00
0.000000000000000000e+00 0.000000000000000000e+00 0.000000000000000000e+00 0.000000000000000000e+00 4.829889432056513332e-01 0.000000000000000000e+00 0.000000000000000000e+00 0.000000000000000000e+00 4.083023625775054066e-01 4.188267608494809502e-01 0.000000000000000000e+00 0.000000000000000000e+00 4.669914342548368569e-01 4.762888618869209889e-01 8.029615614010232605e-02 0.000000000000000000e+00
0.000000000000000000e+00 0.000000000000000000e+00 0.000000000000000000e+00 0.000000000000000000e+00 4.704409134231944956e-01 0.000000000000000000e+00 0.000000000000000000e+00 0.000000000000000000e+00 4.118448832109309898e-01 4.219941712730032046e-01 0.000000000000000000e+00 0.000000000000000000e+00 4.623807270825989191e-01 4.707613638854607485e-01 7.364299089098533257e-02 0.000000000000000000e+00
0.000000000000000000e+00 0.000000000000000000e+00 0.000000000000000000e+00 0.000000000000000000e+00 4.566884062334747307e-01 0.000000000000000000e+00 0.000000000000000000e+00 0.000000000000000000e+00 4.071664525567254556e-01 4.137554456888530297e-01 0.000000000000000000e+00 0.000000000000000000e+00 4.630300971854554581e-01 4.683815576669326797e-01 7.223128182064003644e-02 0.000000000000000000e+00
0.000000000000000000e+00 0.000000000000000000e+00 0.000000000000000000e+00 0.000000000000000000e+00 4.663193887295791762e-01 0.000000000000000000e+00 0.000000000000000000e+00 0.000000000000000000e+00 4.040923887142865434e-01 4.132991122668718820e-01 0.000000000000000000e+00 0.000000000000000000e+00 4.686203571019561531e-01 4.769885501823950547e-01 7.340242424798955334e-02 0.000000000000000000e+00
0.000000000000000000e+00 0.000000000000000000e+00 0.000000000000000000e+00 0.000000000000000000e+00 4.685771152411747908e-01 0.000000000000000000e+00 0.000000000000000000e+00 0.000000000000000000e+00 4.035481066371107151e-01 4.092927844924175718e-01 0.000000000000000000e+00 0.000000000000000000e+00 4.750279264687043979e-01 4.807926461211354807e-01 6.680021343120697008e-02 0.000000000000000000e+00
0.000000000000000000e+00 0.000000000000000000e+00 0.000000000000000000e+00 0.000000000000000000e+00 4.661371581441088319e-01 0.000000000000000000e+00 0.000000000000000000e+00 0.000000000000000000e+00 4.007646109229475173e-01 4.100254037088010284e-01 0.000000000000000000e+00 0.000000000000000000e+00 4.692934040662232187e-01 4.774113487957085122e-01 7.783845538442694945e-02 0.000000000000000000e+00
0.000000000000000000e+00 0.000000000000000000e+00 0.000000000000000000e+00 0.000000000000000000e+00 4.680557620927420226e-01 0.000000000000000000e+00 0.000000000000000000e+00 0.000000000000000000e+00 4.008382654914563470e-01 4.083403918815837752e-01 0.000000000000000000e+00 0.000000000000000000e+00 4.649965345673965911e-01 4.718228099191585367e-01 7.516475406328301800e-02 0.000000000000000000e+00
0.000000000000000000e+00 0.000000000000000000e+00 0.000000000000000000e+00 0.000000000000000000e+00 4.670181573909367723e-01 0.000000000000000000e+00 0.000000000000000000e+00 0.000000000000000000e+00 4.177458175828032139e-01 4.219882915388609712e-01 0.000000000000000000e+00 0.000000000000000000e+00 4.685695350670267545e-01 4.721443503016121146e-01 6.565072216425407725e-02 0.000000000000000000e+00
0.000000000000000000e+00 0.000000000000000000e+00 0.000000000000000000e+00 0.000000000000000000e+00 4.643078121192278362e-01 0.000000000000000000e+00 0.000000000000000000e+00 0.000000000000000000e+00 4.086463556006155184e-01 4.131660767225555086e-01 0.000000000000000000e+00 0.000000000000000000e+00 4.794476563280155035e-01 4.833141717214347599e-01 7.326972884729698876e-02 0.000000000000000000e+00
0.000000000000000000e+00 0.000000000000000000e+00 0.000000000000000000e+00 0.000000000000000000e+00 4.645504065349201905e-01 0.000000000000000000e+00 0.000000000000000000e+00 0.000000000000000000e+00 4.056930801257424557e-01 4.126920761070219101e-01 0.000000000000000000e+00 0.000000000000000000e+00 4.675905899102983376e-01 4.725572988838701027e-01 7.353404501832391804e-02 0.000000000000000000e+00
0.000000000000000000e+00 0.000000000000000000e+00 0.000000000000000000e+00 0.000000000000000000e+00 4.676024690244350301e-01 0.000000000000000000e+00 0.000000000000000000e+00 0.000000000000000000e+00 4.008387647043594182e-01 4.110915849566569857e-01 0.000000000000000000e+00 0.000000000000000000e+00 4.626218436037043968e-01 4.727678386708695779e-01 6.670526310005890636e-02 0.000000000000000000e+00
0.000000000000000000e+00 0.000000000000000000e+00 0.000000000000000000e+00 0.000000000000000000e+00 4.650169013358663728e-01 0.000000000000000000e+00 0.000000000000000000e+00 0.000000000000000000e+00 4.159265640019724763e-01 4.246620073172739929e-01 0.000000000000000000e+00 0.000000000000000000e+00 4.667900018425618081e-01 4.739500695492807614e-01 7.917993612290565031e-02 0.000000000000000000e+00
0.000000000000000000e+00 0.000000000000000000e+00 0.000000000000000000e+00 0.000000000000000000e+00 4.720150005595084575e-01 0.000000000000000000e+00 0.000000000000000000e+00 0.000000000000000000e+00 4.133107204139314650e-01 4.223174914741579800e-01 0.000000000000000000e+00 0.000000000000000000e+00 4.678261632477574983e-01 4.750793642553470253e-01 7.814330900666799362e-02 0.000000000000000000e+00
0.000000000000000000e+00 0.000000000000000000e+00 0.000000000000000000e+00 0.000000000000000000e+00 4.710692008187028490e-01 0.000000000000000000e+00 0.000000000000000000e+00 0.000000000000000000e+00 4.044307689331778644e-01 4.110443398095469658e-01 0.000000000000000000e+00 0.000000000000000000e+00 4.650343963890947174e-01 4.716116776301032543e-01 6.784205675910089106e-02 0.000000000000000000e+00
0.000000000000000000e+00 0.000000000000000000e+00 0.000000000000000000e+00 0.000000000000000000e+00 4.777644462530405423e-01 0.000000000000000000e+00 0.000000000000000000e+00 0.000000000000000000e+00 4.046624424255048091e-01 4.095349880379662855e-01 0.000000000000000000e+00 0.000000000000000000e+00 4.554114058401921294e-01 4.588752152249352401e-01 5.877901826470072200e-02 0.000000000000000000e+00
0.000000000000000000e+00 0.000000000000000000e+00 0.000000000000000000e+00 0.000000000000000000e+00 4.698742317991665418e-01 0.000000000000000000e+00 0.000000000000000000e+00 0.000000000000000000e+00 4.181356097903061175e-01 4.244245158160290798e-01 0.000000000000000000e+00 0.000000000000000000e+00 4.680008372112834381e-01 4.732122376277355658e-01 8.123548434482545655e-02 0.000000000000000000e+00
0.000000000000000000e+00 0.000000000000000000e+00 0.000000000000000000e+00 0.000000000000000000e+00 4.612165742630600085e-01 0.000000000000000000e+00 0.000000000000000000e+00 0.000000000000000000e+00 3.965187105450263538e-01 4.037119245373559373e-01 0.000000000000000000e+00 0.000000000000000000e+00 4.549087790010636900e-01 4.611402646134523109e-01 6.421777857250574040e-02 0.000000000000000000e+00
0.000000000000000000e+00 0.000000000000000000e+00 0.000000000000000000e+00 0.000000000000000000e+00 4.730871764292509662e-01 0.000000000000000000e+00 0.000000000000000000e+00 0.000000000000000000e+00 4.026584207309963359e-01 4.112338549642873264e-01 0.000000000000000000e+00 0.000000000000000000e+00 4.589480149445354096e-01 4.669977431732684203e-01 6.639688965910013618e-02 0.000000000000000000e+00
