# 'name' : 'rogers_a02_b00_d03_g03'
# 'source' : 'rogers_a02_b00_d03_g03.yaml'
# 'sample_pops' : ['X', 'D', 'Y', 'N']
# 'sample_size' : 1
# 'n_reps' : 100
# 'n_windows' : 200
# 'seq_length' : 100000000.0
# 'window_length' : 500000.0
# 'recomb_rate' : 1e-08
# 'mut_rate' : 1e-08
# 'created' : None
1.790888258696279921e-04 1.472905758333031400e-04 9.465917990010021786e-04 7.701483598088316139e-04
1.851918655065203177e-04 1.561601151489938784e-04 9.199248913962087149e-04 7.810432920327984793e-04
1.767644520225405903e-04 1.591653807166352043e-04 9.299754252980661729e-04 7.711485481478557022e-04
1.814257448765746244e-04 1.611839355208051559e-04 9.288564922979658869e-04 7.821553760838611917e-04
1.812770553153129102e-04 1.507297753685616737e-04 9.308344274438718141e-04 7.780612391878854572e-04
1.821736456359561484e-04 1.588671719259773156e-04 9.210515192613142731e-04 7.758979019263963087e-04
1.775336558537604159e-04 1.536091779204020705e-04 9.228215003714661507e-04 7.734652687237788876e-04
1.777988487923739321e-04 1.497759155711538806e-04 9.253068957658252104e-04 7.508700207475914150e-04
1.797459807522206821e-04 1.640826466826418356e-04 9.249873719557491318e-04 7.810711132382274326e-04
1.778902545789568662e-04 1.562415087595497582e-04 9.137589953793855526e-04 7.610631056407662909e-04
1.758765313403997603e-04 1.600110739655138860e-04 9.296637960259522462e-04 7.476198110202504545e-04
1.818922950905594498e-04 1.584283163078325282e-04 9.139706319808544276e-04 7.625986301190678914e-04
1.765887445593025966e-04 1.570688138793038845e-04 9.135079536767504518e-04 7.706568239885676873e-04
1.771582262653413566e-04 1.559168938029853490e-04 9.090788285875339931e-04 7.389370404657813907e-04
1.774687494468693257e-04 1.505257048882059504e-04 9.240458412391222738e-04 7.584975701206072033e-04
1.887913090333081688e-04 1.680118105341010196e-04 9.306727925493042978e-04 7.811102056630527847e-04
1.856263665615362393e-04 1.555389475942612373e-04 9.118606668328799441e-04 7.729292706773441442e-04
1.785142438854437198e-04 1.425705671353427967e-04 9.257981015869159915e-04 7.744273368409678284e-04
1.805692996694878178e-04 1.569142379891612241e-04 9.262173104386654549e-04 7.468411589020127915e-04
1.842128805327587445e-04 1.614901529268856736e-04 9.258853844320023884e-04 7.762624093007715548e-04
1.799491138289566444e-04 1.467377888436214748e-04 9.187946661347495868e-04 7.855733861192867396e-04
1.722526032278841378e-04 1.577570780677985238e-04 9.212578297887591677e-04 7.724867924611570963e-04
1.816965137021803655e-04 1.555337590014592203e-04 9.303782990580292513e-04 7.696537391785251633e-04
1.794117521245709105e-04 1.581387415592290036e-04 9.229257575962215463e-04 7.688764882164502747e-04
1.779536268097174200e-04 1.473207985057809659e-04 9.203804831157411451e-04 7.616034955607195412e-04
1.805376218134955061e-04 1.557602322345065949e-04 9.211483827803463708e-04 8.013104091968214571e-04
1.714565561478752090e-04 1.569814427646189616e-04 9.281312792534051302e-04 7.680673603662366246e-04
1.810769604043242504e-04 1.624000363516785476e-04 9.209770728048170948e-04 7.699196282827536078e-04
1.751741087214277485e-04 1.586788810363552954e-04 9.114674261072424873e-04 7.499909554881408315e-04
1.793504868555469481e-04 1.489804975442036994e-04 9.282268623353471040e-04 7.392688144561379050e-04
1.811719423329501057e-04 1.500886760633147771e-04 9.446014016794995489e-04 7.704284068272287825e-04
1.789248933375274433e-04 1.589464260518691377e-04 9.402942900133098554e-04 7.847806703298068577e-04
1.847252719983586821e-04 1.586166139959457075e-04 9.245225530229361430e-04 7.840971292422080656e-04
1.807070657652850665e-04 1.500609885950857135e-04 9.254900255248285114e-04 7.778431573720616301e-04
1.770407043787701809e-04 1.577474500356366245e-04 9.244435199386485036e-04 7.690666912727189700e-04
1.758003926225748775e-04 1.572451512148532234e-04 9.077060543468028686e-04 7.483686244009316903e-04
1.884668488038621385e-04 1.537610525357082129e-04 9.223276190638058812e-04 7.469961809077712818e-04
1.802514205955379773e-04 1.602709000100027042e-04 9.196035868169260630e-04 7.687874433028016362e-04
1.738056524592867602e-04 1.531497971770482162e-04 9.313797201039719772e-04 7.577658938268403213e-04
1.813312912275479797e-04 1.633263706296070978e-04 9.236786123312765466e-04 7.656126641620034307e-04
1.776177465856289891e-04 1.547309180543431084e-04 9.227412915881686838e-04 7.819806675656132931e-04
1.762046187677322653e-04 1.564938739831620810e-04 9.067315366689353414e-04 7.757780334134889606e-04
1.802550096999150668e-04 1.521562058921808796e-04 9.236952041745443353e-04 7.615487486664499275e-04
1.742325827630985418e-04 1.401247099905386531e-04 9.090886144918823531e-04 7.626684927990070965e-04
1.851714569685665359e-04 1.509661088645018496e-04 9.241732787447741460e-04 7.620926795227940661e-04
1.786906611284919165e-04 1.591642613564999960e-04 9.250526398184849694e-04 7.635708125556787572e-04
1.770714952814686418e-04 1.616977173057379535e-04 9.304209180383684686e-04 7.619993145718079132e-04
1.828842453083098720e-04 1.535471121100668885e-04 9.370642568550930068e-04 7.947670454679998508e-04
1.808628260428248036e-04 1.510983728635525427e-04 9.290056530905063713e-04 7.449851730008432349e-04
1.876170355734268298e-04 1.514246702055297106e-04 9.119799746265266644e-04 7.569377789308016479e-04
1.780518317470322577e-04 1.486102032089008259e-04 9.338656436034850454e-04 7.777517334968163734e-04
1.864748883397075437e-04 1.610629797578182892e-04 9.327782859441045415e-04 7.810379374707864886e-04
1.752690351220717330e-04 1.476804526288723936e-04 9.094545846434556879e-04 7.669820046139374159e-04
1.839929619133359674e-04 1.531286652018701917e-04 8.994622274638414518e-04 7.667014038619435114e-04
1.786713018906589668e-04 1.578781114538949364e-04 9.398312510994727247e-04 7.898462120626663363e-04
1.799847118015567460e-04 1.513548315935031531e-04 9.276386194579898381e-04 7.685361198094571708e-04
1.782748095386215976e-04 1.433774441961690300e-04 9.181617414594598226e-04 7.506848810941189410e-04
1.790075048863215958e-04 1.499897527696133841e-04 9.335849378623186203e-04 7.683619338163565548e-04
1.808852856350430299e-04 1.509796773747256523e-04 9.141480296537885832e-04 7.410920453957844066e-04
1.799370190454641213e-04 1.601140919652485053e-04 9.179333158649035772e-04 7.664763710960712829e-04
1.885422143750986037e-04 1.514467744832699830e-04 9.032713696961393486e-04 7.494701497316388905e-04
1.817273018601626424e-04 1.535395738804598716e-04 9.206701148495609116e-04 7.423805502010309525e-04
1.835465958540574271e-04 1.540522127123521623e-04 9.253519763634062865e-04 7.545661218784070236e-04
1.815998545042219728e-04 1.487359186336669294e-04 9.179554140764722503e-04 7.517431510571831758e-04
1.755531535517493367e-04 1.561710572496770376e-04 9.099344376236607719e-04 7.557771918014187258e-04
1.777254860695764310e-04 1.471292237393724274e-04 9.087965287735487278e-04 7.537157545260901158e-04
1.831848639348637796e-04 1.550708822417118870e-04 9.143488613403749415e-04 7.451083184454677715e-04
1.821609833948575202e-04 1.560034311384065958e-04 9.285039276167380987e-04 7.685134104223412602e-04
1.818922644911587238e-04 1.551776579404789220e-04 9.027703086415744338e-04 7.333161438876673217e-04
1.772584430956909598e-04 1.473501929310833038e-04 8.971018512509152179e-04 7.717227438547699572e-04
1.744977458377623659e-04 1.566908843035763209e-04 9.014525837309273794e-04 7.648439736517406891e-04
1.776878759343890086e-04 1.528751967582555379e-04 9.207546746779354547e-04 7.499201678412136408e-04
1.790719584176794419e-04 1.536871628391053802e-04 9.037067426224637372e-04 7.886830974172632592e-04
1.789808233209028523e-04 1.533027081260721200e-04 9.069664075029229425e-04 7.880372055938871878e-04
1.838524651758168937e-04 1.551251269191497399e-04 9.024430723509299949e-04 7.622681250938261131e-04
1.784413594838507220e-04 1.490611766207082403e-04 9.236437537906462547e-04 7.778635804278705374e-04
1.761320652434872217e-04 1.516252176903386142e-04 9.085529732850898630e-04 7.845238528010469803e-04
1.800205371403373910e-04 1.526043305865325999e-04 9.088458198229559717e-04 7.676030303764825279e-04
1.803098117269512780e-04 1.605537817113155167e-04 9.113822611480237477e-04 7.464538309056671910e-04
1.839641748110879980e-04 1.543270271140719213e-04 9.283257983061822538e-04 7.655909279806619519e-04
1.826803345935001834e-04 1.537417922425798249e-04 9.131137095853587978e-04 7.384992631245143558e-04
1.745001440325954069e-04 1.560872238481200377e-04 9.288170704833852631e-04 7.543946409498003157e-04
1.743290367382126281e-04 1.436142124217608428e-04 9.082338509217883701e-04 7.543049872759253127e-04
1.770951497268268005e-04 1.491901787882208273e-04 9.191761020860564693e-04 7.809805006550820826e-04
1.812690265184096084e-04 1.604849271322369400e-04 9.144420910853823031e-04 7.651628074280691786e-04
1.817107563264010509e-04 1.525369304810793574e-04 9.282859515683189802e-04 7.562889677112209774e-04
1.784168288794378858e-04 1.568891002989822358e-04 9.364849034170221950e-04 7.562952693383904936e-04
1.809135439847208966e-04 1.502585549293997515e-04 9.233799679161484864e-04 7.496382714494365584e-04
1.770320931327272061e-04 1.511937928267579538e-04 9.316156453645491314e-04 7.555170382159901972e-04
1.778022659235289817e-04 1.590953133744525748e-04 9.189360701212115432e-04 7.802339295892216477e-04
1.799280827230806802e-04 1.617784331982476814e-04 9.222191811462427009e-04 7.426973803449084081e-04
1.823100531279148086e-04 1.579822995283191732e-04 9.360819419629730744e-04 7.660591922693716803e-04
1.834269687661308618e-04 1.505627076606736575e-04 9.331966785907085419e-04 7.713171843200117153e-04
1.832033333754726277e-04 1.572909646405950840e-04 8.995357347915777617e-04 7.719595013519199534e-04
1.760273007281173898e-04 1.480100892965660869e-04 9.103669260509064404e-04 7.667568309080208299e-04
1.786131527013755979e-04 1.547418790842917306e-04 9.272433605711452196e-04 7.734714216408714905e-04
1.750370579870187627e-04 1.562035120989484465e-04 9.394156535164997898e-04 7.943982738151881672e-04
1.823325795611167920e-04 1.596049258946756119e-04 9.041602965075097240e-04 7.668899712998979157e-04
1.841529634916537917e-04 1.550742456170648808e-04 9.422855175756843053e-04 7.875092499019646121e-04
1.808764645288592340e-04 1.522406453485150167e-04 9.371423079025744968e-04 7.895095671242030469e-04
