# {'chrom': '3', 'window_id': '5', 'statistic': 'H2', 'bounds': [93000000, 114000000], 'span': 21000000, 'n_sites': 12686683, 'coverage': 60.41, 'right_discontinuous': False, 'rows': "{0: 'Altai', 1: 'Chagyrskaya', 2: 'Denisova', 3: 'French-1', 4: 'Han-1', 5: 'Khomani_San-2', 6: 'Papuan-2', 7: 'Vindija', 8: 'Yoruba-1', 9: 'Yoruba-3'}"}
3.970000000000000000e+02 3.860000000000000000e+02 6.710000000000000000e+02 7.540000000000000000e+02 1.125000000000000000e+03 2.685000000000000000e+03 3.756000000000000000e+03 5.951000000000000000e+03 1.058300000000000000e+04 1.384300000000000000e+04 2.723900000000000000e+04 3.135200000000000000e+04 2.812500000000000000e+04 6.043100000000000000e+04 1.325330000000000000e+05 1.770100000000000000e+05 3.582480000000000000e+05 1.095003000000000000e+06 1.521174000000000000e+06
3.730000000000000000e+02 3.190000000000000000e+02 6.530000000000000000e+02 5.430000000000000000e+02 9.800000000000000000e+02 2.614000000000000000e+03 3.297000000000000000e+03 4.506000000000000000e+03 1.164800000000000000e+04 1.417500000000000000e+04 2.205200000000000000e+04 4.279000000000000000e+04 3.590100000000000000e+04 3.046500000000000000e+04 9.226000000000000000e+04 1.375990000000000000e+05 2.296550000000000000e+05 8.675300000000000000e+05 1.467868000000000000e+06
1.921000000000000000e+03 9.580000000000000000e+02 1.454000000000000000e+03 1.093000000000000000e+03 1.385000000000000000e+03 3.976000000000000000e+03 4.548000000000000000e+03 7.689000000000000000e+03 1.798100000000000000e+04 1.457400000000000000e+04 1.679300000000000000e+04 2.396800000000000000e+04 2.719600000000000000e+04 6.192800000000000000e+04 1.547280000000000000e+05 2.311650000000000000e+05 4.484820000000000000e+05 1.104729000000000000e+06 1.875273000000000000e+06
1.035900000000000000e+04 3.890000000000000000e+03 6.017000000000000000e+03 4.842000000000000000e+03 5.883000000000000000e+03 1.727500000000000000e+04 2.329800000000000000e+04 4.108900000000000000e+04 9.432700000000000000e+04 1.040980000000000000e+05 1.561300000000000000e+05 3.187800000000000000e+05 3.417210000000000000e+05 5.822420000000000000e+05 1.968305000000000000e+06 3.120207000000000000e+06 6.248701000000000000e+06 1.761247000000000000e+07 2.883113500000000000e+07
9.720000000000000000e+03 4.609000000000000000e+03 5.741000000000000000e+03 4.715000000000000000e+03 5.909000000000000000e+03 1.686000000000000000e+04 2.683800000000000000e+04 4.748800000000000000e+04 9.771700000000000000e+04 1.109990000000000000e+05 1.813330000000000000e+05 3.383730000000000000e+05 3.148670000000000000e+05 7.246770000000000000e+05 1.961977000000000000e+06 2.544302000000000000e+06 4.686332000000000000e+06 1.223225500000000000e+07 2.211506300000000000e+07
9.338000000000000000e+03 3.966000000000000000e+03 6.192000000000000000e+03 6.021000000000000000e+03 8.137000000000000000e+03 2.032800000000000000e+04 3.107500000000000000e+04 5.285900000000000000e+04 1.226630000000000000e+05 1.437620000000000000e+05 2.148330000000000000e+05 4.501340000000000000e+05 4.608010000000000000e+05 1.112858000000000000e+06 2.748260000000000000e+06 3.799628000000000000e+06 7.639396000000000000e+06 2.128324700000000000e+07 3.651886400000000000e+07
7.982000000000000000e+03 3.209000000000000000e+03 3.612000000000000000e+03 2.904000000000000000e+03 3.618000000000000000e+03 1.116000000000000000e+04 1.573400000000000000e+04 2.859400000000000000e+04 6.111800000000000000e+04 6.154600000000000000e+04 7.352100000000000000e+04 1.331580000000000000e+05 1.660770000000000000e+05 2.250060000000000000e+05 7.313130000000000000e+05 1.497752000000000000e+06 2.314810000000000000e+06 5.774331000000000000e+06 1.272994200000000000e+07
2.640000000000000000e+02 1.960000000000000000e+02 4.180000000000000000e+02 4.370000000000000000e+02 5.110000000000000000e+02 1.329000000000000000e+03 1.795000000000000000e+03 2.746000000000000000e+03 5.265000000000000000e+03 5.901000000000000000e+03 1.495700000000000000e+04 1.459300000000000000e+04 9.267000000000000000e+03 2.458400000000000000e+04 5.029600000000000000e+04 7.964100000000000000e+04 1.834050000000000000e+05 3.606390000000000000e+05 8.495630000000000000e+05
1.084600000000000000e+04 5.288000000000000000e+03 6.961000000000000000e+03 5.640000000000000000e+03 7.276000000000000000e+03 2.061900000000000000e+04 3.128700000000000000e+04 5.708900000000000000e+04 1.230530000000000000e+05 1.526670000000000000e+05 2.243710000000000000e+05 4.923400000000000000e+05 5.592710000000000000e+05 1.062229000000000000e+06 3.387030000000000000e+06 4.648687000000000000e+06 9.003053000000000000e+06 2.589021400000000000e+07 4.526076500000000000e+07
1.383500000000000000e+04 4.623000000000000000e+03 7.362000000000000000e+03 5.853000000000000000e+03 8.128000000000000000e+03 2.321700000000000000e+04 3.322200000000000000e+04 6.007300000000000000e+04 1.318720000000000000e+05 1.507600000000000000e+05 2.392790000000000000e+05 5.042790000000000000e+05 6.341670000000000000e+05 1.137845000000000000e+06 3.670995000000000000e+06 5.290075000000000000e+06 1.004292700000000000e+07 2.629898200000000000e+07 4.686145300000000000e+07
