# {'chrom': '3', 'window_id': '7', 'statistic': 'H2', 'bounds': [135000000, 156000000], 'span': 21000000, 'n_sites': 13172029, 'coverage': 62.72, 'right_discontinuous': False, 'rows': "{0: 'Altai', 1: 'Chagyrskaya', 2: 'Denisova', 3: 'French-1', 4: 'Han-1', 5: 'Khomani_San-2', 6: 'Papuan-2', 7: 'Vindija', 8: 'Yoruba-1', 9: 'Yoruba-3'}"}
3.860000000000000000e+02 3.350000000000000000e+02 5.870000000000000000e+02 6.880000000000000000e+02 1.033000000000000000e+03 2.626000000000000000e+03 4.184000000000000000e+03 6.247000000000000000e+03 1.027600000000000000e+04 9.966000000000000000e+03 1.285300000000000000e+04 1.954300000000000000e+04 2.171000000000000000e+04 4.208500000000000000e+04 1.102710000000000000e+05 1.761820000000000000e+05 3.575420000000000000e+05 1.212010000000000000e+06 2.851235000000000000e+06
9.930000000000000000e+02 5.020000000000000000e+02 4.330000000000000000e+02 3.730000000000000000e+02 6.020000000000000000e+02 1.623000000000000000e+03 2.457000000000000000e+03 3.642000000000000000e+03 6.522000000000000000e+03 7.521000000000000000e+03 9.548000000000000000e+03 1.650100000000000000e+04 1.456600000000000000e+04 2.525600000000000000e+04 7.094500000000000000e+04 9.642000000000000000e+04 1.717380000000000000e+05 2.530480000000000000e+05 7.438580000000000000e+05
1.790000000000000000e+02 1.540000000000000000e+02 2.930000000000000000e+02 3.160000000000000000e+02 3.940000000000000000e+02 1.095000000000000000e+03 1.685000000000000000e+03 2.289000000000000000e+03 4.865000000000000000e+03 4.059000000000000000e+03 5.799000000000000000e+03 1.066800000000000000e+04 9.827000000000000000e+03 1.510300000000000000e+04 5.562800000000000000e+04 8.267700000000000000e+04 1.602010000000000000e+05 5.165610000000000000e+05 1.019495000000000000e+06
3.448000000000000000e+03 1.986000000000000000e+03 2.945000000000000000e+03 3.123000000000000000e+03 4.574000000000000000e+03 1.035200000000000000e+04 1.663900000000000000e+04 2.740800000000000000e+04 5.251100000000000000e+04 5.801600000000000000e+04 7.620800000000000000e+04 1.754670000000000000e+05 1.631730000000000000e+05 3.032030000000000000e+05 1.032414000000000000e+06 1.697372000000000000e+06 3.342006000000000000e+06 1.214810700000000000e+07 2.549935500000000000e+07
4.677000000000000000e+03 2.803000000000000000e+03 4.045000000000000000e+03 3.783000000000000000e+03 4.767000000000000000e+03 1.087600000000000000e+04 1.678600000000000000e+04 2.925900000000000000e+04 5.748200000000000000e+04 5.496000000000000000e+04 8.342600000000000000e+04 2.010700000000000000e+05 2.133750000000000000e+05 3.923420000000000000e+05 9.695320000000000000e+05 1.548751000000000000e+06 3.634253000000000000e+06 1.171770400000000000e+07 2.396426700000000000e+07
3.605000000000000000e+03 2.342000000000000000e+03 3.931000000000000000e+03 4.100000000000000000e+03 5.663000000000000000e+03 1.351900000000000000e+04 1.932100000000000000e+04 3.293200000000000000e+04 6.825000000000000000e+04 7.725500000000000000e+04 1.134380000000000000e+05 2.460180000000000000e+05 3.427480000000000000e+05 6.437970000000000000e+05 1.872829000000000000e+06 2.721598000000000000e+06 6.260324000000000000e+06 2.092641400000000000e+07 4.267252100000000000e+07
4.989000000000000000e+03 2.840000000000000000e+03 4.195000000000000000e+03 3.299000000000000000e+03 4.875000000000000000e+03 1.151100000000000000e+04 1.718400000000000000e+04 2.888500000000000000e+04 6.035200000000000000e+04 6.772200000000000000e+04 1.058450000000000000e+05 2.140780000000000000e+05 1.826290000000000000e+05 3.134600000000000000e+05 7.909170000000000000e+05 1.477179000000000000e+06 3.092116000000000000e+06 1.056083100000000000e+07 2.038194300000000000e+07
4.220000000000000000e+02 3.410000000000000000e+02 4.150000000000000000e+02 2.800000000000000000e+02 4.420000000000000000e+02 1.383000000000000000e+03 1.987000000000000000e+03 3.243000000000000000e+03 4.290000000000000000e+03 5.023000000000000000e+03 6.786000000000000000e+03 1.632200000000000000e+04 1.295800000000000000e+04 3.019900000000000000e+04 5.949900000000000000e+04 1.082420000000000000e+05 2.063850000000000000e+05 7.012270000000000000e+05 1.335243000000000000e+06
4.204000000000000000e+03 2.946000000000000000e+03 4.648000000000000000e+03 4.416000000000000000e+03 6.339000000000000000e+03 1.564800000000000000e+04 2.267100000000000000e+04 3.833100000000000000e+04 7.582000000000000000e+04 8.640500000000000000e+04 1.258280000000000000e+05 2.692380000000000000e+05 3.283410000000000000e+05 6.500550000000000000e+05 2.086749000000000000e+06 3.272993000000000000e+06 7.146509000000000000e+06 2.264636300000000000e+07 4.558649500000000000e+07
4.308000000000000000e+03 2.506000000000000000e+03 4.058000000000000000e+03 4.475000000000000000e+03 7.001000000000000000e+03 1.653700000000000000e+04 2.425800000000000000e+04 4.097100000000000000e+04 7.764000000000000000e+04 8.909100000000000000e+04 1.348430000000000000e+05 3.235100000000000000e+05 3.575790000000000000e+05 6.640920000000000000e+05 1.808284000000000000e+06 3.067525000000000000e+06 6.289184000000000000e+06 2.077932300000000000e+07 4.385371000000000000e+07
