# {'chrom': '3', 'window_id': '1', 'statistic': 'H2', 'bounds': [18000000, 36000000], 'span': 18000000, 'n_sites': 11592977, 'coverage': 64.41, 'right_discontinuous': False, 'rows': "{0: 'Altai', 1: 'Chagyrskaya', 2: 'Denisova', 3: 'French-1', 4: 'Han-1', 5: 'Khomani_San-2', 6: 'Papuan-2', 7: 'Vindija', 8: 'Yoruba-1', 9: 'Yoruba-3'}"}
2.900000000000000000e+02 2.400000000000000000e+02 3.090000000000000000e+02 4.460000000000000000e+02 7.380000000000000000e+02 1.631000000000000000e+03 2.506000000000000000e+03 4.068000000000000000e+03 7.467000000000000000e+03 7.519000000000000000e+03 1.062000000000000000e+04 2.138700000000000000e+04 1.850800000000000000e+04 3.331800000000000000e+04 1.168630000000000000e+05 1.246830000000000000e+05 2.278330000000000000e+05 6.108020000000000000e+05 8.600560000000000000e+05
6.200000000000000000e+01 9.200000000000000000e+01 2.860000000000000000e+02 4.910000000000000000e+02 8.250000000000000000e+02 1.741000000000000000e+03 2.323000000000000000e+03 4.212000000000000000e+03 8.634000000000000000e+03 1.121400000000000000e+04 1.610100000000000000e+04 3.018200000000000000e+04 3.139900000000000000e+04 3.836300000000000000e+04 1.031060000000000000e+05 1.127910000000000000e+05 2.396370000000000000e+05 1.006547000000000000e+06 1.512655000000000000e+06
6.500000000000000000e+01 8.100000000000000000e+01 2.320000000000000000e+02 3.120000000000000000e+02 5.910000000000000000e+02 1.269000000000000000e+03 2.011000000000000000e+03 3.023000000000000000e+03 5.961000000000000000e+03 6.579000000000000000e+03 7.988000000000000000e+03 1.621100000000000000e+04 1.622700000000000000e+04 2.664200000000000000e+04 7.999900000000000000e+04 1.234820000000000000e+05 2.640520000000000000e+05 7.386530000000000000e+05 1.725325000000000000e+06
3.377000000000000000e+03 9.020000000000000000e+02 1.657000000000000000e+03 2.098000000000000000e+03 3.473000000000000000e+03 9.068000000000000000e+03 1.388100000000000000e+04 2.341600000000000000e+04 5.195600000000000000e+04 6.559600000000000000e+04 9.464400000000000000e+04 1.821670000000000000e+05 1.711480000000000000e+05 2.973310000000000000e+05 9.177730000000000000e+05 1.416419000000000000e+06 2.998017000000000000e+06 9.035583000000000000e+06 1.692784000000000000e+07
2.828000000000000000e+03 1.123000000000000000e+03 2.219000000000000000e+03 2.580000000000000000e+03 4.066000000000000000e+03 1.027600000000000000e+04 1.514300000000000000e+04 2.639500000000000000e+04 5.632000000000000000e+04 7.140800000000000000e+04 1.030500000000000000e+05 2.161460000000000000e+05 2.062820000000000000e+05 3.404720000000000000e+05 1.044792000000000000e+06 1.852781000000000000e+06 3.492213000000000000e+06 1.121287500000000000e+07 2.187444600000000000e+07
2.354000000000000000e+03 9.870000000000000000e+02 1.793000000000000000e+03 2.350000000000000000e+03 3.727000000000000000e+03 9.954000000000000000e+03 1.502700000000000000e+04 2.553400000000000000e+04 5.158400000000000000e+04 5.944400000000000000e+04 9.307000000000000000e+04 1.962200000000000000e+05 2.336470000000000000e+05 4.213320000000000000e+05 1.235781000000000000e+06 2.136184000000000000e+06 3.998920000000000000e+06 1.216094300000000000e+07 2.802576300000000000e+07
1.561000000000000000e+03 7.830000000000000000e+02 1.952000000000000000e+03 2.597000000000000000e+03 4.251000000000000000e+03 9.928000000000000000e+03 1.460700000000000000e+04 2.654800000000000000e+04 6.085700000000000000e+04 7.290500000000000000e+04 1.126790000000000000e+05 2.378620000000000000e+05 1.864100000000000000e+05 2.801850000000000000e+05 7.317840000000000000e+05 1.473734000000000000e+06 2.821998000000000000e+06 9.162528000000000000e+06 1.742475000000000000e+07
2.210000000000000000e+02 1.710000000000000000e+02 2.880000000000000000e+02 3.720000000000000000e+02 5.830000000000000000e+02 1.323000000000000000e+03 2.043000000000000000e+03 3.909000000000000000e+03 7.184000000000000000e+03 9.546000000000000000e+03 1.410600000000000000e+04 2.422100000000000000e+04 2.298000000000000000e+04 3.163500000000000000e+04 7.062800000000000000e+04 1.343980000000000000e+05 2.327410000000000000e+05 5.565690000000000000e+05 1.180611000000000000e+06
4.089000000000000000e+03 1.489000000000000000e+03 2.785000000000000000e+03 3.719000000000000000e+03 5.917000000000000000e+03 1.480500000000000000e+04 2.117600000000000000e+04 3.741600000000000000e+04 8.642900000000000000e+04 1.050530000000000000e+05 1.455450000000000000e+05 3.031560000000000000e+05 3.446360000000000000e+05 6.076400000000000000e+05 2.000215000000000000e+06 3.336299000000000000e+06 6.908359000000000000e+06 2.132116200000000000e+07 4.203958900000000000e+07
1.679000000000000000e+03 1.458000000000000000e+03 2.922000000000000000e+03 3.591000000000000000e+03 5.801000000000000000e+03 1.333100000000000000e+04 2.043100000000000000e+04 3.766200000000000000e+04 7.946900000000000000e+04 9.320600000000000000e+04 1.375460000000000000e+05 3.133030000000000000e+05 3.070870000000000000e+05 5.688120000000000000e+05 1.957329000000000000e+06 3.239449000000000000e+06 6.747901000000000000e+06 2.114184700000000000e+07 4.333207200000000000e+07
