# {'chrom': '3', 'window_id': '0', 'statistic': 'H2', 'bounds': [0, 18000000], 'span': 18000000, 'n_sites': 11685094, 'coverage': 64.92, 'right_discontinuous': False, 'rows': "{0: 'Altai', 1: 'Chagyrskaya', 2: 'Denisova', 3: 'French-1', 4: 'Han-1', 5: 'Khomani_San-2', 6: 'Papuan-2', 7: 'Vindija', 8: 'Yoruba-1', 9: 'Yoruba-3'}"}
2.000000000000000000e+01 3.000000000000000000e+01 1.360000000000000000e+02 3.170000000000000000e+02 6.400000000000000000e+02 1.657000000000000000e+03 2.277000000000000000e+03 2.902000000000000000e+03 7.112000000000000000e+03 7.868000000000000000e+03 8.710000000000000000e+03 1.506800000000000000e+04 1.557400000000000000e+04 1.642000000000000000e+04 5.934100000000000000e+04 9.685400000000000000e+04 1.721720000000000000e+05 5.749170000000000000e+05 1.038277000000000000e+06
2.000000000000000000e+01 9.000000000000000000e+00 2.100000000000000000e+01 3.700000000000000000e+01 7.400000000000000000e+01 2.120000000000000000e+02 3.100000000000000000e+02 5.640000000000000000e+02 1.369000000000000000e+03 1.844000000000000000e+03 2.908000000000000000e+03 3.932000000000000000e+03 4.560000000000000000e+03 7.831000000000000000e+03 7.690000000000000000e+03 9.540000000000000000e+03 3.346600000000000000e+04 5.485900000000000000e+04 1.766060000000000000e+05
3.370000000000000000e+02 1.940000000000000000e+02 4.960000000000000000e+02 5.600000000000000000e+02 8.120000000000000000e+02 2.409000000000000000e+03 3.365000000000000000e+03 5.301000000000000000e+03 1.020700000000000000e+04 1.363700000000000000e+04 1.624500000000000000e+04 2.927300000000000000e+04 2.973900000000000000e+04 3.447200000000000000e+04 1.124940000000000000e+05 1.401170000000000000e+05 2.776590000000000000e+05 9.078320000000000000e+05 1.590213000000000000e+06
1.417000000000000000e+03 1.072000000000000000e+03 1.718000000000000000e+03 1.941000000000000000e+03 2.968000000000000000e+03 9.266000000000000000e+03 1.460500000000000000e+04 2.684800000000000000e+04 6.419700000000000000e+04 7.861800000000000000e+04 9.984300000000000000e+04 1.738510000000000000e+05 1.821200000000000000e+05 2.375120000000000000e+05 8.892940000000000000e+05 1.643518000000000000e+06 3.137270000000000000e+06 1.037625800000000000e+07 1.975982800000000000e+07
6.940000000000000000e+02 6.430000000000000000e+02 1.347000000000000000e+03 1.639000000000000000e+03 2.621000000000000000e+03 6.815000000000000000e+03 1.069000000000000000e+04 1.781500000000000000e+04 3.919900000000000000e+04 4.868500000000000000e+04 6.591400000000000000e+04 1.232230000000000000e+05 1.618800000000000000e+05 2.166680000000000000e+05 6.446400000000000000e+05 1.045769000000000000e+06 2.091253000000000000e+06 6.927029000000000000e+06 1.476709300000000000e+07
1.636000000000000000e+03 1.059000000000000000e+03 2.418000000000000000e+03 3.269000000000000000e+03 5.677000000000000000e+03 1.396200000000000000e+04 2.029200000000000000e+04 3.610200000000000000e+04 8.880700000000000000e+04 1.112710000000000000e+05 1.533240000000000000e+05 3.070550000000000000e+05 3.294160000000000000e+05 6.483870000000000000e+05 1.769543000000000000e+06 2.756817000000000000e+06 5.502082000000000000e+06 1.651657500000000000e+07 3.225937600000000000e+07
1.449000000000000000e+03 9.030000000000000000e+02 1.864000000000000000e+03 2.189000000000000000e+03 3.301000000000000000e+03 9.454000000000000000e+03 1.421100000000000000e+04 2.675100000000000000e+04 5.900000000000000000e+04 7.736400000000000000e+04 9.168200000000000000e+04 1.543030000000000000e+05 1.898220000000000000e+05 3.027140000000000000e+05 7.607450000000000000e+05 1.279191000000000000e+06 2.951229000000000000e+06 9.750071000000000000e+06 1.836918000000000000e+07
8.300000000000000000e+01 7.800000000000000000e+01 2.600000000000000000e+02 3.390000000000000000e+02 5.140000000000000000e+02 1.137000000000000000e+03 1.667000000000000000e+03 2.701000000000000000e+03 6.384000000000000000e+03 6.566000000000000000e+03 8.850000000000000000e+03 1.377800000000000000e+04 1.998300000000000000e+04 3.158800000000000000e+04 7.794600000000000000e+04 1.016560000000000000e+05 2.190000000000000000e+05 5.787490000000000000e+05 1.319038000000000000e+06
1.664000000000000000e+03 1.096000000000000000e+03 2.660000000000000000e+03 3.136000000000000000e+03 4.801000000000000000e+03 1.240400000000000000e+04 1.908600000000000000e+04 3.376300000000000000e+04 7.952900000000000000e+04 9.473400000000000000e+04 1.362470000000000000e+05 2.753670000000000000e+05 3.396760000000000000e+05 5.838640000000000000e+05 1.839160000000000000e+06 2.877993000000000000e+06 6.170819000000000000e+06 1.911292200000000000e+07 3.742736400000000000e+07
1.626000000000000000e+03 1.349000000000000000e+03 2.556000000000000000e+03 3.160000000000000000e+03 5.335000000000000000e+03 1.370700000000000000e+04 2.188100000000000000e+04 3.936700000000000000e+04 9.720600000000000000e+04 1.261210000000000000e+05 1.825180000000000000e+05 2.853400000000000000e+05 3.304600000000000000e+05 5.604410000000000000e+05 1.825208000000000000e+06 2.933862000000000000e+06 6.379143000000000000e+06 1.841111400000000000e+07 3.609001800000000000e+07
