# {'chrom': '3', 'window_id': '2', 'statistic': 'H2', 'bounds': [36000000, 54000000], 'span': 18000000, 'n_sites': 10988908, 'coverage': 61.05, 'right_discontinuous': False, 'rows': "{0: 'Altai', 1: 'Chagyrskaya', 2: 'Denisova', 3: 'French-1', 4: 'Han-1', 5: 'Khomani_San-2', 6: 'Papuan-2', 7: 'Vindija', 8: 'Yoruba-1', 9: 'Yoruba-3'}"}
2.000000000000000000e+01 4.000000000000000000e+00 3.000000000000000000e+01 2.300000000000000000e+01 4.100000000000000000e+01 1.330000000000000000e+02 1.850000000000000000e+02 3.090000000000000000e+02 6.110000000000000000e+02 1.023000000000000000e+03 7.560000000000000000e+02 8.510000000000000000e+02 3.990000000000000000e+02 2.440000000000000000e+03 1.805000000000000000e+03 1.754000000000000000e+03 2.866000000000000000e+03 1.315800000000000000e+04 1.146790000000000000e+05
1.230000000000000000e+02 6.400000000000000000e+01 1.690000000000000000e+02 1.390000000000000000e+02 2.110000000000000000e+02 5.870000000000000000e+02 7.640000000000000000e+02 1.350000000000000000e+03 1.699000000000000000e+03 1.895000000000000000e+03 2.938000000000000000e+03 4.864000000000000000e+03 8.271000000000000000e+03 1.381200000000000000e+04 3.717800000000000000e+04 5.685400000000000000e+04 1.189330000000000000e+05 2.922050000000000000e+05 5.813920000000000000e+05
4.270000000000000000e+02 2.050000000000000000e+02 3.420000000000000000e+02 3.860000000000000000e+02 5.590000000000000000e+02 1.129000000000000000e+03 1.836000000000000000e+03 2.989000000000000000e+03 5.705000000000000000e+03 6.977000000000000000e+03 1.150200000000000000e+04 2.254700000000000000e+04 2.643100000000000000e+04 3.329100000000000000e+04 8.890100000000000000e+04 1.272470000000000000e+05 1.568990000000000000e+05 5.557790000000000000e+05 8.271420000000000000e+05
3.618000000000000000e+03 2.018000000000000000e+03 3.299000000000000000e+03 2.483000000000000000e+03 3.213000000000000000e+03 8.149000000000000000e+03 1.278200000000000000e+04 2.396000000000000000e+04 5.208400000000000000e+04 5.525500000000000000e+04 8.922100000000000000e+04 1.627720000000000000e+05 1.864650000000000000e+05 3.277910000000000000e+05 9.532850000000000000e+05 1.424170000000000000e+06 2.742324000000000000e+06 9.029155000000000000e+06 1.422806100000000000e+07
4.375000000000000000e+03 2.136000000000000000e+03 2.662000000000000000e+03 2.249000000000000000e+03 3.325000000000000000e+03 8.888000000000000000e+03 1.485800000000000000e+04 2.421400000000000000e+04 5.772800000000000000e+04 5.826800000000000000e+04 8.714900000000000000e+04 1.929560000000000000e+05 1.685100000000000000e+05 3.281400000000000000e+05 7.622600000000000000e+05 1.405621000000000000e+06 2.680403000000000000e+06 8.335552000000000000e+06 1.195877500000000000e+07
7.607000000000000000e+03 3.504000000000000000e+03 4.479000000000000000e+03 4.387000000000000000e+03 6.468000000000000000e+03 1.483300000000000000e+04 2.286200000000000000e+04 3.683800000000000000e+04 8.338800000000000000e+04 1.001020000000000000e+05 1.697060000000000000e+05 3.866140000000000000e+05 5.384350000000000000e+05 8.635920000000000000e+05 2.386483000000000000e+06 3.987909000000000000e+06 7.357633000000000000e+06 2.107400000000000000e+07 3.393684500000000000e+07
1.959000000000000000e+03 1.273000000000000000e+03 1.946000000000000000e+03 1.882000000000000000e+03 2.547000000000000000e+03 5.863000000000000000e+03 9.600000000000000000e+03 1.651100000000000000e+04 3.608600000000000000e+04 4.196600000000000000e+04 5.960100000000000000e+04 1.171840000000000000e+05 1.515270000000000000e+05 2.479900000000000000e+05 5.607590000000000000e+05 1.055184000000000000e+06 2.030879000000000000e+06 6.129309000000000000e+06 1.045048500000000000e+07
2.110000000000000000e+02 7.300000000000000000e+01 1.660000000000000000e+02 2.230000000000000000e+02 3.470000000000000000e+02 9.770000000000000000e+02 1.291000000000000000e+03 2.028000000000000000e+03 5.158000000000000000e+03 6.729000000000000000e+03 9.467000000000000000e+03 1.465600000000000000e+04 1.631500000000000000e+04 2.636100000000000000e+04 8.003900000000000000e+04 1.274230000000000000e+05 2.272230000000000000e+05 6.588470000000000000e+05 1.008318000000000000e+06
5.908000000000000000e+03 2.488000000000000000e+03 3.879000000000000000e+03 4.275000000000000000e+03 6.087000000000000000e+03 1.358600000000000000e+04 2.319500000000000000e+04 3.418000000000000000e+04 7.806600000000000000e+04 8.653200000000000000e+04 1.269200000000000000e+05 3.149270000000000000e+05 4.777690000000000000e+05 7.476360000000000000e+05 2.138292000000000000e+06 3.330925000000000000e+06 6.060616000000000000e+06 1.951567700000000000e+07 3.232740900000000000e+07
5.584000000000000000e+03 2.389000000000000000e+03 4.224000000000000000e+03 4.094000000000000000e+03 5.773000000000000000e+03 1.440300000000000000e+04 2.198100000000000000e+04 3.644700000000000000e+04 7.986600000000000000e+04 9.611200000000000000e+04 1.463990000000000000e+05 3.657590000000000000e+05 5.478600000000000000e+05 8.136960000000000000e+05 2.067711000000000000e+06 3.365767000000000000e+06 6.317317000000000000e+06 1.831961600000000000e+07 2.811295900000000000e+07
