# {'chrom': '3', 'window_id': '9', 'statistic': 'H2', 'bounds': [177000000, 198000000], 'span': 21000000, 'n_sites': 12781914, 'coverage': 60.87, 'right_discontinuous': True, 'rows': "{0: 'Altai', 1: 'Chagyrskaya', 2: 'Denisova', 3: 'French-1', 4: 'Han-1', 5: 'Khomani_San-2', 6: 'Papuan-2', 7: 'Vindija', 8: 'Yoruba-1', 9: 'Yoruba-3'}"}
1.334000000000000000e+03 4.980000000000000000e+02 6.290000000000000000e+02 6.260000000000000000e+02 7.990000000000000000e+02 1.789000000000000000e+03 2.694000000000000000e+03 5.174000000000000000e+03 9.913000000000000000e+03 1.272000000000000000e+04 1.553300000000000000e+04 2.580400000000000000e+04 2.301000000000000000e+04 4.763100000000000000e+04 1.053130000000000000e+05 1.073700000000000000e+05 2.245700000000000000e+05 7.984970000000000000e+05 1.190718000000000000e+06
2.810000000000000000e+02 2.070000000000000000e+02 3.680000000000000000e+02 3.270000000000000000e+02 3.610000000000000000e+02 1.095000000000000000e+03 1.512000000000000000e+03 2.616000000000000000e+03 6.202000000000000000e+03 5.779000000000000000e+03 6.818000000000000000e+03 1.325800000000000000e+04 1.328100000000000000e+04 2.230900000000000000e+04 5.963100000000000000e+04 8.583200000000000000e+04 1.518550000000000000e+05 4.466860000000000000e+05 6.004710000000000000e+05
7.500000000000000000e+01 9.500000000000000000e+01 2.380000000000000000e+02 2.080000000000000000e+02 2.880000000000000000e+02 8.180000000000000000e+02 9.440000000000000000e+02 1.894000000000000000e+03 3.384000000000000000e+03 3.068000000000000000e+03 3.684000000000000000e+03 6.946000000000000000e+03 8.177000000000000000e+03 1.483400000000000000e+04 3.405800000000000000e+04 6.001600000000000000e+04 1.123800000000000000e+05 3.426880000000000000e+05 5.393590000000000000e+05
4.011000000000000000e+03 1.229000000000000000e+03 1.714000000000000000e+03 2.037000000000000000e+03 3.062000000000000000e+03 7.357000000000000000e+03 1.237400000000000000e+04 1.870600000000000000e+04 4.149000000000000000e+04 4.307900000000000000e+04 5.201400000000000000e+04 1.011790000000000000e+05 1.303950000000000000e+05 2.523980000000000000e+05 6.510350000000000000e+05 1.071178000000000000e+06 2.060921000000000000e+06 5.840538000000000000e+06 9.117568000000000000e+06
4.622000000000000000e+03 1.333000000000000000e+03 2.187000000000000000e+03 2.390000000000000000e+03 3.476000000000000000e+03 8.253000000000000000e+03 1.382800000000000000e+04 2.098100000000000000e+04 4.261100000000000000e+04 4.863100000000000000e+04 6.299300000000000000e+04 1.175260000000000000e+05 1.612010000000000000e+05 2.858390000000000000e+05 6.452880000000000000e+05 1.070823000000000000e+06 1.940769000000000000e+06 5.621245000000000000e+06 8.072865000000000000e+06
5.842000000000000000e+03 2.146000000000000000e+03 3.377000000000000000e+03 3.334000000000000000e+03 5.489000000000000000e+03 1.369900000000000000e+04 2.179900000000000000e+04 3.354700000000000000e+04 6.975600000000000000e+04 7.744800000000000000e+04 1.055690000000000000e+05 2.220350000000000000e+05 2.912740000000000000e+05 5.706000000000000000e+05 1.464543000000000000e+06 2.304283000000000000e+06 4.579500000000000000e+06 1.288916700000000000e+07 1.897121300000000000e+07
2.351000000000000000e+03 1.095000000000000000e+03 1.982000000000000000e+03 2.201000000000000000e+03 3.184000000000000000e+03 8.781000000000000000e+03 1.196600000000000000e+04 1.945000000000000000e+04 4.462700000000000000e+04 4.414300000000000000e+04 5.162200000000000000e+04 1.057880000000000000e+05 1.358670000000000000e+05 1.581560000000000000e+05 5.112130000000000000e+05 9.120270000000000000e+05 1.756605000000000000e+06 5.139134000000000000e+06 7.878192000000000000e+06
9.290000000000000000e+02 1.610000000000000000e+02 2.530000000000000000e+02 2.760000000000000000e+02 3.580000000000000000e+02 1.013000000000000000e+03 1.733000000000000000e+03 2.549000000000000000e+03 6.041000000000000000e+03 7.784000000000000000e+03 9.371000000000000000e+03 1.681300000000000000e+04 1.286200000000000000e+04 2.964600000000000000e+04 6.963200000000000000e+04 7.390600000000000000e+04 1.618730000000000000e+05 3.634630000000000000e+05 6.770280000000000000e+05
5.080000000000000000e+03 1.933000000000000000e+03 3.119000000000000000e+03 3.116000000000000000e+03 5.011000000000000000e+03 1.215100000000000000e+04 1.708400000000000000e+04 3.158600000000000000e+04 6.097800000000000000e+04 6.688500000000000000e+04 8.650800000000000000e+04 1.817220000000000000e+05 2.535500000000000000e+05 4.638340000000000000e+05 1.236770000000000000e+06 1.987655000000000000e+06 4.037045000000000000e+06 1.143636600000000000e+07 1.649335200000000000e+07
3.620000000000000000e+03 1.798000000000000000e+03 3.410000000000000000e+03 3.537000000000000000e+03 5.453000000000000000e+03 1.247700000000000000e+04 1.838700000000000000e+04 3.275300000000000000e+04 6.694300000000000000e+04 7.449600000000000000e+04 8.878000000000000000e+04 1.980880000000000000e+05 2.691460000000000000e+05 4.933620000000000000e+05 1.383395000000000000e+06 2.214842000000000000e+06 4.494315000000000000e+06 1.232758800000000000e+07 1.779968200000000000e+07
