# {'chrom': '3', 'window_id': '3', 'statistic': 'H2', 'bounds': [54000000, 72000000], 'span': 18000000, 'n_sites': 12252069, 'coverage': 68.07, 'right_discontinuous': False, 'rows': "{0: 'Altai', 1: 'Chagyrskaya', 2: 'Denisova', 3: 'French-1', 4: 'Han-1', 5: 'Khomani_San-2', 6: 'Papuan-2', 7: 'Vindija', 8: 'Yoruba-1', 9: 'Yoruba-3'}"}
4.900000000000000000e+01 4.900000000000000000e+01 1.530000000000000000e+02 3.010000000000000000e+02 6.540000000000000000e+02 1.413000000000000000e+03 2.137000000000000000e+03 3.807000000000000000e+03 8.497000000000000000e+03 8.454000000000000000e+03 1.198000000000000000e+04 2.168700000000000000e+04 1.810900000000000000e+04 3.601100000000000000e+04 9.367100000000000000e+04 1.891000000000000000e+05 3.621300000000000000e+05 9.986930000000000000e+05 1.637802000000000000e+06
3.000000000000000000e+01 5.700000000000000000e+01 1.960000000000000000e+02 3.580000000000000000e+02 6.670000000000000000e+02 1.659000000000000000e+03 2.091000000000000000e+03 3.973000000000000000e+03 9.390000000000000000e+03 1.017500000000000000e+04 1.280800000000000000e+04 1.851700000000000000e+04 2.127800000000000000e+04 3.648100000000000000e+04 9.309700000000000000e+04 1.500370000000000000e+05 2.622920000000000000e+05 8.415680000000000000e+05 1.384428000000000000e+06
1.230000000000000000e+02 3.900000000000000000e+01 1.120000000000000000e+02 1.790000000000000000e+02 3.440000000000000000e+02 8.440000000000000000e+02 1.298000000000000000e+03 1.995000000000000000e+03 4.328000000000000000e+03 5.730000000000000000e+03 7.454000000000000000e+03 1.329500000000000000e+04 1.380600000000000000e+04 2.160100000000000000e+04 6.583100000000000000e+04 1.041560000000000000e+05 2.089610000000000000e+05 6.230110000000000000e+05 1.201196000000000000e+06
2.466000000000000000e+03 1.141000000000000000e+03 1.761000000000000000e+03 1.711000000000000000e+03 2.984000000000000000e+03 7.600000000000000000e+03 1.360500000000000000e+04 2.302500000000000000e+04 4.626700000000000000e+04 5.552400000000000000e+04 7.310900000000000000e+04 1.414780000000000000e+05 1.698150000000000000e+05 3.506950000000000000e+05 8.650440000000000000e+05 1.473942000000000000e+06 2.979974000000000000e+06 7.866676000000000000e+06 1.386872100000000000e+07
4.800000000000000000e+02 3.960000000000000000e+02 9.600000000000000000e+02 1.527000000000000000e+03 2.800000000000000000e+03 6.855000000000000000e+03 1.001100000000000000e+04 1.802000000000000000e+04 4.220300000000000000e+04 5.155200000000000000e+04 6.791700000000000000e+04 1.287430000000000000e+05 1.481510000000000000e+05 2.317980000000000000e+05 7.964810000000000000e+05 1.266850000000000000e+06 2.618640000000000000e+06 7.592831000000000000e+06 1.465519900000000000e+07
1.227000000000000000e+03 1.090000000000000000e+03 2.177000000000000000e+03 3.148000000000000000e+03 5.153000000000000000e+03 1.287100000000000000e+04 1.871300000000000000e+04 3.292600000000000000e+04 7.390300000000000000e+04 8.755000000000000000e+04 1.237940000000000000e+05 2.795850000000000000e+05 3.542730000000000000e+05 6.515470000000000000e+05 1.943994000000000000e+06 3.294655000000000000e+06 6.495493000000000000e+06 1.925395300000000000e+07 3.223603500000000000e+07
9.420000000000000000e+02 7.650000000000000000e+02 1.361000000000000000e+03 1.859000000000000000e+03 3.226000000000000000e+03 7.715000000000000000e+03 1.080800000000000000e+04 1.901400000000000000e+04 4.560300000000000000e+04 5.212900000000000000e+04 6.568700000000000000e+04 1.521670000000000000e+05 1.640310000000000000e+05 2.636510000000000000e+05 6.573220000000000000e+05 1.156594000000000000e+06 2.261357000000000000e+06 6.603141000000000000e+06 1.116354000000000000e+07
1.620000000000000000e+02 1.340000000000000000e+02 2.200000000000000000e+02 2.960000000000000000e+02 5.600000000000000000e+02 1.227000000000000000e+03 1.811000000000000000e+03 2.791000000000000000e+03 7.378000000000000000e+03 6.485000000000000000e+03 6.426000000000000000e+03 1.507200000000000000e+04 1.271300000000000000e+04 2.483000000000000000e+04 5.500700000000000000e+04 9.042900000000000000e+04 1.543000000000000000e+05 4.823430000000000000e+05 1.053446000000000000e+06
1.144000000000000000e+03 1.053000000000000000e+03 2.375000000000000000e+03 3.310000000000000000e+03 5.527000000000000000e+03 1.304300000000000000e+04 1.942800000000000000e+04 3.459400000000000000e+04 8.019700000000000000e+04 9.631400000000000000e+04 1.312700000000000000e+05 2.748910000000000000e+05 3.809540000000000000e+05 7.042740000000000000e+05 1.968356000000000000e+06 3.363221000000000000e+06 6.917251000000000000e+06 2.008509100000000000e+07 3.423790200000000000e+07
7.120000000000000000e+02 6.250000000000000000e+02 1.862000000000000000e+03 2.619000000000000000e+03 4.610000000000000000e+03 1.113300000000000000e+04 1.716000000000000000e+04 2.965400000000000000e+04 6.858200000000000000e+04 7.940800000000000000e+04 1.120130000000000000e+05 2.517750000000000000e+05 3.227520000000000000e+05 6.051870000000000000e+05 1.699547000000000000e+06 2.912867000000000000e+06 5.809553000000000000e+06 1.720409500000000000e+07 3.086263700000000000e+07
