# {'chrom': '3', 'window_id': '6', 'statistic': 'H2', 'bounds': [114000000, 135000000], 'span': 21000000, 'n_sites': 13518833, 'coverage': 64.38, 'right_discontinuous': False, 'rows': "{0: 'Altai', 1: 'Chagyrskaya', 2: 'Denisova', 3: 'French-1', 4: 'Han-1', 5: 'Khomani_San-2', 6: 'Papuan-2', 7: 'Vindija', 8: 'Yoruba-1', 9: 'Yoruba-3'}"}
3.330000000000000000e+02 1.880000000000000000e+02 2.270000000000000000e+02 2.820000000000000000e+02 3.820000000000000000e+02 9.050000000000000000e+02 1.660000000000000000e+03 2.275000000000000000e+03 5.299000000000000000e+03 5.520000000000000000e+03 5.850000000000000000e+03 1.092100000000000000e+04 8.699000000000000000e+03 1.571800000000000000e+04 6.514400000000000000e+04 9.734700000000000000e+04 1.619570000000000000e+05 5.750610000000000000e+05 1.148832000000000000e+06
2.359000000000000000e+03 3.200000000000000000e+02 5.270000000000000000e+02 5.190000000000000000e+02 6.590000000000000000e+02 1.705000000000000000e+03 2.546000000000000000e+03 3.833000000000000000e+03 1.241300000000000000e+04 9.584000000000000000e+03 9.203000000000000000e+03 2.818800000000000000e+04 1.767000000000000000e+04 2.472600000000000000e+04 6.706000000000000000e+04 1.181970000000000000e+05 2.396370000000000000e+05 6.248420000000000000e+05 1.189500000000000000e+06
7.050000000000000000e+02 4.050000000000000000e+02 5.740000000000000000e+02 4.690000000000000000e+02 6.180000000000000000e+02 1.211000000000000000e+03 2.061000000000000000e+03 3.614000000000000000e+03 6.290000000000000000e+03 6.429000000000000000e+03 8.035000000000000000e+03 1.447700000000000000e+04 1.611900000000000000e+04 2.670000000000000000e+04 8.714900000000000000e+04 1.236520000000000000e+05 2.522320000000000000e+05 8.468340000000000000e+05 1.536383000000000000e+06
6.007000000000000000e+03 2.121000000000000000e+03 2.938000000000000000e+03 3.016000000000000000e+03 4.236000000000000000e+03 1.109700000000000000e+04 1.763400000000000000e+04 2.962300000000000000e+04 6.484700000000000000e+04 7.311800000000000000e+04 1.064730000000000000e+05 1.871560000000000000e+05 2.282730000000000000e+05 3.537130000000000000e+05 1.179136000000000000e+06 1.624255000000000000e+06 3.092563000000000000e+06 1.074947300000000000e+07 1.931956200000000000e+07
5.956000000000000000e+03 2.204000000000000000e+03 3.198000000000000000e+03 2.950000000000000000e+03 4.114000000000000000e+03 1.090300000000000000e+04 1.710400000000000000e+04 3.102700000000000000e+04 6.403900000000000000e+04 7.461300000000000000e+04 9.451200000000000000e+04 1.760020000000000000e+05 2.624360000000000000e+05 3.906260000000000000e+05 1.096873000000000000e+06 1.640495000000000000e+06 3.749363000000000000e+06 1.139144100000000000e+07 2.076736700000000000e+07
8.803000000000000000e+03 3.849000000000000000e+03 5.501000000000000000e+03 4.469000000000000000e+03 6.807000000000000000e+03 1.717000000000000000e+04 3.202000000000000000e+04 4.945500000000000000e+04 1.060120000000000000e+05 1.209060000000000000e+05 1.530890000000000000e+05 2.823680000000000000e+05 3.482440000000000000e+05 6.621140000000000000e+05 2.132787000000000000e+06 3.264757000000000000e+06 7.020040000000000000e+06 2.316428800000000000e+07 4.248038300000000000e+07
4.156000000000000000e+03 1.778000000000000000e+03 3.007000000000000000e+03 3.109000000000000000e+03 4.336000000000000000e+03 9.089000000000000000e+03 1.549100000000000000e+04 2.585800000000000000e+04 5.549000000000000000e+04 6.360300000000000000e+04 9.966900000000000000e+04 1.810250000000000000e+05 1.985680000000000000e+05 2.557760000000000000e+05 9.229790000000000000e+05 1.476601000000000000e+06 2.924446000000000000e+06 1.021681100000000000e+07 1.762120700000000000e+07
2.079000000000000000e+03 2.120000000000000000e+02 2.890000000000000000e+02 3.140000000000000000e+02 5.010000000000000000e+02 1.088000000000000000e+03 1.566000000000000000e+03 2.486000000000000000e+03 8.542000000000000000e+03 8.135000000000000000e+03 9.599000000000000000e+03 2.418500000000000000e+04 1.844400000000000000e+04 2.574000000000000000e+04 7.426900000000000000e+04 8.712000000000000000e+04 1.838790000000000000e+05 6.486610000000000000e+05 1.223018000000000000e+06
1.128800000000000000e+04 4.249000000000000000e+03 6.530000000000000000e+03 5.280000000000000000e+03 7.407000000000000000e+03 1.844300000000000000e+04 3.238600000000000000e+04 5.237400000000000000e+04 1.152780000000000000e+05 1.382260000000000000e+05 1.977470000000000000e+05 3.242430000000000000e+05 4.194180000000000000e+05 7.065110000000000000e+05 2.277131000000000000e+06 3.763847000000000000e+06 7.748380000000000000e+06 2.535758700000000000e+07 4.579824700000000000e+07
8.835000000000000000e+03 3.531000000000000000e+03 4.592000000000000000e+03 4.340000000000000000e+03 6.396000000000000000e+03 1.725200000000000000e+04 2.762300000000000000e+04 4.701100000000000000e+04 9.945700000000000000e+04 1.161210000000000000e+05 1.635320000000000000e+05 2.887710000000000000e+05 4.116860000000000000e+05 7.571980000000000000e+05 2.238100000000000000e+06 3.876938000000000000e+06 7.974229000000000000e+06 2.514339400000000000e+07 4.569550500000000000e+07
