# {'chrom': '3', 'window_id': '4', 'statistic': 'H2', 'bounds': [72000000, 91000000], 'span': 19000000, 'n_sites': 11607566, 'coverage': 61.09, 'right_discontinuous': True, 'rows': "{0: 'Altai', 1: 'Chagyrskaya', 2: 'Denisova', 3: 'French-1', 4: 'Han-1', 5: 'Khomani_San-2', 6: 'Papuan-2', 7: 'Vindija', 8: 'Yoruba-1', 9: 'Yoruba-3'}"}
1.265000000000000000e+03 6.480000000000000000e+02 7.870000000000000000e+02 5.550000000000000000e+02 6.530000000000000000e+02 2.395000000000000000e+03 3.401000000000000000e+03 6.689000000000000000e+03 1.336700000000000000e+04 7.029000000000000000e+03 7.218000000000000000e+03 3.840300000000000000e+04 2.267000000000000000e+04 2.605100000000000000e+04 7.351700000000000000e+04 8.861400000000000000e+04 1.700700000000000000e+05 4.149390000000000000e+05 3.153240000000000000e+05
3.210000000000000000e+02 2.410000000000000000e+02 3.470000000000000000e+02 4.620000000000000000e+02 6.550000000000000000e+02 1.000000000000000000e+03 1.288000000000000000e+03 2.234000000000000000e+03 4.749000000000000000e+03 6.063000000000000000e+03 8.776000000000000000e+03 1.109800000000000000e+04 1.000700000000000000e+04 2.735000000000000000e+04 6.582200000000000000e+04 1.227240000000000000e+05 1.462560000000000000e+05 2.651010000000000000e+05 2.396120000000000000e+05
4.410000000000000000e+02 3.340000000000000000e+02 6.000000000000000000e+02 7.940000000000000000e+02 1.094000000000000000e+03 2.666000000000000000e+03 3.762000000000000000e+03 5.878000000000000000e+03 1.158600000000000000e+04 1.010800000000000000e+04 1.419700000000000000e+04 3.492900000000000000e+04 3.799100000000000000e+04 6.664500000000000000e+04 1.735290000000000000e+05 2.750930000000000000e+05 5.597200000000000000e+05 9.388810000000000000e+05 5.447750000000000000e+05
1.587200000000000000e+04 4.442000000000000000e+03 5.042000000000000000e+03 3.799000000000000000e+03 5.161000000000000000e+03 1.732700000000000000e+04 2.995900000000000000e+04 4.546600000000000000e+04 1.085240000000000000e+05 1.124500000000000000e+05 1.671400000000000000e+05 3.520290000000000000e+05 4.209310000000000000e+05 8.098550000000000000e+05 2.141847000000000000e+06 3.342111000000000000e+06 6.492634000000000000e+06 9.440099000000000000e+06 7.713125000000000000e+06
8.078000000000000000e+03 2.940000000000000000e+03 3.779000000000000000e+03 3.688000000000000000e+03 4.996000000000000000e+03 1.424700000000000000e+04 2.410500000000000000e+04 3.734500000000000000e+04 8.019200000000000000e+04 9.511400000000000000e+04 1.340940000000000000e+05 3.301290000000000000e+05 4.136730000000000000e+05 8.948570000000000000e+05 2.101721000000000000e+06 3.489686000000000000e+06 6.033388000000000000e+06 1.029916400000000000e+07 7.121106000000000000e+06
7.585000000000000000e+03 2.952000000000000000e+03 4.748000000000000000e+03 4.506000000000000000e+03 6.306000000000000000e+03 1.618900000000000000e+04 2.371200000000000000e+04 4.132700000000000000e+04 1.030750000000000000e+05 1.179950000000000000e+05 1.713790000000000000e+05 4.300040000000000000e+05 6.028710000000000000e+05 1.192401000000000000e+06 3.190295000000000000e+06 5.167927000000000000e+06 8.756474000000000000e+06 1.236451500000000000e+07 9.963429000000000000e+06
9.426000000000000000e+03 1.610000000000000000e+03 2.853000000000000000e+03 2.648000000000000000e+03 3.624000000000000000e+03 9.428000000000000000e+03 1.492700000000000000e+04 2.957600000000000000e+04 5.214000000000000000e+04 6.208600000000000000e+04 9.664700000000000000e+04 2.507100000000000000e+05 3.499700000000000000e+05 6.161490000000000000e+05 1.031753000000000000e+06 1.753593000000000000e+06 3.915862000000000000e+06 6.772721000000000000e+06 4.911683000000000000e+06
2.410000000000000000e+02 1.770000000000000000e+02 4.320000000000000000e+02 6.510000000000000000e+02 9.920000000000000000e+02 2.150000000000000000e+03 2.518000000000000000e+03 4.053000000000000000e+03 7.788000000000000000e+03 7.786000000000000000e+03 1.064500000000000000e+04 2.600000000000000000e+04 3.521700000000000000e+04 4.528600000000000000e+04 7.693600000000000000e+04 1.481790000000000000e+05 2.939120000000000000e+05 5.163910000000000000e+05 4.087950000000000000e+05
7.517000000000000000e+03 2.638000000000000000e+03 4.204000000000000000e+03 4.318000000000000000e+03 6.071000000000000000e+03 1.538500000000000000e+04 2.595000000000000000e+04 3.875700000000000000e+04 9.258900000000000000e+04 1.117290000000000000e+05 1.720970000000000000e+05 4.138060000000000000e+05 5.512740000000000000e+05 1.126919000000000000e+06 2.880706000000000000e+06 4.596354000000000000e+06 8.448764000000000000e+06 1.448960800000000000e+07 1.013374800000000000e+07
1.220300000000000000e+04 4.811000000000000000e+03 7.086000000000000000e+03 6.251000000000000000e+03 7.523000000000000000e+03 2.148900000000000000e+04 3.489700000000000000e+04 5.852400000000000000e+04 1.398760000000000000e+05 1.535850000000000000e+05 2.382430000000000000e+05 5.817490000000000000e+05 9.158660000000000000e+05 1.888877000000000000e+06 5.116140000000000000e+06 7.765246000000000000e+06 1.341230500000000000e+07 1.755388900000000000e+07 1.422423800000000000e+07
