# {'chrom': '3', 'window_id': '8', 'statistic': 'H2', 'bounds': [156000000, 177000000], 'span': 21000000, 'n_sites': 13408359, 'coverage': 63.85, 'right_discontinuous': False, 'rows': "{0: 'Altai', 1: 'Chagyrskaya', 2: 'Denisova', 3: 'French-1', 4: 'Han-1', 5: 'Khomani_San-2', 6: 'Papuan-2', 7: 'Vindija', 8: 'Yoruba-1', 9: 'Yoruba-3'}"}
7.390000000000000000e+02 5.390000000000000000e+02 9.270000000000000000e+02 9.070000000000000000e+02 1.473000000000000000e+03 3.807000000000000000e+03 5.148000000000000000e+03 7.698000000000000000e+03 1.554300000000000000e+04 1.399800000000000000e+04 2.080500000000000000e+04 4.245200000000000000e+04 4.079300000000000000e+04 7.740500000000000000e+04 2.413730000000000000e+05 3.339480000000000000e+05 5.875710000000000000e+05 1.790908000000000000e+06 2.722067000000000000e+06
1.010000000000000000e+02 1.180000000000000000e+02 3.730000000000000000e+02 6.150000000000000000e+02 1.068000000000000000e+03 2.109000000000000000e+03 1.954000000000000000e+03 2.883000000000000000e+03 5.159000000000000000e+03 4.515000000000000000e+03 6.633000000000000000e+03 1.915900000000000000e+04 1.192900000000000000e+04 3.810800000000000000e+04 2.617200000000000000e+04 3.969500000000000000e+04 1.071530000000000000e+05 4.128370000000000000e+05 7.543750000000000000e+05
2.130000000000000000e+02 1.900000000000000000e+02 2.340000000000000000e+02 2.540000000000000000e+02 4.260000000000000000e+02 7.800000000000000000e+02 1.207000000000000000e+03 2.099000000000000000e+03 3.817000000000000000e+03 3.071000000000000000e+03 3.873000000000000000e+03 1.253800000000000000e+04 1.547600000000000000e+04 2.963700000000000000e+04 6.086900000000000000e+04 9.824200000000000000e+04 1.942660000000000000e+05 4.361470000000000000e+05 5.671800000000000000e+05
8.280000000000000000e+03 3.790000000000000000e+03 5.009000000000000000e+03 4.285000000000000000e+03 5.196000000000000000e+03 1.352700000000000000e+04 1.882000000000000000e+04 3.874000000000000000e+04 9.381400000000000000e+04 9.784700000000000000e+04 1.349660000000000000e+05 3.600360000000000000e+05 4.330050000000000000e+05 7.697450000000000000e+05 1.832648000000000000e+06 3.342791000000000000e+06 5.274904000000000000e+06 1.252516200000000000e+07 1.408766200000000000e+07
5.112000000000000000e+03 2.792000000000000000e+03 3.787000000000000000e+03 3.483000000000000000e+03 4.826000000000000000e+03 1.222700000000000000e+04 1.849400000000000000e+04 3.110100000000000000e+04 6.444900000000000000e+04 7.226600000000000000e+04 1.197130000000000000e+05 2.033020000000000000e+05 2.868300000000000000e+05 5.235130000000000000e+05 1.406593000000000000e+06 2.361318000000000000e+06 4.554410000000000000e+06 1.151538600000000000e+07 1.360945300000000000e+07
7.527000000000000000e+03 3.753000000000000000e+03 5.787000000000000000e+03 5.952000000000000000e+03 8.635000000000000000e+03 1.959100000000000000e+04 2.991100000000000000e+04 5.274600000000000000e+04 1.086640000000000000e+05 1.147850000000000000e+05 2.027410000000000000e+05 4.254160000000000000e+05 6.031810000000000000e+05 1.217896000000000000e+06 3.213281000000000000e+06 5.547670000000000000e+06 9.239900000000000000e+06 2.385681300000000000e+07 3.370710800000000000e+07
7.035000000000000000e+03 2.853000000000000000e+03 3.719000000000000000e+03 3.560000000000000000e+03 4.052000000000000000e+03 1.185100000000000000e+04 1.489600000000000000e+04 2.561200000000000000e+04 6.946800000000000000e+04 7.657500000000000000e+04 1.095590000000000000e+05 2.156000000000000000e+05 2.183420000000000000e+05 4.221380000000000000e+05 9.352260000000000000e+05 1.629591000000000000e+06 3.025748000000000000e+06 7.144796000000000000e+06 8.421973000000000000e+06
3.670000000000000000e+02 3.450000000000000000e+02 6.240000000000000000e+02 5.280000000000000000e+02 1.025000000000000000e+03 1.596000000000000000e+03 2.169000000000000000e+03 2.998000000000000000e+03 7.387000000000000000e+03 5.172000000000000000e+03 7.077000000000000000e+03 1.281300000000000000e+04 1.251900000000000000e+04 3.310100000000000000e+04 6.579300000000000000e+04 9.672800000000000000e+04 1.854010000000000000e+05 7.142110000000000000e+05 1.159857000000000000e+06
1.388600000000000000e+04 5.262000000000000000e+03 6.930000000000000000e+03 5.906000000000000000e+03 8.610000000000000000e+03 2.320200000000000000e+04 3.218900000000000000e+04 6.333200000000000000e+04 1.280240000000000000e+05 1.340070000000000000e+05 2.319580000000000000e+05 5.620080000000000000e+05 7.133570000000000000e+05 1.319958000000000000e+06 3.269847000000000000e+06 5.310415000000000000e+06 9.237189000000000000e+06 2.484128200000000000e+07 3.180784800000000000e+07
1.200300000000000000e+04 4.656000000000000000e+03 6.500000000000000000e+03 6.121000000000000000e+03 8.398000000000000000e+03 2.044400000000000000e+04 3.077300000000000000e+04 5.894900000000000000e+04 1.234500000000000000e+05 1.220560000000000000e+05 1.922290000000000000e+05 5.176440000000000000e+05 6.061450000000000000e+05 1.074026000000000000e+06 3.249472000000000000e+06 5.703108000000000000e+06 1.042122600000000000e+07 2.577490000000000000e+07 3.176746900000000000e+07
